obj_search:
  camera_z: 1.7
  ceiling_z: 2.27
  floor_z: 0
  object_query: {K: 5}
  processed_data_dir: /home/michal/Downloads/pcddata/processed/
  raw_data_dir: /media/michal/Pauli/masterdata/raw/
object_query: {K: 10, cluster_maxsize: 500, cluster_minsize: 12, cluster_tolerance: 0.25,
  clusters_to_results: true, extract_mult: 1.3, match: nonPlanes<fpfh_uniform, n_max_points: 400,
  output_dir: 'NULL', query_features: '/home/michal/Downloads/pcddata/processed/query/queryobjects/0,02/pillow/features/rgb_0003_label_pillow<fpfh_uniform_2015-05-28_10-59-29.pcd',
  results_out: '/home/michal/Downloads/pcddata/processed/query/k10_mx400_t0,25/ds0_02mp_4500',
  subdirs: 4, target_features: /media/michal/Pauli/masterdata/processed/paramtest/ds0_02mp_4500,
  x_step_hough: 0.05, y_step_hough: 0.05, z_step_hough: 0.05}
rosdistro: 'indigo

  '
roslaunch:
  uris: {host_tycho__34406: 'http://tycho:34406/', host_tycho__45000: 'http://tycho:45000/'}
rosversion: '1.11.10

  '
run_id: c77f4fd2-08ca-11e5-ae41-3c970e77227e
BEGIN_DATA
# fname t_query t_hough t_cluster cluster_n cluster_scores cluster_points cluster_inobb n_hough_tot nonzero_hough hough_votes boxpts boxvotes maxpts maxvotes maxboxpts maxboxvotes hough_hist box_hist max_hist boxmax_hist
/media/michal/Pauli/masterdata/processed/paramtest/ds0_02mp_4500/annotated/rares/20140820/patrol_run_2/room_1/features/nonPlanes<fpfh_uniform_2015-05-18_22-08-57.pcd 0.0327175 0.00306942 0.00219374 8 257,192,87,62,44,38,36,31 71,61,27,36,14,18,13,15 -1 453288 597 1240 -1 -1 400 1043 -1 -1 452691,352,112,46,34,18,9,4,8,6,1,2,2,1,0,1,1 -1 0,155,112,46,34,18,9,4,8,6,1,2,2,1,0,1,1 -1
/media/michal/Pauli/masterdata/processed/paramtest/ds0_02mp_4500/annotated/rares/20140820/patrol_run_4/room_0/features/nonPlanes<fpfh_uniform_2015-05-18_22-09-00.pcd 0.0328376 0.00128866 0.00311431 8 216,135,126,106,96,46,30,16 63,40,48,53,28,24,14,12 -1 424446 612 1240 -1 -1 400 1028 -1 -1 423834,360,114,50,36,20,11,4,8,2,2,1,2,1,1 -1 0,148,114,50,36,20,11,4,8,2,2,1,2,1,1 -1
/media/michal/Pauli/masterdata/processed/paramtest/ds0_02mp_4500/annotated/rares/20140828/patrol_run_19/room_3/features/nonPlanes<fpfh_uniform_2015-05-18_22-09-02.pcd 0.0243984 0.000792014 0.00372744 5 355,201,68,64,41 108,79,19,33,14 -1 407880 638 1240 -1 -1 400 1002 -1 -1 407242,382,118,69,23,15,7,8,5,5,4,0,1,1 -1 0,144,118,69,23,15,7,8,5,5,4,0,1,1 -1
/media/michal/Pauli/masterdata/processed/paramtest/ds0_02mp_4500/annotated/rares/20140829/patrol_run_20/room_3/features/nonPlanes<fpfh_uniform_2015-05-18_22-09-05.pcd 0.0332056 0.00160836 0.00327308 9 297,168,41,35,33,33,31,23,17 89,52,21,18,17,17,13,12,13 -1 461736 609 1240 -1 -1 400 1031 -1 -1 461127,362,100,62,34,11,13,13,4,6,2,0,1,0,1 -1 0,153,100,62,34,11,13,13,4,6,2,0,1,0,1 -1
/media/michal/Pauli/masterdata/processed/paramtest/ds0_02mp_4500/annotated/rares/20140829/patrol_run_26/room_2/features/nonPlanes<fpfh_uniform_2015-05-18_22-09-08.pcd 0.0357992 0.00144909 0.0031531 6 267,199,85,50,48,29 85,65,45,17,24,12 0,1,0,0,0,0 404481 625 1240 30 116 400 1015 27 113 403856,370,134,47,28,11,10,6,4,4,8,0,1,0,1,0,0,0,1 0,7,9,3,2,2,2,2,0,0,2,0,0,0,0,0,0,0,1 0,145,134,47,28,11,10,6,4,4,8,0,1,0,1,0,0,0,1 0,4,9,3,2,2,2,2,0,0,2,0,0,0,0,0,0,0,1
/media/michal/Pauli/masterdata/processed/paramtest/ds0_02mp_4500/annotated/rares/20140901/patrol_run_27/room_2/features/nonPlanes<fpfh_uniform_2015-05-18_22-09-11.pcd 0.0270565 0.000791443 0.00300566 7 211,158,99,90,60,60,34 48,54,31,28,34,23,23 -1 424710 570 1240 -1 -1 400 1070 -1 -1 424140,333,104,57,24,15,8,11,1,5,1,1,3,3,1,0,0,0,1,0,0,0,1,0,0,0,0,0,0,1 -1 0,163,104,57,24,15,8,11,1,5,1,1,3,3,1,0,0,0,1,0,0,0,1,0,0,0,0,0,0,1 -1
/media/michal/Pauli/masterdata/processed/paramtest/ds0_02mp_4500/annotated/rares/20140901/patrol_run_31/room_2/features/nonPlanes<fpfh_uniform_2015-05-18_22-09-14.pcd 0.027128 0.000833077 0.00336149 8 294,118,95,77,51,39,31,29 99,35,31,39,23,13,16,14 -1 460845 566 1240 -1 -1 400 1074 -1 -1 460279,323,118,43,28,15,9,4,6,7,2,2,3,1,2,1,0,0,1,0,1 -1 0,157,118,43,28,15,9,4,6,7,2,2,3,1,2,1,0,0,1,0,1 -1
/media/michal/Pauli/masterdata/processed/paramtest/ds0_02mp_4500/annotated/rares/20140901/patrol_run_32/room_2/features/nonPlanes<fpfh_uniform_2015-05-18_22-09-16.pcd 0.0251277 0.000841921 0.00302985 4 247,84,62,49 82,41,35,23 -1 446160 603 1240 -1 -1 400 1037 -1 -1 445557,354,133,35,21,20,11,11,5,6,3,2,0,0,0,0,0,0,0,0,1,0,1 -1 0,151,133,35,21,20,11,11,5,6,3,2,0,0,0,0,0,0,0,0,1,0,1 -1
/media/michal/Pauli/masterdata/processed/paramtest/ds0_02mp_4500/annotated/rares/20140901/patrol_run_33/room_1/features/nonPlanes<fpfh_uniform_2015-05-18_22-09-19.pcd 0.0339644 0.000894219 0.00283062 6 312,80,78,66,63,38 94,34,26,25,22,20 -1 451044 574 1240 -1 -1 400 1066 -1 -1 450470,336,103,52,28,14,11,4,6,5,6,3,3,2,0,0,0,0,1 -1 0,162,103,52,28,14,11,4,6,5,6,3,3,2,0,0,0,0,1 -1
/media/michal/Pauli/masterdata/processed/paramtest/ds0_02mp_4500/annotated/rares/20140902/patrol_run_35/room_2/features/nonPlanes<fpfh_uniform_2015-05-18_22-09-22.pcd 0.0247616 0.0011989 0.00300408 7 235,139,134,108,53,37,27 53,61,49,48,14,20,14 -1 451044 571 1240 -1 -1 400 1069 -1 -1 450473,329,103,48,29,19,10,12,4,6,6,2,2,0,1 -1 0,158,103,48,29,19,10,12,4,6,6,2,2,0,1 -1
/media/michal/Pauli/masterdata/processed/paramtest/ds0_02mp_4500/annotated/rares/20140902/patrol_run_38/room_0/features/nonPlanes<fpfh_uniform_2015-05-18_22-09-24.pcd 0.0253177 0.00102211 0.00297569 6 323,111,94,62,58,33 83,47,39,19,29,16 0,0,0,0,0,0 427977 518 1240 21 106 400 1122 21 106 427459,286,107,36,22,14,15,12,6,2,4,4,4,2,0,0,0,1,1,1,0,0,1 0,5,6,2,0,3,0,1,0,0,2,0,0,0,0,0,0,0,0,1,0,0,1 0,168,107,36,22,14,15,12,6,2,4,4,4,2,0,0,0,1,1,1,0,0,1 0,5,6,2,0,3,0,1,0,0,2,0,0,0,0,0,0,0,0,1,0,0,1
/media/michal/Pauli/masterdata/processed/paramtest/ds0_02mp_4500/annotated/rares/20140903/patrol_run_1/room_4/features/nonPlanes<fpfh_uniform_2015-05-18_22-09-27.pcd 0.0257496 0.000860867 0.00208715 10 275,90,68,51,44,43,40,35,18,14 66,30,15,28,19,20,14,16,12,12 0,0,0,0,0,0,0,0,0,0 470184 547 1240 18 117 400 1093 17 116 469637,310,103,48,20,22,17,9,3,3,5,0,0,1,2,1,1,0,0,0,0,0,0,0,0,0,2 0,2,4,2,0,0,3,2,1,1,1,0,0,0,0,0,1,0,0,0,0,0,0,0,0,0,1 0,163,103,48,20,22,17,9,3,3,5,0,0,1,2,1,1,0,0,0,0,0,0,0,0,0,2 0,1,4,2,0,0,3,2,1,1,1,0,0,0,0,0,1,0,0,0,0,0,0,0,0,0,1
/media/michal/Pauli/masterdata/processed/paramtest/ds0_02mp_4500/annotated/rares/20140903/patrol_run_10/room_2/features/nonPlanes<fpfh_uniform_2015-05-18_22-09-30.pcd 0.0231011 0.00128855 0.00192753 9 193,163,135,97,43,43,42,27,24 62,41,52,32,19,12,26,19,12 -1 453024 554 1240 -1 -1 400 1086 -1 -1 452470,328,90,53,24,18,11,7,3,5,4,0,4,4,0,1,0,0,0,1,0,0,0,0,0,0,0,0,0,1 -1 0,174,90,53,24,18,11,7,3,5,4,0,4,4,0,1,0,0,0,1,0,0,0,0,0,0,0,0,0,1 -1
/media/michal/Pauli/masterdata/processed/paramtest/ds0_02mp_4500/annotated/rares/20140903/patrol_run_12/room_2/features/nonPlanes<fpfh_uniform_2015-05-18_22-09-32.pcd 0.0241833 0.000768976 0.00232583 8 154,136,99,67,44,39,38,33 48,47,31,18,18,21,13,13 -1 434214 544 1240 -1 -1 400 1096 -1 -1 433670,302,107,42,20,21,18,11,5,5,8,2,2,0,0,0,0,1 -1 0,158,107,42,20,21,18,11,5,5,8,2,2,0,0,0,0,1 -1
/media/michal/Pauli/masterdata/processed/paramtest/ds0_02mp_4500/annotated/rares/20140903/patrol_run_14/room_1/features/nonPlanes<fpfh_uniform_2015-05-18_22-09-34.pcd 0.0348279 0.00194174 0.0030351 4 253,199,71,43 101,72,22,21 -1 434313 593 1240 -1 -1 400 1047 -1 -1 433720,351,105,55,28,16,11,9,4,3,4,2,0,1,3,0,0,1 -1 0,158,105,55,28,16,11,9,4,3,4,2,0,1,3,0,0,1 -1
/media/michal/Pauli/masterdata/processed/paramtest/ds0_02mp_4500/annotated/rares/20140903/patrol_run_2/room_4/features/nonPlanes<fpfh_uniform_2015-05-18_22-09-37.pcd 0.0267201 0.000828457 0.00344695 5 316,167,109,76,53 110,62,40,25,28 0,0,0,0,0 462264 653 1240 22 68 400 987 13 59 461611,399,129,49,28,21,5,6,8,2,2,3,1 0,11,3,1,2,1,0,1,2,0,0,0,1 0,146,129,49,28,21,5,6,8,2,2,3,1 0,2,3,1,2,1,0,1,2,0,0,0,1
/media/michal/Pauli/masterdata/processed/paramtest/ds0_02mp_4500/annotated/rares/20140903/patrol_run_9/room_2/features/nonPlanes<fpfh_uniform_2015-05-18_22-09-40.pcd 0.0293434 0.00123661 0.00311385 8 246,171,127,84,51,41,28,17 78,53,51,25,21,21,14,12 -1 473088 561 1240 -1 -1 400 1079 -1 -1 472527,329,90,57,26,16,10,8,8,3,3,6,1,0,2,1,0,0,1 -1 0,168,90,57,26,16,10,8,8,3,3,6,1,0,2,1,0,0,1 -1
/media/michal/Pauli/masterdata/processed/paramtest/ds0_02mp_4500/annotated/rares/20140904/patrol_run_15/room_2/features/nonPlanes<fpfh_uniform_2015-05-18_22-09-43.pcd 0.0298013 0.00160675 0.0034136 7 183,160,153,89,37,30,21 71,61,60,24,16,15,15 -1 517902 623 1240 -1 -1 400 1017 -1 -1 517279,364,125,55,28,18,13,2,5,7,4,1,0,1 -1 0,141,125,55,28,18,13,2,5,7,4,1,0,1 -1
/media/michal/Pauli/masterdata/processed/paramtest/ds0_02mp_4500/annotated/rares/20140905/patrol_run_17/room_2/features/nonPlanes<fpfh_uniform_2015-05-18_22-09-45.pcd 0.0318266 0.00220221 0.00325772 9 236,197,129,80,47,30,27,23,17 70,64,49,34,17,14,14,12,13 -1 446160 596 1240 -1 -1 400 1044 -1 -1 445564,343,127,52,28,8,13,6,2,6,4,0,4,0,0,0,0,0,1,1,1 -1 0,147,127,52,28,8,13,6,2,6,4,0,4,0,0,0,0,0,1,1,1 -1
/media/michal/Pauli/masterdata/processed/paramtest/ds0_02mp_4500/annotated/rares/20140905/patrol_run_19/room_1/features/nonPlanes<fpfh_uniform_2015-05-18_22-09-48.pcd 0.0246087 0.00114195 0.00288475 9 218,188,90,63,61,60,41,28,21 89,65,36,13,16,15,14,15,13 -1 453024 579 1240 -1 -1 400 1061 -1 -1 452445,349,107,42,25,14,8,14,2,6,2,1,2,3,1,0,0,2,0,0,0,0,0,1 -1 0,170,107,42,25,14,8,14,2,6,2,1,2,3,1,0,0,2,0,0,0,0,0,1 -1
/media/michal/Pauli/masterdata/processed/paramtest/ds0_02mp_4500/annotated/rares/20140905/patrol_run_21/room_2/features/nonPlanes<fpfh_uniform_2015-05-18_22-09-51.pcd 0.0260601 0.000882662 0.00207424 8 138,137,113,91,61,61,32,26 43,47,47,26,23,23,13,13 -1 419265 583 1240 -1 -1 400 1057 -1 -1 418682,357,101,47,22,12,8,13,8,5,2,2,0,0,3,0,0,1,0,0,0,1,1 -1 0,174,101,47,22,12,8,13,8,5,2,2,0,0,3,0,0,1,0,0,0,1,1 -1
/media/michal/Pauli/masterdata/processed/paramtest/ds0_02mp_4500/annotated/rares/20140905/patrol_run_23/room_2/features/nonPlanes<fpfh_uniform_2015-05-18_22-09-54.pcd 0.0267704 0.000848278 0.00263874 9 184,170,132,90,43,41,40,27,23 67,51,40,22,16,17,17,14,13 -1 463320 569 1240 -1 -1 400 1071 -1 -1 462751,321,117,44,20,20,16,9,6,6,4,2,3,0,1 -1 0,152,117,44,20,20,16,9,6,6,4,2,3,0,1 -1
/media/michal/Pauli/masterdata/processed/paramtest/ds0_02mp_4500/annotated/rares/20140905/patrol_run_25/room_1/features/nonPlanes<fpfh_uniform_2015-05-18_22-09-56.pcd 0.0269752 0.000813069 0.00292103 10 270,177,87,70,60,43,39,29,25,20 78,50,24,20,21,14,18,14,15,12 -1 407286 539 1240 -1 -1 400 1101 -1 -1 406747,316,99,39,19,13,12,16,6,7,2,1,2,0,2,1,3,0,0,0,0,0,0,0,0,0,0,1 -1 0,177,99,39,19,13,12,16,6,7,2,1,2,0,2,1,3,0,0,0,0,0,0,0,0,0,0,1 -1
/media/michal/Pauli/masterdata/processed/paramtest/ds0_02mp_4500/annotated/rares/20140905/patrol_run_27/room_2/features/nonPlanes<fpfh_uniform_2015-05-18_22-09-59.pcd 0.0253613 0.000859543 0.00300885 6 228,150,127,113,88,64 75,48,43,45,32,18 -1 470448 574 1240 -1 -1 400 1066 -1 -1 469874,345,95,33,38,27,14,5,3,4,4,0,1,2,1,0,0,0,0,1,0,0,0,0,0,0,0,0,0,1 -1 0,171,95,33,38,27,14,5,3,4,4,0,1,2,1,0,0,0,0,1,0,0,0,0,0,0,0,0,0,1 -1
/media/michal/Pauli/masterdata/processed/paramtest/ds0_02mp_4500/annotated/rares/20140905/patrol_run_29/room_2/features/nonPlanes<fpfh_uniform_2015-05-18_22-10-01.pcd 0.0242283 0.00128256 0.00285882 9 434,70,62,59,36,34,33,29,24 121,32,13,29,15,12,13,13,12 -1 437580 539 1240 -1 -1 400 1101 -1 -1 437041,315,94,48,21,14,13,6,6,3,4,5,3,0,2,2,1,1,0,0,0,0,1 -1 0,176,94,48,21,14,13,6,6,3,4,5,3,0,2,2,1,1,0,0,0,0,1 -1
/media/michal/Pauli/masterdata/processed/paramtest/ds0_02mp_4500/annotated/rares/20140905/patrol_run_30/room_1/features/nonPlanes<fpfh_uniform_2015-05-18_22-10-03.pcd 0.0218883 0.000793077 0.00326897 8 246,228,83,63,52,26,24,17 82,79,30,14,20,19,16,12 -1 400554 556 1240 -1 -1 400 1084 -1 -1 399998,296,122,49,30,17,13,8,7,2,6,1,3,0,1,0,0,0,0,1 -1 0,140,122,49,30,17,13,8,7,2,6,1,3,0,1,0,0,0,0,1 -1
/media/michal/Pauli/masterdata/processed/paramtest/ds0_02mp_4500/annotated/rares/20140905/patrol_run_30/room_7/features/nonPlanes<fpfh_uniform_2015-05-18_22-10-05.pcd 0.0256632 0.000806531 0.00306077 8 219,121,88,79,73,67,36,30 82,40,31,38,19,20,16,17 -1 458865 625 1240 -1 -1 400 1015 -1 -1 458240,364,130,52,27,20,12,5,6,2,4,1,0,1,0,1 -1 0,139,130,52,27,20,12,5,6,2,4,1,0,1,0,1 -1
/media/michal/Pauli/masterdata/processed/paramtest/ds0_02mp_4500/annotated/rares/20140908/patrol_run_32/room_2/features/nonPlanes<fpfh_uniform_2015-05-18_22-10-06.pcd 0.0260289 0.000826062 0.00307314 10 216,104,79,70,50,49,40,34,34,31 65,43,19,16,12,20,12,20,17,16 -1 448668 562 1240 -1 -1 400 1078 -1 -1 448106,326,105,42,23,19,14,10,1,6,8,4,2,1,1 -1 0,164,105,42,23,19,14,10,1,6,8,4,2,1,1 -1
/media/michal/Pauli/masterdata/processed/paramtest/ds0_02mp_4500/annotated/rares/20140908/patrol_run_34/room_2/features/nonPlanes<fpfh_uniform_2015-05-18_22-10-09.pcd 0.0351015 0.00181177 0.0026377 6 218,148,124,116,76,30 73,45,49,49,39,15 -1 423720 624 1240 -1 -1 400 1016 -1 -1 423096,380,106,61,27,11,12,10,5,7,2,2,0,0,0,1 -1 0,156,106,61,27,11,12,10,5,7,2,2,0,0,0,1 -1
/media/michal/Pauli/masterdata/processed/paramtest/ds0_02mp_4500/annotated/rares/20140908/patrol_run_36/room_3/features/nonPlanes<fpfh_uniform_2015-05-18_22-10-11.pcd 0.0275749 0.000915377 0.00294538 8 332,218,68,60,42,41,37,21 99,76,21,23,22,26,12,15 -1 420420 591 1240 -1 -1 400 1049 -1 -1 419829,360,97,42,34,14,13,11,6,4,4,2,1,1,2 -1 0,169,97,42,34,14,13,11,6,4,4,2,1,1,2 -1
/media/michal/Pauli/masterdata/processed/paramtest/ds0_02mp_4500/annotated/rares/20140908/patrol_run_38/room_2/features/nonPlanes<fpfh_uniform_2015-05-18_22-10-13.pcd 0.0252045 0.00123281 0.00225877 7 377,118,79,73,64,32,24 98,45,31,39,32,12,15 -1 433356 595 1240 -1 -1 400 1045 -1 -1 432761,363,112,36,22,24,13,8,3,3,1,2,4,1,1,1,0,0,0,0,0,0,0,0,0,0,0,0,0,0,1 -1 0,168,112,36,22,24,13,8,3,3,1,2,4,1,1,1,0,0,0,0,0,0,0,0,0,0,0,0,0,0,1 -1
/media/michal/Pauli/masterdata/processed/paramtest/ds0_02mp_4500/annotated/rares/20140908/patrol_run_39/room_3/features/nonPlanes<fpfh_uniform_2015-05-18_22-10-16.pcd 0.0249941 0.00118978 0.00199493 9 268,150,78,77,58,57,32,26,23 76,62,24,27,14,27,17,18,13 -1 414678 569 1240 -1 -1 400 1071 -1 -1 414109,321,113,44,27,19,17,5,7,9,0,3,2,1,1 -1 0,152,113,44,27,19,17,5,7,9,0,3,2,1,1 -1
/media/michal/Pauli/masterdata/processed/paramtest/ds0_02mp_4500/annotated/rares/20140908/patrol_run_41/room_3/features/nonPlanes<fpfh_uniform_2015-05-18_22-10-18.pcd 0.0291912 0.000613229 0.00300601 9 331,143,121,59,39,39,37,29,14 88,39,38,23,18,13,21,12,12 -1 455400 559 1240 -1 -1 400 1081 -1 -1 454841,310,117,42,28,19,12,6,9,6,3,2,0,2,1,1,1 -1 0,151,117,42,28,19,12,6,9,6,3,2,0,2,1,1,1 -1
/media/michal/Pauli/masterdata/processed/paramtest/ds0_02mp_4500/annotated/rares/20140908/patrol_run_43/room_3/features/nonPlanes<fpfh_uniform_2015-05-18_22-10-20.pcd 0.0261119 0.000798612 0.00286356 7 270,130,125,97,63,52,31 76,58,27,33,24,21,16 -1 418077 538 1240 -1 -1 400 1102 -1 -1 417539,305,101,46,24,19,13,5,8,3,2,2,2,1,1,0,2,1,0,2,1 -1 0,167,101,46,24,19,13,5,8,3,2,2,2,1,1,0,2,1,0,2,1 -1
/media/michal/Pauli/masterdata/processed/paramtest/ds0_02mp_4500/annotated/rares/20140908/patrol_run_45/room_2/features/nonPlanes<fpfh_uniform_2015-05-18_22-10-22.pcd 0.023958 0.000840234 0.00327039 6 433,81,59,56,40,17 127,20,37,33,15,14 -1 442200 612 1240 -1 -1 400 1028 -1 -1 441588,364,116,43,37,14,19,3,2,4,6,2,1,0,0,0,1 -1 0,152,116,43,37,14,19,3,2,4,6,2,1,0,0,0,1 -1
/media/michal/Pauli/masterdata/processed/paramtest/ds0_02mp_4500/annotated/rares/20140908/patrol_run_47/room_3/features/nonPlanes<fpfh_uniform_2015-05-18_22-10-24.pcd 0.0292274 0.000852217 0.00214469 7 335,104,99,69,41,37,23 95,37,42,28,26,24,16 -1 465300 625 1240 -1 -1 400 1015 -1 -1 464675,371,119,52,27,20,15,7,7,1,4,1,1 -1 0,146,119,52,27,20,15,7,7,1,4,1,1 -1
/media/michal/Pauli/masterdata/processed/paramtest/ds0_02mp_4500/annotated/rares/20140909/patrol_run_49/room_3/features/nonPlanes<fpfh_uniform_2015-05-18_22-10-26.pcd 0.0286872 0.000880098 0.00272072 8 129,112,110,105,84,83,56,24 45,36,34,32,33,36,23,13 -1 437778 560 1240 -1 -1 400 1080 -1 -1 437218,318,105,57,23,18,9,5,5,5,4,1,6,1,0,1,0,2 -1 0,158,105,57,23,18,9,5,5,5,4,1,6,1,0,1,0,2 -1
/media/michal/Pauli/masterdata/processed/paramtest/ds0_02mp_4500/annotated/rares/20140909/patrol_run_51/room_3/features/nonPlanes<fpfh_uniform_2015-05-18_22-10-29.pcd 0.0240963 0.00111427 0.00320938 7 209,99,96,80,57,41,39 74,44,30,33,24,14,18 -1 816816 600 1240 -1 -1 400 1040 -1 -1 816216,340,126,47,30,22,10,10,3,2,6,3,1 -1 0,140,126,47,30,22,10,10,3,2,6,3,1 -1
/media/michal/Pauli/masterdata/processed/paramtest/ds0_02mp_4500/annotated/rares/20140909/patrol_run_53/room_3/features/nonPlanes<fpfh_uniform_2015-05-18_22-10-31.pcd 0.029349 0.00142606 0.00335035 9 404,99,83,50,46,30,28,23,13 102,33,28,22,22,15,12,14,12 -1 456456 573 1240 -1 -1 400 1067 -1 -1 455883,322,116,47,24,20,17,7,7,5,4,0,1,1,1,0,0,0,1 -1 0,149,116,47,24,20,17,7,7,5,4,0,1,1,1,0,0,0,1 -1
/media/michal/Pauli/masterdata/processed/paramtest/ds0_02mp_4500/annotated/rares/20140909/patrol_run_55/room_3/features/nonPlanes<fpfh_uniform_2015-05-18_22-10-32.pcd 0.0314779 0.001028 0.00377246 11 158,123,111,88,67,65,39,38,37,25,19 42,47,30,31,39,28,13,15,20,17,15 -1 446622 634 1240 -1 -1 400 1006 -1 -1 445988,402,104,44,34,14,10,7,9,4,4,0,0,0,0,0,1,0,0,1 -1 0,168,104,44,34,14,10,7,9,4,4,0,0,0,0,0,1,0,0,1 -1
/media/michal/Pauli/masterdata/processed/paramtest/ds0_02mp_4500/annotated/rares/20140909/patrol_run_59/room_3/features/nonPlanes<fpfh_uniform_2015-05-18_22-10-34.pcd 0.0267521 0.000797985 0.00335708 7 419,128,84,45,45,43,22 146,50,29,24,21,20,13 -1 446622 668 1240 -1 -1 400 972 -1 -1 445954,425,124,46,27,16,9,7,6,4,1,0,1,1,0,0,0,0,0,1 -1 0,157,124,46,27,16,9,7,6,4,1,0,1,1,0,0,0,0,0,1 -1
/media/michal/Pauli/masterdata/processed/paramtest/ds0_02mp_4500/annotated/rares/20140909/patrol_run_61/room_3/features/nonPlanes<fpfh_uniform_2015-05-18_22-10-36.pcd 0.0291245 0.000812751 0.00288052 7 378,98,74,43,39,27,20 118,31,25,20,12,14,12 -1 447579 533 1240 -1 -1 400 1107 -1 -1 447046,312,85,48,25,20,13,4,7,2,4,2,1,3,1,1,2,0,1,0,1,0,1 -1 0,179,85,48,25,20,13,4,7,2,4,2,1,3,1,1,2,0,1,0,1,0,1 -1
/media/michal/Pauli/masterdata/processed/paramtest/ds0_02mp_4500/annotated/rares/20140909/patrol_run_63/room_3/features/nonPlanes<fpfh_uniform_2015-05-18_22-10-38.pcd 0.0341353 0.000644975 0.00299859 7 191,155,107,89,45,26,26 55,39,43,30,22,17,14 0,0,0,0,0,0,0 420420 557 1240 30 102 400 1083 26 98 419863,322,105,43,21,19,16,10,4,6,3,2,2,0,0,1,1,0,1,0,0,0,0,1 0,12,7,2,2,3,1,0,1,0,1,0,0,0,0,0,0,0,0,0,0,0,0,1 0,165,105,43,21,19,16,10,4,6,3,2,2,0,0,1,1,0,1,0,0,0,0,1 0,8,7,2,2,3,1,0,1,0,1,0,0,0,0,0,0,0,0,0,0,0,0,1
/media/michal/Pauli/masterdata/processed/paramtest/ds0_02mp_4500/annotated/rares/20140910/patrol_run_67/room_3/features/nonPlanes<fpfh_uniform_2015-05-18_22-10-40.pcd 0.0276794 0.00125132 0.00329376 6 397,118,62,58,49,29 118,33,35,20,21,16 -1 473286 582 1240 -1 -1 400 1058 -1 -1 472704,333,111,44,34,25,8,9,7,4,3,0,1,0,2,0,0,0,0,1 -1 0,151,111,44,34,25,8,9,7,4,3,0,1,0,2,0,0,0,0,1 -1
/media/michal/Pauli/masterdata/processed/paramtest/ds0_02mp_4500/annotated/rares/20140910/patrol_run_69/room_3/features/nonPlanes<fpfh_uniform_2015-05-18_22-10-43.pcd 0.0270566 0.001228 0.00337971 5 427,201,63,37,21 123,79,24,18,15 -1 443289 626 1240 -1 -1 400 1014 -1 -1 442663,366,120,62,32,17,8,7,5,5,1,0,1,1,0,0,0,0,1 -1 0,140,120,62,32,17,8,7,5,5,1,0,1,1,0,0,0,0,1 -1
/media/michal/Pauli/masterdata/processed/paramtest/ds0_02mp_4500/annotated/rares/20140910/patrol_run_71/room_3/features/nonPlanes<fpfh_uniform_2015-05-18_22-10-45.pcd 0.0300982 0.00122062 0.00286817 9 249,138,77,56,35,35,34,29,17 75,30,25,27,16,14,15,16,14 -1 477048 549 1240 -1 -1 400 1091 -1 -1 476499,304,110,52,32,9,9,7,8,2,6,2,3,1,0,2,0,1,0,0,0,0,0,0,1 -1 0,155,110,52,32,9,9,7,8,2,6,2,3,1,0,2,0,1,0,0,0,0,0,0,1 -1
/media/michal/Pauli/masterdata/processed/paramtest/ds0_02mp_4500/annotated/rares/20140910/patrol_run_74/room_3/features/nonPlanes<fpfh_uniform_2015-05-18_22-10-46.pcd 0.025667 0.0010353 0.00302261 7 142,138,106,52,49,39,15 55,52,30,12,20,15,12 -1 442200 564 1240 -1 -1 400 1076 -1 -1 441636,318,111,44,27,16,17,14,4,3,4,3,0,1,0,1,0,0,0,0,1 -1 0,154,111,44,27,16,17,14,4,3,4,3,0,1,0,1,0,0,0,0,1 -1
/media/michal/Pauli/masterdata/processed/paramtest/ds0_02mp_4500/annotated/rares/20140910/patrol_run_77/room_4/features/nonPlanes<fpfh_uniform_2015-05-18_22-10-48.pcd 0.0269081 0.00121228 0.00314166 9 308,200,50,49,48,41,37,30,25 70,65,17,27,16,12,23,20,12 -1 449955 540 1240 -1 -1 400 1100 -1 -1 449415,315,87,41,33,24,6,11,5,6,4,3,1,0,1,0,0,0,0,0,1,1,0,0,0,0,0,0,0,1 -1 0,175,87,41,33,24,6,11,5,6,4,3,1,0,1,0,0,0,0,0,1,1,0,0,0,0,0,0,0,1 -1
/media/michal/Pauli/masterdata/processed/paramtest/ds0_02mp_4500/annotated/rares/20140910/patrol_run_79/room_2/features/nonPlanes<fpfh_uniform_2015-05-18_22-10-50.pcd 0.029727 0.00233665 0.00308554 11 206,86,84,80,55,41,36,30,25,22,21 54,21,33,24,22,15,12,13,14,13,12 -1 396627 532 1240 -1 -1 400 1108 -1 -1 396095,291,104,45,32,19,12,6,6,3,3,2,0,1,1,3,2,0,1,0,1 -1 0,159,104,45,32,19,12,6,6,3,3,2,0,1,1,3,2,0,1,0,1 -1
/media/michal/Pauli/masterdata/processed/paramtest/ds0_02mp_4500/annotated/rares/20140910/patrol_run_81/room_2/features/nonPlanes<fpfh_uniform_2015-05-18_22-10-52.pcd 0.0301072 0.00161782 0.00325845 7 241,217,144,79,48,42,24 87,62,45,19,14,15,13 -1 432300 517 1240 -1 -1 400 1123 -1 -1 431783,273,99,47,29,24,13,9,5,5,5,2,2,0,1,0,1,0,1,0,0,0,1 -1 0,156,99,47,29,24,13,9,5,5,5,2,2,0,1,0,1,0,1,0,0,0,1 -1
/media/michal/Pauli/masterdata/processed/paramtest/ds0_02mp_4500/annotated/rares/20140911/patrol_run_82/room_3/features/nonPlanes<fpfh_uniform_2015-05-18_22-10-53.pcd 0.0248735 0.000839746 0.00300077 13 148,98,73,72,70,61,56,49,42,39,37,36,25 51,29,31,23,13,18,22,17,19,14,15,14,15 -1 473154 572 1240 -1 -1 400 1068 -1 -1 472582,328,108,51,25,17,13,14,5,1,4,1,0,2,1,0,0,0,0,0,0,2 -1 0,156,108,51,25,17,13,14,5,1,4,1,0,2,1,0,0,0,0,0,0,2 -1
/media/michal/Pauli/masterdata/processed/paramtest/ds0_02mp_4500/annotated/rares/20140911/patrol_run_84/room_3/features/nonPlanes<fpfh_uniform_2015-05-18_22-10-55.pcd 0.0265406 0.000842783 0.00315858 5 392,115,33,32,18 123,45,18,15,13 -1 452100 650 1240 -1 -1 400 990 -1 -1 451450,381,137,53,31,24,11,4,2,2,1,4 -1 0,131,137,53,31,24,11,4,2,2,1,4 -1
/media/michal/Pauli/masterdata/processed/paramtest/ds0_02mp_4500/annotated/rares/20140911/patrol_run_88/room_3/features/nonPlanes<fpfh_uniform_2015-05-18_22-10-57.pcd 0.0315459 0.00135883 0.00372108 8 335,230,59,51,39,24,24,23 109,76,19,18,15,16,15,14 -1 474606 597 1240 -1 -1 400 1043 -1 -1 474009,341,118,56,30,12,13,11,6,2,2,3,1,1,0,0,1 -1 0,144,118,56,30,12,13,11,6,2,2,3,1,1,0,0,1 -1
/media/michal/Pauli/masterdata/processed/paramtest/ds0_02mp_4500/annotated/rares/20140911/patrol_run_90/room_3/features/nonPlanes<fpfh_uniform_2015-05-18_22-10-59.pcd 0.0244801 0.000821003 0.00333655 8 247,203,81,80,61,47,36,20 83,73,28,30,22,12,19,12 -1 408408 582 1240 -1 -1 400 1058 -1 -1 407826,325,116,58,24,17,14,8,8,3,5,2,1,1 -1 0,143,116,58,24,17,14,8,8,3,5,2,1,1 -1
/media/michal/Pauli/masterdata/processed/paramtest/ds0_02mp_4500/annotated/rares/20140911/patrol_run_92/room_3/features/nonPlanes<fpfh_uniform_2015-05-18_22-11-01.pcd 0.0283477 0.00105919 0.00349495 7 358,133,106,86,73,47,38 107,44,39,34,23,21,12 -1 454740 544 1240 -1 -1 400 1096 -1 -1 454196,315,94,36,29,21,14,8,10,4,6,1,3,0,2,0,0,1 -1 0,171,94,36,29,21,14,8,10,4,6,1,3,0,2,0,0,1 -1
/media/michal/Pauli/masterdata/processed/paramtest/ds0_02mp_4500/annotated/rares/20140912/patrol_run_100/room_3/features/nonPlanes<fpfh_uniform_2015-05-18_22-11-02.pcd 0.030776 0.000905274 0.00361897 5 421,106,90,58,19 133,40,30,26,13 -1 437778 597 1240 -1 -1 400 1043 -1 -1 437181,354,100,57,33,15,14,8,4,3,4,3,0,0,1,0,0,0,0,0,0,0,1 -1 0,157,100,57,33,15,14,8,4,3,4,3,0,0,1,0,0,0,0,0,0,0,1 -1
/media/michal/Pauli/masterdata/processed/paramtest/ds0_02mp_4500/annotated/rares/20140912/patrol_run_102/room_3/features/nonPlanes<fpfh_uniform_2015-05-18_22-11-04.pcd 0.0300568 0.00205738 0.00265979 6 294,187,97,55,53,45 83,83,28,21,23,23 -1 459888 581 1240 -1 -1 400 1059 -1 -1 459307,332,115,56,23,21,8,8,4,2,1,6,0,1,1,1,0,0,0,1,0,0,1 -1 0,151,115,56,23,21,8,8,4,2,1,6,0,1,1,1,0,0,0,1,0,0,1 -1
/media/michal/Pauli/masterdata/processed/paramtest/ds0_02mp_4500/annotated/rares/20140912/patrol_run_104/room_3/features/nonPlanes<fpfh_uniform_2015-05-18_22-11-06.pcd 0.0286931 0.000835025 0.00349855 6 253,197,140,73,39,31 87,56,49,26,21,22 -1 445500 617 1240 -1 -1 400 1023 -1 -1 444883,375,115,40,27,21,14,5,10,4,3,1,1,0,1 -1 0,158,115,40,27,21,14,5,10,4,3,1,1,0,1 -1
/media/michal/Pauli/masterdata/processed/paramtest/ds0_02mp_4500/annotated/rares/20140912/patrol_run_94/room_3/features/nonPlanes<fpfh_uniform_2015-05-18_22-11-08.pcd 0.028622 0.000815818 0.00349789 7 203,189,112,97,64,51,28 74,70,31,49,15,15,15 -1 445500 594 1240 -1 -1 400 1046 -1 -1 444906,341,110,60,25,29,9,5,3,3,2,4,1,0,0,0,1,0,0,0,0,0,1 -1 0,147,110,60,25,29,9,5,3,3,2,4,1,0,0,0,1,0,0,0,0,0,1 -1
/media/michal/Pauli/masterdata/processed/paramtest/ds0_02mp_4500/annotated/rares/20140912/patrol_run_96/room_2/features/nonPlanes<fpfh_uniform_2015-05-18_22-11-10.pcd 0.0253251 0.00121045 0.00339214 7 299,120,82,80,60,30,19 75,31,31,37,31,15,15 -1 431244 548 1240 -1 -1 400 1092 -1 -1 430696,306,109,47,25,18,9,11,8,1,4,1,1,5,0,1,1,0,0,0,0,0,1 -1 0,158,109,47,25,18,9,11,8,1,4,1,1,5,0,1,1,0,0,0,0,0,1 -1
/media/michal/Pauli/masterdata/processed/paramtest/ds0_02mp_4500/annotated/rares/20140912/patrol_run_98/room_3/features/nonPlanes<fpfh_uniform_2015-05-18_22-11-12.pcd 0.0256157 0.000843002 0.00347823 9 328,147,90,51,49,37,34,24,22 109,46,41,16,16,13,17,12,19 -1 446622 577 1240 -1 -1 400 1063 -1 -1 446045,331,98,53,27,21,23,11,2,4,4,2,1 -1 0,154,98,53,27,21,23,11,2,4,4,2,1 -1
/media/michal/Pauli/masterdata/processed/paramtest/ds0_02mp_4500/annotated/rares/20140921/patrol_run_110/room_2/features/nonPlanes<fpfh_uniform_2015-05-18_22-11-14.pcd 0.0289196 0.000786315 0.00298487 11 165,119,85,84,73,45,44,31,30,23,22 44,37,21,21,29,25,20,16,13,15,12 -1 411840 573 1240 -1 -1 400 1067 -1 -1 411267,336,107,43,24,22,15,10,3,1,1,1,2,2,3,0,2,1 -1 0,163,107,43,24,22,15,10,3,1,1,1,2,2,3,0,2,1 -1
/media/michal/Pauli/masterdata/processed/paramtest/ds0_02mp_4500/annotated/rares/20140921/patrol_run_112/room_2/features/nonPlanes<fpfh_uniform_2015-05-18_22-11-16.pcd 0.0239569 0.000675374 0.00310308 11 313,190,64,57,45,36,32,26,26,15,14 83,67,21,15,26,21,14,13,13,12,12 0,0,0,0,0,0,0,0,0,0,0 419265 612 1240 21 66 400 1028 16 61 418653,355,111,66,35,16,7,4,4,4,7,2,0,0,0,1 0,5,7,0,5,2,0,1,0,0,1,0,0,0,0,0 0,143,111,66,35,16,7,4,4,4,7,2,0,0,0,1 0,0,7,0,5,2,0,1,0,0,1,0,0,0,0,0
/media/michal/Pauli/masterdata/processed/paramtest/ds0_02mp_4500/annotated/rares/20140921/patrol_run_114/room_1/features/nonPlanes<fpfh_uniform_2015-05-18_22-11-18.pcd 0.0262888 0.000844002 0.00302574 6 250,219,126,42,41,18 75,72,44,14,28,14 0,0,0,0,0,0 417384 575 1240 13 46 400 1065 13 46 416809,344,107,36,27,18,13,6,5,7,2,2,4,1,0,0,1,2 0,1,5,4,0,0,1,1,0,0,1,0,0,0,0,0,0,0 0,169,107,36,27,18,13,6,5,7,2,2,4,1,0,0,1,2 0,1,5,4,0,0,1,1,0,0,1,0,0,0,0,0,0,0
/media/michal/Pauli/masterdata/processed/paramtest/ds0_02mp_4500/annotated/rares/20140922/patrol_run_116/room_2/features/nonPlanes<fpfh_uniform_2015-05-18_22-11-20.pcd 0.0271211 0.000787527 0.00317919 9 345,145,82,80,63,46,41,27,26 115,53,35,22,23,19,17,13,13 0,0,0,0,0,0,0,0,0 424116 584 1240 22 87 400 1056 14 79 423532,340,103,55,30,19,10,10,2,8,2,2,1,0,0,0,0,0,0,0,1,0,1 0,9,1,4,2,1,0,3,0,0,1,0,0,0,0,0,0,0,0,0,1,0,0 0,156,103,55,30,19,10,10,2,8,2,2,1,0,0,0,0,0,0,0,1,0,1 0,1,1,4,2,1,0,3,0,0,1,0,0,0,0,0,0,0,0,0,1,0,0
/media/michal/Pauli/masterdata/processed/paramtest/ds0_02mp_4500/annotated/rares/20140922/patrol_run_118/room_2/features/nonPlanes<fpfh_uniform_2015-05-18_22-11-22.pcd 0.0244021 0.000834293 0.00292187 6 271,173,104,54,47,43 91,64,33,31,19,18 0,0,0,0,0,0 451044 590 1240 22 67 400 1050 14 59 450454,349,108,50,29,6,17,12,7,3,2,2,2,1,0,1,1 0,8,5,3,2,1,0,2,0,0,0,0,0,1,0,0,0 0,159,108,50,29,6,17,12,7,3,2,2,2,1,0,1,1 0,0,5,3,2,1,0,2,0,0,0,0,0,1,0,0,0
/media/michal/Pauli/masterdata/processed/paramtest/ds0_02mp_4500/annotated/rares/20140922/patrol_run_120/room_1/features/nonPlanes<fpfh_uniform_2015-05-18_22-11-25.pcd 0.0263602 0.000885279 0.00205414 6 268,189,136,68,56,26 83,56,54,28,34,16 0,0,0,0,0,0 478401 625 1240 11 30 400 1015 7 26 477776,377,117,50,25,20,17,3,6,0,5,2,3 0,4,4,0,1,0,1,0,1,0,0,0,0 0,152,117,50,25,20,17,3,6,0,5,2,3 0,0,4,0,1,0,1,0,1,0,0,0,0
/media/michal/Pauli/masterdata/processed/paramtest/ds0_02mp_4500/annotated/rares/20140922/patrol_run_124/room_2/features/nonPlanes<fpfh_uniform_2015-05-18_22-11-28.pcd 0.0343937 0.00138552 0.00186829 9 299,56,52,33,33,32,31,23,14 85,15,30,22,20,13,18,13,12 0,1,0,0,0,0,0,0,0 483516 658 1240 12 35 400 982 9 32 482858,404,122,63,27,11,11,10,2,2,1,1,3,1 0,3,3,3,1,0,1,1,0,0,0,0,0,0 0,146,122,63,27,11,11,10,2,2,1,1,3,1 0,0,3,3,1,0,1,1,0,0,0,0,0,0
/media/michal/Pauli/masterdata/processed/paramtest/ds0_02mp_4500/annotated/rares/20140922/patrol_run_126/room_2/features/nonPlanes<fpfh_uniform_2015-05-18_22-11-32.pcd 0.0269837 0.00107751 0.00321019 8 191,161,100,81,56,51,42,24 65,55,34,27,28,16,17,15 0,0,0,0,0,0,0,0 459756 610 1240 11 25 400 1030 7 21 459146,338,135,48,27,26,19,8,4,3,1,1 0,4,4,1,1,0,1,0,0,0,0,0 0,128,135,48,27,26,19,8,4,3,1,1 0,0,4,1,1,0,1,0,0,0,0,0
/media/michal/Pauli/masterdata/processed/paramtest/ds0_02mp_4500/annotated/rares/20140922/patrol_run_128/room_2/features/nonPlanes<fpfh_uniform_2015-05-18_22-11-34.pcd 0.0267567 0.00085055 0.00331417 7 248,148,106,91,47,35,32 106,48,44,37,12,13,12 0,0,0,0,0,0,0 454410 631 1240 16 53 400 1009 13 50 453779,383,117,50,26,17,13,12,3,4,4,2 0,3,3,4,3,1,0,1,1,0,0,0 0,152,117,50,26,17,13,12,3,4,4,2 0,0,3,4,3,1,0,1,1,0,0,0
/media/michal/Pauli/masterdata/processed/paramtest/ds0_02mp_4500/annotated/rares/20140922/patrol_run_130/room_2/features/nonPlanes<fpfh_uniform_2015-05-18_22-11-36.pcd 0.0274834 0.000837858 0.00202557 11 303,110,94,51,51,46,35,30,29,21,20 104,27,38,16,13,12,17,13,15,12,14 0,0,0,0,0,0,0,0,0,0,0 443289 577 1240 13 50 400 1063 11 48 442712,343,108,47,19,14,8,15,8,4,3,1,3,1,0,1,0,0,2 0,3,4,0,1,3,0,1,0,0,0,0,0,1,0,0,0,0,0 0,166,108,47,19,14,8,15,8,4,3,1,3,1,0,1,0,0,2 0,1,4,0,1,3,0,1,0,0,0,0,0,1,0,0,0,0,0
/media/michal/Pauli/masterdata/processed/paramtest/ds0_02mp_4500/annotated/rares/20140922/patrol_run_132/room_1/features/nonPlanes<fpfh_uniform_2015-05-18_22-11-39.pcd 0.0305379 0.00218336 0.00293364 7 270,186,172,80,40,36,23 56,73,60,46,15,15,19 0,0,0,0,0,0,0 454740 571 1240 11 39 400 1069 9 37 454169,334,100,56,25,16,12,7,3,6,2,2,3,2,2,0,0,0,0,0,0,0,0,0,0,0,0,1 0,5,2,0,1,1,0,1,0,0,0,0,0,0,1,0,0,0,0,0,0,0,0,0,0,0,0,0 0,163,100,56,25,16,12,7,3,6,2,2,3,2,2,0,0,0,0,0,0,0,0,0,0,0,0,1 0,3,2,0,1,1,0,1,0,0,0,0,0,0,1,0,0,0,0,0,0,0,0,0,0,0,0,0
/media/michal/Pauli/masterdata/processed/paramtest/ds0_02mp_4500/annotated/rares/20140922/patrol_run_134/room_2/features/nonPlanes<fpfh_uniform_2015-05-18_22-11-42.pcd 0.0261535 0.000806587 0.00195514 8 411,91,61,35,31,31,30,20 128,27,26,17,19,19,13,13 0,0,0,0,0,0,0,0 411840 653 1240 14 19 400 987 4 9 411187,401,118,50,38,19,11,6,5,1,1,0,1,1,1 0,10,3,1,0,0,0,0,0,0,0,0,0,0,0 0,148,118,50,38,19,11,6,5,1,1,0,1,1,1 0,0,3,1,0,0,0,0,0,0,0,0,0,0,0
/media/michal/Pauli/masterdata/processed/paramtest/ds0_02mp_4500/annotated/rares/20140922/patrol_run_138/room_2/features/nonPlanes<fpfh_uniform_2015-05-18_22-11-44.pcd 0.0279242 0.000842095 0.00287791 10 209,142,110,88,79,50,34,30,27,14 56,45,30,34,22,17,15,13,19,13 0,0,0,0,0,0,0,0,0,0 443223 554 1240 13 49 400 1086 9 45 442669,317,112,40,30,11,10,5,8,8,1,4,2,0,2,2,1,0,0,0,0,1 0,6,1,0,1,1,0,1,2,1,0,0,0,0,0,0,0,0,0,0,0,0 0,163,112,40,30,11,10,5,8,8,1,4,2,0,2,2,1,0,0,0,0,1 0,2,1,0,1,1,0,1,2,1,0,0,0,0,0,0,0,0,0,0,0,0
/media/michal/Pauli/masterdata/processed/paramtest/ds0_02mp_4500/annotated/rares/20140923/patrol_run_139/room_2/features/nonPlanes<fpfh_uniform_2015-05-18_22-11-46.pcd 0.0252461 0.000798422 0.00348489 9 281,182,104,99,55,40,36,32,21 89,51,43,41,23,12,19,13,14 0,0,0,0,0,0,0,0,0 430782 596 1240 13 19 400 1044 4 10 430186,339,115,50,35,24,11,6,5,5,2,2,0,2 0,9,3,0,1,0,0,0,0,0,0,0,0,0 0,143,115,50,35,24,11,6,5,5,2,2,0,2 0,0,3,0,1,0,0,0,0,0,0,0,0,0
/media/michal/Pauli/masterdata/processed/paramtest/ds0_02mp_4500/annotated/rares/20140923/patrol_run_141/room_2/features/nonPlanes<fpfh_uniform_2015-05-18_22-11-48.pcd 0.0346382 0.00139776 0.00315219 8 289,211,102,57,55,49,47,33 89,73,43,20,27,16,15,22 0,0,0,0,0,0,0,0 407286 578 1240 10 41 400 1062 7 38 406708,341,102,45,25,18,17,9,9,2,3,3,1,2,1 0,3,3,1,0,0,0,0,1,0,1,1,0,0,0 0,163,102,45,25,18,17,9,9,2,3,3,1,2,1 0,0,3,1,0,0,0,0,1,0,1,1,0,0,0
/media/michal/Pauli/masterdata/processed/paramtest/ds0_02mp_4500/annotated/rares/20140923/patrol_run_144/room_2/features/nonPlanes<fpfh_uniform_2015-05-18_22-11-51.pcd 0.0254467 0.000823676 0.00211428 10 149,130,105,70,65,64,60,43,35,33 59,40,32,22,27,27,15,12,24,14 0,0,0,0,0,0,0,0,0,0 438471 628 1240 13 31 400 1012 5 23 437843,393,105,47,25,20,14,6,7,4,4,1,0,1,1 0,8,2,0,0,0,2,1,0,0,0,0,0,0,0 0,165,105,47,25,20,14,6,7,4,4,1,0,1,1 0,0,2,0,0,0,2,1,0,0,0,0,0,0,0
/media/michal/Pauli/masterdata/processed/paramtest/ds0_02mp_4500/annotated/rares/20140923/patrol_run_146/room_2/features/nonPlanes<fpfh_uniform_2015-05-18_22-11-53.pcd 0.0250534 0.00162002 0.00314412 7 277,233,80,56,47,41,32 106,63,45,22,23,13,13 0,0,0,0,0,0,0 391248 586 1240 16 54 400 1054 9 47 390662,354,97,54,27,12,12,8,9,4,2,1,3,0,0,1,0,1,0,0,0,0,0,0,0,0,0,1 0,7,2,1,1,1,0,1,3,0,0,0,0,0,0,0,0,0,0,0,0,0,0,0,0,0,0,0 0,168,97,54,27,12,12,8,9,4,2,1,3,0,0,1,0,1,0,0,0,0,0,0,0,0,0,1 0,0,2,1,1,1,0,1,3,0,0,0,0,0,0,0,0,0,0,0,0,0,0,0,0,0,0,0
/media/michal/Pauli/masterdata/processed/paramtest/ds0_02mp_4500/annotated/rares/20140923/patrol_run_148/room_2/features/nonPlanes<fpfh_uniform_2015-05-18_22-11-54.pcd 0.0285375 0.00120939 0.00315774 8 305,152,73,43,38,38,33,31 91,49,20,18,22,19,13,16 0,0,0,0,0,0,0,0 444246 533 1240 17 59 400 1107 14 56 443713,299,97,54,20,13,10,10,10,3,8,3,3,1,0,0,0,1,0,0,0,0,0,0,1 0,3,4,4,1,2,1,1,0,1,0,0,0,0,0,0,0,0,0,0,0,0,0,0,0 0,166,97,54,20,13,10,10,10,3,8,3,3,1,0,0,0,1,0,0,0,0,0,0,1 0,0,4,4,1,2,1,1,0,1,0,0,0,0,0,0,0,0,0,0,0,0,0,0,0
/media/michal/Pauli/masterdata/processed/paramtest/ds0_02mp_4500/annotated/rares/20140923/patrol_run_150/room_2/features/nonPlanes<fpfh_uniform_2015-05-18_22-11-56.pcd 0.0269683 0.001686 0.00308438 7 236,178,135,52,38,29,28 89,63,48,16,17,14,15 0,0,0,0,0,0,0 454740 606 1240 13 31 400 1034 7 25 454134,340,135,48,28,16,19,5,4,5,2,2,1,0,1 0,6,3,1,0,2,1,0,0,0,0,0,0,0,0 0,134,135,48,28,16,19,5,4,5,2,2,1,0,1 0,0,3,1,0,2,1,0,0,0,0,0,0,0,0
/media/michal/Pauli/masterdata/processed/paramtest/ds0_02mp_4500/annotated/rares/20140924/patrol_run_152/room_2/features/nonPlanes<fpfh_uniform_2015-05-18_22-11-58.pcd 0.0279068 0.000787608 0.00239378 6 474,97,94,67,31,26 155,46,43,14,14,15 0,0,0,0,0,0 384087 576 1240 12 47 400 1064 11 46 383511,339,109,48,21,15,13,8,10,1,5,2,1,0,1,1,0,0,0,0,0,1,0,1 0,3,3,1,1,2,1,0,0,0,0,0,0,0,0,1,0,0,0,0,0,0,0,0 0,163,109,48,21,15,13,8,10,1,5,2,1,0,1,1,0,0,0,0,0,1,0,1 0,2,3,1,1,2,1,0,0,0,0,0,0,0,0,1,0,0,0,0,0,0,0,0
/media/michal/Pauli/masterdata/processed/paramtest/ds0_02mp_4500/annotated/rares/20140924/patrol_run_156/room_2/features/nonPlanes<fpfh_uniform_2015-05-18_22-12-00.pcd 0.0255952 0.000751028 0.00238727 11 235,72,70,65,57,57,45,44,34,26,25 79,22,31,15,22,22,13,16,14,15,16 0,0,0,0,0,0,0,0,0,0,0 395010 569 1240 18 59 400 1071 15 56 394441,328,102,49,29,17,18,7,2,4,3,6,1,1,0,2 0,5,3,1,5,2,1,0,0,1,0,0,0,0,0,0 0,159,102,49,29,17,18,7,2,4,3,6,1,1,0,2 0,2,3,1,5,2,1,0,0,1,0,0,0,0,0,0
/media/michal/Pauli/masterdata/processed/paramtest/ds0_02mp_4500/annotated/rares/20140924/patrol_run_158/room_1/features/nonPlanes<fpfh_uniform_2015-05-18_22-12-02.pcd 0.024231 0.000910125 0.00279876 10 215,164,75,64,50,39,38,37,32,24 88,47,32,16,23,14,13,17,13,13 0,0,0,0,0,0,0,0,0,0 434214 563 1240 18 53 400 1077 16 51 433651,315,126,35,26,17,8,13,5,6,5,2,2,1,1,0,0,0,0,0,0,0,0,1 0,5,7,2,1,0,0,1,1,1,0,0,0,0,0,0,0,0,0,0,0,0,0,0 0,152,126,35,26,17,8,13,5,6,5,2,2,1,1,0,0,0,0,0,0,0,0,1 0,3,7,2,1,0,0,1,1,1,0,0,0,0,0,0,0,0,0,0,0,0,0,0
/media/michal/Pauli/masterdata/processed/paramtest/ds0_02mp_4500/annotated/rares/20140924/patrol_run_162/room_2/features/nonPlanes<fpfh_uniform_2015-05-18_22-12-03.pcd 0.0337349 0.0014998 0.00326471 7 291,285,93,62,51,43,32 105,73,31,40,24,13,13 -1 435600 567 1240 -1 -1 400 1073 -1 -1 435033,332,110,47,20,13,8,9,9,8,1,1,3,1,1,1,3 -1 0,165,110,47,20,13,8,9,9,8,1,1,3,1,1,1,3 -1
/media/michal/Pauli/masterdata/processed/paramtest/ds0_02mp_4500/annotated/rares/20140924/patrol_run_164/room_1/features/nonPlanes<fpfh_uniform_2015-05-18_22-12-05.pcd 0.0253288 0.000831637 0.00235071 8 267,188,73,54,50,35,34,23 94,54,22,21,17,20,15,12 -1 425568 565 1240 -1 -1 400 1075 -1 -1 425003,316,113,49,33,13,11,7,9,3,5,0,2,1,0,2,0,0,0,0,0,0,0,1 -1 0,151,113,49,33,13,11,7,9,3,5,0,2,1,0,2,0,0,0,0,0,0,0,1 -1
/media/michal/Pauli/masterdata/processed/paramtest/ds0_02mp_4500/annotated/rares/20140924/patrol_run_166/room_2/features/nonPlanes<fpfh_uniform_2015-05-18_22-12-07.pcd 0.0217579 0.000804707 0.00355604 8 349,219,55,43,34,30,26,26 87,95,20,12,12,15,14,12 -1 411642 583 1240 -1 -1 400 1057 -1 -1 411059,340,101,60,22,21,11,11,5,3,2,2,2,1,0,0,0,1,0,1 -1 0,157,101,60,22,21,11,11,5,3,2,2,2,1,0,0,0,1,0,1 -1
