obj_search:
  camera_z: 1.7
  ceiling_z: 2.27
  floor_z: 0
  object_query: {K: 5}
  processed_data_dir: /home/michal/Downloads/pcddata/processed/
  raw_data_dir: /media/michal/Pauli/masterdata/raw/
object_query: {K: 10, cluster_maxsize: 500, cluster_minsize: 12, cluster_tolerance: 0.2,
  clusters_to_results: true, extract_mult: 1.3, match: nonPlanes<pfhrgb_uniform, n_max_points: 400,
  output_dir: 'NULL', query_features: '/home/michal/Downloads/pcddata/processed/query/queryobjects/0,015/chair1/features/rgb_0015_label_chair1<pfhrgb_uniform_2015-05-28_10-51-21.pcd',
  results_out: '/home/michal/Downloads/pcddata/processed/query/k10_mx400_t0,2/ds0,015_mp9000',
  subdirs: 4, target_features: '/home/michal/Downloads/pcddata/processed/paramtest/ds0,015_mp9000',
  x_step_hough: 0.05, y_step_hough: 0.05, z_step_hough: 0.05}
rosdistro: 'indigo

  '
roslaunch:
  uris: {host_tycho__38071: 'http://tycho:38071/', host_tycho__41596: 'http://tycho:41596/',
    host_tycho__43828: 'http://tycho:43828/', host_tycho__52135: 'http://tycho:52135/'}
rosversion: '1.11.10

  '
run_id: d8cf23de-072b-11e5-81b4-3c970e77227e
BEGIN_DATA
# fname t_query t_hough t_cluster cluster_n cluster_scores cluster_points cluster_inobb n_hough_tot nonzero_hough hough_votes boxpts boxvotes maxpts maxvotes maxboxpts maxboxvotes hough_hist box_hist max_hist boxmax_hist
/home/michal/Downloads/pcddata/processed/paramtest/ds0,015_mp9000/annotated/rares/20140820/patrol_run_2/room_1/features/nonPlanes<pfhrgb_uniform_2015-05-29_09-15-27.pcd 0.526327 0.000961679 0.00206346 9 685,280,276,222,101,90,89,83,81 66,34,32,27,15,16,15,12,20 -1 449955 811 3320 -1 -1 400 2804 -1 -1 449144,306,160,94,57,35,29,19,13,10,14,13,8,5,4,11,3,6,5,2,3,1,1,1,0,0,2,0,0,1,1,0,0,1,0,0,0,1,0,0,0,2,0,0,0,0,0,0,0,1,0,0,0,0,0,1,0,0,0,0,0,0,0,0,0,0,0,0,0,0,0,0,1 -1 0,0,55,94,57,35,29,19,13,10,14,13,8,5,4,11,3,6,5,2,3,1,1,1,0,0,2,0,0,1,1,0,0,1,0,0,0,1,0,0,0,2,0,0,0,0,0,0,0,1,0,0,0,0,0,1,0,0,0,0,0,0,0,0,0,0,0,0,0,0,0,0,1 -1
/home/michal/Downloads/pcddata/processed/paramtest/ds0,015_mp9000/annotated/rares/20140820/patrol_run_4/room_0/features/nonPlanes<pfhrgb_uniform_2015-05-29_09-15-52.pcd 0.591756 0.000974207 0.0022159 6 858,396,251,148,87,51 74,55,33,12,17,12 -1 424446 820 3320 -1 -1 400 2802 -1 -1 423626,322,139,105,69,40,22,17,17,17,11,10,7,3,4,4,5,0,1,7,0,1,3,2,1,1,0,0,1,0,0,1,1,2,1,0,0,1,0,0,0,1,1,0,0,0,0,0,0,0,0,0,0,0,0,0,0,0,0,0,0,0,0,0,1,0,1,0,0,0,0,0,0,0,0,0,1 -1 0,0,41,105,69,40,22,17,17,17,11,10,7,3,4,4,5,0,1,7,0,1,3,2,1,1,0,0,1,0,0,1,1,2,1,0,0,1,0,0,0,1,1,0,0,0,0,0,0,0,0,0,0,0,0,0,0,0,0,0,0,0,0,0,1,0,1,0,0,0,0,0,0,0,0,0,1 -1
/home/michal/Downloads/pcddata/processed/paramtest/ds0,015_mp9000/annotated/rares/20140828/patrol_run_19/room_3/features/nonPlanes<pfhrgb_uniform_2015-05-29_09-16-18.pcd 0.5605 0.00100188 0.00211781 6 484,420,367,289,197,108 56,39,58,58,24,15 -1 441870 874 3320 -1 -1 400 2714 -1 -1 440996,342,171,93,71,41,37,21,10,14,8,11,8,5,6,3,5,6,2,2,3,1,2,2,0,2,0,2,0,0,0,0,0,0,2,0,1,0,0,0,1,0,0,0,0,0,0,0,0,0,0,0,0,0,0,0,0,1,0,0,0,0,0,0,0,0,0,0,0,0,1 -1 0,0,39,93,71,41,37,21,10,14,8,11,8,5,6,3,5,6,2,2,3,1,2,2,0,2,0,2,0,0,0,0,0,0,2,0,1,0,0,0,1,0,0,0,0,0,0,0,0,0,0,0,0,0,0,0,0,1,0,0,0,0,0,0,0,0,0,0,0,0,1 -1
/home/michal/Downloads/pcddata/processed/paramtest/ds0,015_mp9000/annotated/rares/20140829/patrol_run_20/room_3/features/nonPlanes<pfhrgb_uniform_2015-05-29_09-16-42.pcd 0.544722 0.000859397 0.00187937 10 794,366,205,163,158,137,116,88,80,63 55,53,34,14,22,22,15,18,19,14 -1 461736 739 3320 -1 -1 400 2920 -1 -1 460997,278,142,80,55,41,26,12,16,13,8,9,4,2,5,3,7,2,2,0,5,2,2,4,1,3,1,0,2,2,0,1,2,1,0,0,0,0,0,1,1,1,0,0,1,0,0,1,1,0,0,0,0,0,0,0,0,0,0,0,0,0,0,0,0,0,0,1,0,0,0,0,0,0,0,0,0,0,0,0,0,0,0,0,0,0,0,1 -1 0,0,81,80,55,41,26,12,16,13,8,9,4,2,5,3,7,2,2,0,5,2,2,4,1,3,1,0,2,2,0,1,2,1,0,0,0,0,0,1,1,1,0,0,1,0,0,1,1,0,0,0,0,0,0,0,0,0,0,0,0,0,0,0,0,0,0,1,0,0,0,0,0,0,0,0,0,0,0,0,0,0,0,0,0,0,0,1 -1
/home/michal/Downloads/pcddata/processed/paramtest/ds0,015_mp9000/annotated/rares/20140829/patrol_run_26/room_2/features/nonPlanes<pfhrgb_uniform_2015-05-29_09-17-06.pcd 0.63228 0.000793854 0.0027817 11 490,213,192,185,157,150,147,120,102,96,65 79,29,29,26,21,14,17,19,14,15,13 -1 404481 889 3320 -1 -1 400 2699 -1 -1 403592,357,154,86,68,48,32,27,25,17,15,17,8,2,3,3,2,3,4,4,3,1,0,1,0,1,1,2,1,0,0,0,1,2,0,0,0,0,0,1 -1 0,0,22,86,68,48,32,27,25,17,15,17,8,2,3,3,2,3,4,4,3,1,0,1,0,1,1,2,1,0,0,0,1,2,0,0,0,0,0,1 -1
/home/michal/Downloads/pcddata/processed/paramtest/ds0,015_mp9000/annotated/rares/20140901/patrol_run_27/room_2/features/nonPlanes<pfhrgb_uniform_2015-05-29_09-17-31.pcd 0.519479 0.000845851 0.00200211 8 957,356,276,176,139,131,123,101 80,63,23,33,14,20,12,13 -1 424710 750 3320 -1 -1 400 2926 -1 -1 423960,306,121,71,48,36,33,18,24,20,12,8,8,3,3,5,0,2,3,2,5,2,3,2,0,2,0,1,1,0,0,0,2,0,0,3,1,0,0,0,0,0,0,0,1,0,0,0,0,1,0,1,0,0,0,0,0,0,0,0,0,0,0,0,0,0,0,0,0,0,0,0,0,0,0,0,0,0,0,0,0,0,0,0,0,1,0,0,0,0,0,0,0,0,0,0,0,0,0,0,0,0,0,0,0,0,0,0,0,0,0,0,1 -1 0,0,77,71,48,36,33,18,24,20,12,8,8,3,3,5,0,2,3,2,5,2,3,2,0,2,0,1,1,0,0,0,2,0,0,3,1,0,0,0,0,0,0,0,1,0,0,0,0,1,0,1,0,0,0,0,0,0,0,0,0,0,0,0,0,0,0,0,0,0,0,0,0,0,0,0,0,0,0,0,0,0,0,0,0,1,0,0,0,0,0,0,0,0,0,0,0,0,0,0,0,0,0,0,0,0,0,0,0,0,0,0,1 -1
/home/michal/Downloads/pcddata/processed/paramtest/ds0,015_mp9000/annotated/rares/20140901/patrol_run_31/room_2/features/nonPlanes<pfhrgb_uniform_2015-05-29_09-17-57.pcd 0.501779 0.00106393 0.00207446 7 506,488,321,249,149,98,83 69,64,42,32,20,12,13 -1 456456 691 3320 -1 -1 400 2964 -1 -1 455765,226,129,76,55,34,27,24,16,12,9,9,9,5,6,8,7,3,3,3,2,4,2,3,0,3,2,3,1,3,1,0,1,1,0,0,0,1,2,0,0,0,0,0,1 -1 0,0,64,76,55,34,27,24,16,12,9,9,9,5,6,8,7,3,3,3,2,4,2,3,0,3,2,3,1,3,1,0,1,1,0,0,0,1,2,0,0,0,0,0,1 -1
/home/michal/Downloads/pcddata/processed/paramtest/ds0,015_mp9000/annotated/rares/20140901/patrol_run_32/room_2/features/nonPlanes<pfhrgb_uniform_2015-05-29_09-18-18.pcd 0.530807 0.000964686 0.00188033 7 375,352,338,302,132,120,56 43,38,41,37,14,17,12 -1 449592 861 3320 -1 -1 400 2765 -1 -1 448731,367,146,76,71,35,25,26,18,11,10,7,11,9,3,11,5,4,5,5,1,5,1,0,1,2,1,0,0,0,0,0,0,0,3,0,0,0,0,0,0,1,0,1 -1 0,0,52,76,71,35,25,26,18,11,10,7,11,9,3,11,5,4,5,5,1,5,1,0,1,2,1,0,0,0,0,0,0,0,3,0,0,0,0,0,0,1,0,1 -1
/home/michal/Downloads/pcddata/processed/paramtest/ds0,015_mp9000/annotated/rares/20140901/patrol_run_33/room_1/features/nonPlanes<pfhrgb_uniform_2015-05-29_09-18-38.pcd 0.41151 0.000839755 0.00192604 8 606,341,212,151,142,118,108,78 59,42,36,21,26,17,24,16 -1 451044 881 3320 -1 -1 400 2736 -1 -1 450163,378,161,83,61,44,24,23,15,13,12,12,7,5,2,5,6,1,5,3,1,3,2,1,1,0,0,0,0,3,3,2,0,0,0,1,2,0,1,0,0,0,0,1 -1 0,0,58,83,61,44,24,23,15,13,12,12,7,5,2,5,6,1,5,3,1,3,2,1,1,0,0,0,0,3,3,2,0,0,0,1,2,0,1,0,0,0,0,1 -1
/home/michal/Downloads/pcddata/processed/paramtest/ds0,015_mp9000/annotated/rares/20140902/patrol_run_35/room_2/features/nonPlanes<pfhrgb_uniform_2015-05-29_09-18-59.pcd 0.509905 0.000903039 0.00313191 8 880,449,171,166,112,110,91,88 81,59,17,23,12,20,16,18 -1 451044 795 3320 -1 -1 400 2844 -1 -1 450249,314,130,94,66,22,24,22,20,23,9,12,8,6,9,2,3,3,3,1,3,0,2,3,0,3,4,0,0,1,0,1,1,1,0,1,0,0,1,1,0,0,0,0,0,1,0,0,0,0,0,0,0,0,0,0,0,0,0,0,0,0,0,0,0,0,0,1 -1 0,0,49,94,66,22,24,22,20,23,9,12,8,6,9,2,3,3,3,1,3,0,2,3,0,3,4,0,0,1,0,1,1,1,0,1,0,0,1,1,0,0,0,0,0,1,0,0,0,0,0,0,0,0,0,0,0,0,0,0,0,0,0,0,0,0,0,1 -1
/home/michal/Downloads/pcddata/processed/paramtest/ds0,015_mp9000/annotated/rares/20140902/patrol_run_38/room_0/features/nonPlanes<pfhrgb_uniform_2015-05-29_09-19-19.pcd 0.535899 0.000928113 0.00298739 8 1135,405,278,249,215,140,94,90 104,42,44,44,31,16,18,14 -1 427977 601 3320 -1 -1 400 3117 -1 -1 427376,199,97,61,56,35,17,10,16,8,10,11,5,8,2,4,5,10,3,4,4,4,4,5,1,4,2,2,0,1,1,2,0,2,0,0,1,0,1,0,1,1,2,0,0,0,0,0,1,1 -1 0,0,95,61,56,35,17,10,16,8,10,11,5,8,2,4,5,10,3,4,4,4,4,5,1,4,2,2,0,1,1,2,0,2,0,0,1,0,1,0,1,1,2,0,0,0,0,0,1,1 -1
/home/michal/Downloads/pcddata/processed/paramtest/ds0,015_mp9000/annotated/rares/20140903/patrol_run_1/room_4/features/nonPlanes<pfhrgb_uniform_2015-05-29_09-19-38.pcd 0.650766 0.000754883 0.0024245 9 551,463,342,206,202,78,67,62,51 38,47,38,23,24,13,17,12,14 -1 470184 763 3320 -1 -1 400 2915 -1 -1 469421,321,125,72,59,26,31,12,11,9,21,9,7,3,5,5,9,5,4,2,1,4,3,3,0,2,2,0,2,2,0,1,0,0,1,0,0,0,0,1,0,1,1,0,0,0,0,0,0,0,0,1,0,0,0,1,0,0,0,0,0,0,0,0,1 -1 0,0,83,72,59,26,31,12,11,9,21,9,7,3,5,5,9,5,4,2,1,4,3,3,0,2,2,0,2,2,0,1,0,0,1,0,0,0,0,1,0,1,1,0,0,0,0,0,0,0,0,1,0,0,0,1,0,0,0,0,0,0,0,0,1 -1
/home/michal/Downloads/pcddata/processed/paramtest/ds0,015_mp9000/annotated/rares/20140903/patrol_run_10/room_2/features/nonPlanes<pfhrgb_uniform_2015-05-29_09-20-12.pcd 0.592992 0.000681056 0.00213368 9 427,423,330,291,160,92,90,87,65 44,46,27,37,27,21,14,12,14 -1 453024 610 3320 -1 -1 400 3103 -1 -1 452414,203,102,56,50,31,25,16,12,19,7,5,8,8,6,7,11,5,3,2,3,3,4,2,3,3,2,1,0,1,4,0,1,0,0,1,0,1,0,0,0,2,0,0,0,0,0,1,0,0,0,0,0,0,1,0,0,0,0,0,0,0,0,0,0,0,0,0,0,0,0,0,0,0,0,1 -1 0,0,95,56,50,31,25,16,12,19,7,5,8,8,6,7,11,5,3,2,3,3,4,2,3,3,2,1,0,1,4,0,1,0,0,1,0,1,0,0,0,2,0,0,0,0,0,1,0,0,0,0,0,0,1,0,0,0,0,0,0,0,0,0,0,0,0,0,0,0,0,0,0,0,0,1 -1
/home/michal/Downloads/pcddata/processed/paramtest/ds0,015_mp9000/annotated/rares/20140903/patrol_run_12/room_2/features/nonPlanes<pfhrgb_uniform_2015-05-29_09-20-32.pcd 0.571409 0.000722701 0.00211851 7 493,438,351,307,138,65,61 31,34,62,31,29,14,15 -1 434214 763 3320 -1 -1 400 2897 -1 -1 433451,303,139,67,63,36,24,28,14,11,8,12,10,8,4,3,4,4,3,0,0,1,2,1,1,0,1,0,0,3,1,0,0,3,0,1,0,1,2,0,0,0,0,0,0,0,0,0,0,0,1,0,0,0,0,0,0,0,0,0,0,1,0,0,0,0,0,0,0,0,0,1,0,1,0,1 -1 0,0,79,67,63,36,24,28,14,11,8,12,10,8,4,3,4,4,3,0,0,1,2,1,1,0,1,0,0,3,1,0,0,3,0,1,0,1,2,0,0,0,0,0,0,0,0,0,0,0,1,0,0,0,0,0,0,0,0,0,0,1,0,0,0,0,0,0,0,0,0,1,0,1,0,1 -1
/home/michal/Downloads/pcddata/processed/paramtest/ds0,015_mp9000/annotated/rares/20140903/patrol_run_14/room_1/features/nonPlanes<pfhrgb_uniform_2015-05-29_09-20-57.pcd 0.611608 0.000873108 0.00183973 9 337,254,249,200,185,133,129,112,104 44,30,17,41,14,25,16,18,13 -1 434313 818 3320 -1 -1 400 2784 -1 -1 433495,300,134,98,67,41,36,23,19,20,12,9,9,5,8,9,5,6,0,2,3,1,1,0,1,0,1,1,0,1,0,0,1,1,3,0,0,0,0,0,0,1 -1 0,0,16,98,67,41,36,23,19,20,12,9,9,5,8,9,5,6,0,2,3,1,1,0,1,0,1,1,0,1,0,0,1,1,3,0,0,0,0,0,0,1 -1
/home/michal/Downloads/pcddata/processed/paramtest/ds0,015_mp9000/annotated/rares/20140903/patrol_run_2/room_4/features/nonPlanes<pfhrgb_uniform_2015-05-29_09-21-24.pcd 0.672315 0.000989689 0.00185556 7 934,261,134,120,116,111,59 95,18,28,25,18,15,14 -1 462264 821 3320 -1 -1 400 2814 -1 -1 461443,336,149,89,57,38,22,17,17,9,14,10,12,9,3,4,5,1,1,2,5,3,3,0,0,0,2,2,0,1,0,2,1,1,0,1,0,0,1,1,0,0,0,1,0,0,0,0,0,0,0,1,0,0,0,0,0,0,0,0,0,0,0,0,0,0,0,0,0,0,1 -1 0,0,64,89,57,38,22,17,17,9,14,10,12,9,3,4,5,1,1,2,5,3,3,0,0,0,2,2,0,1,0,2,1,1,0,1,0,0,1,1,0,0,0,1,0,0,0,0,0,0,0,1,0,0,0,0,0,0,0,0,0,0,0,0,0,0,0,0,0,0,1 -1
/home/michal/Downloads/pcddata/processed/paramtest/ds0,015_mp9000/annotated/rares/20140903/patrol_run_9/room_2/features/nonPlanes<pfhrgb_uniform_2015-05-29_09-21-55.pcd 0.520925 0.000885826 0.00307648 9 786,633,204,123,116,111,99,99,95 77,39,22,28,27,16,28,12,18 -1 491568 699 3320 -1 -1 400 2973 -1 -1 490869,251,133,61,66,20,29,20,17,22,9,10,3,6,5,5,2,8,2,2,1,4,1,1,3,1,2,1,1,0,0,1,1,1,0,1,1,0,0,1,0,1,0,0,2,0,1,0,0,1,0,1,0,0,0,0,0,0,0,0,0,0,0,0,0,0,0,0,0,0,0,0,0,1 -1 0,0,85,61,66,20,29,20,17,22,9,10,3,6,5,5,2,8,2,2,1,4,1,1,3,1,2,1,1,0,0,1,1,1,0,1,1,0,0,1,0,1,0,0,2,0,1,0,0,1,0,1,0,0,0,0,0,0,0,0,0,0,0,0,0,0,0,0,0,0,0,0,0,1 -1
/home/michal/Downloads/pcddata/processed/paramtest/ds0,015_mp9000/annotated/rares/20140904/patrol_run_15/room_2/features/nonPlanes<pfhrgb_uniform_2015-05-29_09-22-17.pcd 0.568656 0.00103235 0.00184542 9 618,382,345,185,166,113,63,62,61 76,41,31,23,26,15,14,13,12 -1 517902 813 3320 -1 -1 400 2835 -1 -1 517089,341,150,78,72,25,31,17,12,12,8,7,6,7,6,6,4,2,1,0,3,3,1,1,0,1,3,0,2,1,1,2,1,0,0,0,0,2,1,0,1,0,1,0,0,0,0,1,1,0,0,0,0,0,0,1,0,0,0,0,0,0,0,0,0,0,0,0,0,0,0,0,0,0,0,0,0,0,0,0,0,0,0,0,0,0,0,0,0,1 -1 0,0,78,78,72,25,31,17,12,12,8,7,6,7,6,6,4,2,1,0,3,3,1,1,0,1,3,0,2,1,1,2,1,0,0,0,0,2,1,0,1,0,1,0,0,0,0,1,1,0,0,0,0,0,0,1,0,0,0,0,0,0,0,0,0,0,0,0,0,0,0,0,0,0,0,0,0,0,0,0,0,0,0,0,0,0,0,0,0,1 -1
/home/michal/Downloads/pcddata/processed/paramtest/ds0,015_mp9000/annotated/rares/20140905/patrol_run_17/room_2/features/nonPlanes<pfhrgb_uniform_2015-05-29_09-22-41.pcd 0.511551 0.000991941 0.00267382 6 1240,279,165,122,116,88 119,36,35,21,19,17 -1 446160 769 3320 -1 -1 400 2868 -1 -1 445391,286,140,83,66,29,33,29,14,18,11,9,5,8,1,6,3,1,1,1,4,2,2,0,2,1,0,0,1,2,1,1,1,1,0,0,0,0,0,0,0,0,1,1,0,0,0,0,0,0,0,0,0,1,1,0,0,0,0,0,0,1,0,1,0,0,0,0,0,0,0,0,0,0,0,1 -1 0,0,57,83,66,29,33,29,14,18,11,9,5,8,1,6,3,1,1,1,4,2,2,0,2,1,0,0,1,2,1,1,1,1,0,0,0,0,0,0,0,0,1,1,0,0,0,0,0,0,0,0,0,1,1,0,0,0,0,0,0,1,0,1,0,0,0,0,0,0,0,0,0,0,0,1 -1
/home/michal/Downloads/pcddata/processed/paramtest/ds0,015_mp9000/annotated/rares/20140905/patrol_run_19/room_1/features/nonPlanes<pfhrgb_uniform_2015-05-29_09-23-06.pcd 0.517886 0.000822942 0.00306715 10 771,260,236,230,200,93,93,88,64,46 89,33,22,34,28,14,13,13,16,13 -1 453024 790 3320 -1 -1 400 2823 -1 -1 452234,283,142,110,62,37,29,15,10,14,7,5,16,11,6,7,2,5,5,2,5,2,2,1,1,1,1,2,0,0,1,1,1,0,0,0,2,1,0,0,0,0,0,0,0,0,0,0,0,0,0,0,0,0,0,0,0,0,0,0,0,0,0,0,0,0,0,0,0,0,0,1 -1 0,0,35,110,62,37,29,15,10,14,7,5,16,11,6,7,2,5,5,2,5,2,2,1,1,1,1,2,0,0,1,1,1,0,0,0,2,1,0,0,0,0,0,0,0,0,0,0,0,0,0,0,0,0,0,0,0,0,0,0,0,0,0,0,0,0,0,0,0,0,0,1 -1
/home/michal/Downloads/pcddata/processed/paramtest/ds0,015_mp9000/annotated/rares/20140905/patrol_run_21/room_2/features/nonPlanes<pfhrgb_uniform_2015-05-29_09-23-30.pcd 0.453683 0.000751703 0.00245047 6 791,727,233,137,112,87 68,86,37,27,24,12 -1 419265 776 3320 -1 -1 400 2865 -1 -1 418489,297,134,86,54,44,30,12,14,22,10,10,9,5,11,7,2,2,3,3,2,1,2,1,4,3,0,0,0,1,0,0,1,1,0,1,0,1,0,0,0,0,0,0,0,0,0,0,0,0,0,0,1,0,0,0,0,0,0,0,0,0,0,0,0,1,0,0,0,0,0,0,0,0,0,0,0,0,0,0,0,0,0,0,0,0,1 -1 0,0,55,86,54,44,30,12,14,22,10,10,9,5,11,7,2,2,3,3,2,1,2,1,4,3,0,0,0,1,0,0,1,1,0,1,0,1,0,0,0,0,0,0,0,0,0,0,0,0,0,0,1,0,0,0,0,0,0,0,0,0,0,0,0,1,0,0,0,0,0,0,0,0,0,0,0,0,0,0,0,0,0,0,0,0,1 -1
/home/michal/Downloads/pcddata/processed/paramtest/ds0,015_mp9000/annotated/rares/20140905/patrol_run_23/room_2/features/nonPlanes<pfhrgb_uniform_2015-05-29_09-23-50.pcd 0.484599 0.000858852 0.00198279 5 817,481,308,102,101 86,65,42,13,19 -1 463320 776 3320 -1 -1 400 2875 -1 -1 462544,307,131,83,53,32,21,20,22,9,15,8,14,3,6,7,7,5,9,3,4,2,2,1,0,1,2,0,2,1,1,0,1,2,1,0,0,0,0,0,0,0,0,0,1 -1 0,0,62,83,53,32,21,20,22,9,15,8,14,3,6,7,7,5,9,3,4,2,2,1,0,1,2,0,2,1,1,0,1,2,1,0,0,0,0,0,0,0,0,0,1 -1
/home/michal/Downloads/pcddata/processed/paramtest/ds0,015_mp9000/annotated/rares/20140905/patrol_run_25/room_1/features/nonPlanes<pfhrgb_uniform_2015-05-29_09-24-16.pcd 0.441552 0.000714057 0.00203111 7 827,428,230,172,110,87,81 82,53,39,30,13,15,20 -1 407286 740 3320 -1 -1 400 2910 -1 -1 406546,270,140,69,62,32,34,18,15,11,7,10,5,12,8,8,7,4,0,1,4,0,3,3,3,1,0,1,0,2,1,1,2,1,1,2,0,0,1,0,0,0,0,0,0,0,0,0,0,0,0,0,0,0,0,0,0,0,0,0,0,0,0,0,0,0,0,0,0,0,0,0,0,0,0,0,0,0,0,0,0,0,1 -1 0,0,70,69,62,32,34,18,15,11,7,10,5,12,8,8,7,4,0,1,4,0,3,3,3,1,0,1,0,2,1,1,2,1,1,2,0,0,1,0,0,0,0,0,0,0,0,0,0,0,0,0,0,0,0,0,0,0,0,0,0,0,0,0,0,0,0,0,0,0,0,0,0,0,0,0,0,0,0,0,0,0,1 -1
/home/michal/Downloads/pcddata/processed/paramtest/ds0,015_mp9000/annotated/rares/20140905/patrol_run_27/room_2/features/nonPlanes<pfhrgb_uniform_2015-05-29_09-24-37.pcd 0.499182 0.000964301 0.00251976 8 1115,353,139,132,101,69,63,45 107,61,14,22,16,15,13,15 -1 470448 803 3320 -1 -1 400 2807 -1 -1 469645,293,148,91,62,44,36,31,16,13,5,6,6,8,6,7,3,1,2,1,3,2,0,1,2,1,0,2,1,2,2,0,0,1,1,2,0,0,0,0,0,0,2,0,0,1,0,1 -1 0,0,38,91,62,44,36,31,16,13,5,6,6,8,6,7,3,1,2,1,3,2,0,1,2,1,0,2,1,2,2,0,0,1,1,2,0,0,0,0,0,0,2,0,0,1,0,1 -1
/home/michal/Downloads/pcddata/processed/paramtest/ds0,015_mp9000/annotated/rares/20140905/patrol_run_29/room_2/features/nonPlanes<pfhrgb_uniform_2015-05-29_09-24-58.pcd 0.563015 0.000978063 0.00258876 10 356,349,242,230,222,147,145,129,111,88 40,40,17,20,45,18,23,19,22,14 -1 433290 788 3320 -1 -1 400 2827 -1 -1 432502,283,152,87,60,37,38,28,15,7,12,9,11,3,4,4,5,6,1,3,3,3,3,2,2,0,1,2,0,0,0,1,0,2,0,0,0,0,0,1,0,0,0,0,0,0,0,0,0,1,0,0,1,0,0,0,0,0,0,0,0,0,0,0,0,0,0,0,0,0,0,0,0,0,0,0,0,1 -1 0,0,47,87,60,37,38,28,15,7,12,9,11,3,4,4,5,6,1,3,3,3,3,2,2,0,1,2,0,0,0,1,0,2,0,0,0,0,0,1,0,0,0,0,0,0,0,0,0,1,0,0,1,0,0,0,0,0,0,0,0,0,0,0,0,0,0,0,0,0,0,0,0,0,0,0,0,1 -1
/home/michal/Downloads/pcddata/processed/paramtest/ds0,015_mp9000/annotated/rares/20140905/patrol_run_30/room_1/features/nonPlanes<pfhrgb_uniform_2015-05-29_09-25-20.pcd 0.561377 0.000930704 0.00252414 7 615,433,405,364,127,83,37 57,48,51,48,16,16,12 -1 446622 598 3320 -1 -1 400 3122 -1 -1 446024,201,102,56,60,24,26,19,9,13,8,6,9,3,7,6,3,2,3,3,2,4,4,0,4,2,1,0,0,0,3,0,2,2,1,1,1,2,1,2,1,0,0,1,1,0,1,1,0,0,0,0,0,0,0,0,0,0,0,0,0,0,0,0,0,0,0,0,0,0,0,0,0,0,0,0,0,0,0,0,0,0,0,0,0,0,0,0,0,0,0,0,0,0,0,0,0,0,0,0,0,0,0,0,0,0,0,0,0,0,0,0,0,0,0,0,1 -1 0,3,102,56,60,24,26,19,9,13,8,6,9,3,7,6,3,2,3,3,2,4,4,0,4,2,1,0,0,0,3,0,2,2,1,1,1,2,1,2,1,0,0,1,1,0,1,1,0,0,0,0,0,0,0,0,0,0,0,0,0,0,0,0,0,0,0,0,0,0,0,0,0,0,0,0,0,0,0,0,0,0,0,0,0,0,0,0,0,0,0,0,0,0,0,0,0,0,0,0,0,0,0,0,0,0,0,0,0,0,0,0,0,0,0,0,1 -1
/home/michal/Downloads/pcddata/processed/paramtest/ds0,015_mp9000/annotated/rares/20140905/patrol_run_30/room_7/features/nonPlanes<pfhrgb_uniform_2015-05-29_09-25-44.pcd 0.531694 0.00103433 0.00215985 6 1004,153,138,106,79,61 102,18,12,14,14,14 -1 458865 945 3320 -1 -1 400 2631 -1 -1 457920,401,190,113,77,24,25,16,10,13,12,8,8,2,11,6,1,3,4,3,1,1,1,1,2,4,0,0,0,1,0,1,0,0,0,0,0,1,1,0,0,2,0,0,1,0,0,0,1 -1 0,0,46,113,77,24,25,16,10,13,12,8,8,2,11,6,1,3,4,3,1,1,1,1,2,4,0,0,0,1,0,1,0,0,0,0,0,1,1,0,0,2,0,0,1,0,0,0,1 -1
/home/michal/Downloads/pcddata/processed/paramtest/ds0,015_mp9000/annotated/rares/20140908/patrol_run_32/room_2/features/nonPlanes<pfhrgb_uniform_2015-05-29_09-26-07.pcd 0.502716 0.000949945 0.00252816 8 469,436,348,341,226,128,119,108 62,48,31,28,43,12,17,24 -1 453024 739 3320 -1 -1 400 2933 -1 -1 452285,291,112,83,57,32,32,18,17,8,8,6,10,3,7,5,9,3,6,2,4,1,3,4,2,0,3,1,1,1,1,0,3,1,0,1,1,1,0,0,1,0,0,0,0,0,0,1 -1 0,0,64,83,57,32,32,18,17,8,8,6,10,3,7,5,9,3,6,2,4,1,3,4,2,0,3,1,1,1,1,0,3,1,0,1,1,1,0,0,1,0,0,0,0,0,0,1 -1
/home/michal/Downloads/pcddata/processed/paramtest/ds0,015_mp9000/annotated/rares/20140908/patrol_run_34/room_2/features/nonPlanes<pfhrgb_uniform_2015-05-29_09-26-34.pcd 0.576724 0.000971224 0.00174108 7 837,430,155,143,99,60,54 74,53,13,20,19,13,16 -1 423720 779 3320 -1 -1 400 2850 -1 -1 422941,288,138,82,59,46,18,22,24,17,9,13,8,7,4,6,6,4,2,6,3,2,1,1,1,0,1,0,3,1,1,0,0,1,0,1,2,0,1,1 -1 0,0,47,82,59,46,18,22,24,17,9,13,8,7,4,6,6,4,2,6,3,2,1,1,1,0,1,0,3,1,1,0,0,1,0,1,2,0,1,1 -1
/home/michal/Downloads/pcddata/processed/paramtest/ds0,015_mp9000/annotated/rares/20140908/patrol_run_36/room_3/features/nonPlanes<pfhrgb_uniform_2015-05-29_09-27-02.pcd 0.576798 0.000917058 0.00258333 6 675,557,298,283,151,54 82,72,59,18,25,12 -1 423654 863 3320 -1 -1 400 2733 -1 -1 422791,339,141,127,72,31,27,23,15,12,16,7,9,6,4,5,1,2,3,2,2,0,4,2,0,0,2,2,1,1,1,0,2,0,0,2,0,0,0,0,0,0,0,0,1,0,0,0,0,0,0,0,0,0,0,0,0,0,0,0,0,0,0,0,0,0,0,0,0,0,0,0,0,0,0,0,0,0,0,0,0,0,0,1 -1 0,0,17,127,72,31,27,23,15,12,16,7,9,6,4,5,1,2,3,2,2,0,4,2,0,0,2,2,1,1,1,0,2,0,0,2,0,0,0,0,0,0,0,0,1,0,0,0,0,0,0,0,0,0,0,0,0,0,0,0,0,0,0,0,0,0,0,0,0,0,0,0,0,0,0,0,0,0,0,0,0,0,0,1 -1
/home/michal/Downloads/pcddata/processed/paramtest/ds0,015_mp9000/annotated/rares/20140908/patrol_run_38/room_2/features/nonPlanes<pfhrgb_uniform_2015-05-29_09-27-29.pcd 0.554193 0.000818487 0.00192733 8 679,620,243,141,129,102,93,81 92,64,27,23,16,21,12,16 -1 433356 815 3320 -1 -1 400 2794 -1 -1 432541,304,152,94,64,35,37,18,21,8,15,8,11,6,6,0,4,3,4,2,3,3,0,0,2,2,5,0,0,3,1,0,0,1,0,0,0,0,0,0,0,1,0,0,0,0,0,0,0,0,0,0,1,0,0,0,0,0,0,0,1 -1 0,0,41,94,64,35,37,18,21,8,15,8,11,6,6,0,4,3,4,2,3,3,0,0,2,2,5,0,0,3,1,0,0,1,0,0,0,0,0,0,0,1,0,0,0,0,0,0,0,0,0,0,1,0,0,0,0,0,0,0,1 -1
/home/michal/Downloads/pcddata/processed/paramtest/ds0,015_mp9000/annotated/rares/20140908/patrol_run_39/room_3/features/nonPlanes<pfhrgb_uniform_2015-05-29_09-27-53.pcd 0.545514 0.000837207 0.00178866 6 473,430,235,206,198,116 55,58,20,25,28,21 -1 414678 788 3320 -1 -1 400 2838 -1 -1 413890,294,145,77,76,39,20,26,15,10,6,8,10,12,2,4,2,7,7,3,2,1,3,2,2,2,2,3,2,1,1,1,1,2 -1 0,0,51,77,76,39,20,26,15,10,6,8,10,12,2,4,2,7,7,3,2,1,3,2,2,2,2,3,2,1,1,1,1,2 -1
/home/michal/Downloads/pcddata/processed/paramtest/ds0,015_mp9000/annotated/rares/20140908/patrol_run_41/room_3/features/nonPlanes<pfhrgb_uniform_2015-05-29_09-28-20.pcd 0.525547 0.000762645 0.00207018 5 712,556,207,174,107 61,64,35,38,14 -1 455400 791 3320 -1 -1 400 2831 -1 -1 454609,293,153,87,65,42,27,19,13,12,13,3,10,9,6,4,6,4,0,3,2,1,2,1,0,2,1,1,1,0,2,1,0,1,0,1,0,0,2,0,0,0,1,0,0,0,0,0,0,0,0,1,0,0,0,0,0,0,0,0,0,0,1,0,0,0,0,0,0,1 -1 0,0,55,87,65,42,27,19,13,12,13,3,10,9,6,4,6,4,0,3,2,1,2,1,0,2,1,1,1,0,2,1,0,1,0,1,0,0,2,0,0,0,1,0,0,0,0,0,0,0,0,1,0,0,0,0,0,0,0,0,0,0,1,0,0,0,0,0,0,1 -1
/home/michal/Downloads/pcddata/processed/paramtest/ds0,015_mp9000/annotated/rares/20140908/patrol_run_43/room_3/features/nonPlanes<pfhrgb_uniform_2015-05-29_09-28-45.pcd 0.574379 0.000964642 0.0027 6 566,476,302,120,78,74 67,36,34,19,14,12 -1 414018 806 3320 -1 -1 400 2837 -1 -1 413212,329,138,82,53,45,23,22,17,14,10,8,10,7,7,4,4,3,5,2,1,5,1,2,1,1,0,1,0,2,2,0,0,1,0,0,2,2,0,0,0,0,0,0,0,0,0,0,0,0,0,0,0,1,0,0,0,0,0,1 -1 0,0,61,82,53,45,23,22,17,14,10,8,10,7,7,4,4,3,5,2,1,5,1,2,1,1,0,1,0,2,2,0,0,1,0,0,2,2,0,0,0,0,0,0,0,0,0,0,0,0,0,0,0,1,0,0,0,0,0,1 -1
/home/michal/Downloads/pcddata/processed/paramtest/ds0,015_mp9000/annotated/rares/20140908/patrol_run_45/room_2/features/nonPlanes<pfhrgb_uniform_2015-05-29_09-29-11.pcd 0.612681 0.00101831 0.00200878 7 432,287,258,229,172,91,72 64,32,38,30,28,15,14 -1 442200 829 3320 -1 -1 400 2785 -1 -1 441371,323,154,101,56,51,20,17,22,6,6,14,8,8,2,4,4,3,1,1,4,3,5,3,1,1,2,1,0,0,0,0,0,2,1,0,1,0,0,0,1,0,0,0,0,0,0,0,0,1,0,0,1,0,0,0,0,1 -1 0,0,48,101,56,51,20,17,22,6,6,14,8,8,2,4,4,3,1,1,4,3,5,3,1,1,2,1,0,0,0,0,0,2,1,0,1,0,0,0,1,0,0,0,0,0,0,0,0,1,0,0,1,0,0,0,0,1 -1
/home/michal/Downloads/pcddata/processed/paramtest/ds0,015_mp9000/annotated/rares/20140908/patrol_run_47/room_3/features/nonPlanes<pfhrgb_uniform_2015-05-29_09-29-40.pcd 0.670217 0.000952471 0.00266851 8 555,502,284,151,148,124,98,62 70,68,48,20,21,15,14,15 -1 465300 912 3320 -1 -1 400 2660 -1 -1 464388,364,183,112,49,49,29,21,12,16,14,7,12,8,4,2,3,3,2,4,3,3,2,3,0,1,0,0,1,0,1,0,0,1,0,2,0,0,0,0,0,0,0,0,0,0,0,0,0,0,0,0,0,0,0,0,0,0,0,0,0,0,0,0,0,0,0,0,1 -1 0,0,35,112,49,49,29,21,12,16,14,7,12,8,4,2,3,3,2,4,3,3,2,3,0,1,0,0,1,0,1,0,0,1,0,2,0,0,0,0,0,0,0,0,0,0,0,0,0,0,0,0,0,0,0,0,0,0,0,0,0,0,0,0,0,0,0,0,1 -1
/home/michal/Downloads/pcddata/processed/paramtest/ds0,015_mp9000/annotated/rares/20140909/patrol_run_49/room_3/features/nonPlanes<pfhrgb_uniform_2015-05-29_09-30-08.pcd 0.497605 0.000985713 0.00216235 7 951,581,233,209,110,50,47 88,55,50,22,19,13,12 -1 437778 765 3320 -1 -1 400 2892 -1 -1 437013,302,132,80,64,25,22,18,18,16,10,6,7,3,4,8,6,4,9,2,4,3,6,4,1,0,0,2,1,0,1,0,0,2,0,3,0,1,0,0,0,0,0,0,0,0,0,1 -1 0,0,69,80,64,25,22,18,18,16,10,6,7,3,4,8,6,4,9,2,4,3,6,4,1,0,0,2,1,0,1,0,0,2,0,3,0,1,0,0,0,0,0,0,0,0,0,1 -1
/home/michal/Downloads/pcddata/processed/paramtest/ds0,015_mp9000/annotated/rares/20140909/patrol_run_51/room_3/features/nonPlanes<pfhrgb_uniform_2015-05-29_09-30-37.pcd 0.479861 0.00130688 0.00274509 6 684,660,353,288,105,60 93,52,36,42,19,14 -1 816816 749 3320 -1 -1 400 2917 -1 -1 816067,295,118,78,53,36,38,19,13,14,13,13,4,11,3,2,3,5,3,0,5,4,2,1,2,2,1,1,1,1,0,0,0,0,1,0,0,0,0,0,0,1,0,1,0,0,0,0,1,0,1,0,0,0,0,0,2,0,0,0,0,0,1 -1 0,0,64,78,53,36,38,19,13,14,13,13,4,11,3,2,3,5,3,0,5,4,2,1,2,2,1,1,1,1,0,0,0,0,1,0,0,0,0,0,0,1,0,1,0,0,0,0,1,0,1,0,0,0,0,0,2,0,0,0,0,0,1 -1
/home/michal/Downloads/pcddata/processed/paramtest/ds0,015_mp9000/annotated/rares/20140909/patrol_run_53/room_3/features/nonPlanes<pfhrgb_uniform_2015-05-29_09-31-01.pcd 0.524508 0.000994904 0.00298075 5 713,668,318,186,61 91,55,56,16,15 -1 456456 789 3320 -1 -1 400 2843 -1 -1 455667,301,136,94,72,37,27,21,17,14,13,8,4,5,6,5,2,1,3,1,0,0,1,0,1,0,1,0,2,4,0,0,1,0,0,0,2,1,0,1,3,0,0,1,0,0,1,0,0,0,0,1,1,0,0,0,0,0,0,0,0,0,0,0,0,0,0,0,0,0,0,0,0,1 -1 0,0,48,94,72,37,27,21,17,14,13,8,4,5,6,5,2,1,3,1,0,0,1,0,1,0,1,0,2,4,0,0,1,0,0,0,2,1,0,1,3,0,0,1,0,0,1,0,0,0,0,1,1,0,0,0,0,0,0,0,0,0,0,0,0,0,0,0,0,0,0,0,0,1 -1
/home/michal/Downloads/pcddata/processed/paramtest/ds0,015_mp9000/annotated/rares/20140909/patrol_run_55/room_3/features/nonPlanes<pfhrgb_uniform_2015-05-29_09-31-24.pcd 0.498547 0.000903664 0.00222764 8 771,355,243,111,99,95,75,62 86,34,38,16,17,13,12,12 -1 446622 863 3320 -1 -1 400 2732 -1 -1 445759,338,155,100,71,34,26,30,16,16,9,6,7,10,1,5,11,1,1,6,4,1,1,3,4,0,2,1,0,1,1,0,0,0,1,0,1 -1 0,0,30,100,71,34,26,30,16,16,9,6,7,10,1,5,11,1,1,6,4,1,1,3,4,0,2,1,0,1,1,0,0,0,1,0,1 -1
/home/michal/Downloads/pcddata/processed/paramtest/ds0,015_mp9000/annotated/rares/20140909/patrol_run_59/room_3/features/nonPlanes<pfhrgb_uniform_2015-05-29_09-31-48.pcd 0.579733 0.00105003 0.00203451 7 489,256,255,253,167,88,47 50,32,34,26,19,12,12 -1 442200 851 3320 -1 -1 400 2770 -1 -1 441349,352,158,90,61,35,18,30,14,16,11,11,9,5,4,5,4,1,2,4,1,0,2,1,3,1,1,1,2,1,0,1,2,0,0,1,0,0,0,1,1,0,1,0,0,0,0,0,0,0,0,0,0,0,0,0,0,0,0,0,0,0,0,0,0,0,0,0,0,0,0,0,0,0,0,0,0,0,0,0,0,0,0,0,0,0,0,0,1 -1 0,0,59,90,61,35,18,30,14,16,11,11,9,5,4,5,4,1,2,4,1,0,2,1,3,1,1,1,2,1,0,1,2,0,0,1,0,0,0,1,1,0,1,0,0,0,0,0,0,0,0,0,0,0,0,0,0,0,0,0,0,0,0,0,0,0,0,0,0,0,0,0,0,0,0,0,0,0,0,0,0,0,0,0,0,0,0,0,1 -1
/home/michal/Downloads/pcddata/processed/paramtest/ds0,015_mp9000/annotated/rares/20140909/patrol_run_61/room_3/features/nonPlanes<pfhrgb_uniform_2015-05-29_09-32-12.pcd 0.584244 0.00102148 0.00293541 9 933,256,138,128,128,126,78,64,50 67,26,23,23,17,20,18,16,12 -1 447579 716 3320 -1 -1 400 2978 -1 -1 446863,290,122,73,59,42,20,12,15,7,6,8,9,2,0,5,5,4,1,5,2,0,2,0,1,1,1,0,2,1,2,0,2,0,1,3,0,2,0,0,1,1,3,0,1,0,0,0,0,0,1,0,2,0,1,0,0,0,0,0,0,0,0,0,0,0,0,0,0,0,0,0,0,0,0,0,1 -1 0,0,96,73,59,42,20,12,15,7,6,8,9,2,0,5,5,4,1,5,2,0,2,0,1,1,1,0,2,1,2,0,2,0,1,3,0,2,0,0,1,1,3,0,1,0,0,0,0,0,1,0,2,0,1,0,0,0,0,0,0,0,0,0,0,0,0,0,0,0,0,0,0,0,0,0,1 -1
/home/michal/Downloads/pcddata/processed/paramtest/ds0,015_mp9000/annotated/rares/20140909/patrol_run_63/room_3/features/nonPlanes<pfhrgb_uniform_2015-05-29_09-32-46.pcd 0.504714 0.000965922 0.0020417 6 504,277,201,76,74,57 47,37,34,12,14,12 -1 424710 944 3320 -1 -1 400 2618 -1 -1 423766,386,189,101,65,50,32,19,25,17,10,6,5,4,4,1,3,3,1,3,1,3,1,1,1,1,4,1,1,1,0,1,0,1,0,0,1,0,1,1 -1 0,0,31,101,65,50,32,19,25,17,10,6,5,4,4,1,3,3,1,3,1,3,1,1,1,1,4,1,1,1,0,1,0,1,0,0,1,0,1,1 -1
/home/michal/Downloads/pcddata/processed/paramtest/ds0,015_mp9000/annotated/rares/20140910/patrol_run_67/room_3/features/nonPlanes<pfhrgb_uniform_2015-05-29_09-33-11.pcd 0.491006 0.000926346 0.00238475 5 784,594,578,61,38 112,50,32,15,12 -1 468600 808 3320 -1 -1 400 2840 -1 -1 467792,336,144,85,69,34,26,13,15,16,8,7,9,6,3,2,1,5,1,0,1,0,0,4,1,3,1,2,3,0,2,0,0,1,1,0,1,0,1,0,0,0,0,0,1,0,0,1,0,0,1,0,1,1,1,0,0,0,0,0,0,0,0,0,0,0,0,0,0,0,0,0,0,0,1 -1 0,0,72,85,69,34,26,13,15,16,8,7,9,6,3,2,1,5,1,0,1,0,0,4,1,3,1,2,3,0,2,0,0,1,1,0,1,0,1,0,0,0,0,0,1,0,0,1,0,0,1,0,1,1,1,0,0,0,0,0,0,0,0,0,0,0,0,0,0,0,0,0,0,0,1 -1
/home/michal/Downloads/pcddata/processed/paramtest/ds0,015_mp9000/annotated/rares/20140910/patrol_run_69/room_3/features/nonPlanes<pfhrgb_uniform_2015-05-29_09-33-35.pcd 0.586347 0.00090062 0.0024666 11 641,315,259,231,141,136,109,107,84,70,57 68,36,16,29,12,18,26,23,20,15,13 -1 446622 867 3320 -1 -1 400 2749 -1 -1 445755,363,150,87,69,41,32,21,19,9,8,12,8,5,3,6,3,5,3,3,3,1,2,1,2,0,2,0,0,0,0,1,1,1,1,0,0,0,1,1,0,0,1,0,0,0,0,1,0,0,1 -1 0,0,46,87,69,41,32,21,19,9,8,12,8,5,3,6,3,5,3,3,3,1,2,1,2,0,2,0,0,0,0,1,1,1,1,0,0,0,1,1,0,0,1,0,0,0,0,1,0,0,1 -1
/home/michal/Downloads/pcddata/processed/paramtest/ds0,015_mp9000/annotated/rares/20140910/patrol_run_71/room_3/features/nonPlanes<pfhrgb_uniform_2015-05-29_09-33-59.pcd 0.571818 0.000901559 0.00338144 8 551,513,322,150,122,78,77,66 53,56,33,20,13,15,18,12 -1 477048 804 3320 -1 -1 400 2833 -1 -1 476244,321,131,86,57,34,38,25,19,13,6,14,7,4,3,9,8,3,4,1,1,1,2,2,2,0,1,2,0,2,0,1,0,1,2,1,1,0,0,0,0,0,0,0,1,0,0,0,1 -1 0,0,48,86,57,34,38,25,19,13,6,14,7,4,3,9,8,3,4,1,1,1,2,2,2,0,1,2,0,2,0,1,0,1,2,1,1,0,0,0,0,0,0,0,1,0,0,0,1 -1
/home/michal/Downloads/pcddata/processed/paramtest/ds0,015_mp9000/annotated/rares/20140910/patrol_run_74/room_3/features/nonPlanes<pfhrgb_uniform_2015-05-29_09-34-24.pcd 0.490887 0.00086088 0.00301432 5 772,521,286,157,131 89,55,46,16,26 -1 442200 783 3320 -1 -1 400 2857 -1 -1 441417,303,138,80,67,37,25,27,21,6,11,7,8,6,6,5,6,1,4,2,1,1,0,0,4,0,2,2,2,1,0,1,2,1,0,0,0,2,0,0,0,0,0,2,0,0,0,0,0,0,0,0,0,0,0,0,0,0,0,0,0,0,0,0,2 -1 0,0,58,80,67,37,25,27,21,6,11,7,8,6,6,5,6,1,4,2,1,1,0,0,4,0,2,2,2,1,0,1,2,1,0,0,0,2,0,0,0,0,0,2,0,0,0,0,0,0,0,0,0,0,0,0,0,0,0,0,0,0,0,0,2 -1
/home/michal/Downloads/pcddata/processed/paramtest/ds0,015_mp9000/annotated/rares/20140910/patrol_run_77/room_4/features/nonPlanes<pfhrgb_uniform_2015-05-29_09-34-48.pcd 0.46248 0.000842863 0.00318931 8 795,560,170,167,67,66,61,43 63,55,28,15,13,17,13,13 -1 446622 702 3320 -1 -1 400 2976 -1 -1 445920,260,112,66,68,29,26,13,18,14,15,10,8,4,10,6,4,4,2,2,3,5,3,3,0,0,3,1,2,2,0,1,3,1,0,0,0,0,0,0,1,0,0,1,0,0,1,0,0,0,0,0,1 -1 0,0,70,66,68,29,26,13,18,14,15,10,8,4,10,6,4,4,2,2,3,5,3,3,0,0,3,1,2,2,0,1,3,1,0,0,0,0,0,0,1,0,0,1,0,0,1,0,0,0,0,0,1 -1
/home/michal/Downloads/pcddata/processed/paramtest/ds0,015_mp9000/annotated/rares/20140910/patrol_run_79/room_2/features/nonPlanes<pfhrgb_uniform_2015-05-29_09-35-16.pcd 0.579807 0.000752641 0.00268171 6 662,435,344,150,113,102 78,45,48,17,13,19 -1 396627 644 3320 -1 -1 400 3039 -1 -1 395983,207,128,64,43,25,29,16,25,14,13,8,9,6,8,1,4,3,3,4,4,3,3,3,1,2,2,2,2,1,0,1,2,0,1,1,0,0,0,1,0,1,2,0,0,0,0,1,0,0,0,0,0,0,0,0,0,0,0,0,0,0,1 -1 0,0,91,64,43,25,29,16,25,14,13,8,9,6,8,1,4,3,3,4,4,3,3,3,1,2,2,2,2,1,0,1,2,0,1,1,0,0,0,1,0,1,2,0,0,0,0,1,0,0,0,0,0,0,0,0,0,0,0,0,0,0,1 -1
/home/michal/Downloads/pcddata/processed/paramtest/ds0,015_mp9000/annotated/rares/20140910/patrol_run_81/room_2/features/nonPlanes<pfhrgb_uniform_2015-05-29_09-35-39.pcd 0.464445 0.000764372 0.00194191 9 450,232,187,158,133,92,86,68,51 65,14,27,17,23,13,14,13,12 -1 432300 962 3320 -1 -1 400 2614 -1 -1 431338,418,165,108,75,41,24,22,27,18,7,5,8,6,4,4,4,8,5,4,1,3,0,1,0,0,1,1,1,0,0,0,0,0,0,0,0,0,0,0,0,0,0,0,0,0,0,0,0,0,0,0,0,0,0,0,0,0,0,0,0,0,0,0,0,0,0,0,0,0,0,0,0,0,0,0,0,0,0,0,0,0,0,0,0,0,0,0,0,0,0,0,0,0,0,0,0,0,0,1 -1 0,0,21,108,75,41,24,22,27,18,7,5,8,6,4,4,4,8,5,4,1,3,0,1,0,0,1,1,1,0,0,0,0,0,0,0,0,0,0,0,0,0,0,0,0,0,0,0,0,0,0,0,0,0,0,0,0,0,0,0,0,0,0,0,0,0,0,0,0,0,0,0,0,0,0,0,0,0,0,0,0,0,0,0,0,0,0,0,0,0,0,0,0,0,0,0,0,0,0,1 -1
/home/michal/Downloads/pcddata/processed/paramtest/ds0,015_mp9000/annotated/rares/20140911/patrol_run_82/room_3/features/nonPlanes<pfhrgb_uniform_2015-05-29_09-36-04.pcd 0.569239 0.000970462 0.00239046 5 729,474,103,69,61 69,53,15,15,13 -1 473154 896 3320 -1 -1 400 2705 -1 -1 472258,377,157,81,74,48,29,27,28,12,11,7,4,5,2,4,3,2,3,1,3,0,0,0,1,2,1,2,1,2,1,1,0,1,3,0,0,1,0,1,1 -1 0,0,38,81,74,48,29,27,28,12,11,7,4,5,2,4,3,2,3,1,3,0,0,0,1,2,1,2,1,2,1,1,0,1,3,0,0,1,0,1,1 -1
/home/michal/Downloads/pcddata/processed/paramtest/ds0,015_mp9000/annotated/rares/20140911/patrol_run_84/room_3/features/nonPlanes<pfhrgb_uniform_2015-05-29_09-36-33.pcd 0.515183 0.0010249 0.00207948 7 793,574,200,194,116,72,51 94,66,23,37,14,16,14 -1 455400 847 3320 -1 -1 400 2752 -1 -1 454553,326,166,83,69,39,31,27,18,12,12,8,8,4,2,7,4,2,5,2,3,1,3,3,1,1,2,1,0,1,3,0,1,0,0,0,0,0,0,0,0,0,0,0,0,1,0,0,0,0,0,0,0,0,0,0,0,0,0,0,1 -1 0,0,45,83,69,39,31,27,18,12,12,8,8,4,2,7,4,2,5,2,3,1,3,3,1,1,2,1,0,1,3,0,1,0,0,0,0,0,0,0,0,0,0,0,0,1,0,0,0,0,0,0,0,0,0,0,0,0,0,0,1 -1
/home/michal/Downloads/pcddata/processed/paramtest/ds0,015_mp9000/annotated/rares/20140911/patrol_run_88/room_3/features/nonPlanes<pfhrgb_uniform_2015-05-29_09-37-00.pcd 0.508737 0.00102496 0.00299659 8 688,305,198,174,161,134,95,55 94,31,21,19,31,25,19,14 -1 474606 886 3320 -1 -1 400 2693 -1 -1 473720,345,151,100,86,49,26,15,20,16,11,10,11,10,4,2,3,3,7,1,4,1,4,0,2,1,0,0,0,0,1,0,1,0,0,0,1,0,0,0,0,0,0,0,0,0,0,1 -1 0,0,10,100,86,49,26,15,20,16,11,10,11,10,4,2,3,3,7,1,4,1,4,0,2,1,0,0,0,0,1,0,1,0,0,0,1,0,0,0,0,0,0,0,0,0,0,1 -1
/home/michal/Downloads/pcddata/processed/paramtest/ds0,015_mp9000/annotated/rares/20140911/patrol_run_90/room_3/features/nonPlanes<pfhrgb_uniform_2015-05-29_09-37-23.pcd 0.530564 0.000907125 0.00181656 8 373,251,242,231,229,193,98,97 52,17,56,32,34,15,14,12 -1 408408 871 3320 -1 -1 400 2717 -1 -1 407537,339,175,95,63,47,30,19,21,11,9,3,5,8,3,6,3,1,7,5,1,4,2,1,1,3,0,1,0,1,1,1,1,0,2,1,0,0,0,0,0,0,0,0,0,0,0,0,0,0,0,0,1 -1 0,0,43,95,63,47,30,19,21,11,9,3,5,8,3,6,3,1,7,5,1,4,2,1,1,3,0,1,0,1,1,1,1,0,2,1,0,0,0,0,0,0,0,0,0,0,0,0,0,0,0,0,1 -1
/home/michal/Downloads/pcddata/processed/paramtest/ds0,015_mp9000/annotated/rares/20140911/patrol_run_92/room_3/features/nonPlanes<pfhrgb_uniform_2015-05-29_09-37-49.pcd 0.509144 0.000904248 0.00240294 8 313,267,262,242,184,142,127,94 33,31,35,30,22,24,16,14 -1 454740 783 3320 -1 -1 400 2833 -1 -1 453957,279,136,89,68,33,33,29,18,12,10,10,14,9,5,4,4,2,3,8,1,1,3,2,1,2,1,1,1,0,0,0,0,0,0,1,0,0,1,0,0,0,0,0,0,0,0,1,0,0,0,0,0,0,0,1 -1 0,0,32,89,68,33,33,29,18,12,10,10,14,9,5,4,4,2,3,8,1,1,3,2,1,2,1,1,1,0,0,0,0,0,0,1,0,0,1,0,0,0,0,0,0,0,0,1,0,0,0,0,0,0,0,1 -1
/home/michal/Downloads/pcddata/processed/paramtest/ds0,015_mp9000/annotated/rares/20140912/patrol_run_100/room_3/features/nonPlanes<pfhrgb_uniform_2015-05-29_09-38-11.pcd 0.672572 0.00101794 0.00293902 7 632,469,349,131,115,107,72 50,39,56,25,20,13,19 -1 437778 899 3320 -1 -1 400 2680 -1 -1 436879,358,182,119,73,31,28,15,20,11,6,14,2,2,4,4,2,0,0,1,1,1,2,3,2,1,5,1,0,0,0,3,0,0,0,0,1,0,0,4,0,0,0,1,0,1,0,0,0,0,0,0,0,0,0,0,0,0,0,0,0,0,0,0,0,0,0,0,0,0,0,0,0,0,1 -1 0,0,41,119,73,31,28,15,20,11,6,14,2,2,4,4,2,0,0,1,1,1,2,3,2,1,5,1,0,0,0,3,0,0,0,0,1,0,0,4,0,0,0,1,0,1,0,0,0,0,0,0,0,0,0,0,0,0,0,0,0,0,0,0,0,0,0,0,0,0,0,0,0,0,1 -1
/home/michal/Downloads/pcddata/processed/paramtest/ds0,015_mp9000/annotated/rares/20140912/patrol_run_102/room_3/features/nonPlanes<pfhrgb_uniform_2015-05-29_09-38-38.pcd 0.688254 0.000978063 0.00289618 5 983,285,206,152,138 101,39,29,19,17 -1 463320 790 3320 -1 -1 400 2857 -1 -1 462530,317,135,86,66,46,25,16,10,10,15,7,10,3,3,5,3,3,2,3,1,2,2,2,2,0,2,0,0,3,0,1,0,0,2,1,0,0,1,0,0,0,1,0,1,0,0,0,0,0,0,0,0,0,0,1,0,1,0,0,0,1,0,0,0,0,0,0,0,0,0,0,0,0,0,0,0,0,0,0,0,0,0,0,1 -1 0,0,62,86,66,46,25,16,10,10,15,7,10,3,3,5,3,3,2,3,1,2,2,2,2,0,2,0,0,3,0,1,0,0,2,1,0,0,1,0,0,0,1,0,1,0,0,0,0,0,0,0,0,0,0,1,0,1,0,0,0,1,0,0,0,0,0,0,0,0,0,0,0,0,0,0,0,0,0,0,0,0,0,0,1 -1
/home/michal/Downloads/pcddata/processed/paramtest/ds0,015_mp9000/annotated/rares/20140912/patrol_run_104/room_3/features/nonPlanes<pfhrgb_uniform_2015-05-29_09-39-06.pcd 0.527789 0.0007536 0.00177081 5 444,382,326,253,139 70,36,44,36,17 -1 445500 863 3320 -1 -1 400 2728 -1 -1 444637,334,175,101,70,42,26,17,16,11,4,9,7,4,8,7,1,1,4,2,6,3,2,1,0,0,0,1,1,1,0,0,2,1,0,0,1,0,0,1,0,0,0,1,0,0,0,0,0,0,1,0,0,1,1 -1 0,0,46,101,70,42,26,17,16,11,4,9,7,4,8,7,1,1,4,2,6,3,2,1,0,0,0,1,1,1,0,0,2,1,0,0,1,0,0,1,0,0,0,1,0,0,0,0,0,0,1,0,0,1,1 -1
/home/michal/Downloads/pcddata/processed/paramtest/ds0,015_mp9000/annotated/rares/20140912/patrol_run_94/room_3/features/nonPlanes<pfhrgb_uniform_2015-05-29_09-39-36.pcd 0.57059 0.000703417 0.00182859 7 422,380,302,286,165,69,66 49,61,44,41,24,12,13 -1 445500 881 3320 -1 -1 400 2709 -1 -1 444619,351,172,101,68,46,31,17,10,12,7,10,6,5,1,10,4,3,4,2,1,2,4,1,0,0,2,2,1,1,1,2,0,0,0,0,0,0,0,0,0,0,0,1,0,0,0,0,1,0,1,0,1 -1 0,0,42,101,68,46,31,17,10,12,7,10,6,5,1,10,4,3,4,2,1,2,4,1,0,0,2,2,1,1,1,2,0,0,0,0,0,0,0,0,0,0,0,1,0,0,0,0,1,0,1,0,1 -1
/home/michal/Downloads/pcddata/processed/paramtest/ds0,015_mp9000/annotated/rares/20140912/patrol_run_96/room_2/features/nonPlanes<pfhrgb_uniform_2015-05-29_09-40-04.pcd 0.523899 0.000733949 0.00197852 6 878,325,284,132,94,60 83,62,41,21,17,14 -1 431244 860 3320 -1 -1 400 2734 -1 -1 430384,334,178,83,61,48,31,26,21,7,8,9,6,9,5,4,5,0,4,2,1,3,1,0,0,1,0,1,0,2,1,1,1,0,0,1,2,0,0,0,1,0,0,1,0,0,0,0,0,1,0,0,0,0,0,0,0,0,0,0,0,0,0,1 -1 0,0,52,83,61,48,31,26,21,7,8,9,6,9,5,4,5,0,4,2,1,3,1,0,0,1,0,1,0,2,1,1,1,0,0,1,2,0,0,0,1,0,0,1,0,0,0,0,0,1,0,0,0,0,0,0,0,0,0,0,0,0,0,1 -1
/home/michal/Downloads/pcddata/processed/paramtest/ds0,015_mp9000/annotated/rares/20140912/patrol_run_98/room_3/features/nonPlanes<pfhrgb_uniform_2015-05-29_09-40-32.pcd 0.546328 0.00106099 0.00282683 5 634,438,399,240,63 84,71,35,25,13 -1 446622 860 3320 -1 -1 400 2728 -1 -1 445762,328,174,92,68,35,27,32,13,15,15,9,10,3,10,3,4,2,2,2,1,2,1,1,1,0,0,0,1,1,1,0,0,0,0,1,0,0,0,1,1,0,0,2,0,1,0,0,0,0,0,0,0,0,0,0,0,0,0,0,0,0,0,0,0,0,0,0,1 -1 0,0,42,92,68,35,27,32,13,15,15,9,10,3,10,3,4,2,2,2,1,2,1,1,1,0,0,0,1,1,1,0,0,0,0,1,0,0,0,1,1,0,0,2,0,1,0,0,0,0,0,0,0,0,0,0,0,0,0,0,0,0,0,0,0,0,0,0,1 -1
/home/michal/Downloads/pcddata/processed/paramtest/ds0,015_mp9000/annotated/rares/20140921/patrol_run_110/room_2/features/nonPlanes<pfhrgb_uniform_2015-05-29_09-41-05.pcd 0.392669 0.000940501 0.00198364 7 430,270,264,239,189,117,114 52,13,49,31,19,23,21 -1 411840 887 3320 -1 -1 400 2742 -1 -1 410953,396,141,95,68,36,26,25,17,6,7,8,6,8,4,5,5,4,3,1,5,1,1,1,0,2,0,4,3,1,2,0,3,0,1,1,1 -1 0,0,50,95,68,36,26,25,17,6,7,8,6,8,4,5,5,4,3,1,5,1,1,1,0,2,0,4,3,1,2,0,3,0,1,1,1 -1
/home/michal/Downloads/pcddata/processed/paramtest/ds0,015_mp9000/annotated/rares/20140921/patrol_run_112/room_2/features/nonPlanes<pfhrgb_uniform_2015-05-29_09-41-34.pcd 0.603071 0.0008711 0.00186393 8 679,286,235,189,151,135,134,127 70,30,34,28,18,29,19,25 -1 419265 844 3320 -1 -1 400 2753 -1 -1 418421,321,167,87,59,37,31,23,22,20,16,8,5,7,6,2,7,0,3,4,0,3,3,2,1,3,0,1,1,0,0,0,0,1,0,0,0,0,0,2,0,1,0,0,1 -1 0,0,44,87,59,37,31,23,22,20,16,8,5,7,6,2,7,0,3,4,0,3,3,2,1,3,0,1,1,0,0,0,0,1,0,0,0,0,0,2,0,1,0,0,1 -1
/home/michal/Downloads/pcddata/processed/paramtest/ds0,015_mp9000/annotated/rares/20140921/patrol_run_114/room_1/features/nonPlanes<pfhrgb_uniform_2015-05-29_09-42-01.pcd 0.651904 0.000869413 0.00184404 7 362,313,272,251,134,99,80 32,40,25,29,23,17,15 -1 417384 778 3320 -1 -1 400 2856 -1 -1 416606,292,143,78,73,31,31,22,16,16,6,10,9,2,6,3,3,3,1,5,5,4,1,3,2,2,1,1,0,0,0,0,1,2,0,3,0,0,0,0,0,0,0,1,0,0,0,0,0,0,0,0,0,0,0,0,0,1,0,0,0,0,0,0,0,0,0,0,0,0,0,0,0,0,0,1 -1 0,0,57,78,73,31,31,22,16,16,6,10,9,2,6,3,3,3,1,5,5,4,1,3,2,2,1,1,0,0,0,0,1,2,0,3,0,0,0,0,0,0,0,1,0,0,0,0,0,0,0,0,0,0,0,0,0,1,0,0,0,0,0,0,0,0,0,0,0,0,0,0,0,0,0,1 -1
/home/michal/Downloads/pcddata/processed/paramtest/ds0,015_mp9000/annotated/rares/20140922/patrol_run_116/room_2/features/nonPlanes<pfhrgb_uniform_2015-05-29_09-42-29.pcd 0.53491 0.000961535 0.0023407 4 594,480,236,158 79,63,36,21 -1 424116 916 3320 -1 -1 400 2660 -1 -1 423200,372,163,95,90,32,27,31,22,11,17,9,8,5,5,2,4,4,1,2,2,2,3,1,2,0,1,0,1,0,1,0,0,0,0,0,1,0,0,0,0,0,0,0,1,0,0,0,0,0,0,0,0,0,0,0,0,0,0,0,0,0,1 -1 0,0,19,95,90,32,27,31,22,11,17,9,8,5,5,2,4,4,1,2,2,2,3,1,2,0,1,0,1,0,1,0,0,0,0,0,1,0,0,0,0,0,0,0,1,0,0,0,0,0,0,0,0,0,0,0,0,0,0,0,0,0,1 -1
/home/michal/Downloads/pcddata/processed/paramtest/ds0,015_mp9000/annotated/rares/20140922/patrol_run_118/room_2/features/nonPlanes<pfhrgb_uniform_2015-05-29_09-42-58.pcd 0.567218 0.000934731 0.00259566 5 513,478,306,185,79 54,74,40,26,20 -1 451044 906 3320 -1 -1 400 2691 -1 -1 450138,383,167,89,65,42,36,20,10,12,19,10,13,5,5,3,2,5,5,1,2,3,1,0,2,1,0,0,0,0,0,0,0,1,0,0,0,0,0,0,0,1,1,0,0,0,0,0,0,0,0,0,0,0,0,0,0,0,0,0,0,0,1,0,0,0,0,0,0,0,0,0,0,0,0,0,0,0,0,0,0,0,0,0,1 -1 0,0,44,89,65,42,36,20,10,12,19,10,13,5,5,3,2,5,5,1,2,3,1,0,2,1,0,0,0,0,0,0,0,1,0,0,0,0,0,0,0,1,1,0,0,0,0,0,0,0,0,0,0,0,0,0,0,0,0,0,0,0,1,0,0,0,0,0,0,0,0,0,0,0,0,0,0,0,0,0,0,0,0,0,1 -1
/home/michal/Downloads/pcddata/processed/paramtest/ds0,015_mp9000/annotated/rares/20140922/patrol_run_120/room_1/features/nonPlanes<pfhrgb_uniform_2015-05-29_09-43-29.pcd 0.622167 0.00106153 0.00319423 5 1315,303,272,123,101 148,14,48,16,15 -1 478401 827 3320 -1 -1 400 2798 -1 -1 477574,332,149,100,67,32,19,17,18,10,8,6,15,4,6,4,3,5,4,4,2,1,1,2,1,3,0,1,1,4,0,3,0,0,1,1,0,0,0,0,0,1,1,0,0,0,0,0,1 -1 0,0,54,100,67,32,19,17,18,10,8,6,15,4,6,4,3,5,4,4,2,1,1,2,1,3,0,1,1,4,0,3,0,0,1,1,0,0,0,0,0,1,1,0,0,0,0,0,1 -1
/home/michal/Downloads/pcddata/processed/paramtest/ds0,015_mp9000/annotated/rares/20140922/patrol_run_124/room_2/features/nonPlanes<pfhrgb_uniform_2015-05-29_09-44-02.pcd 0.560179 0.00100863 0.00200272 9 579,414,315,147,110,109,103,90,76 44,20,52,26,12,18,26,20,20 -1 483516 909 3320 -1 -1 400 2691 -1 -1 482607,389,171,114,61,34,24,15,11,16,7,9,9,5,9,6,2,2,1,0,3,4,1,2,1,0,1,4,0,1,0,0,1,0,1,0,0,0,1,0,0,0,0,1,1,0,1,0,0,0,0,0,0,0,0,0,0,0,0,0,0,0,0,0,0,0,0,0,0,0,0,0,0,0,1 -1 0,0,51,114,61,34,24,15,11,16,7,9,9,5,9,6,2,2,1,0,3,4,1,2,1,0,1,4,0,1,0,0,1,0,1,0,0,0,1,0,0,0,0,1,1,0,1,0,0,0,0,0,0,0,0,0,0,0,0,0,0,0,0,0,0,0,0,0,0,0,0,0,0,0,1 -1
/home/michal/Downloads/pcddata/processed/paramtest/ds0,015_mp9000/annotated/rares/20140922/patrol_run_126/room_2/features/nonPlanes<pfhrgb_uniform_2015-05-29_09-44-34.pcd 0.515107 0.00126558 0.00309603 10 526,313,301,174,171,90,81,73,72,64 77,52,21,14,24,14,16,13,19,15 -1 455499 853 3320 -1 -1 400 2761 -1 -1 454646,347,163,88,67,44,18,22,15,9,12,12,6,3,3,6,8,1,4,2,6,0,0,3,0,1,0,1,0,1,1,1,0,1,0,4,1,2,0,0,0,0,0,0,0,0,0,0,0,0,0,0,0,0,0,0,0,0,0,0,0,0,0,0,0,0,0,0,1 -1 0,0,57,88,67,44,18,22,15,9,12,12,6,3,3,6,8,1,4,2,6,0,0,3,0,1,0,1,0,1,1,1,0,1,0,4,1,2,0,0,0,0,0,0,0,0,0,0,0,0,0,0,0,0,0,0,0,0,0,0,0,0,0,0,0,0,0,0,1 -1
/home/michal/Downloads/pcddata/processed/paramtest/ds0,015_mp9000/annotated/rares/20140922/patrol_run_128/room_2/features/nonPlanes<pfhrgb_uniform_2015-05-29_09-45-05.pcd 0.462869 0.000930305 0.00326317 7 631,393,342,232,181,104,81 63,66,38,30,41,18,16 -1 454410 892 3320 -1 -1 400 2698 -1 -1 453518,362,195,90,76,36,28,13,14,9,10,4,6,4,3,3,4,5,2,1,5,4,0,0,1,2,3,3,1,0,0,0,1,0,0,1,0,0,1,1,0,1,0,0,0,0,0,0,0,0,0,0,0,1,0,1,0,0,0,0,0,0,0,0,0,1 -1 0,0,65,90,76,36,28,13,14,9,10,4,6,4,3,3,4,5,2,1,5,4,0,0,1,2,3,3,1,0,0,0,1,0,0,1,0,0,1,1,0,1,0,0,0,0,0,0,0,0,0,0,0,1,0,1,0,0,0,0,0,0,0,0,0,1 -1
/home/michal/Downloads/pcddata/processed/paramtest/ds0,015_mp9000/annotated/rares/20140922/patrol_run_130/room_2/features/nonPlanes<pfhrgb_uniform_2015-05-29_09-45-31.pcd 0.523474 0.00102944 0.00321155 6 708,584,172,95,93,56 85,34,39,17,22,17 -1 439956 845 3320 -1 -1 400 2790 -1 -1 439111,360,135,113,66,33,23,17,11,12,12,6,4,10,4,3,6,1,2,5,1,1,0,2,1,1,1,2,1,1,0,1,0,0,0,1,1,1,0,1,1,0,0,0,0,1,0,2,0,0,0,0,0,0,1,0,0,0,0,0,0,0,0,0,0,0,0,0,0,0,0,0,0,0,0,0,1 -1 0,0,50,113,66,33,23,17,11,12,12,6,4,10,4,3,6,1,2,5,1,1,0,2,1,1,1,2,1,1,0,1,0,0,0,1,1,1,0,1,1,0,0,0,0,1,0,2,0,0,0,0,0,0,1,0,0,0,0,0,0,0,0,0,0,0,0,0,0,0,0,0,0,0,0,0,1 -1
/home/michal/Downloads/pcddata/processed/paramtest/ds0,015_mp9000/annotated/rares/20140922/patrol_run_132/room_1/features/nonPlanes<pfhrgb_uniform_2015-05-29_09-45-59.pcd 0.528231 0.00091499 0.00175381 7 745,281,215,192,157,67,59 35,50,43,35,18,12,12 -1 454740 789 3320 -1 -1 400 2859 -1 -1 453951,317,159,87,53,28,29,13,11,11,16,6,3,5,4,2,6,4,1,5,1,1,2,3,1,2,1,3,1,1,1,0,3,0,2,0,0,0,0,0,1,1,0,0,0,1,0,1,0,0,0,0,1,0,0,0,0,0,1,0,0,1 -1 0,0,87,87,53,28,29,13,11,11,16,6,3,5,4,2,6,4,1,5,1,1,2,3,1,2,1,3,1,1,1,0,3,0,2,0,0,0,0,0,1,1,0,0,0,1,0,1,0,0,0,0,1,0,0,0,0,0,1,0,0,1 -1
/home/michal/Downloads/pcddata/processed/paramtest/ds0,015_mp9000/annotated/rares/20140922/patrol_run_134/room_2/features/nonPlanes<pfhrgb_uniform_2015-05-29_09-46-29.pcd 0.544772 0.000727635 0.00280717 8 683,508,241,173,159,97,96,67 44,70,29,25,17,20,26,13 -1 411840 901 3320 -1 -1 400 2714 -1 -1 410939,396,172,97,70,31,21,19,12,11,10,2,13,4,4,6,3,4,2,3,3,2,4,1,0,1,0,0,0,0,3,0,1,0,0,0,0,0,0,0,0,0,0,1,0,0,0,0,0,0,0,0,0,0,2,0,0,0,0,1,0,0,0,0,0,0,0,0,0,0,0,0,1,1 -1 0,0,67,97,70,31,21,19,12,11,10,2,13,4,4,6,3,4,2,3,3,2,4,1,0,1,0,0,0,0,3,0,1,0,0,0,0,0,0,0,0,0,0,1,0,0,0,0,0,0,0,0,0,0,2,0,0,0,0,1,0,0,0,0,0,0,0,0,0,0,0,0,1,1 -1
/home/michal/Downloads/pcddata/processed/paramtest/ds0,015_mp9000/annotated/rares/20140922/patrol_run_138/room_2/features/nonPlanes<pfhrgb_uniform_2015-05-29_09-47-00.pcd 0.662589 0.000922353 0.00182323 8 670,414,202,173,141,105,95,60 91,19,33,26,20,18,19,13 -1 443223 810 3320 -1 -1 400 2846 -1 -1 442413,346,114,82,59,43,30,31,18,12,12,6,6,8,6,4,3,3,1,4,1,2,1,2,0,0,0,0,1,1,0,0,1,1,2,2,1,1,3,0,2,0,0,0,1 -1 0,0,50,82,59,43,30,31,18,12,12,6,6,8,6,4,3,3,1,4,1,2,1,2,0,0,0,0,1,1,0,0,1,1,2,2,1,1,3,0,2,0,0,0,1 -1
/home/michal/Downloads/pcddata/processed/paramtest/ds0,015_mp9000/annotated/rares/20140923/patrol_run_139/room_2/features/nonPlanes<pfhrgb_uniform_2015-05-29_09-47-30.pcd 0.4951 0.000886244 0.00251652 6 1279,374,241,90,83,81 162,28,44,14,18,17 -1 430782 850 3320 -1 -1 400 2743 -1 -1 429932,323,160,100,71,40,23,22,25,11,17,10,5,4,6,2,3,1,1,6,4,0,1,2,2,1,0,0,1,1,0,1,0,0,1,1,1,0,0,0,1,0,0,0,0,0,0,2,0,0,0,1 -1 0,0,33,100,71,40,23,22,25,11,17,10,5,4,6,2,3,1,1,6,4,0,1,2,2,1,0,0,1,1,0,1,0,0,1,1,1,0,0,0,1,0,0,0,0,0,0,2,0,0,0,1 -1
/home/michal/Downloads/pcddata/processed/paramtest/ds0,015_mp9000/annotated/rares/20140923/patrol_run_141/room_2/features/nonPlanes<pfhrgb_uniform_2015-05-29_09-48-01.pcd 0.485244 0.000871408 0.00291109 6 1173,497,158,93,91,68 121,32,24,13,17,17 -1 410652 758 3320 -1 -1 400 2913 -1 -1 409894,309,136,76,61,33,21,19,14,11,6,9,5,3,2,4,1,6,4,1,6,3,5,2,2,2,1,2,0,1,1,2,5,0,1,0,0,1,0,0,0,0,0,0,0,1,0,0,0,0,0,0,0,0,0,0,0,0,0,1,0,0,0,0,0,0,0,0,0,0,0,0,0,0,0,0,0,0,0,0,0,0,0,0,0,0,0,0,0,0,0,0,0,0,0,0,0,0,0,0,0,0,0,0,1 -1 0,0,87,76,61,33,21,19,14,11,6,9,5,3,2,4,1,6,4,1,6,3,5,2,2,2,1,2,0,1,1,2,5,0,1,0,0,1,0,0,0,0,0,0,0,1,0,0,0,0,0,0,0,0,0,0,0,0,0,1,0,0,0,0,0,0,0,0,0,0,0,0,0,0,0,0,0,0,0,0,0,0,0,0,0,0,0,0,0,0,0,0,0,0,0,0,0,0,0,0,0,0,0,0,1 -1
/home/michal/Downloads/pcddata/processed/paramtest/ds0,015_mp9000/annotated/rares/20140923/patrol_run_144/room_2/features/nonPlanes<pfhrgb_uniform_2015-05-29_09-48-29.pcd 0.506664 0.00108289 0.0028442 7 772,589,203,130,115,86,63 85,31,40,16,20,21,12 -1 438471 833 3320 -1 -1 400 2794 -1 -1 437638,340,162,96,63,40,18,20,15,5,14,6,9,4,2,1,3,5,0,5,1,1,5,2,2,1,0,1,0,0,1,0,0,3,1,0,0,0,0,0,0,0,1,0,0,0,0,0,0,0,0,1,0,0,1,0,0,1,0,0,0,1,0,0,0,0,1,0,0,0,0,0,0,0,0,1 -1 0,0,69,96,63,40,18,20,15,5,14,6,9,4,2,1,3,5,0,5,1,1,5,2,2,1,0,1,0,0,1,0,0,3,1,0,0,0,0,0,0,0,1,0,0,0,0,0,0,0,0,1,0,0,1,0,0,1,0,0,0,1,0,0,0,0,1,0,0,0,0,0,0,0,0,1 -1
/home/michal/Downloads/pcddata/processed/paramtest/ds0,015_mp9000/annotated/rares/20140923/patrol_run_146/room_2/features/nonPlanes<pfhrgb_uniform_2015-05-29_09-48-55.pcd 0.449791 0.000852257 0.00196915 8 1039,177,168,135,90,86,72,56 105,12,31,13,12,16,12,17 -1 391248 750 3320 -1 -1 400 2898 -1 -1 390498,278,139,88,48,40,26,20,16,14,8,14,7,7,4,5,3,7,5,0,1,2,0,1,1,2,2,1,0,1,0,1,1,1,1,1,0,0,1,0,0,0,0,0,0,1,0,0,0,1,0,0,0,0,0,0,0,0,0,0,0,0,0,0,0,0,0,0,0,0,0,0,0,0,0,0,0,0,0,0,0,1,0,0,0,0,0,0,0,0,0,0,0,0,0,0,0,0,0,0,0,0,0,0,0,0,0,0,0,0,0,0,0,0,0,0,1 -1 0,0,67,88,48,40,26,20,16,14,8,14,7,7,4,5,3,7,5,0,1,2,0,1,1,2,2,1,0,1,0,1,1,1,1,1,0,0,1,0,0,0,0,0,0,1,0,0,0,1,0,0,0,0,0,0,0,0,0,0,0,0,0,0,0,0,0,0,0,0,0,0,0,0,0,0,0,0,0,0,0,1,0,0,0,0,0,0,0,0,0,0,0,0,0,0,0,0,0,0,0,0,0,0,0,0,0,0,0,0,0,0,0,0,0,0,1 -1
/home/michal/Downloads/pcddata/processed/paramtest/ds0,015_mp9000/annotated/rares/20140923/patrol_run_148/room_2/features/nonPlanes<pfhrgb_uniform_2015-05-29_09-49-16.pcd 0.514066 0.000963166 0.00229442 7 511,384,373,239,229,151,68 31,54,40,27,46,42,12 -1 444246 803 3320 -1 -1 400 2823 -1 -1 443443,309,147,86,75,34,28,19,9,17,7,6,11,7,4,3,4,5,5,4,1,3,1,1,2,3,1,1,0,0,0,0,3,1,0,2,0,0,1,0,0,2,0,0,0,0,0,0,0,0,0,0,0,0,0,0,0,0,0,0,0,0,0,0,0,1 -1 0,0,53,86,75,34,28,19,9,17,7,6,11,7,4,3,4,5,5,4,1,3,1,1,2,3,1,1,0,0,0,0,3,1,0,2,0,0,1,0,0,2,0,0,0,0,0,0,0,0,0,0,0,0,0,0,0,0,0,0,0,0,0,0,0,1 -1
/home/michal/Downloads/pcddata/processed/paramtest/ds0,015_mp9000/annotated/rares/20140923/patrol_run_150/room_2/features/nonPlanes<pfhrgb_uniform_2015-05-29_09-49-43.pcd 0.787172 0.000737798 0.0028803 8 498,294,244,131,121,112,67,48 65,42,25,25,24,17,12,12 -1 454740 870 3320 -1 -1 400 2719 -1 -1 453870,339,159,90,63,43,34,21,22,17,11,18,7,5,6,7,4,4,4,4,3,1,0,4,0,0,0,1,0,0,0,0,1,0,0,0,0,1,0,0,0,0,0,0,0,0,0,0,0,0,0,1 -1 0,0,28,90,63,43,34,21,22,17,11,18,7,5,6,7,4,4,4,4,3,1,0,4,0,0,0,1,0,0,0,0,1,0,0,0,0,1,0,0,0,0,0,0,0,0,0,0,0,0,0,1 -1
/home/michal/Downloads/pcddata/processed/paramtest/ds0,015_mp9000/annotated/rares/20140924/patrol_run_152/room_2/features/nonPlanes<pfhrgb_uniform_2015-05-29_09-50-06.pcd 0.531869 0.000869269 0.00189924 11 383,209,209,133,129,113,104,74,72,69,50 68,19,18,23,21,19,21,14,16,14,12 -1 384087 842 3320 -1 -1 400 2765 -1 -1 383245,329,139,103,72,45,30,30,18,12,7,13,5,1,3,2,4,5,2,1,2,2,2,1,0,0,1,2,0,0,0,1,1,1,1,1,1,1,0,0,0,0,0,0,1,1,0,0,0,1,0,0,0,0,0,0,0,0,0,0,0,0,0,0,0,0,0,0,0,0,0,0,0,0,0,0,0,0,0,0,0,0,1 -1 0,0,26,103,72,45,30,30,18,12,7,13,5,1,3,2,4,5,2,1,2,2,2,1,0,0,1,2,0,0,0,1,1,1,1,1,1,1,0,0,0,0,0,0,1,1,0,0,0,1,0,0,0,0,0,0,0,0,0,0,0,0,0,0,0,0,0,0,0,0,0,0,0,0,0,0,0,0,0,0,0,0,1 -1
/home/michal/Downloads/pcddata/processed/paramtest/ds0,015_mp9000/annotated/rares/20140924/patrol_run_156/room_2/features/nonPlanes<pfhrgb_uniform_2015-05-29_09-50-30.pcd 0.609422 0.000952361 0.0024845 8 407,296,264,201,174,140,118,118 70,33,31,25,30,22,15,12 -1 395010 837 3320 -1 -1 400 2745 -1 -1 394173,299,147,95,70,43,40,27,25,11,14,15,9,11,5,3,3,3,1,1,1,2,2,2,0,1,1,0,0,1,1,0,0,0,1,0,0,1,1,0,0,1 -1 0,0,9,95,70,43,40,27,25,11,14,15,9,11,5,3,3,3,1,1,1,2,2,2,0,1,1,0,0,1,1,0,0,0,1,0,0,1,1,0,0,1 -1
/home/michal/Downloads/pcddata/processed/paramtest/ds0,015_mp9000/annotated/rares/20140924/patrol_run_158/room_1/features/nonPlanes<pfhrgb_uniform_2015-05-29_09-50-57.pcd 0.63796 0.000929853 0.00228558 8 387,381,180,145,139,90,84,62 42,59,28,12,12,13,16,13 -1 434214 831 3320 -1 -1 400 2789 -1 -1 433383,331,158,75,69,35,28,20,16,10,14,17,7,6,7,3,5,2,3,3,2,0,3,2,3,0,4,1,2,0,0,0,1,0,0,0,1,0,0,0,0,0,0,1,0,1,0,1 -1 0,0,58,75,69,35,28,20,16,10,14,17,7,6,7,3,5,2,3,3,2,0,3,2,3,0,4,1,2,0,0,0,1,0,0,0,1,0,0,0,0,0,0,1,0,1,0,1 -1
/home/michal/Downloads/pcddata/processed/paramtest/ds0,015_mp9000/annotated/rares/20140924/patrol_run_162/room_2/features/nonPlanes<pfhrgb_uniform_2015-05-29_09-51-23.pcd 0.590658 0.000911188 0.00198266 8 781,352,235,104,101,99,58,49 69,39,38,13,21,12,12,12 -1 435600 760 3320 -1 -1 400 2895 -1 -1 434840,295,126,82,51,44,22,24,19,17,8,5,10,6,4,10,1,2,2,5,1,7,0,1,1,0,2,1,2,2,0,0,2,1,2,0,1,1,1,0,0,0,0,0,0,1,0,0,0,0,1 -1 0,0,61,82,51,44,22,24,19,17,8,5,10,6,4,10,1,2,2,5,1,7,0,1,1,0,2,1,2,2,0,0,2,1,2,0,1,1,1,0,0,0,0,0,0,1,0,0,0,0,1 -1
/home/michal/Downloads/pcddata/processed/paramtest/ds0,015_mp9000/annotated/rares/20140924/patrol_run_164/room_1/features/nonPlanes<pfhrgb_uniform_2015-05-29_09-51-51.pcd 0.532055 0.000855418 0.00208641 10 556,377,231,159,158,136,95,85,60,50 51,43,22,14,24,23,15,13,14,16 -1 425568 759 3320 -1 -1 400 2882 -1 -1 424809,280,127,80,70,33,31,26,18,15,11,5,7,3,6,9,4,1,2,5,2,2,4,1,0,4,1,0,2,1,1,1,1,1,1,1,0,0,0,1,0,0,0,0,0,0,0,0,1,1 -1 0,0,48,80,70,33,31,26,18,15,11,5,7,3,6,9,4,1,2,5,2,2,4,1,0,4,1,0,2,1,1,1,1,1,1,1,0,0,0,1,0,0,0,0,0,0,0,0,1,1 -1
/home/michal/Downloads/pcddata/processed/paramtest/ds0,015_mp9000/annotated/rares/20140924/patrol_run_166/room_2/features/nonPlanes<pfhrgb_uniform_2015-05-29_09-52-14.pcd 0.569049 0.000938282 0.00291027 7 601,497,222,180,113,101,98 60,43,45,29,14,13,20 -1 411642 786 3320 -1 -1 400 2866 -1 -1 410856,318,130,92,60,32,21,19,15,15,9,8,11,7,4,2,6,4,2,3,3,7,2,3,0,0,0,2,0,1,0,1,1,1,0,1,1,1,0,0,2,0,0,0,0,0,0,0,0,0,0,0,0,0,0,0,0,1,0,0,0,0,0,0,1 -1 0,0,62,92,60,32,21,19,15,15,9,8,11,7,4,2,6,4,2,3,3,7,2,3,0,0,0,2,0,1,0,1,1,1,0,1,1,1,0,0,2,0,0,0,0,0,0,0,0,0,0,0,0,0,0,0,0,1,0,0,0,0,0,0,1 -1
