179969 2631 0 1.72084
179282 2569 0 1.64463
173730 2404 0 1.5721
165436 2319 0 1.37904
180856 2474 0 1.50856
155260 2209 0 1.43723
156493 2323 0 1.53373
181244 2540 0 1.76043
154201 2309 0 1.51489
180969 2571 0 1.57646
181125 2587 0 1.81449
163464 2503 0 1.634
176977 2499 0 1.72612
180957 2478 0 1.70186
166202 2377 0 1.43889
154682 2282 0 1.15084
156894 2376 0 1.3255
154769 2314 0 1.45843
180100 2529 0 1.70815
172683 2370 0 1.44524
172669 2424 0 1.7564
169346 2332 0 1.60514
174389 2404 0 1.46524
181428 2577 0 1.59173
175098 2459 0 1.50414
182305 2538 0 1.73557
180496 2497 0 1.5069
168815 2350 0 1.52437
169998 2399 0 1.46944
183763 2575 0 1.82564
179659 2610 0 1.82419
177383 2402 0 1.74131
182294 2473 0 1.73929
180307 2436 0 1.77889
168079 2382 0 1.51396
168971 2325 0 1.69616
161335 2286 0 1.575
182781 2534 0 1.88891
177748 2505 0 1.73911
162211 2308 0 1.62671
154963 2252 0 1.57751
181881 2453 0 1.78102
176886 2458 0 1.5733
172355 2450 0 1.54836
177767 2382 0 1.75217
186877 2591 0 1.42612
180372 2473 0 1.81522
179332 2464 0 1.64538
180983 2414 0 1.542
191333 2716 0 1.53244
179947 2405 0 1.66987
176945 2467 0 1.65979
178782 2482 0 1.45556
175827 2540 0 1.58065
184913 2593 0 1.68141
179065 2421 0 1.60801
179432 2522 0 1.61734
183873 2672 0 1.56962
175824 2445 0 1.53036
149921 2414 0 1.28291
157530 2521 0 1.57228
153307 2460 0 1.37837
153230 2406 0 1.31791
156474 2450 0 1.40521
159357 2418 0 1.28738
179969 4165 0 2.93972
179282 4021 0 2.69956
173730 3864 0 2.53811
165436 4237 0 2.78941
180856 3873 0 2.68246
155260 3720 0 2.32515
156493 4311 0 2.63142
181244 4259 0 3.16825
154201 4001 0 2.74637
180969 4030 0 2.892
181125 4248 0 3.26625
163464 3799 0 2.78237
176977 4212 0 3.06889
180957 3928 0 2.71922
166202 3544 0 2.27483
154682 3577 0 2.37267
156894 3736 0 2.56595
154769 3787 0 2.49458
180100 4229 0 2.79155
172683 3865 0 2.68172
172669 3820 0 2.3881
169346 3856 0 2.74628
174389 4086 0 2.6261
181428 4349 0 2.89099
175098 4169 0 2.94445
182305 4358 0 3.23617
180496 3990 0 2.80099
168815 3853 0 2.59406
169998 3813 0 2.3182
183763 4275 0 2.83953
179659 4155 0 2.94219
177383 4157 0 2.93229
182294 3137 0 2.50577
180307 4004 0 2.87574
168079 4030 0 2.95849
168971 4201 0 2.69578
161335 4322 0 2.56975
182781 2445 0 1.88925
177748 3752 0 2.61433
162211 3776 0 2.39382
154963 3749 0 2.5205
181881 4031 0 2.85923
176886 3736 0 2.71645
172355 3576 0 2.51474
177767 3838 0 2.32459
186877 1241 0 1.08772
180372 4118 0 3.17033
179332 3806 0 2.52796
180983 3873 0 2.66193
191333 4132 0 2.47016
179947 3808 0 2.67954
176945 3852 0 2.51889
178782 3949 0 2.90066
175827 4157 0 2.82396
184913 4476 0 2.78596
179065 3796 0 2.50659
179432 3898 0 2.4625
183873 3935 0 2.59243
175824 3895 0 2.96138
149921 3866 0 2.57548
157530 4125 0 2.3818
153307 3775 0 2.40069
153230 3972 0 2.40614
156474 3810 0 2.5433
159357 4096 0 2.56309
179969 601 0 0.193205
179282 619 0 0.272624
173730 596 0 0.182575
165436 586 0 0.278994
180856 637 0 0.423726
155260 594 0 0.223344
156493 601 0 0.17476
181244 613 0 0.242124
154201 573 0 0.290236
180969 632 0 0.275738
181125 582 0 0.243536
163464 613 0 0.357697
176977 609 0 0.387942
180957 597 0 0.389664
166202 578 0 0.271861
154682 571 0 0.162723
156894 577 0 0.166224
154769 538 0 0.165086
180100 601 0 0.380254
172683 611 0 0.208807
172669 604 0 0.377627
169346 570 0 0.327672
174389 648 0 0.280131
181428 606 0 0.373204
175098 603 0 0.361509
182305 669 0 0.396007
180496 581 0 0.35104
168815 607 0 0.356641
169998 572 0 0.33077
183763 610 0 0.367897
179659 608 0 0.260534
177383 527 0 0.170458
182294 588 0 0.194016
180307 610 0 0.320081
168079 593 0 0.245293
168971 551 0 0.166305
161335 555 0 0.187288
182781 539 0 0.377966
177748 603 0 0.388171
162211 585 0 0.349756
154963 532 0 0.192915
181881 603 0 0.235917
176886 575 0 0.205159
172355 601 0 0.367764
177767 640 0 0.405059
186877 387 0 0.303292
180372 602 0 0.370279
179332 659 0 0.281174
180983 671 0 0.441254
191333 655 0 0.430364
179947 642 0 0.286467
176945 607 0 0.202396
178782 595 0 0.216994
175827 641 0 0.187149
184913 621 0 0.268708
179065 671 0 0.410644
179432 620 0 0.253785
183873 684 0 0.41598
175824 570 0 0.372468
149921 614 0 0.186821
157530 627 0 0.260041
153307 610 0 0.189549
153230 621 0 0.291361
156474 650 0 0.253897
159357 650 0 0.246188
179969 22456 0 15.8723
179282 22251 0 14.8498
173730 21890 0 14.8271
165436 20929 0 13.2284
180856 21927 0 15.2236
155260 19593 0 12.1202
156493 19573 0 11.9784
181244 22237 0 16.0893
154201 19535 0 12.5666
180969 22072 0 14.901
181125 22144 0 15.3857
163464 20827 0 13.4288
176977 21988 0 15.1044
180957 22221 0 14.7119
166202 20955 0 13.5615
154682 19426 0 12.9452
156894 19674 0 12.6631
154769 19990 0 12.7978
180100 22186 0 15.1824
172683 21475 0 14.0722
172669 21504 0 14.4462
169346 21392 0 14.036
174389 21994 0 14.8736
181428 22503 0 14.9635
175098 22051 0 14.7579
182305 22959 0 15.4893
180496 22462 0 14.6024
168815 21411 0 14.2175
169998 21466 0 13.6646
183763 22762 0 14.8072
179659 22437 0 14.6738
177383 21883 0 14.3381
182294 22776 0 15.5921
180307 22507 0 14.7434
168079 20961 0 13.9544
168971 21009 0 13.8264
161335 20209 0 13.2077
182781 22111 0 15.3139
177748 22124 0 15.3065
162211 20507 0 13.4363
154963 19620 0 12.8158
181881 22230 0 14.8152
176886 21893 0 14.8359
172355 21504 0 14.0708
177767 22055 0 15.5665
186877 22601 0 15.2028
180372 21966 0 15.5275
179332 22220 0 14.8918
180983 22542 0 14.5684
191333 24383 0 15.7999
179947 22109 0 14.9914
176945 21615 0 14.7294
178782 21738 0 15.2057
175827 22273 0 14.5066
184913 22307 0 15.5563
179065 22021 0 14.0882
179432 21810 0 14.9775
183873 23072 0 15.2547
175824 21461 0 14.194
149921 19672 0 11.768
157530 20558 0 12.6432
153307 20362 0 12.1707
153230 20156 0 12.2845
156474 20793 0 12.2066
159357 21010 0 12.0678
102010 15887 0 7.23425
109835 16684 0 7.89233
123127 18191 0 9.3881
116483 17450 0 9.40681
108121 16305 0 8.06334
111945 17091 0 8.84751
105553 15905 0 8.04597
109855 16718 0 8.61203
112963 16875 0 8.25794
110103 16229 0 8.75143
88312 13817 0 6.76124
116662 17364 0 9.31023
87263 13989 0 6.27626
104637 15780 0 9.25062
121259 17873 0 10.5121
111477 16602 0 9.75876
103656 16007 0 8.0642
111450 16823 0 9.86585
114952 16961 0 9.6552
111378 16333 0 9.57852
116796 17222 0 9.71849
110757 16509 0 9.52562
97363 14588 0 8.03244
103657 15509 0 8.66335
99437 15611 0 8.27803
100116 15099 0 8.92481
108918 16462 0 9.42624
121625 17578 0 11.3395
120407 18213 0 9.37059
138698 19093 0 13.2726
125876 17873 0 11.6852
113307 16747 0 10.2052
119699 17624 0 11.276
107409 16227 0 8.67031
134418 19202 0 12.1085
128076 18887 0 9.99446
116804 17592 0 8.67055
113660 17341 0 8.28958
112820 17079 0 8.94343
111055 16966 0 8.95954
111470 16793 0 9.25182
100306 15599 0 8.89544
113638 17265 0 8.89324
123943 17842 0 9.35473
112465 16965 0 8.22947
107682 17042 0 7.75303
98357 15258 0 7.24267
100804 15419 0 7.78741
98687 15231 0 7.11602
105390 16046 0 7.34338
100233 16081 0 7.32037
108940 16897 0 8.0782
114703 17365 0 8.54397
103692 15855 0 7.427
86723 13784 0 6.23786
103871 15818 0 7.60065
106758 16975 0 7.74441
112226 16870 0 8.35482
108412 16739 0 7.74327
109985 16259 0 8.19483
104222 16035 0 7.72783
109381 16719 0 7.68895
103816 15870 0 7.63047
107534 16251 0 8.03257
103972 15932 0 7.61412
119683 17741 0 8.86314
131499 18795 0 10.1417
165842 22818 0 13.1821
114414 17183 0 8.58279
123957 18109 0 9.19673
131647 18106 0 10.2656
123074 17488 0 9.40519
124325 18025 0 9.27788
106203 15641 0 8.38138
104634 15676 0 7.83743
131024 18336 0 10.6992
109154 17037 0 7.15518
97805 14784 0 6.94011
101365 15624 0 7.36827
102928 15725 0 7.53093
97259 14660 0 7.24395
90244 14042 0 6.58641
92543 14835 0 6.75799
108519 16007 0 7.85896
94057 14650 0 6.94821
97442 15296 0 7.08951
102010 606 0 0.222186
109835 627 0 0.252851
123127 618 0 0.279176
116483 635 0 0.271967
108121 612 0 0.245778
111945 573 0 0.235079
105553 582 0 0.231049
109855 626 0 0.255183
112963 461 0 0.210888
110103 611 0 0.25543
88312 559 0 0.193437
116662 579 0 0.252328
87263 543 0 0.190306
104637 567 0 0.232428
121259 598 0 0.272303
111477 613 0 0.282438
103656 599 0 0.238843
111450 579 0 0.238551
114952 590 0 0.275259
111378 593 0 0.27477
116796 588 0 0.265777
110757 595 0 0.256921
97363 548 0 0.231001
103657 567 0 0.232004
99437 528 0 0.217702
100116 582 0 0.230349
108918 598 0 0.246051
121625 582 0 0.264854
120407 635 0 0.260143
138698 582 0 0.30458
125876 582 0 0.286181
113307 553 0 0.247383
119699 613 0 0.268018
107409 598 0 0.238204
134418 615 0 0.30186
128076 651 0 0.292841
116804 595 0 0.241127
113660 581 0 0.242186
112820 569 0 0.241526
111055 595 0 0.223824
111470 596 0 0.242702
100306 549 0 0.217051
113638 547 0 0.242646
123943 592 0 0.258757
112465 590 0 0.238537
107682 648 0 0.229751
98357 555 0 0.21794
100804 519 0 0.202753
98687 535 0 0.201274
105390 510 0 0.209923
100233 583 0 0.228614
108940 594 0 0.242432
114703 559 0 0.243641
103692 555 0 0.237218
86723 478 0 0.163412
103871 537 0 0.226379
106758 625 0 0.24617
112226 572 0 0.239945
108412 642 0 0.254573
109985 637 0 0.272026
104222 575 0 0.235298
109381 382 0 0.177173
103816 605 0 0.233625
107534 596 0 0.246677
103972 607 0 0.26187
119683 629 0 0.291321
131499 654 0 0.323037
165842 657 0 0.388259
114414 601 0 0.272634
123957 629 0 0.299116
131647 611 0 0.317433
123074 551 0 0.279173
124325 603 0 0.276501
106203 582 0 0.247993
104634 573 0 0.242951
131024 616 0 0.299213
109154 627 0 0.250625
97805 559 0 0.213312
101365 586 0 0.230095
102928 577 0 0.239369
97259 542 0 0.236307
90244 572 0 0.207598
92543 582 0 0.210739
108519 591 0 0.267179
94057 600 0 0.230823
97442 604 0 0.225084
102010 3025 0 1.42814
109835 3267 0 1.61967
123127 3146 0 1.73805
116483 3178 0 1.7247
108121 3210 0 1.78259
111945 2924 0 1.51165
105553 3191 0 1.63104
109855 3032 0 1.55034
112963 1333 0 0.799059
110103 2980 0 1.60775
88312 2959 0 1.68986
116662 3302 0 1.77378
87263 2852 0 1.38036
104637 2927 0 1.66424
121259 3629 0 2.13298
111477 3076 0 1.57572
103656 3081 0 1.49487
111450 3187 0 1.77701
114952 2957 0 1.57818
111378 2889 0 1.51856
116796 2970 0 1.5877
110757 2783 0 1.45195
97363 2743 0 1.40762
103657 2988 0 1.47314
99437 2856 0 1.36829
100116 3107 0 1.63074
108918 2820 0 1.49206
121625 3239 0 1.77882
120407 3378 0 1.71037
138698 3429 0 2.10899
125876 3185 0 1.92843
113307 3000 0 1.56847
119699 3189 0 1.67888
107409 3103 0 1.52693
134418 3632 0 2.13224
128076 3701 0 2.16749
116804 3091 0 1.60178
113660 3202 0 1.59526
112820 3105 0 1.57497
111055 3275 0 1.58182
111470 3213 0 1.59585
100306 2875 0 1.45512
113638 2567 0 1.50468
123943 3082 0 1.80983
112465 3077 0 1.49146
107682 3123 0 1.47822
98357 2930 0 1.45005
100804 2953 0 1.49638
98687 3158 0 1.56086
105390 1900 0 1.06746
100233 2658 0 1.30341
108940 3180 0 1.54363
114703 3011 0 1.56117
103692 2856 0 1.42601
86723 2610 0 1.14221
103871 2955 0 1.46217
106758 2873 0 1.43471
112226 3008 0 1.58389
108412 2837 0 1.40495
109985 2828 0 1.51617
104222 2865 0 1.40175
109381 1087 0 0.671602
103816 3157 0 1.69684
107534 3075 0 1.62958
103972 2979 0 1.46525
119683 3115 0 1.71873
131499 3314 0 2.02089
165842 4184 0 2.6671
114414 2959 0 1.64076
123957 3259 0 1.80145
131647 3442 0 2.06405
123074 3256 0 1.8979
124325 3297 0 1.7746
106203 3156 0 1.73484
104634 2726 0 1.45479
131024 3214 0 1.87119
109154 2989 0 1.40698
97805 2894 0 1.40221
101365 2664 0 1.36088
102928 2940 0 1.54955
97259 2858 0 1.5398
90244 2809 0 1.4514
92543 2705 0 1.33127
108519 2931 0 1.53695
94057 2643 0 1.41571
97442 2985 0 1.53339
102010 1639 0 0.845088
109835 1807 0 0.927151
123127 1963 0 1.06512
116483 1834 0 0.960945
108121 1694 0 0.891037
111945 1659 0 0.868534
105553 1668 0 0.880486
109855 1730 0 0.876612
112963 1587 0 0.843276
110103 1664 0 0.9096
88312 1419 0 0.710594
116662 1766 0 0.963495
87263 1546 0 0.72926
104637 1571 0 0.866617
121259 1939 0 1.06266
111477 1792 0 0.965999
103656 1780 0 0.911591
111450 1753 0 0.931737
114952 1830 0 0.996694
111378 1690 0 0.938831
116796 1791 0 0.97813
110757 1759 0 0.933247
97363 1620 0 0.826861
103657 1698 0 0.891892
99437 1628 0 0.81293
100116 1547 0 0.863733
108918 1645 0 0.878917
121625 1852 0 1.04717
120407 1948 0 1.01271
138698 2049 0 1.25332
125876 1891 0 1.12792
113307 1657 0 0.939396
119699 1793 0 1.00389
107409 1732 0 0.891279
134418 2025 0 1.18277
128076 1900 0 1.08447
116804 1791 0 0.970189
113660 1773 0 0.936037
112820 1799 0 0.915465
111055 1722 0 0.896306
111470 1765 0 0.89568
100306 1499 0 0.78678
113638 1660 0 0.876698
123943 1781 0 1.03382
112465 1714 0 0.913967
107682 1703 0 0.839473
98357 1579 0 0.809786
100804 1522 0 0.819103
98687 1587 0 0.808919
105390 1664 0 0.831974
100233 1571 0 0.752675
108940 1754 0 0.90403
114703 1732 0 0.910847
103692 1721 0 0.895292
86723 1360 0 0.679752
103871 1584 0 0.821253
106758 1743 0 0.884071
112226 1764 0 0.927495
108412 1745 0 0.900342
109985 1775 0 0.942123
104222 1571 0 0.822063
109381 1665 0 0.822583
103816 1618 0 0.837529
107534 1618 0 0.852459
103972 1697 0 0.864928
119683 1818 0 0.989674
131499 1999 0 1.1343
165842 2582 0 1.52149
114414 1805 0 0.971374
123957 1939 0 1.0464
131647 2065 0 1.21318
123074 1938 0 1.08603
124325 1915 0 1.06015
106203 1628 0 0.882573
104634 1541 0 0.851627
131024 2066 0 1.18696
109154 1825 0 0.874239
97805 1634 0 0.819384
101365 1583 0 0.79344
102928 1691 0 0.86748
97259 1664 0 0.851615
90244 1445 0 0.73273
92543 1539 0 0.751693
108519 1767 0 0.928099
94057 1507 0 0.788244
97442 1522 0 0.768936
