179969 601 0 0.160984
179282 619 0 0.153507
173730 596 0 0.190966
165436 586 0 0.246735
180856 637 0 0.320422
155260 594 0 0.194947
156493 601 0 0.166383
181244 613 0 0.331736
154201 573 0 0.261847
180969 632 0 0.181603
181125 582 0 0.171748
163464 613 0 0.158383
176977 609 0 0.317541
180957 597 0 0.20416
166202 578 0 0.274093
154682 571 0 0.275424
156894 577 0 0.275092
154769 538 0 0.172306
180100 601 0 0.156615
172683 611 0 0.1533
172669 604 0 0.283127
169346 570 0 0.214812
174389 648 0 0.152858
181428 606 0 0.307946
175098 603 0 0.305391
182305 669 0 0.320369
180496 581 0 0.316364
168815 607 0 0.305283
169998 572 0 0.288892
183763 610 0 0.324229
179659 608 0 0.315791
177383 527 0 0.301204
182294 588 0 0.327129
180307 610 0 0.30672
168079 593 0 0.146622
168971 551 0 0.152954
161335 555 0 0.133312
182781 539 0 0.159226
177748 603 0 0.161257
162211 585 0 0.279747
154963 532 0 0.27157
181881 603 0 0.319341
176886 575 0 0.252794
172355 601 0 0.261756
177767 640 0 0.315636
186877 387 0 0.262242
180372 602 0 0.222155
179332 659 0 0.317621
180983 671 0 0.319423
191333 655 0 0.334223
179947 642 0 0.324735
176945 607 0 0.156107
178782 595 0 0.146918
175827 641 0 0.165689
184913 621 0 0.180933
179065 671 0 0.318919
179432 620 0 0.271106
183873 684 0 0.213572
175824 570 0 0.17783
149921 614 0 0.270276
157530 627 0 0.304569
153307 610 0 0.275489
153230 621 0 0.272096
156474 650 0 0.255128
159357 650 0 0.20795
179969 601 0 0.292377
179282 619 0 0.291698
173730 596 0 0.288853
165436 586 0 0.262083
180856 637 0 0.319286
155260 594 0 0.253528
156493 601 0 0.341667
181244 613 0 0.302428
154201 573 0 0.255542
180969 632 0 0.308226
181125 582 0 0.301557
163464 613 0 0.301786
176977 609 0 0.301946
180957 597 0 0.242874
166202 578 0 0.171361
154682 571 0 0.122599
156894 577 0 0.118868
154769 538 0 0.111905
180100 601 0 0.14173
172683 611 0 0.132533
172669 604 0 0.145466
169346 570 0 0.260457
174389 648 0 0.298077
181428 606 0 0.294436
175098 603 0 0.2817
182305 669 0 0.303401
180496 581 0 0.242975
168815 607 0 0.167393
169998 572 0 0.120271
183763 610 0 0.136635
179659 608 0 0.137032
177383 527 0 0.127906
182294 588 0 0.158156
180307 610 0 0.298376
168079 593 0 0.271471
168971 551 0 0.261421
161335 555 0 0.182741
182781 539 0 0.139512
177748 603 0 0.144353
162211 585 0 0.132303
154963 532 0 0.134936
181881 603 0 0.310922
176886 575 0 0.284858
172355 601 0 0.290739
177767 640 0 0.31275
186877 387 0 0.178448
180372 602 0 0.144333
179332 659 0 0.158838
180983 671 0 0.171133
191333 655 0 0.163907
179947 642 0 0.30588
176945 607 0 0.306545
178782 595 0 0.30044
175827 641 0 0.20085
184913 621 0 0.154841
179065 671 0 0.158991
179432 620 0 0.145657
183873 684 0 0.175853
175824 570 0 0.286003
149921 614 0 0.267586
157530 627 0 0.285891
153307 610 0 0.263332
153230 621 0 0.265582
156474 650 0 0.287408
159357 650 0 0.28206
179969 601 0 0.193205
179282 619 0 0.272624
173730 596 0 0.182575
165436 586 0 0.278994
180856 637 0 0.423726
155260 594 0 0.223344
156493 601 0 0.17476
181244 613 0 0.242124
154201 573 0 0.290236
180969 632 0 0.275738
181125 582 0 0.243536
163464 613 0 0.357697
176977 609 0 0.387942
180957 597 0 0.389664
166202 578 0 0.271861
154682 571 0 0.162723
156894 577 0 0.166224
154769 538 0 0.165086
180100 601 0 0.380254
172683 611 0 0.208807
172669 604 0 0.377627
169346 570 0 0.327672
174389 648 0 0.280131
181428 606 0 0.373204
175098 603 0 0.361509
182305 669 0 0.396007
180496 581 0 0.35104
168815 607 0 0.356641
169998 572 0 0.33077
183763 610 0 0.367897
179659 608 0 0.260534
177383 527 0 0.170458
182294 588 0 0.194016
180307 610 0 0.320081
168079 593 0 0.245293
168971 551 0 0.166305
161335 555 0 0.187288
182781 539 0 0.377966
177748 603 0 0.388171
162211 585 0 0.349756
154963 532 0 0.192915
181881 603 0 0.235917
176886 575 0 0.205159
172355 601 0 0.367764
177767 640 0 0.405059
186877 387 0 0.303292
180372 602 0 0.370279
179332 659 0 0.281174
180983 671 0 0.441254
191333 655 0 0.430364
179947 642 0 0.286467
176945 607 0 0.202396
178782 595 0 0.216994
175827 641 0 0.187149
184913 621 0 0.268708
179065 671 0 0.410644
179432 620 0 0.253785
183873 684 0 0.41598
175824 570 0 0.372468
149921 614 0 0.186821
157530 627 0 0.260041
153307 610 0 0.189549
153230 621 0 0.291361
156474 650 0 0.253897
159357 650 0 0.246188
179969 601 0 0.33098
179282 619 0 0.34304
173730 596 0 0.209057
165436 586 0 0.142216
180856 637 0 0.26067
155260 594 0 0.298269
156493 601 0 0.295541
181244 613 0 0.356795
154201 573 0 0.294787
180969 632 0 0.356137
181125 582 0 0.345276
163464 613 0 0.318335
176977 609 0 0.192213
180957 597 0 0.245637
166202 578 0 0.151651
154682 571 0 0.296885
156894 577 0 0.139312
154769 538 0 0.138271
180100 601 0 0.19772
172683 611 0 0.329488
172669 604 0 0.254429
169346 570 0 0.250213
174389 648 0 0.352898
181428 606 0 0.34843
175098 603 0 0.327914
182305 669 0 0.345537
180496 581 0 0.35008
168815 607 0 0.254861
169998 572 0 0.217988
183763 610 0 0.164833
179659 608 0 0.176287
177383 527 0 0.324887
182294 588 0 0.335406
180307 610 0 0.339511
168079 593 0 0.317177
168971 551 0 0.294152
161335 555 0 0.219296
182781 539 0 0.2213
177748 603 0 0.158486
162211 585 0 0.180029
154963 532 0 0.137107
181881 603 0 0.307905
176886 575 0 0.306557
172355 601 0 0.239184
177767 640 0 0.364409
186877 387 0 0.287049
180372 602 0 0.167529
179332 659 0 0.36837
180983 671 0 0.233454
191333 655 0 0.255597
179947 642 0 0.363611
176945 607 0 0.356182
178782 595 0 0.213477
175827 641 0 0.169483
184913 621 0 0.225408
179065 671 0 0.367256
179432 620 0 0.343091
183873 684 0 0.390697
175824 570 0 0.287419
149921 614 0 0.181005
157530 627 0 0.164759
153307 610 0 0.153225
153230 621 0 0.154412
156474 650 0 0.226664
159357 650 0 0.324381
179969 601 3.20064 0.328251
179282 619 3.36184 0.332741
173730 596 3.16455 0.304902
165436 586 3.1673 0.198795
180856 637 3.13076 0.31997
155260 594 2.55707 0.140294
156493 601 2.50081 0.164059
181244 613 3.05154 0.324676
154201 573 2.66187 0.284768
180969 632 3.0574 0.327349
181125 582 3.25085 0.169878
163464 613 2.68591 0.300345
176977 609 3.23072 0.319593
180957 597 3.09415 0.247625
166202 578 2.79089 0.215915
154682 571 2.47569 0.273486
156894 577 2.61548 0.288196
154769 538 2.73244 0.280441
180100 601 3.19944 0.333287
172683 611 3.28663 0.315466
172669 604 3.29975 0.3078
169346 570 2.54399 0.157791
174389 648 3.21854 0.315858
181428 606 3.20632 0.325094
175098 603 3.3996 0.30865
182305 669 3.32688 0.306759
180496 581 3.42946 0.188257
168815 607 3.06444 0.292283
169998 572 3.00913 0.150755
183763 610 3.14446 0.323898
179659 608 3.20447 0.217063
177383 527 3.17325 0.304944
182294 588 3.50074 0.183338
180307 610 3.24126 0.313011
168079 593 3.00546 0.292108
168971 551 2.98739 0.202085
161335 555 2.85544 0.202531
182781 539 3.19746 0.317055
177748 603 3.22554 0.15228
162211 585 2.82805 0.291026
154963 532 2.88079 0.275528
181881 603 3.42353 0.171434
176886 575 3.1396 0.316088
172355 601 2.89057 0.320976
177767 640 3.20938 0.16569
186877 387 3.38173 0.316966
180372 602 3.03291 0.326056
179332 659 3.12312 0.315262
180983 671 3.45691 0.176485
191333 655 3.69699 0.339691
179947 642 3.21581 0.313849
176945 607 3.30737 0.234148
178782 595 3.13562 0.303186
175827 641 3.20509 0.263431
184913 621 3.241 0.30638
179065 671 3.27808 0.311706
179432 620 2.94624 0.304806
183873 684 3.46162 0.167318
175824 570 3.11453 0.21651
149921 614 2.40219 0.241346
157530 627 2.81336 0.263268
153307 610 2.7689 0.252636
153230 621 2.60428 0.260217
156474 650 2.94228 0.248054
159357 650 2.69824 0.142036
102010 606 0 0.246336
109835 627 0 0.258254
123127 618 0 0.271056
116483 635 0 0.273167
108121 612 0 0.248977
111945 573 0 0.251032
105553 582 0 0.235974
109855 626 0 0.261095
112963 461 0 0.235197
110103 611 0 0.2636
88312 559 0 0.20416
116662 579 0 0.263533
87263 543 0 0.199627
104637 567 0 0.24806
121259 598 0 0.282468
111477 613 0 0.272543
103656 599 0 0.239667
111450 579 0 0.242427
114952 590 0 0.271181
111378 593 0 0.273893
116796 588 0 0.271067
110757 595 0 0.269476
97363 548 0 0.263374
103657 567 0 0.227157
99437 528 0 0.226191
100116 582 0 0.242514
108918 598 0 0.24875
121625 582 0 0.274995
120407 635 0 0.274041
138698 582 0 0.318766
125876 582 0 0.284991
113307 553 0 0.250419
119699 613 0 0.282163
107409 598 0 0.248797
134418 615 0 0.300845
128076 651 0 0.306761
116804 595 0 0.254189
113660 581 0 0.244415
112820 569 0 0.291707
111055 595 0 0.250801
111470 596 0 0.237515
100306 549 0 0.2247
113638 547 0 0.240033
123943 592 0 0.278755
112465 590 0 0.254377
107682 648 0 0.238414
98357 555 0 0.232293
100804 519 0 0.224443
98687 535 0 0.20236
105390 510 0 0.214391
100233 583 0 0.233605
108940 594 0 0.252034
114703 559 0 0.257021
103692 555 0 0.240441
86723 478 0 0.173998
103871 537 0 0.234206
106758 625 0 0.255179
112226 572 0 0.249246
108412 642 0 0.25773
109985 637 0 0.278997
104222 575 0 0.234056
109381 382 0 0.182404
103816 605 0 0.237606
107534 596 0 0.246688
103972 607 0 0.273
119683 629 0 0.285133
131499 654 0 0.326042
165842 657 0 0.383942
114414 601 0 0.260729
123957 629 0 0.312052
131647 611 0 0.322935
123074 551 0 0.2796
124325 603 0 0.285056
106203 582 0 0.256946
104634 573 0 0.248931
131024 616 0 0.308983
109154 627 0 0.251388
97805 559 0 0.215649
101365 586 0 0.231008
102928 577 0 0.250493
97259 542 0 0.244903
90244 572 0 0.219407
92543 582 0 0.213061
108519 591 0 0.272876
94057 600 0 0.228015
97442 604 0 0.232525
102010 606 0 0.194944
109835 627 0 0.0959926
123127 618 0 0.101874
116483 635 0 0.101305
108121 612 0 0.159465
111945 573 0 0.197886
105553 582 0 0.190332
109855 626 0 0.202971
112963 461 0 0.203939
110103 611 0 0.198874
88312 559 0 0.162235
116662 579 0 0.20602
87263 543 0 0.156943
104637 567 0 0.193529
121259 598 0 0.216707
111477 613 0 0.19785
103656 599 0 0.186492
111450 579 0 0.198222
114952 590 0 0.202307
111378 593 0 0.19742
116796 588 0 0.201137
110757 595 0 0.173561
97363 548 0 0.182913
103657 567 0 0.186041
99437 528 0 0.178656
100116 582 0 0.178151
108918 598 0 0.193883
121625 582 0 0.216044
120407 635 0 0.221003
138698 582 0 0.242378
125876 582 0 0.217901
113307 553 0 0.202289
119699 613 0 0.212371
107409 598 0 0.188827
134418 615 0 0.236664
128076 651 0 0.227815
116804 595 0 0.21582
113660 581 0 0.208223
112820 569 0 0.202378
111055 595 0 0.199512
111470 596 0 0.206856
100306 549 0 0.189633
113638 547 0 0.199188
123943 592 0 0.220202
112465 590 0 0.199273
107682 648 0 0.199616
98357 555 0 0.178534
100804 519 0 0.176725
98687 535 0 0.281951
105390 510 0 0.184562
100233 583 0 0.175515
108940 594 0 0.193199
114703 559 0 0.201589
103692 555 0 0.194961
86723 478 0 0.167225
103871 537 0 0.193225
106758 625 0 0.188931
112226 572 0 0.210658
108412 642 0 0.192426
109985 637 0 0.194372
104222 575 0 0.187019
109381 382 0 0.085673
103816 605 0 0.117309
107534 596 0 0.141263
103972 607 0 0.182102
119683 629 0 0.212158
131499 654 0 0.250374
165842 657 0 0.30875
114414 601 0 0.0927514
123957 629 0 0.107303
131647 611 0 0.216856
123074 551 0 0.213128
124325 603 0 0.22325
106203 582 0 0.191518
104634 573 0 0.185797
131024 616 0 0.236828
109154 627 0 0.202934
97805 559 0 0.195117
101365 586 0 0.184872
102928 577 0 0.192785
97259 542 0 0.167792
90244 572 0 0.158205
92543 582 0 0.166848
108519 591 0 0.192268
94057 600 0 0.177811
97442 604 0 0.175876
102010 606 0 0.172604
109835 627 0 0.196631
123127 618 0 0.220532
116483 635 0 0.205202
108121 612 0 0.18788
111945 573 0 0.183315
105553 582 0 0.175628
109855 626 0 0.194559
112963 461 0 0.172604
110103 611 0 0.197528
88312 559 0 0.153978
116662 579 0 0.197761
87263 543 0 0.141414
104637 567 0 0.183873
121259 598 0 0.207187
111477 613 0 0.204921
103656 599 0 0.185547
111450 579 0 0.185934
114952 590 0 0.207127
111378 593 0 0.207166
116796 588 0 0.203387
110757 595 0 0.196347
97363 548 0 0.172783
103657 567 0 0.173512
99437 528 0 0.168413
100116 582 0 0.175871
108918 598 0 0.18748
121625 582 0 0.206122
120407 635 0 0.197915
138698 582 0 0.236821
125876 582 0 0.225186
113307 553 0 0.18754
119699 613 0 0.204405
107409 598 0 0.182911
134418 615 0 0.2335
128076 651 0 0.224494
116804 595 0 0.185471
113660 581 0 0.185402
112820 569 0 0.184178
111055 595 0 0.173888
111470 596 0 0.186385
100306 549 0 0.163878
113638 547 0 0.189379
123943 592 0 0.199544
112465 590 0 0.187112
107682 648 0 0.188308
98357 555 0 0.167584
100804 519 0 0.164104
98687 535 0 0.16368
105390 510 0 0.164532
100233 583 0 0.174625
108940 594 0 0.189205
114703 559 0 0.188089
103692 555 0 0.177766
86723 478 0 0.130865
103871 537 0 0.181526
106758 625 0 0.193636
112226 572 0 0.184525
108412 642 0 0.194245
109985 637 0 0.207259
104222 575 0 0.185802
109381 382 0 0.145056
103816 605 0 0.182546
107534 596 0 0.1917
103972 607 0 0.192306
119683 629 0 0.21607
131499 654 0 0.237857
165842 657 0 0.283598
114414 601 0 0.198025
123957 629 0 0.223261
131647 611 0 0.240399
123074 551 0 0.210585
124325 603 0 0.215015
106203 582 0 0.19008
104634 573 0 0.181659
131024 616 0 0.229313
109154 627 0 0.190984
97805 559 0 0.164674
101365 586 0 0.17345
102928 577 0 0.180122
97259 542 0 0.180419
90244 572 0 0.157355
92543 582 0 0.157932
108519 591 0 0.198707
94057 600 0 0.169529
97442 604 0 0.182172
102010 606 2.17519 0.214153
109835 627 2.30168 0.221196
123127 618 2.49414 0.249233
116483 635 2.51116 0.240978
108121 612 2.24416 0.234217
111945 573 2.44981 0.232522
105553 582 2.20015 0.217159
109855 626 2.32894 0.22217
112963 461 2.3469 0.220074
110103 611 2.26257 0.221101
88312 559 1.89288 0.173994
116662 579 2.56991 0.233428
87263 543 1.82115 0.175384
104637 567 2.25717 0.205609
121259 598 2.57787 0.240306
111477 613 2.33824 0.22308
103656 599 2.19548 0.208764
111450 579 2.51315 0.215687
114952 590 2.77869 0.228215
111378 593 2.61692 0.303327
116796 588 2.77476 0.329637
110757 595 2.56182 0.264034
97363 548 2.08126 0.181987
103657 567 2.11791 0.201517
99437 528 2.21376 0.206828
100116 582 2.16985 0.241964
108918 598 2.48773 0.203712
121625 582 2.59768 0.224625
120407 635 2.6416 0.223477
138698 582 2.94742 0.270968
125876 582 2.7068 0.2602
113307 553 2.66167 0.262887
119699 613 2.70161 0.316733
107409 598 2.35322 0.208765
134418 615 2.88807 0.273844
128076 651 2.75769 0.251276
116804 595 2.50917 0.229122
113660 581 2.49936 0.22803
112820 569 2.39833 0.217939
111055 595 2.40374 0.216009
111470 596 2.3325 0.221814
100306 549 2.19573 0.195252
113638 547 2.51918 0.226123
123943 592 2.6101 0.242406
112465 590 2.45177 0.22282
107682 648 2.34261 0.213693
98357 555 2.11629 0.189976
100804 519 2.21676 0.193727
98687 535 2.07362 0.19496
105390 510 2.20514 0.210249
100233 583 2.12958 0.196248
108940 594 2.31583 0.21262
114703 559 2.42098 0.225476
103692 555 2.16722 0.243953
86723 478 1.80723 0.160841
103871 537 2.17766 0.210078
106758 625 2.37996 0.206758
112226 572 2.40144 0.221915
108412 642 2.32695 0.215285
109985 637 2.20975 0.218938
104222 575 2.24147 0.200945
109381 382 2.40291 0.206092
103816 605 2.2259 0.202816
107534 596 2.26779 0.213282
103972 607 2.20894 0.202975
119683 629 2.61776 0.236844
131499 654 2.88214 0.286671
165842 657 3.61241 0.32879
114414 601 2.45157 0.234663
123957 629 2.64793 0.239419
131647 611 2.72152 0.257258
123074 551 2.58497 0.244962
124325 603 2.68636 0.232089
106203 582 2.20993 0.212681
104634 573 2.19027 0.208338
131024 616 2.70397 0.256806
109154 627 2.33532 0.212082
97805 559 2.00704 0.188446
101365 586 2.187 0.200333
102928 577 2.21081 0.209071
97259 542 1.93843 0.191654
90244 572 1.86839 0.191733
92543 582 2.05695 0.196382
108519 591 2.19595 0.210524
94057 600 1.94685 0.195456
97442 604 2.08633 0.193174
102010 606 0 0.222186
109835 627 0 0.252851
123127 618 0 0.279176
116483 635 0 0.271967
108121 612 0 0.245778
111945 573 0 0.235079
105553 582 0 0.231049
109855 626 0 0.255183
112963 461 0 0.210888
110103 611 0 0.25543
88312 559 0 0.193437
116662 579 0 0.252328
87263 543 0 0.190306
104637 567 0 0.232428
121259 598 0 0.272303
111477 613 0 0.282438
103656 599 0 0.238843
111450 579 0 0.238551
114952 590 0 0.275259
111378 593 0 0.27477
116796 588 0 0.265777
110757 595 0 0.256921
97363 548 0 0.231001
103657 567 0 0.232004
99437 528 0 0.217702
100116 582 0 0.230349
108918 598 0 0.246051
121625 582 0 0.264854
120407 635 0 0.260143
138698 582 0 0.30458
125876 582 0 0.286181
113307 553 0 0.247383
119699 613 0 0.268018
107409 598 0 0.238204
134418 615 0 0.30186
128076 651 0 0.292841
116804 595 0 0.241127
113660 581 0 0.242186
112820 569 0 0.241526
111055 595 0 0.223824
111470 596 0 0.242702
100306 549 0 0.217051
113638 547 0 0.242646
123943 592 0 0.258757
112465 590 0 0.238537
107682 648 0 0.229751
98357 555 0 0.21794
100804 519 0 0.202753
98687 535 0 0.201274
105390 510 0 0.209923
100233 583 0 0.228614
108940 594 0 0.242432
114703 559 0 0.243641
103692 555 0 0.237218
86723 478 0 0.163412
103871 537 0 0.226379
106758 625 0 0.24617
112226 572 0 0.239945
108412 642 0 0.254573
109985 637 0 0.272026
104222 575 0 0.235298
109381 382 0 0.177173
103816 605 0 0.233625
107534 596 0 0.246677
103972 607 0 0.26187
119683 629 0 0.291321
131499 654 0 0.323037
165842 657 0 0.388259
114414 601 0 0.272634
123957 629 0 0.299116
131647 611 0 0.317433
123074 551 0 0.279173
124325 603 0 0.276501
106203 582 0 0.247993
104634 573 0 0.242951
131024 616 0 0.299213
109154 627 0 0.250625
97805 559 0 0.213312
101365 586 0 0.230095
102928 577 0 0.239369
97259 542 0 0.236307
90244 572 0 0.207598
92543 582 0 0.210739
108519 591 0 0.267179
94057 600 0 0.230823
97442 604 0 0.225084
