obj_search:
  camera_z: 1.7
  ceiling_z: 2.27
  floor_z: 0
  object_query: {K: 5}
  processed_data_dir: /home/michal/Downloads/pcddata/processed/
  raw_data_dir: /media/michal/Pauli/masterdata/raw/
object_query: {K: 10, cluster_maxsize: 500, cluster_minsize: 12, cluster_tolerance: 0.2,
  clusters_to_results: true, extract_mult: 1.3, match: nonPlanes<pfh_uniform, n_max_points: 400,
  output_dir: 'NULL', query_features: '/home/michal/Downloads/pcddata/processed/query/queryobjects/0,01/chair1/features/rgb_0015_label_chair1<pfh_uniform_2015-05-26_14-48-56.pcd',
  results_out: '/home/michal/Downloads/pcddata/processed/query/k10_mx400_t0,2/iter100',
  subdirs: 4, target_features: /media/michal/Pauli/masterdata/processed/paramtest/iter100,
  x_step_hough: 0.05, y_step_hough: 0.05, z_step_hough: 0.05}
rosdistro: 'indigo

  '
roslaunch:
  uris: {host_tycho__42817: 'http://tycho:42817/', host_tycho__52102: 'http://tycho:52102/'}
rosversion: '1.11.10

  '
run_id: 6a40f956-06ea-11e5-a0a4-3c970e77227e
BEGIN_DATA
# fname t_query t_hough t_cluster cluster_n cluster_scores cluster_points cluster_inobb n_hough_tot nonzero_hough hough_votes boxpts boxvotes maxpts maxvotes maxboxpts maxboxvotes hough_hist box_hist max_hist boxmax_hist
/media/michal/Pauli/masterdata/processed/paramtest/iter100/annotated/rares/20140820/patrol_run_4/room_0/features/nonPlanes<pfh_uniform_2015-05-20_21-41-25.pcd 0.32144 0.00168268 0.00260328 7 231,110,107,101,68,66,60 47,24,25,27,15,17,15 1,0,0,0,0,0,0 1139050 2075 4060 123 338 400 1831 47 231 1136975,1177,442,221,88,47,33,35,10,14,1,1,2,1,3 0,46,29,16,7,8,10,2,3,1,0,1,0,0,0 0,0,0,165,88,47,33,35,10,14,1,1,2,1,3 0,0,0,15,7,8,10,2,3,1,0,1,0,0,0
/media/michal/Pauli/masterdata/processed/paramtest/iter100/annotated/rares/20140828/patrol_run_19/room_3/features/nonPlanes<pfh_uniform_2015-05-20_21-43-42.pcd 0.330768 0.0035566 0.00154502 3 194,172,63 50,44,18 0,1,0 1240738 2319 4060 133 283 400 1628 42 162 1238419,1406,518,223,72,32,25,27,10,2,1,0,0,0,1,0,1,0,0,0,0,0,0,0,1 0,61,30,24,9,2,6,0,1,0,0,0,0,0,0,0,0,0,0,0,0,0,0,0,0 0,0,5,223,72,32,25,27,10,2,1,0,0,0,1,0,1,0,0,0,0,0,0,0,1 0,0,0,24,9,2,6,0,1,0,0,0,0,0,0,0,0,0,0,0,0,0,0,0,0
/media/michal/Pauli/masterdata/processed/paramtest/iter100/annotated/rares/20140829/patrol_run_20/room_3/features/nonPlanes<pfh_uniform_2015-05-20_21-46-22.pcd 0.297697 0.00186608 0.00158826 7 137,106,79,72,63,55,40 35,25,21,16,15,12,12 0,0,0,0,0,0,0 1240624 2274 4060 56 124 400 1658 15 65 1238350,1349,522,197,103,35,19,32,12,3,0,0,1,0,0,0,1 0,23,18,7,3,2,1,1,0,1,0,0,0,0,0,0,0 0,0,0,194,103,35,19,32,12,3,0,0,1,0,0,0,1 0,0,0,7,3,2,1,1,0,1,0,0,0,0,0,0,0
/media/michal/Pauli/masterdata/processed/paramtest/iter100/annotated/rares/20140829/patrol_run_26/room_2/features/nonPlanes<pfh_uniform_2015-05-20_21-47-59.pcd 0.506042 0.00185748 0.00160158 3 237,120,48 59,34,12 1,0,0 1135060 2271 4060 169 381 400 1643 56 227 1132789,1360,476,216,119,42,15,26,15,0,1,0,1 0,77,31,28,21,6,2,2,1,0,1,0,0 0,0,0,181,119,42,15,26,15,0,1,0,1 0,0,0,23,21,6,2,2,1,0,1,0,0
/media/michal/Pauli/masterdata/processed/paramtest/iter100/annotated/rares/20140901/patrol_run_27/room_2/features/nonPlanes<pfh_uniform_2015-05-20_21-51-13.pcd 0.301022 0.00173733 0.00159003 7 208,134,120,59,51,49,42 56,31,28,14,13,12,12 0,1,0,0,0,0,0 1094400 2280 4060 118 265 400 1677 38 163 1092120,1386,485,189,109,37,31,28,13,0,0,0,0,0,1,0,1 0,58,22,15,12,4,2,2,3,0,0,0,0,0,0,0,0 0,0,0,180,109,37,31,28,13,0,0,0,0,0,1,0,1 0,0,0,15,12,4,2,2,3,0,0,0,0,0,0,0,0
/media/michal/Pauli/masterdata/processed/paramtest/iter100/annotated/rares/20140901/patrol_run_31/room_2/features/nonPlanes<pfh_uniform_2015-05-20_21-53-07.pcd 0.27457 0.00185576 0.00161852 8 216,161,123,111,93,59,55,52 46,35,26,21,17,12,12,12 0,0,0,0,0,0,1,0 1264640 1903 4060 20 63 400 1986 10 48 1262737,1019,397,189,111,61,40,44,22,7,8,1,1,1,2 0,6,3,5,3,1,0,1,0,0,0,0,1,0,0 0,0,0,102,111,61,40,44,22,7,8,1,1,1,2 0,0,0,4,3,1,0,1,0,0,0,0,1,0,0
/media/michal/Pauli/masterdata/processed/paramtest/iter100/annotated/rares/20140901/patrol_run_32/room_2/features/nonPlanes<pfh_uniform_2015-05-20_21-54-18.pcd 0.309174 0.00166245 0.00176654 4 252,101,61,44 68,21,14,13 0,0,0,0 1201408 2365 4060 19 37 400 1619 4 15 1199043,1489,489,192,92,45,10,28,15,3,1,1 0,8,7,2,1,1,0,0,0,0,0,0 0,0,13,192,92,45,10,28,15,3,1,1 0,0,0,2,1,1,0,0,0,0,0,0
/media/michal/Pauli/masterdata/processed/paramtest/iter100/annotated/rares/20140901/patrol_run_33/room_1/features/nonPlanes<pfh_uniform_2015-05-20_21-56-06.pcd 0.369794 0.00162913 0.00159655 4 275,87,71,59 66,20,14,14 -1 1186056 2207 4060 -1 -1 400 1755 -1 -1 1183849,1337,442,191,101,47,29,36,17,6,0,1 -1 0,0,0,163,101,47,29,36,17,6,0,1 -1
/media/michal/Pauli/masterdata/processed/paramtest/iter100/annotated/rares/20140902/patrol_run_35/room_2/features/nonPlanes<pfh_uniform_2015-05-20_21-58-56.pcd 0.298129 0.00201467 0.00160609 5 169,122,98,85,49 42,29,20,21,14 1,0,0,0,0 1120164 2288 4060 138 302 400 1696 42 170 1117876,1429,442,193,103,45,26,27,21,2 0,60,36,15,16,7,3,0,1,0 0,0,0,176,103,45,26,27,21,2 0,0,0,15,16,7,3,0,1,0
/media/michal/Pauli/masterdata/processed/paramtest/iter100/annotated/rares/20140902/patrol_run_38/room_0/features/nonPlanes<pfh_uniform_2015-05-20_22-00-52.pcd 0.272099 0.00147784 0.00192056 5 290,157,102,66,66 67,28,26,17,16 0,0,0,0,0 1060884 2178 4060 85 183 400 1798 22 98 1058706,1310,452,178,86,60,37,29,16,4,2,0,0,1,1,0,2 0,41,22,6,8,3,4,0,0,1,0,0,0,0,0,0,0 0,0,0,162,86,60,37,29,16,4,2,0,0,1,1,0,2 0,0,0,6,8,3,4,0,0,1,0,0,0,0,0,0,0
/media/michal/Pauli/masterdata/processed/paramtest/iter100/annotated/rares/20140903/patrol_run_1/room_4/features/nonPlanes<pfh_uniform_2015-05-20_22-02-43.pcd 0.288811 0.00178067 0.00159513 6 197,130,102,87,80,72 43,30,20,16,17,12 0,0,0,0,0,0 1165840 1996 4060 52 139 400 1955 17 86 1163844,1133,417,176,94,64,27,42,19,12,5,0,0,2,2,1,1,0,1 0,20,12,9,5,2,2,0,1,0,0,0,0,0,0,0,0,0,1 0,0,0,130,94,64,27,42,19,12,5,0,0,2,2,1,1,0,1 0,0,0,6,5,2,2,0,1,0,0,0,0,0,0,0,0,0,1
/media/michal/Pauli/masterdata/processed/paramtest/iter100/annotated/rares/20140903/patrol_run_10/room_2/features/nonPlanes<pfh_uniform_2015-05-20_22-04-23.pcd 0.248903 0.00160739 0.00155037 5 288,87,80,80,53 65,20,20,17,14 0,0,0,0,0 1150032 2086 4060 35 67 400 1816 7 26 1147946,1192,430,213,111,49,29,29,21,3,3,1,2,0,2,1 0,17,9,5,3,1,0,0,0,0,0,0,0,0,0,0 0,0,0,149,111,49,29,29,21,3,3,1,2,0,2,1 0,0,0,3,3,1,0,0,0,0,0,0,0,0,0,0
/media/michal/Pauli/masterdata/processed/paramtest/iter100/annotated/rares/20140903/patrol_run_12/room_2/features/nonPlanes<pfh_uniform_2015-05-20_22-05-58.pcd 0.254296 0.00143118 0.00193041 4 264,119,98,51 62,30,21,12 0,0,0,0 1093032 2128 4060 37 81 400 1847 8 41 1090904,1256,459,170,91,52,30,33,23,3,6,1,0,1,2,0,0,0,1 0,19,9,2,3,1,1,1,1,0,0,0,0,0,0,0,0,0,0 0,0,0,157,91,52,30,33,23,3,6,1,0,1,2,0,0,0,1 0,0,0,1,3,1,1,1,1,0,0,0,0,0,0,0,0,0,0
/media/michal/Pauli/masterdata/processed/paramtest/iter100/annotated/rares/20140903/patrol_run_14/room_1/features/nonPlanes<pfh_uniform_2015-05-20_22-07-44.pcd 0.290288 0.00154959 0.0016051 5 206,147,69,54,49 47,34,15,16,12 0,0,0,0,0 1236064 2202 4060 46 89 400 1728 10 38 1233862,1310,454,209,103,49,23,31,13,5,4,0,0,0,1 0,21,15,7,1,1,0,0,1,0,0,0,0,0,0 0,0,0,171,103,49,23,31,13,5,4,0,0,0,1 0,0,0,7,1,1,0,0,1,0,0,0,0,0,0
/media/michal/Pauli/masterdata/processed/paramtest/iter100/annotated/rares/20140903/patrol_run_2/room_4/features/nonPlanes<pfh_uniform_2015-05-20_22-10-08.pcd 0.269778 0.00161807 0.0022016 6 293,201,69,68,61,43 74,46,17,14,14,12 0,1,1,0,0,0 1119404 2141 4060 168 388 400 1760 55 234 1117263,1238,447,221,103,46,26,31,17,8,3,0,1 0,76,33,26,18,7,1,4,1,1,1,0,0 0,0,0,165,103,46,26,31,17,8,3,0,1 0,0,0,22,18,7,1,4,1,1,1,0,0
/media/michal/Pauli/masterdata/processed/paramtest/iter100/annotated/rares/20140903/patrol_run_9/room_2/features/nonPlanes<pfh_uniform_2015-05-20_22-12-07.pcd 0.264629 0.00158614 0.00157757 4 221,136,114,51 54,27,26,13 0,0,0,0 1234240 2173 4060 39 105 400 1741 14 63 1232067,1262,476,209,94,47,28,30,19,4,3,0,1 0,9,15,4,8,0,0,2,1,0,0,0,0 0,0,0,174,94,47,28,30,19,4,3,0,1 0,0,0,3,8,0,0,2,1,0,0,0,0
/media/michal/Pauli/masterdata/processed/paramtest/iter100/annotated/rares/20140904/patrol_run_15/room_2/features/nonPlanes<pfh_uniform_2015-05-20_22-14-06.pcd 0.386111 0.00179787 0.00240718 5 208,158,115,71,69 49,39,28,17,16 1,0,0,0,0 1260004 2228 4060 143 314 400 1695 42 183 1257776,1323,473,228,89,40,23,31,13,5,0,0,0,0,1,0,1,1 0,71,30,21,5,7,2,4,2,1,0,0,0,0,0,0,0,0 0,0,0,196,89,40,23,31,13,5,0,0,0,0,1,0,1,1 0,0,0,21,5,7,2,4,2,1,0,0,0,0,0,0,0,0
/media/michal/Pauli/masterdata/processed/paramtest/iter100/annotated/rares/20140905/patrol_run_17/room_2/features/nonPlanes<pfh_uniform_2015-05-20_22-15-47.pcd 0.311893 0.00136712 0.00193844 7 174,121,109,89,81,59,57 36,27,27,20,21,13,14 1,0,0,0,0,0,0 1161888 2125 4060 103 264 400 1824 35 166 1159763,1258,423,196,97,51,31,40,20,3,0,4,1,0,0,0,1 0,41,24,13,10,8,2,0,3,1,0,1,0,0,0,0,0 0,0,0,152,97,51,31,40,20,3,0,4,1,0,0,0,1 0,0,0,10,10,8,2,0,3,1,0,1,0,0,0,0,0
/media/michal/Pauli/masterdata/processed/paramtest/iter100/annotated/rares/20140905/patrol_run_19/room_1/features/nonPlanes<pfh_uniform_2015-05-20_22-17-51.pcd 0.322219 0.00182395 0.00166525 6 221,115,70,69,52,47 54,28,16,17,13,12 0,1,0,0,0,0 1118416 2166 4060 90 196 400 1770 27 109 1116250,1282,444,195,124,47,18,27,15,5,1,4,0,0,3,0,1 0,39,24,12,8,5,0,1,0,1,0,0,0,0,0,0,0 0,0,0,155,124,47,18,27,15,5,1,4,0,0,3,0,1 0,0,0,12,8,5,0,1,0,1,0,0,0,0,0,0,0
/media/michal/Pauli/masterdata/processed/paramtest/iter100/annotated/rares/20140905/patrol_run_21/room_2/features/nonPlanes<pfh_uniform_2015-05-20_22-19-38.pcd 0.269734 0.00154522 0.00160837 5 210,179,143,117,47 47,41,25,23,12 0,0,0,1,0 1181040 2039 4060 82 211 400 1867 25 125 1179001,1141,442,197,95,61,29,39,18,10,3,2,1,0,1 0,29,27,7,9,3,3,1,0,1,0,2,0,0,0 0,0,0,141,95,61,29,39,18,10,3,2,1,0,1 0,0,0,6,9,3,3,1,0,1,0,2,0,0,0
/media/michal/Pauli/masterdata/processed/paramtest/iter100/annotated/rares/20140905/patrol_run_23/room_2/features/nonPlanes<pfh_uniform_2015-05-20_22-21-36.pcd 0.36691 0.00134804 0.00159899 8 191,142,122,91,71,61,51,49 38,29,31,19,16,14,14,13 0,1,0,0,0,0,0,0 1000688 2014 4060 105 248 400 1861 30 141 998674,1106,431,216,105,59,28,36,18,6,3,1,1,3,0,0,0,0,0,1 0,47,24,14,9,6,1,1,0,1,1,0,0,1,0,0,0,0,0,0 0,0,0,139,105,59,28,36,18,6,3,1,1,3,0,0,0,0,0,1 0,0,0,10,9,6,1,1,0,1,1,0,0,1,0,0,0,0,0,0
/media/michal/Pauli/masterdata/processed/paramtest/iter100/annotated/rares/20140905/patrol_run_25/room_1/features/nonPlanes<pfh_uniform_2015-05-20_22-24-11.pcd 0.268287 0.00142257 0.00155529 6 208,129,108,97,61,51 47,23,25,25,15,13 0,0,0,1,0,0 1075896 2065 4060 99 222 400 1856 32 131 1073831,1175,441,186,110,54,31,35,14,10,4,1,3,0,0,1 0,44,22,14,10,6,2,0,0,0,1,0,0,0,0,0 0,0,0,137,110,54,31,35,14,10,4,1,3,0,0,1 0,0,0,13,10,6,2,0,0,0,1,0,0,0,0,0
/media/michal/Pauli/masterdata/processed/paramtest/iter100/annotated/rares/20140905/patrol_run_27/room_2/features/nonPlanes<pfh_uniform_2015-05-20_22-26-05.pcd 0.246565 0.0013934 0.00160809 6 249,188,95,67,50,49 59,37,20,16,13,12 0,0,1,0,0,0 1058400 2081 4060 98 214 400 1825 24 114 1056319,1179,450,199,115,48,24,38,13,3,4,4,1,0,0,1,2 0,49,24,7,9,3,2,2,1,0,0,1,0,0,0,0,0 0,0,0,147,115,48,24,38,13,3,4,4,1,0,0,1,2 0,0,0,6,9,3,2,2,1,0,0,1,0,0,0,0,0
/media/michal/Pauli/masterdata/processed/paramtest/iter100/annotated/rares/20140905/patrol_run_29/room_2/features/nonPlanes<pfh_uniform_2015-05-20_22-27-24.pcd 0.251707 0.0013694 0.00169308 8 221,138,122,96,76,69,63,61 46,32,24,23,15,13,13,12 0,1,0,0,0,0,0,0 988992 1960 4060 78 206 400 1951 30 132 987032,1072,427,190,99,40,47,38,28,7,6,2,2,1,1 0,27,16,17,9,0,5,2,2,0,0,0,0,0,0 0,0,0,129,99,40,47,38,28,7,6,2,2,1,1 0,0,0,12,9,0,5,2,2,0,0,0,0,0,0
/media/michal/Pauli/masterdata/processed/paramtest/iter100/annotated/rares/20140905/patrol_run_30/room_1/features/nonPlanes<pfh_uniform_2015-05-20_22-28-45.pcd 0.312437 0.00131837 0.00166634 4 312,190,127,93 72,39,31,17 0,0,0,1 950232 2024 4060 43 128 400 1891 16 90 948208,1137,429,198,105,53,27,35,20,4,8,3,1,0,2,2 0,18,7,5,4,4,0,3,0,0,1,0,0,0,1,0 0,0,0,140,105,53,27,35,20,4,8,3,1,0,2,2 0,0,0,3,4,4,0,3,0,0,1,0,0,0,1,0
/media/michal/Pauli/masterdata/processed/paramtest/iter100/annotated/rares/20140905/patrol_run_30/room_7/features/nonPlanes<pfh_uniform_2015-05-20_22-31-39.pcd 0.272787 0.00152336 0.00161903 7 194,84,70,65,59,59,45 54,21,19,17,15,13,12 0,1,0,0,0,0,1 1158544 2318 4060 109 219 400 1641 30 113 1156226,1426,483,211,93,44,12,29,15,4,0,0,1 0,52,27,20,4,3,0,2,1,0,0,0,0 0,0,0,202,93,44,12,29,15,4,0,0,1 0,0,0,20,4,3,0,2,1,0,0,0,0
/media/michal/Pauli/masterdata/processed/paramtest/iter100/annotated/rares/20140908/patrol_run_32/room_2/features/nonPlanes<pfh_uniform_2015-05-20_22-33-08.pcd 0.344194 0.00151802 0.00162637 6 180,157,152,137,132,88 44,32,30,34,30,16 0,0,0,0,0,0 1146802 2049 4060 44 104 400 1892 14 61 1144753,1190,399,187,99,67,33,43,17,7,3,1,1,0,1,1 0,17,13,4,4,4,1,1,0,0,0,0,0,0,0,0 0,0,0,127,99,67,33,43,17,7,3,1,1,0,1,1 0,0,0,4,4,4,1,1,0,0,0,0,0,0,0,0
/media/michal/Pauli/masterdata/processed/paramtest/iter100/annotated/rares/20140908/patrol_run_34/room_2/features/nonPlanes<pfh_uniform_2015-05-20_22-36-08.pcd 0.393397 0.00165147 0.00248003 6 206,122,99,99,94,56 47,27,28,21,20,14 0,1,0,0,0,0 1146612 2129 4060 121 277 400 1783 36 162 1144483,1211,488,199,92,42,36,37,12,7,1,0,1,2,0,0,1 0,55,30,17,6,2,5,4,0,1,1,0,0,0,0,0,0 0,0,0,169,92,42,36,37,12,7,1,0,1,2,0,0,1 0,0,0,17,6,2,5,4,0,1,1,0,0,0,0,0,0
/media/michal/Pauli/masterdata/processed/paramtest/iter100/annotated/rares/20140908/patrol_run_36/room_3/features/nonPlanes<pfh_uniform_2015-05-20_22-38-02.pcd 0.316522 0.00167402 0.00164363 4 280,230,145,107 65,46,29,28 0,1,0,0 949620 2088 4060 143 353 400 1814 46 220 947532,1194,430,211,106,61,24,31,21,3,1,3,0,1,1,0,0,0,1 0,67,24,19,10,11,4,5,2,0,0,1,0,0,0,0,0,0,0 0,0,0,147,106,61,24,31,21,3,1,3,0,1,1,0,0,0,1 0,0,0,13,10,11,4,5,2,0,0,1,0,0,0,0,0,0,0
/media/michal/Pauli/masterdata/processed/paramtest/iter100/annotated/rares/20140908/patrol_run_38/room_2/features/nonPlanes<pfh_uniform_2015-05-20_22-40-25.pcd 0.29874 0.0013291 0.00211945 6 350,184,86,82,65,48 68,43,19,20,13,12 1,0,0,0,0,0 942956 2056 4060 145 457 400 1850 66 344 940900,1154,450,203,97,50,34,37,16,5,4,0,2,1,1,0,2 0,49,26,24,12,14,6,5,3,0,3,0,1,1,0,0,1 0,0,0,151,97,50,34,37,16,5,4,0,2,1,1,0,2 0,0,0,20,12,14,6,5,3,0,3,0,1,1,0,0,1
/media/michal/Pauli/masterdata/processed/paramtest/iter100/annotated/rares/20140908/patrol_run_39/room_3/features/nonPlanes<pfh_uniform_2015-05-20_22-42-41.pcd 0.26966 0.00137374 0.00253815 4 219,168,166,131 44,41,37,27 1,0,0,0 1107662 2010 4060 103 265 400 1867 33 177 1105652,1090,457,204,101,54,33,35,19,9,2,4,0,0,1,0,1 0,54,14,12,9,4,1,0,4,2,1,1,0,0,1,0,0 0,0,0,141,101,54,33,35,19,9,2,4,0,0,1,0,1 0,0,0,10,9,4,1,0,4,2,1,1,0,0,1,0,0
/media/michal/Pauli/masterdata/processed/paramtest/iter100/annotated/rares/20140908/patrol_run_41/room_3/features/nonPlanes<pfh_uniform_2015-05-20_22-44-08.pcd 0.351569 0.00139252 0.00159037 5 306,130,97,77,55 58,25,21,20,15 1,0,0,0,0 1040400 2035 4060 122 365 400 1905 49 260 1038365,1149,452,177,96,57,24,39,18,9,5,3,4,0,0,0,1,0,1 0,42,30,14,15,5,3,5,2,1,3,0,1,0,0,0,1,0,0 0,0,0,143,96,57,24,39,18,9,5,3,4,0,0,0,1,0,1 0,0,0,13,15,5,3,5,2,1,3,0,1,0,0,0,1,0,0
/media/michal/Pauli/masterdata/processed/paramtest/iter100/annotated/rares/20140908/patrol_run_43/room_3/features/nonPlanes<pfh_uniform_2015-05-20_22-47-01.pcd 0.282563 0.00128361 0.0024836 6 280,105,55,55,54,44 59,19,14,12,14,12 0,1,0,0,0,0 1100784 2086 4060 79 211 400 1831 28 139 1098698,1192,445,198,101,58,29,26,19,10,3,2,1,0,2 0,32,17,12,5,6,2,1,2,0,1,0,0,0,1 0,0,0,149,101,58,29,26,19,10,3,2,1,0,2 0,0,0,10,5,6,2,1,2,0,1,0,0,0,1
/media/michal/Pauli/masterdata/processed/paramtest/iter100/annotated/rares/20140908/patrol_run_45/room_2/features/nonPlanes<pfh_uniform_2015-05-20_22-48-56.pcd 0.292405 0.00142438 0.00163081 7 290,129,123,118,100,57,55 60,24,28,24,19,12,12 1,0,0,0,0,0,0 1109600 2014 4060 192 479 400 1877 64 303 1107586,1117,425,208,113,52,25,34,20,8,5,4,0,1,1,0,1 0,84,40,22,21,12,4,3,2,0,2,1,0,1,0,0,0 0,0,0,136,113,52,25,34,20,8,5,4,0,1,1,0,1 0,0,0,18,21,12,4,3,2,0,2,1,0,1,0,0,0
/media/michal/Pauli/masterdata/processed/paramtest/iter100/annotated/rares/20140908/patrol_run_47/room_3/features/nonPlanes<pfh_uniform_2015-05-20_22-51-06.pcd 0.292411 0.00164577 0.00177123 6 193,148,119,63,58,55 44,34,27,16,15,14 1,0,0,0,0,0 1105800 2169 4060 214 487 400 1727 65 281 1103631,1254,466,224,97,51,23,34,12,4,1,1,0,1,0,0,0,1 0,96,49,32,14,11,5,4,1,1,0,1,0,0,0,0,0,0 0,0,0,175,97,51,23,34,12,4,1,1,0,1,0,0,0,1 0,0,0,28,14,11,5,4,1,1,0,1,0,0,0,0,0,0
/media/michal/Pauli/masterdata/processed/paramtest/iter100/annotated/rares/20140909/patrol_run_49/room_3/features/nonPlanes<pfh_uniform_2015-05-20_22-53-15.pcd 0.42767 0.00188957 0.00256026 6 202,138,121,65,58,42 47,29,27,12,14,12 0,0,1,0,0,0 1049598 2108 4060 76 219 400 1814 35 158 1047490,1223,432,216,102,41,34,28,15,4,2,4,2,2,3 0,22,18,16,7,4,4,3,0,1,0,1,0,0,0 0,0,0,163,102,41,34,28,15,4,2,4,2,2,3 0,0,0,15,7,4,4,3,0,1,0,1,0,0,0
/media/michal/Pauli/masterdata/processed/paramtest/iter100/annotated/rares/20140909/patrol_run_51/room_3/features/nonPlanes<pfh_uniform_2015-05-20_22-55-40.pcd 0.347184 0.00215104 0.00169107 8 232,174,123,119,93,73,64,56 44,38,27,24,21,15,14,12 0,0,0,1,0,1,0,0 1987742 1987 4060 134 332 400 1887 41 196 1985755,1086,416,194,121,69,37,34,21,1,3,2,1,0,1,0,1 0,54,35,16,14,7,4,0,1,0,1,1,0,0,0,0,1 0,0,0,109,121,69,37,34,21,1,3,2,1,0,1,0,1 0,0,0,12,14,7,4,0,1,0,1,1,0,0,0,0,1
/media/michal/Pauli/masterdata/processed/paramtest/iter100/annotated/rares/20140909/patrol_run_53/room_3/features/nonPlanes<pfh_uniform_2015-05-20_22-58-44.pcd 0.277837 0.0021459 0.00190157 5 263,139,115,51,45 57,29,27,12,12 1,0,0,0,0 1102608 2097 4060 142 348 400 1803 49 220 1100511,1187,460,214,87,57,24,37,20,4,3,2,1,0,0,1 0,60,31,20,8,13,3,5,2,0,0,0,0,0,0,0 0,0,0,164,87,57,24,37,20,4,3,2,1,0,0,1 0,0,0,18,8,13,3,5,2,0,0,0,0,0,0,0
/media/michal/Pauli/masterdata/processed/paramtest/iter100/annotated/rares/20140909/patrol_run_55/room_3/features/nonPlanes<pfh_uniform_2015-05-20_23-00-34.pcd 0.30852 0.00172851 0.00160579 7 132,128,82,81,63,52,50 37,32,21,23,17,12,14 0,0,1,0,0,0,0 1020908 2329 4060 108 188 400 1625 20 75 1018579,1430,492,213,92,38,20,26,15,3 0,65,21,11,9,0,2,0,0,0 0,0,0,206,92,38,20,26,15,3 0,0,0,9,9,0,2,0,0,0
/media/michal/Pauli/masterdata/processed/paramtest/iter100/annotated/rares/20140909/patrol_run_57/room_3/features/nonPlanes<pfh_uniform_2015-05-20_23-02-50.pcd 0.352789 0.00272942 0.00239532 9 283,166,99,96,95,80,75,74,71 58,37,24,20,19,15,14,13,15 1,0,0,0,0,0,0,0,0 2799460 1934 4060 168 426 400 1948 51 262 2797526,1047,396,198,114,62,41,40,20,6,4,2,1,0,1,0,1,1 0,74,39,16,12,12,5,3,3,1,2,0,0,0,1,0,0,0 0,0,0,107,114,62,41,40,20,6,4,2,1,0,1,0,1,1 0,0,0,12,12,12,5,3,3,1,2,0,0,0,1,0,0,0
/media/michal/Pauli/masterdata/processed/paramtest/iter100/annotated/rares/20140909/patrol_run_59/room_3/features/nonPlanes<pfh_uniform_2015-05-20_23-03-26.pcd 0.279337 0.00101767 0.00156498 6 112,77,73,60,54,45 27,20,19,15,15,13 0,0,0,0,0,1 446622 2309 4060 100 193 400 1642 23 86 444313,1402,505,197,104,37,15,34,12,1,1,0,0,1 0,47,30,15,2,5,0,0,1,0,0,0,0,0 0,0,0,195,104,37,15,34,12,1,1,0,0,1 0,0,0,15,2,5,0,0,1,0,0,0,0,0
/media/michal/Pauli/masterdata/processed/paramtest/iter100/annotated/rares/20140909/patrol_run_61/room_3/features/nonPlanes<pfh_uniform_2015-05-20_23-05-06.pcd 0.269425 0.000910466 0.00154845 5 172,85,78,72,60 33,16,17,16,13 0,0,0,0,1 447579 2047 4060 92 213 400 1870 26 125 445532,1170,411,207,105,52,30,35,16,10,8,0,1,0,1,0,0,0,1 0,45,20,9,5,7,2,1,0,3,0,0,0,0,0,0,0,0,0 0,0,0,141,105,52,30,35,16,10,8,0,1,0,1,0,0,0,1 0,0,0,8,5,7,2,1,0,3,0,0,0,0,0,0,0,0,0
/media/michal/Pauli/masterdata/processed/paramtest/iter100/annotated/rares/20140909/patrol_run_63/room_3/features/nonPlanes<pfh_uniform_2015-05-20_23-06-48.pcd 0.274219 0.00131616 0.00158762 8 148,80,73,71,67,64,54,50 29,17,21,19,13,15,12,13 0,0,0,0,0,0,0,0 420420 2124 4060 76 163 400 1821 16 85 418296,1238,457,188,103,51,25,32,7,10,6,2,1,0,1,0,2,1 0,43,16,5,6,1,3,0,0,0,0,0,1,0,1,0,0,0 0,0,0,159,103,51,25,32,7,10,6,2,1,0,1,0,2,1 0,0,0,4,6,1,3,0,0,0,0,0,1,0,1,0,0,0
/media/michal/Pauli/masterdata/processed/paramtest/iter100/annotated/rares/20140910/patrol_run_67/room_3/features/nonPlanes<pfh_uniform_2015-05-20_23-08-21.pcd 0.308142 0.00102432 0.00166247 4 247,234,106,81 57,61,25,20 1,0,0,0 473286 2168 4060 197 437 400 1738 55 239 471118,1252,478,207,94,55,25,33,18,5,1 0,90,48,20,19,10,6,3,1,0,0 0,0,0,169,94,55,25,33,18,5,1 0,0,0,16,19,10,6,3,1,0,0
/media/michal/Pauli/masterdata/processed/paramtest/iter100/annotated/rares/20140910/patrol_run_69/room_3/features/nonPlanes<pfh_uniform_2015-05-20_23-10-18.pcd 0.309624 0.000951412 0.00163922 6 315,168,62,52,52,42 73,39,15,15,14,12 1,0,0,0,0,0 446622 2136 4060 179 439 400 1753 65 279 444486,1221,459,206,121,46,33,30,11,6,1,1,0,0,0,0,0,0,1 0,69,44,22,23,9,9,2,0,0,0,1,0,0,0,0,0,0,0 0,0,0,150,121,46,33,30,11,6,1,1,0,0,0,0,0,0,1 0,0,0,21,23,9,9,2,0,0,0,1,0,0,0,0,0,0,0
/media/michal/Pauli/masterdata/processed/paramtest/iter100/annotated/rares/20140910/patrol_run_71/room_3/features/nonPlanes<pfh_uniform_2015-05-20_23-12-38.pcd 0.302498 0.00111303 0.0017562 8 218,154,77,71,62,60,55,45 40,34,19,14,14,13,14,13 0,0,0,0,0,0,0,0 477048 2026 4060 102 241 400 1876 29 140 475022,1143,408,216,92,58,37,43,11,10,4,2,0,0,0,0,2 0,47,24,10,8,4,3,4,1,0,1,0,0,0,0,0,0 0,0,0,141,92,58,37,43,11,10,4,2,0,0,0,0,2 0,0,0,8,8,4,3,4,1,0,1,0,0,0,0,0,0
/media/michal/Pauli/masterdata/processed/paramtest/iter100/annotated/rares/20140910/patrol_run_74/room_3/features/nonPlanes<pfh_uniform_2015-05-20_23-14-11.pcd 0.322869 0.000950754 0.00162862 7 168,166,100,71,63,63,57 31,43,22,17,16,12,13 0,0,1,0,0,1,0 442200 2106 4060 90 245 400 1833 34 163 440094,1217,457,187,96,54,31,35,8,13,1,1,0,3,3 0,30,26,11,6,6,6,3,0,1,1,0,0,0,0 0,0,0,155,96,54,31,35,8,13,1,1,0,3,3 0,0,0,11,6,6,6,3,0,1,1,0,0,0,0
/media/michal/Pauli/masterdata/processed/paramtest/iter100/annotated/rares/20140910/patrol_run_77/room_4/features/nonPlanes<pfh_uniform_2015-05-20_23-16-47.pcd 0.257419 0.000910382 0.00164949 9 161,135,131,118,95,75,65,64,50 32,27,28,22,21,15,16,13,12 0,0,0,1,0,0,0,0,0 446622 1932 4060 51 143 400 1964 18 95 444690,1057,386,195,110,66,48,35,11,14,2,2,1,0,0,5 0,18,15,1,8,1,4,2,1,1,0,0,0,0,0,0 0,0,0,106,110,66,48,35,11,14,2,2,1,0,0,5 0,0,0,1,8,1,4,2,1,1,0,0,0,0,0,0
/media/michal/Pauli/masterdata/processed/paramtest/iter100/annotated/rares/20140910/patrol_run_79/room_2/features/nonPlanes<pfh_uniform_2015-05-20_23-18-13.pcd 0.241222 0.000811806 0.00255326 3 107,96,65 25,16,15 0,0,0 396627 2038 4060 72 155 400 1865 20 89 394589,1129,461,199,102,41,31,39,17,7,5,3,0,2,1,0,0,0,1 0,39,12,9,4,3,3,0,2,0,0,0,0,0,0,0,0,0,0 0,0,0,151,102,41,31,39,17,7,5,3,0,2,1,0,0,0,1 0,0,0,8,4,3,3,0,2,0,0,0,0,0,0,0,0,0,0
/media/michal/Pauli/masterdata/processed/paramtest/iter100/annotated/rares/20140910/patrol_run_81/room_2/features/nonPlanes<pfh_uniform_2015-05-20_23-19-34.pcd 0.264991 0.000769069 0.00245692 5 279,118,83,82,49 62,27,20,14,12 0,0,0,0,0 432300 2074 4060 96 180 400 1860 12 61 430226,1203,416,184,100,77,32,38,10,7,4,0,1,0,0,0,0,1,1 0,53,27,5,3,5,1,1,1,0,0,0,0,0,0,0,0,0,0 0,0,0,129,100,77,32,38,10,7,4,0,1,0,0,0,0,1,1 0,0,0,1,3,5,1,1,1,0,0,0,0,0,0,0,0,0,0
/media/michal/Pauli/masterdata/processed/paramtest/iter100/annotated/rares/20140911/patrol_run_82/room_3/features/nonPlanes<pfh_uniform_2015-05-20_23-21-16.pcd 0.285418 0.0010501 0.00155385 6 177,83,69,52,51,50 45,22,19,12,13,12 0,0,0,1,0,0 473154 2158 4060 73 163 400 1748 21 90 470996,1240,482,196,123,33,24,38,9,9,3,0,0,0,0,0,0,0,1 0,34,15,12,5,3,2,1,0,1,0,0,0,0,0,0,0,0,0 0,0,0,160,123,33,24,38,9,9,3,0,0,0,0,0,0,0,1 0,0,0,9,5,3,2,1,0,1,0,0,0,0,0,0,0,0,0
/media/michal/Pauli/masterdata/processed/paramtest/iter100/annotated/rares/20140911/patrol_run_84/room_3/features/nonPlanes<pfh_uniform_2015-05-20_23-23-05.pcd 0.281399 0.000795078 0.00174009 5 344,205,83,60,54 77,47,19,15,13 1,0,0,0,0 455400 2049 4060 211 521 400 1826 74 331 453351,1144,425,221,104,62,27,41,11,7,4,1,1,0,1 0,90,41,32,22,10,5,6,3,1,1,0,0,0,0 0,0,0,141,104,62,27,41,11,7,4,1,1,0,1 0,0,0,26,22,10,5,6,3,1,1,0,0,0,0
/media/michal/Pauli/masterdata/processed/paramtest/iter100/annotated/rares/20140911/patrol_run_88/room_3/features/nonPlanes<pfh_uniform_2015-05-20_23-34-42.pcd 0.256935 0.000882241 0.00170741 7 279,210,161,111,93,64,53 62,45,29,21,20,14,13 1,0,0,0,0,0,0 474606 2013 4060 174 433 400 1879 61 274 472593,1143,372,224,121,58,29,34,10,12,3,1,2,0,2,0,1,0,1 0,74,32,29,17,10,6,3,0,0,1,1,1,0,0,0,0,0,0 0,0,0,126,121,58,29,34,10,12,3,1,2,0,2,0,1,0,1 0,0,0,22,17,10,6,3,0,0,1,1,1,0,0,0,0,0,0
/media/michal/Pauli/masterdata/processed/paramtest/iter100/annotated/rares/20140911/patrol_run_90/room_3/features/nonPlanes<pfh_uniform_2015-05-20_23-36-00.pcd 0.250831 0.00100636 0.00180306 6 241,117,80,62,53,52 58,27,20,14,14,12 0,0,0,0,0,0 408408 2167 4060 147 265 400 1715 25 101 406241,1250,456,240,103,38,32,27,9,9,1,0,0,0,1,0,0,0,1 0,82,38,16,3,5,1,1,0,1,0,0,0,0,0,0,0,0,0 0,0,0,179,103,38,32,27,9,9,1,0,0,0,1,0,0,0,1 0,0,0,14,3,5,1,1,0,1,0,0,0,0,0,0,0,0,0
/media/michal/Pauli/masterdata/processed/paramtest/iter100/annotated/rares/20140911/patrol_run_92/room_3/features/nonPlanes<pfh_uniform_2015-05-20_23-37-17.pcd 0.249684 0.000903653 0.00222852 7 153,141,124,110,59,57,56 35,30,31,21,13,14,14 0,1,0,0,0,0,0 454740 2015 4060 105 277 400 1849 35 173 452725,1110,414,218,128,50,26,34,15,13,5,1,0,0,1 0,41,24,12,13,5,2,3,3,2,0,0,0,0,0 0,0,0,127,128,50,26,34,15,13,5,1,0,0,1 0,0,0,7,13,5,2,3,3,2,0,0,0,0,0
/media/michal/Pauli/masterdata/processed/paramtest/iter100/annotated/rares/20140912/patrol_run_100/room_3/features/nonPlanes<pfh_uniform_2015-05-20_23-38-55.pcd 0.298892 0.000988559 0.00172207 5 276,238,66,65,59 67,59,16,15,15 1,0,0,0,0 437778 2211 4060 168 382 400 1728 52 220 435567,1323,455,208,101,50,22,29,6,9,6,1,0,0,1 0,70,46,19,17,8,5,1,1,0,1,0,0,0,0 0,0,0,175,101,50,22,29,6,9,6,1,0,0,1 0,0,0,19,17,8,5,1,1,0,1,0,0,0,0
/media/michal/Pauli/masterdata/processed/paramtest/iter100/annotated/rares/20140912/patrol_run_102/room_3/features/nonPlanes<pfh_uniform_2015-05-20_23-41-05.pcd 0.328104 0.000917829 0.00198718 5 333,225,168,91,63 57,46,34,22,12 0,1,0,0,0 463320 1880 4060 138 376 400 1990 52 249 461440,984,402,209,104,70,32,34,12,17,4,5,1,1,2,0,1,0,2 0,50,31,19,13,10,7,5,1,1,0,1,0,0,0,0,0,0,0 0,0,0,115,104,70,32,34,12,17,4,5,1,1,2,0,1,0,2 0,0,0,14,13,10,7,5,1,1,0,1,0,0,0,0,0,0,0
/media/michal/Pauli/masterdata/processed/paramtest/iter100/annotated/rares/20140912/patrol_run_104/room_3/features/nonPlanes<pfh_uniform_2015-05-20_23-42-30.pcd 0.309902 0.00101674 0.00172779 6 273,197,159,91,83,64 62,47,33,22,17,14 1,0,0,0,0,0 445500 2074 4060 166 403 400 1839 58 255 443426,1198,405,212,100,67,29,38,5,12,4,1,0,1,1,1 0,72,32,23,16,15,3,2,1,1,1,0,0,0,0,0 0,0,0,141,100,67,29,38,5,12,4,1,0,1,1,1 0,0,0,19,16,15,3,2,1,1,1,0,0,0,0,0
/media/michal/Pauli/masterdata/processed/paramtest/iter100/annotated/rares/20140912/patrol_run_94/room_3/features/nonPlanes<pfh_uniform_2015-05-20_23-44-56.pcd 0.353539 0.00124111 0.00258253 5 201,163,107,86,64 46,35,26,20,14 0,1,0,0,0 445500 2105 4060 124 281 400 1773 37 170 443395,1178,472,215,110,45,26,29,14,10,3,1,1,0,1 0,64,22,14,12,5,3,1,0,0,1,1,1,0,0 0,0,0,160,110,45,26,29,14,10,3,1,1,0,1 0,0,0,13,12,5,3,1,0,0,1,1,1,0,0
/media/michal/Pauli/masterdata/processed/paramtest/iter100/annotated/rares/20140912/patrol_run_96/room_2/features/nonPlanes<pfh_uniform_2015-05-20_23-46-34.pcd 0.242269 0.000896685 0.00153189 6 100,79,76,57,51,45 22,17,14,14,13,13 0,1,0,0,0,0 434511 1995 4060 69 176 400 1852 24 115 432516,1052,473,215,95,68,31,28,14,8,5,0,2,2,1,0,0,1 0,29,16,6,3,8,6,0,0,1,0,0,0,0,0,0,0,0 0,0,0,145,95,68,31,28,14,8,5,0,2,2,1,0,0,1 0,0,0,6,3,8,6,0,0,1,0,0,0,0,0,0,0,0
/media/michal/Pauli/masterdata/processed/paramtest/iter100/annotated/rares/20140912/patrol_run_98/room_3/features/nonPlanes<pfh_uniform_2015-05-20_23-47-57.pcd 0.30026 0.00094865 0.00175517 6 206,193,109,74,52,50 44,49,23,15,13,13 1,0,0,0,0,0 446622 2107 4060 182 437 400 1816 57 260 444515,1226,425,205,115,43,27,41,13,6,0,1,1,1,0,0,1,1,1 0,74,50,21,15,7,8,1,4,2,0,0,0,0,0,0,0,0,0 0,0,0,149,115,43,27,41,13,6,0,1,1,1,0,0,1,1,1 0,0,0,20,15,7,8,1,4,2,0,0,0,0,0,0,0,0,0
/media/michal/Pauli/masterdata/processed/paramtest/iter100/annotated/rares/20140921/patrol_run_110/room_2/features/nonPlanes<pfh_uniform_2015-05-20_23-50-17.pcd 0.284947 0.001069 0.00160062 7 172,150,125,118,82,79,74 38,35,22,26,16,14,18 0,1,0,0,0,0,0 411840 2050 4060 110 266 400 1829 37 162 409790,1147,425,217,115,59,26,34,12,10,1,0,0,1,0,0,1,0,1,0,1 0,48,19,19,10,6,6,0,1,1,0,0,0,0,0,0,0,0,0,0,0 0,0,0,139,115,59,26,34,12,10,1,0,0,1,0,0,1,0,1,0,1 0,0,0,13,10,6,6,0,1,1,0,0,0,0,0,0,0,0,0,0,0
/media/michal/Pauli/masterdata/processed/paramtest/iter100/annotated/rares/20140921/patrol_run_112/room_2/features/nonPlanes<pfh_uniform_2015-05-20_23-52-17.pcd 0.304081 0.00134623 0.00155686 5 181,134,84,54,50 41,27,19,12,12 0,0,0,1,0 419265 2126 4060 86 211 400 1782 30 135 417139,1224,452,215,95,53,30,28,16,6,2,1,1,2,0,1 0,38,16,13,6,5,6,1,0,0,1,0,0,0,0,0 0,0,0,165,95,53,30,28,16,6,2,1,1,2,0,1 0,0,0,11,6,5,6,1,0,0,1,0,0,0,0,0
/media/michal/Pauli/masterdata/processed/paramtest/iter100/annotated/rares/20140921/patrol_run_114/room_1/features/nonPlanes<pfh_uniform_2015-05-20_23-54-20.pcd 0.336487 0.00117182 0.002741 5 204,133,125,87,70 50,28,27,19,14 0,0,0,1,0 421476 2082 4060 78 181 400 1815 24 109 419394,1186,429,213,113,48,26,36,15,9,4,1,1,1 0,37,16,9,7,2,3,3,1,0,0,0,0,0 0,0,0,146,113,48,26,36,15,9,4,1,1,1 0,0,0,8,7,2,3,3,1,0,0,0,0,0
/media/michal/Pauli/masterdata/processed/paramtest/iter100/annotated/rares/20140922/patrol_run_116/room_2/features/nonPlanes<pfh_uniform_2015-05-20_23-55-26.pcd 0.256982 0.000828818 0.00158231 7 181,136,76,73,72,57,50 42,29,18,15,15,15,12 0,0,0,0,1,0,0 424116 2066 4060 81 191 400 1823 27 116 422050,1151,459,207,105,39,35,39,14,12,3,2 0,34,19,15,5,2,3,1,0,1,1,0 0,0,0,151,105,39,35,39,14,12,3,2 0,0,0,14,5,2,3,1,0,1,1,0
/media/michal/Pauli/masterdata/processed/paramtest/iter100/annotated/rares/20140922/patrol_run_118/room_2/features/nonPlanes<pfh_uniform_2015-05-20_23-56-42.pcd 0.347566 0.00112815 0.00163726 9 214,144,136,101,99,75,68,55,51 45,30,29,20,22,20,12,15,12 0,0,1,0,0,0,0,0,0 451044 2048 4060 114 261 400 1849 31 143 448996,1144,445,200,110,53,26,43,8,11,4,0,0,1,0,2,0,0,1 0,51,29,12,8,6,3,4,1,0,0,0,0,0,0,0,0,0,0 0,0,0,141,110,53,26,43,8,11,4,0,0,1,0,2,0,0,1 0,0,0,9,8,6,3,4,1,0,0,0,0,0,0,0,0,0,0
/media/michal/Pauli/masterdata/processed/paramtest/iter100/annotated/rares/20140922/patrol_run_120/room_1/features/nonPlanes<pfh_uniform_2015-05-20_23-59-19.pcd 0.374579 0.00110223 0.0016931 7 261,246,168,90,52,50,48 55,55,35,22,12,13,12 0,0,0,0,0,0,0 478401 2030 4060 90 223 400 1892 28 136 476371,1156,410,201,92,63,46,28,9,12,9,0,1,2,0,0,0,0,1 0,38,23,11,4,4,5,1,3,1,0,0,0,0,0,0,0,0,0 0,0,0,137,92,63,46,28,9,12,9,0,1,2,0,0,0,0,1 0,0,0,10,4,4,5,1,3,1,0,0,0,0,0,0,0,0,0
/media/michal/Pauli/masterdata/processed/paramtest/iter100/annotated/rares/20140922/patrol_run_124/room_2/features/nonPlanes<pfh_uniform_2015-05-21_00-02-11.pcd 0.305826 0.00122243 0.00162234 4 124,100,99,79 32,29,24,18 0,0,0,0 483516 2306 4060 96 166 400 1657 16 56 481210,1409,501,205,87,35,19,31,9,6,1,0,1,0,0,0,2 0,50,30,12,1,2,1,0,0,0,0,0,0,0,0,0,0 0,0,4,205,87,35,19,31,9,6,1,0,1,0,0,0,2 0,0,0,12,1,2,1,0,0,0,0,0,0,0,0,0,0
/media/michal/Pauli/masterdata/processed/paramtest/iter100/annotated/rares/20140922/patrol_run_126/room_2/features/nonPlanes<pfh_uniform_2015-05-21_00-04-06.pcd 0.280846 0.00101183 0.00164901 8 243,151,123,102,87,75,66,60 48,28,26,19,18,14,12,14 0,0,1,0,0,0,0,0 455499 1934 4060 147 346 400 1937 37 181 453565,1046,387,213,113,68,30,38,16,14,1,2,4,0,1,1 0,65,35,19,14,6,1,1,2,3,0,0,1,0,0,0 0,0,0,112,113,68,30,38,16,14,1,2,4,0,1,1 0,0,0,9,14,6,1,1,2,3,0,0,1,0,0,0
/media/michal/Pauli/masterdata/processed/paramtest/iter100/annotated/rares/20140922/patrol_run_128/room_2/features/nonPlanes<pfh_uniform_2015-05-21_00-05-45.pcd 0.252974 0.000906821 0.00162326 6 180,180,158,93,79,73 44,43,38,21,20,18 0,1,0,0,0,0 454410 2131 4060 118 272 400 1746 42 176 452279,1224,431,233,119,45,20,37,11,9,0,0,1,0,1 0,57,18,14,17,6,3,3,0,0,0,0,0,0,0 0,0,0,157,119,45,20,37,11,9,0,0,1,0,1 0,0,0,13,17,6,3,3,0,0,0,0,0,0,0
/media/michal/Pauli/masterdata/processed/paramtest/iter100/annotated/rares/20140922/patrol_run_130/room_2/features/nonPlanes<pfh_uniform_2015-05-21_00-07-07.pcd 0.413195 0.00115897 0.00267281 7 308,159,153,120,102,69,58 61,34,33,27,21,16,12 1,0,0,0,0,1,0 443289 1864 4060 166 445 400 1987 59 290 441425,959,401,197,119,77,38,38,11,12,5,1,2,1,0,1,0,1,0,0,0,0,0,0,0,0,0,1 0,68,30,21,20,13,4,3,2,2,3,0,0,0,0,0,0,0,0,0,0,0,0,0,0,0,0,0 0,0,0,93,119,77,38,38,11,12,5,1,2,1,0,1,0,1,0,0,0,0,0,0,0,0,0,1 0,0,0,12,20,13,4,3,2,2,3,0,0,0,0,0,0,0,0,0,0,0,0,0,0,0,0,0
/media/michal/Pauli/masterdata/processed/paramtest/iter100/annotated/rares/20140922/patrol_run_132/room_1/features/nonPlanes<pfh_uniform_2015-05-21_00-09-07.pcd 0.294526 0.0008388 0.00161075 6 145,115,95,74,69,50 32,31,23,16,14,13 0,0,0,0,0,0 454740 2062 4060 13 30 400 1829 6 22 452678,1157,441,215,100,66,17,34,8,13,3,6,0,1,0,0,1 0,6,1,4,1,0,1,0,0,0,0,0,0,0,0,0,0 0,0,0,151,100,66,17,34,8,13,3,6,0,1,0,0,1 0,0,0,4,1,0,1,0,0,0,0,0,0,0,0,0,0
/media/michal/Pauli/masterdata/processed/paramtest/iter100/annotated/rares/20140922/patrol_run_134/room_2/features/nonPlanes<pfh_uniform_2015-05-21_00-10-53.pcd 0.327783 0.00103302 0.00159379 7 202,113,107,86,72,62,55 50,27,23,19,19,15,14 0,0,0,1,0,0,0 411840 2214 4060 86 199 400 1747 27 117 409626,1324,481,194,85,49,24,31,7,8,7,2,1,0,1 0,36,23,9,8,5,3,1,1,0,0,0,0,0,0 0,0,0,185,85,49,24,31,7,8,7,2,1,0,1 0,0,0,9,8,5,3,1,1,0,0,0,0,0,0
/media/michal/Pauli/masterdata/processed/paramtest/iter100/annotated/rares/20140922/patrol_run_138/room_2/features/nonPlanes<pfh_uniform_2015-05-21_00-13-22.pcd 0.305268 0.000759243 0.0016239 6 257,87,76,65,63,49 52,22,17,18,14,12 0,0,1,0,0,0 443223 2073 4060 82 218 400 1833 28 139 441150,1173,446,202,103,53,36,28,11,14,3,0,2,0,1,0,0,0,1 0,30,23,8,9,4,1,5,0,1,0,0,1,0,0,0,0,0,0 0,0,0,148,103,53,36,28,11,14,3,0,2,0,1,0,0,0,1 0,0,0,7,9,4,1,5,0,1,0,0,1,0,0,0,0,0,0
/media/michal/Pauli/masterdata/processed/paramtest/iter100/annotated/rares/20140923/patrol_run_139/room_2/features/nonPlanes<pfh_uniform_2015-05-21_00-15-22.pcd 0.294336 0.00137014 0.00164213 5 225,217,72,71,58 45,50,16,20,13 0,1,0,0,0 430782 2073 4060 164 390 400 1832 52 228 428709,1172,447,201,103,51,33,35,13,13,2,2,0,0,0,0,0,0,1 0,69,36,31,10,6,5,2,3,2,0,0,0,0,0,0,0,0,0 0,0,0,147,103,51,33,35,13,13,2,2,0,0,0,0,0,0,1 0,0,0,24,10,6,5,2,3,2,0,0,0,0,0,0,0,0,0
/media/michal/Pauli/masterdata/processed/paramtest/iter100/annotated/rares/20140923/patrol_run_141/room_2/features/nonPlanes<pfh_uniform_2015-05-21_00-16-52.pcd 0.302181 0.00142529 0.00241695 7 286,236,139,68,67,61,52 62,45,30,17,15,15,12 0,1,0,0,0,0,0 407286 1969 4060 153 396 400 1912 48 249 405317,1068,423,208,103,59,35,37,14,9,5,2,3,1,0,0,2 0,68,32,15,14,9,7,2,2,1,0,0,2,1,0,0,0 0,0,0,130,103,59,35,37,14,9,5,2,3,1,0,0,2 0,0,0,10,14,9,7,2,2,1,0,0,2,1,0,0,0
/media/michal/Pauli/masterdata/processed/paramtest/iter100/annotated/rares/20140923/patrol_run_144/room_2/features/nonPlanes<pfh_uniform_2015-05-21_00-18-20.pcd 0.255652 0.000876071 0.00224633 4 240,158,118,48 63,34,26,13 0,0,1,0 438471 2161 4060 105 262 400 1771 33 160 436310,1273,448,226,78,42,25,38,17,6,4,3,1 0,45,24,16,4,5,2,6,2,0,1,0,0 0,0,0,186,78,42,25,38,17,6,4,3,1 0,0,0,13,4,5,2,6,2,0,1,0,0
/media/michal/Pauli/masterdata/processed/paramtest/iter100/annotated/rares/20140923/patrol_run_146/room_2/features/nonPlanes<pfh_uniform_2015-05-21_00-19-53.pcd 0.256208 0.000733401 0.00172896 6 244,165,71,68,63,50 62,39,14,15,13,13 0,1,0,0,0,0 391248 2086 4060 178 367 400 1817 42 186 389162,1199,417,223,96,60,27,39,5,13,4,1,0,1,0,0,0,0,1 0,95,37,19,10,7,5,4,1,0,0,0,0,0,0,0,0,0,0 0,0,0,153,96,60,27,39,5,13,4,1,0,1,0,0,0,0,1 0,0,0,15,10,7,5,4,1,0,0,0,0,0,0,0,0,0,0
/media/michal/Pauli/masterdata/processed/paramtest/iter100/annotated/rares/20140923/patrol_run_148/room_2/features/nonPlanes<pfh_uniform_2015-05-21_00-21-36.pcd 0.250857 0.00103197 0.0020441 4 200,162,119,83 39,35,26,16 0,0,0,0 444246 2022 4060 81 177 400 1865 21 95 442224,1096,479,203,93,66,27,26,6,10,5,2,1,1,1,2,2,0,1,0,0,0,1 0,40,18,8,8,5,1,0,0,0,0,0,0,0,1,0,0,0,0,0,0,0,0 0,0,0,156,93,66,27,26,6,10,5,2,1,1,1,2,2,0,1,0,0,0,1 0,0,0,6,8,5,1,0,0,0,0,0,0,0,1,0,0,0,0,0,0,0,0
/media/michal/Pauli/masterdata/processed/paramtest/iter100/annotated/rares/20140923/patrol_run_150/room_2/features/nonPlanes<pfh_uniform_2015-05-21_00-23-04.pcd 0.227073 0.00215574 0.001679 9 209,150,147,144,79,68,65,64,63 39,34,30,31,18,15,15,15,13 0,1,0,0,0,0,0,0,0 454740 1903 4060 96 244 400 1969 32 139 452837,1020,378,196,123,74,36,38,20,10,3,1,1,1,0,0,0,0,2 0,30,27,18,9,4,6,2,0,0,0,0,0,0,0,0,0,0,0 0,0,0,91,123,74,36,38,20,10,3,1,1,1,0,0,0,0,2 0,0,0,11,9,4,6,2,0,0,0,0,0,0,0,0,0,0,0
/media/michal/Pauli/masterdata/processed/paramtest/iter100/annotated/rares/20140924/patrol_run_152/room_2/features/nonPlanes<pfh_uniform_2015-05-21_00-24-15.pcd 0.279386 0.0008713 0.00160035 7 255,84,79,77,70,63,48 61,18,16,16,13,12,12 0,0,0,0,0,0,1 384087 2106 4060 80 166 400 1816 19 81 381981,1230,414,195,112,70,29,32,8,12,1,1,0,0,2 0,39,20,9,8,0,2,1,0,1,0,0,0,0,0 0,0,0,133,112,70,29,32,8,12,1,1,0,0,2 0,0,0,7,8,0,2,1,0,1,0,0,0,0,0
/media/michal/Pauli/masterdata/processed/paramtest/iter100/annotated/rares/20140924/patrol_run_156/room_2/features/nonPlanes<pfh_uniform_2015-05-21_00-26-33.pcd 0.24136 0.000701242 0.00199248 7 158,93,86,79,77,47,39 35,20,21,17,15,13,12 0,0,0,0,0,0,0 395010 2137 4060 82 169 400 1784 18 78 392873,1234,467,191,107,53,30,29,11,9,1,1,1,1,2 0,39,23,9,3,4,3,1,0,0,0,0,0,0,0 0,0,0,155,107,53,30,29,11,9,1,1,1,1,2 0,0,0,7,3,4,3,1,0,0,0,0,0,0,0
/media/michal/Pauli/masterdata/processed/paramtest/iter100/annotated/rares/20140924/patrol_run_158/room_1/features/nonPlanes<pfh_uniform_2015-05-21_00-27-50.pcd 0.259018 0.00114121 0.00162206 5 187,133,80,67,52 44,29,19,17,12 0,0,0,0,0 438471 2103 4060 64 120 400 1804 15 58 436368,1184,485,194,106,47,27,32,14,4,3,2,0,0,2,1,0,0,2 0,36,13,7,6,1,0,0,1,0,0,0,0,0,0,0,0,0,0 0,0,0,160,106,47,27,32,14,4,3,2,0,0,2,1,0,0,2 0,0,0,7,6,1,0,0,1,0,0,0,0,0,0,0,0,0,0
/media/michal/Pauli/masterdata/processed/paramtest/iter100/annotated/rares/20140924/patrol_run_162/room_2/features/nonPlanes<pfh_uniform_2015-05-21_00-29-51.pcd 0.257783 0.000843297 0.00158731 6 309,74,73,52,49,44 71,19,14,13,13,12 0,0,0,0,0,0 435600 2072 4060 49 93 400 1806 11 50 433528,1161,440,225,102,54,22,39,11,13,2,1,1,1 0,33,5,4,3,2,0,1,0,1,0,0,0,0 0,0,0,154,102,54,22,39,11,13,2,1,1,1 0,0,0,4,3,2,0,1,0,1,0,0,0,0
/media/michal/Pauli/masterdata/processed/paramtest/iter100/annotated/rares/20140924/patrol_run_164/room_1/features/nonPlanes<pfh_uniform_2015-05-21_00-31-18.pcd 0.303035 0.00148615 0.00248641 5 160,149,94,88,47 34,30,18,19,13 0,0,0,0,0 425568 2030 4060 55 113 400 1837 14 60 423538,1111,445,218,105,53,30,40,12,10,0,3,1,0,1,1 0,29,12,5,5,0,3,1,0,0,0,0,0,0,0,0 0,0,0,144,105,53,30,40,12,10,0,3,1,0,1,1 0,0,0,5,5,0,3,1,0,0,0,0,0,0,0,0
/media/michal/Pauli/masterdata/processed/paramtest/iter100/annotated/rares/20140924/patrol_run_166/room_2/features/nonPlanes<pfh_uniform_2015-05-21_00-32-37.pcd 0.302825 0.000841603 0.00254911 6 318,133,102,94,66,55 67,33,22,21,14,14 0,0,0,0,0,1 411642 2125 4060 35 85 400 1813 14 54 409517,1243,442,197,99,50,28,36,10,15,0,3,1,0,0,0,1 0,11,10,8,3,1,1,1,0,0,0,0,0,0,0,0,0 0,0,0,157,99,50,28,36,10,15,0,3,1,0,0,0,1 0,0,0,8,3,1,1,1,0,0,0,0,0,0,0,0,0
