#/home/michal/Dropbox/study/university/kth/thesis/data/features/ds0,015/ds0,015_mp9000/fixed_featuredata_fpfh_sift_2015-05-29_10-50-08.txt
195245 923 0 0.683851
206023 944 0 0.697522
201937 951 0 0.7136
193207 948 0 0.735672
214752 931 0 0.770185
197834 866 0 0.749781
174133 829 0 0.582352
173410 907 0 0.649957
183635 631 0 0.489405
180250 822 0 0.620673
167608 857 0 0.584971
234922 924 0 0.868136
172918 804 0 0.593478
207363 884 0 0.75363
195928 856 0 0.671021
209008 951 0 0.768885
179371 841 0 0.569328
181927 834 0 0.586803
212391 919 0 0.851452
194858 929 0 0.760944
172448 868 0 0.51538
189971 901 0 0.667677
161774 784 0 0.588197
165901 823 0 0.673773
180093 827 0 0.622816
187166 826 0 0.648853
187706 957 0 0.786102
190610 845 0 0.672674
217467 942 0 0.424257
215065 885 0 0.741857
198864 846 0 0.671065
201001 865 0 0.654846
190706 876 0 0.66052
214284 917 0 0.712621
215450 914 0 0.735283
210531 953 0 0.722605
207769 846 0 0.659849
188106 876 0 0.559687
201065 850 0 0.714562
187846 875 0 0.790341
192107 925 0 0.589525
227570 885 0 1.02459
188130 811 0 0.746419
195123 880 0 0.36722
205674 888 0 0.68387
200690 963 0 0.632304
178568 867 0 0.552272
170606 847 0 0.381807
158412 790 0 0.372765
173525 773 0 0.470788
197488 974 0 0.464994
185159 915 0 0.645811
167329 831 0 0.427305
180836 860 0 0.598875
151168 759 0 0.257376
191017 885 0 0.475279
186596 957 0 0.618342
198846 909 0 0.715958
189831 998 0 0.728807
194429 973 0 0.726731
211701 919 0 0.912661
203729 601 0 0.48691
178878 895 0 0.374994
188232 886 0 0.660126
194548 908 0 0.58102
212816 978 0 0.739385
222932 932 0 0.827829
215536 987 0 0.491918
208007 998 0 0.702055
177050 868 0 0.459424
193878 918 0 0.661373
196478 882 0 0.566914
210447 928 0 0.743713
205077 864 0 0.678649
207248 913 0 1.05653
191957 952 0 0.944179
176805 919 0 0.512108
144732 765 0 0.483768
184382 908 0 0.684238
156327 794 0 0.541716
158568 795 0 0.551341
187909 840 0 0.676052
173422 909 0 0.546267
184077 855 0 0.634858
166099 871 0 0.606804
172338 869 0 0.606742
#/home/michal/Dropbox/study/university/kth/thesis/data/features/ds0,015/ds0,015_mp9000/fixed_featuredata_fpfh_iss_2015-05-29_10-04-54.txt
195245 3316 0 3.30694
206023 3503 0 3.6575
201937 3460 0 3.1102
193207 3101 0 3.23121
214752 3431 0 2.83756
197834 3023 0 2.79549
174133 2739 0 3.49609
173410 2677 0 2.62138
183635 2811 0 3.27778
180250 2807 0 2.13715
167608 2813 0 2.489
234922 3610 0 4.24519
172918 3054 0 3.61367
207363 3283 0 4.20921
195928 3076 0 4.18487
209008 3431 0 4.43206
179371 3090 0 3.73751
181927 2834 0 3.7146
212391 3410 0 4.91783
194858 3000 0 3.93811
172448 2792 0 3.39324
189971 3139 0 4.2745
161774 2643 0 3.5635
165901 2758 0 3.28975
180093 3048 0 3.90939
187166 3067 0 4.08914
187706 3024 0 3.77226
190610 3048 0 4.09216
217467 3494 0 4.38255
215065 3225 0 4.54827
198864 3131 0 4.19238
201001 3087 0 4.41279
190706 2843 0 3.89477
214284 3293 0 4.60928
215450 3251 0 4.73686
210531 3365 0 4.25438
207769 3153 0 4.34406
188106 3081 0 3.93546
201065 3301 0 4.21708
187846 2958 0 3.95664
192107 3146 0 3.96952
227570 3475 0 5.21555
188130 2837 0 3.79892
195123 3081 0 3.93923
205674 3206 0 4.22619
200690 3277 0 4.06705
178568 2797 0 3.59363
170606 2657 0 3.45048
158412 2537 0 3.16606
173525 2695 0 3.80296
197488 3209 0 3.90096
185159 3029 0 3.73941
167329 2761 0 3.41321
180836 2983 0 3.59347
151168 2486 0 2.34641
191017 3155 0 3.05112
186596 3067 0 2.92953
198846 3151 0 4.21412
189831 3107 0 3.92228
194429 3135 0 4.18364
211701 3229 0 4.60808
203729 3218 0 4.23346
178878 2809 0 3.72156
188232 3105 0 3.97893
194548 3111 0 4.13544
212816 3322 0 4.46332
222932 3537 0 4.93602
215536 3558 0 4.54413
208007 3261 0 4.45795
177050 2806 0 3.70131
193878 3166 0 4.144
196478 3054 0 4.20665
210447 3506 0 4.36383
205077 3315 0 4.41434
207248 3153 0 4.26448
191957 3144 0 4.01669
176805 2908 0 3.69304
144732 2352 0 3.16148
184382 2991 0 3.94479
156327 2570 0 3.2874
158568 2661 0 3.26069
187909 3173 0 4.0563
173422 2844 0 3.59404
184077 3183 0 3.89378
166099 2728 0 3.49071
172338 2835 0 3.45664
#/home/michal/Dropbox/study/university/kth/thesis/data/features/ds0,015/ds0,015_mp9000/fixed_featuredata_fpfh_uniform_2015-05-29_08-46-06.txt
195245 17816 0 4.88248
206023 18746 0 4.86198
201937 18362 0 4.76929
193207 17676 0 4.86965
214752 19002 0 5.31144
197834 17374 0 5.03256
174133 16137 0 4.56701
173410 16319 0 4.00988
183635 16706 0 4.59155
180250 16401 0 4.49977
167608 15419 0 4.12034
234922 19783 0 5.99198
172918 15662 0 4.3232
207363 17866 0 5.29194
195928 17060 0 4.98622
209008 18249 0 5.16031
179371 16798 0 4.25058
181927 16957 0 4.50303
212391 18119 0 5.31796
194858 17303 0 4.7502
172448 16260 0 4.05433
189971 16843 0 4.76893
161774 14714 0 3.99179
165901 15458 0 3.893
180093 16771 0 4.32806
187166 16446 0 4.62215
187706 16859 0 4.59882
190610 17141 0 4.70216
217467 19293 0 5.30373
215065 18381 0 5.36351
198864 17666 0 4.75118
201001 17657 0 5.13425
190706 17250 0 4.74937
214284 18338 0 5.43134
215450 18567 0 5.4177
210531 18776 0 5.18853
207769 18070 0 4.94238
188106 17529 0 4.56084
201065 17575 0 4.96034
187846 17452 0 4.64698
192107 17501 0 4.71575
227570 18859 0 5.89071
188130 17320 0 4.67012
195123 17721 0 4.70135
205674 18538 0 5.20886
200690 18916 0 4.92795
178568 16416 0 4.30311
170606 16056 0 4.26854
158412 14882 0 3.75591
173525 16202 0 4.45114
197488 18688 0 4.84494
185159 17483 0 4.41394
167329 16098 0 4.07491
180836 16481 0 4.41458
151168 14555 0 3.77958
191017 17199 0 4.80192
186596 17680 0 4.56759
198846 17661 0 4.7725
189831 17535 0 4.77921
194429 17400 0 4.64476
211701 18505 0 5.24492
203729 18084 0 5.13667
178878 16398 0 4.21381
188232 17040 0 4.02098
194548 17230 0 4.48204
212816 18748 0 4.36847
222932 19126 0 5.52554
215536 20163 0 5.22699
208007 18302 0 4.99268
177050 16247 0 3.94856
193878 16942 0 4.91606
196478 17247 0 4.92887
210447 18483 0 4.81954
205077 17773 0 4.58457
207248 17696 0 5.33861
191957 16913 0 4.61433
176805 16691 0 4.41405
144732 13831 0 3.0606
184382 16479 0 4.0993
156327 14989 0 3.33669
158568 14987 0 3.20889
187909 16804 0 4.67688
173422 15693 0 3.89616
184077 16373 0 3.4949
166099 15642 0 3.51211
172338 16260 0 4.39799
#/home/michal/Dropbox/study/university/kth/thesis/data/features/ds0,015/ds0,015_mp9000/fixed_featuredata_fpfh_susan_2015-05-29_10-30-32.txt
195245 3341 0 1.82253
206023 3434 0 1.43005
201937 3213 0 1.90147
193207 3170 0 1.82508
214752 3614 0 2.03556
197834 3262 0 1.33885
174133 3181 0 1.83371
173410 2799 0 1.22942
183635 1407 0 1.00543
180250 3011 0 1.6168
167608 3417 0 2.06294
234922 3714 0 2.38867
172918 3282 0 1.82428
207363 3386 0 2.34758
195928 3524 0 1.61612
209008 3276 0 1.89647
179371 3086 0 1.73203
181927 3183 0 1.64737
212391 3086 0 1.92278
194858 2978 0 1.59966
172448 2775 0 1.29326
189971 2936 0 1.75522
161774 2798 0 1.62198
165901 2877 0 1.28673
180093 3069 0 1.51403
187166 3310 0 1.96759
187706 2683 0 1.47232
190610 3241 0 1.84403
217467 3433 0 1.95922
215065 3224 0 2.06999
198864 3208 0 1.7581
201001 3186 0 1.72876
190706 3061 0 1.84412
214284 3332 0 1.97158
215450 3380 0 2.36409
210531 3667 0 2.06685
207769 3157 0 2.06795
188106 3089 0 2.02358
201065 3221 0 1.92284
187846 3113 0 1.56295
192107 3368 0 2.0371
227570 3672 0 2.33605
188130 2509 0 1.38848
195123 3143 0 1.62558
205674 3267 0 1.53712
200690 3326 0 1.67926
178568 3035 0 1.91921
170606 3141 0 1.72892
158412 3051 0 1.65489
173525 1997 0 1.13114
197488 3131 0 1.42767
185159 3035 0 1.67339
167329 2757 0 1.22657
180836 2972 0 1.47761
151168 2697 0 1.26177
191017 3100 0 1.6065
186596 3012 0 1.6854
198846 3197 0 1.49967
189831 2882 0 1.48687
194429 3002 0 1.75312
211701 3269 0 1.78137
203729 1149 0 0.903086
178878 3277 0 1.72801
188232 3339 0 2.08927
194548 3125 0 1.69864
212816 3325 0 1.94134
222932 3325 0 1.99965
215536 3526 0 1.84633
208007 3133 0 1.68755
177050 2947 0 1.5762
193878 3124 0 1.66157
196478 3180 0 1.86746
210447 3435 0 1.58998
205077 3556 0 2.21449
207248 3173 0 1.54008
191957 3155 0 1.90089
176805 2901 0 1.32612
144732 2759 0 1.44173
184382 2825 0 1.64785
156327 2849 0 1.47753
158568 2929 0 1.27027
187909 3268 0 1.96614
173422 3010 0 1.83385
184077 3244 0 1.81576
166099 2879 0 1.4232
172338 3165 0 1.49652
#/home/michal/Dropbox/study/university/kth/thesis/data/features/ds0,015/ds0_015/fixed_featuredata_fpfh_susan_2015-05-21_18-58-48.txt
228745 3507 0 1.12055
232248 3524 0 1.00638
209814 3092 0 0.712993
218177 3577 0 0.807682
254562 3770 0 0.929829
208815 3653 0 0.7455
276046 3881 0 1.35074
247696 1708 0 0.745425
206078 3264 0 1.00429
173613 3454 0 0.994818
242021 3681 0 1.11567
273917 4151 0 1.26434
221026 3442 0 1.11908
325980 4428 0 1.70613
286321 4031 0 1.40727
256995 3704 0 1.51441
272279 4153 0 1.35135
265982 3427 0 1.25565
208894 3115 0 0.848078
242932 3451 0 1.01224
223740 3181 0 0.923813
201009 3240 0 0.869124
179322 3056 0 0.767358
194654 3208 0 0.825838
207481 3616 0 1.00939
236736 3354 0 0.985521
216224 3505 0 1.14158
316455 4238 0 1.92675
310514 3937 0 1.54731
255360 3793 0 1.30002
248766 3607 0 1.24197
313832 4080 0 1.52284
247024 3764 0 1.09363
315718 4288 0 1.83103
289423 4201 0 1.3651
289112 3832 0 1.28782
268484 3784 0 1.4422
269225 3717 0 1.02523
300024 4276 0 1.21524
242735 3968 0 0.913385
217353 3673 0 0.802264
270039 2963 0 1.08086
274894 3837 0 1.61028
304123 3928 0 1.70345
248504 3926 0 1.18911
302871 4370 0 1.56507
286933 4326 0 1.45851
276847 2513 0 1.07251
360015 4728 0 1.81465
204094 3216 0 0.937449
256669 3519 0 1.16536
214195 3327 0 0.914958
203775 3279 0 0.926135
299966 4119 0 1.38832
247258 3661 0 1.33654
260375 3585 0 1.35381
249627 3453 0 0.984731
282871 3590 0 1.02372
307320 4084 0 1.13746
219987 1171 0 0.324962
222835 3813 0 1.00705
237610 3658 0 1.10008
280171 3957 0 1.35553
299285 4103 0 1.1863
235284 3354 0 0.817251
240647 3660 0 1.03173
273465 3701 0 1.42039
219110 3397 0 0.927213
211482 3317 0 0.890269
214959 3229 0 1.07614
211942 3510 0 0.967741
251332 3855 0 1.208
205951 3123 0 0.909928
203227 3117 0 0.893835
265381 3754 0 1.17469
177840 3105 0 0.853346
197349 2918 0 0.867882
191488 3178 0 0.96409
183425 3115 0 0.801718
220487 3508 0 0.974778
194771 3161 0 0.966508
189585 3141 0 0.908305
190949 3203 0 0.838837
194056 3453 0 0.966209
#/home/michal/Dropbox/study/university/kth/thesis/data/features/ds0,015/ds0_015/fixed_featuredata_fpfh_iss_2015-05-21_18-38-52.txt
228745 3723 0 1.75444
232248 3871 0 1.65386
209814 3431 0 1.42654
218177 3418 0 1.42401
254562 3773 0 2.13735
208815 3350 0 1.4486
276046 4035 0 2.28384
247696 3748 0 1.7953
206078 3124 0 1.711
173613 2918 0 1.66918
242021 3691 0 1.67619
273917 4219 0 2.18781
221026 3537 0 1.80251
325980 4628 0 2.59024
286321 4326 0 2.06442
256995 3864 0 1.86721
272279 4234 0 1.82345
265982 3952 0 2.06706
208894 3259 0 1.40323
242932 3937 0 1.64745
223740 3621 0 1.51485
201009 3394 0 1.42875
179322 3000 0 0.97099
194654 3203 0 1.27496
207481 3350 0 1.57921
236736 3846 0 1.51625
216224 3386 0 1.59012
316455 4557 0 2.31089
#/home/michal/Dropbox/study/university/kth/thesis/data/features/ds0,015/ds0_015/fixed_featuredata_fpfh_uniform_2015-05-21_17-40-39.txt
228745 19290 0 2.60194
232248 19673 0 2.77004
209814 18423 0 2.12056
218177 18592 0 2.72576
254562 20114 0 3.08269
208815 18096 0 2.28345
276046 21149 0 3.22122
247696 20170 0 2.6095
206078 17250 0 2.37077
173613 15536 0 1.9258
242021 19770 0 2.66971
273917 19962 0 3.30579
221026 18549 0 2.55131
325980 22937 0 3.96888
286321 21387 0 3.57036
256995 20047 0 3.36908
272279 21023 0 3.16927
265982 20160 0 3.3056
208894 17887 0 2.45858
242932 19625 0 2.99265
223740 18465 0 2.59914
201009 17144 0 2.08476
179322 16154 0 1.52401
194654 17211 0 1.89445
207481 17332 0 2.327
236736 19353 0 2.0821
216224 18519 0 2.67389
316455 23203 0 3.26426
310514 22488 0 3.11072
255360 20275 0 2.50461
248766 19378 0 2.49773
313832 22799 0 3.04186
247024 19688 0 2.34585
315718 22727 0 3.90145
289423 21759 0 3.29269
289112 21536 0 3.09614
268484 20868 0 3.50695
269225 20303 0 3.4356
300024 22380 0 2.89991
242735 20145 0 2.09037
217353 18661 0 2.18848
270039 20606 0 3.18457
274894 21068 0 3.59904
304123 22830 0 3.81687
248504 19749 0 2.19514
302871 21740 0 3.68376
286933 20780 0 3.18506
276847 21236 0 3.12921
360015 25911 0 3.42106
204094 18212 0 1.90498
256669 20547 0 2.91966
214195 18166 0 2.6404
203775 17306 0 2.2905
299966 22384 0 3.487
247258 20537 0 2.83589
260375 20554 0 3.03043
249627 20077 0 2.33355
282871 20781 0 2.79848
307320 23034 0 3.58652
219987 19261 0 2.31423
222835 18816 0 2.4414
237610 19488 0 2.66321
280171 21705 0 3.59702
299285 22790 0 3.60253
235284 19521 0 2.63464
240647 21360 0 2.95534
273465 20956 0 3.06846
219110 18624 0 2.42055
211482 18010 0 1.88697
214959 17967 0 1.93932
211942 18426 0 1.82634
251332 20069 0 2.41687
205951 17711 0 1.89511
203227 17316 0 1.97614
265381 21403 0 2.57659
177840 15817 0 1.57078
197349 17193 0 1.70795
191488 16936 0 1.97524
183425 16189 0 1.9402
220487 18145 0 2.66516
194771 17113 0 2.06301
189585 16531 0 1.928
190949 17387 0 2.03938
194056 17714 0 2.28894
#/home/michal/Dropbox/study/university/kth/thesis/data/features/ds0,015/ds0_015/fixed_featuredata_fpfh_sift_2015-05-21_19-11-17.txt
228745 624 0 0.45228
232248 621 0 0.406128
209814 669 0 0.439811
218177 647 0 0.468441
254562 619 0 0.489584
208815 611 0 0.371191
276046 607 0 0.436141
247696 489 0 0.345344
206078 602 0 0.211917
173613 578 0 0.195809
242021 614 0 0.216413
273917 582 0 0.274889
221026 606 0 0.337493
325980 627 0 0.53916
286321 615 0 0.466419
256995 597 0 0.259125
272279 587 0 0.266866
265982 598 0 0.301566
208894 656 0 0.459972
242932 621 0 0.279193
223740 575 0 0.397795
201009 569 0 0.350971
179322 560 0 0.185835
194654 563 0 0.237047
207481 604 0 0.28067
236736 617 0 0.240426
216224 588 0 0.328752
316455 682 0 0.532802
310514 615 0 0.47564
255360 576 0 0.359388
248766 565 0 0.371921
313832 612 0 0.501722
247024 586 0 0.405915
315718 580 0 0.439383
289423 631 0 0.276062
289112 617 0 0.271096
268484 567 0 0.370421
269225 556 0 0.41259
300024 617 0 0.537802
242735 601 0 0.44156
217353 590 0 0.245423
270039 581 0 0.42482
274894 602 0 0.466134
304123 655 0 0.449385
248504 566 0 0.389495
302871 591 0 0.443192
286933 572 0 0.517649
276847 554 0 0.429191
360015 682 0 0.432262
204094 600 0 0.313036
256669 562 0 0.375308
214195 597 0 0.245478
203775 551 0 0.326792
299966 629 0 0.499701
247258 677 0 0.403675
260375 577 0 0.401122
249627 665 0 0.420868
282871 645 0 0.50194
307320 658 0 0.530873
219987 405 0 0.310651
222835 654 0 0.297589
237610 647 0 0.410044
280171 659 0 0.499482
299285 691 0 0.506356
235284 645 0 0.401005
240647 687 0 0.419778
273465 644 0 0.517543
219110 632 0 0.25574
211482 636 0 0.247277
214959 580 0 0.206568
211942 606 0 0.220204
251332 622 0 0.471472
205951 613 0 0.379615
203227 613 0 0.330287
265381 651 0 0.274635
177840 568 0 0.286717
197349 616 0 0.310247
191488 578 0 0.297253
183425 558 0 0.283791
220487 589 0 0.339873
194771 585 0 0.31896
189585 603 0 0.302016
190949 591 0 0.30318
194056 624 0 0.293828
