#/home/michal/Dropbox/study/university/kth/thesis/data/features/ds0,015/ds0,015_mp9000/fixed_featuredata_pfhrgb_iss_2015-05-29_10-15-56.txt
195245 3316 0 4.91413
206023 3503 0 5.45753
201937 3460 0 6.16068
193207 3101 0 4.99207
214752 3431 0 6.25081
197834 3023 0 5.80758
174133 2739 0 4.92031
173410 2677 0 4.40248
183635 2811 0 4.13099
180250 2807 0 3.69014
167608 2813 0 4.77245
234922 3610 0 7.72378
172918 3054 0 5.55582
207363 3283 0 6.55547
195928 3076 0 5.3252
209008 3431 0 6.32515
179371 3090 0 4.37755
181927 2834 0 4.41858
212391 3410 0 6.60343
194858 3000 0 5.45072
172448 2792 0 4.83669
189971 3139 0 6.03098
161774 2643 0 4.75845
165901 2758 0 4.83186
180093 3048 0 5.34003
187166 3067 0 5.17416
187706 3024 0 4.67336
190610 3048 0 4.57797
217467 3494 0 5.30283
215065 3225 0 4.99546
198864 3131 0 5.42133
201001 3087 0 4.92277
190706 2843 0 4.22589
214284 3293 0 6.10239
215450 3251 0 5.35243
210531 3365 0 5.59736
207769 3153 0 5.13058
188106 3081 0 4.18395
201065 3301 0 5.19066
187846 2958 0 5.11833
192107 3146 0 5.22534
227570 3475 0 7.83428
188130 2837 0 4.74552
195123 3081 0 5.30351
205674 3206 0 4.67733
200690 3277 0 5.1258
178568 2797 0 3.92975
170606 2657 0 3.78998
158412 2537 0 4.05183
173525 2695 0 3.46598
197488 3209 0 5.05315
185159 3029 0 5.37541
167329 2761 0 4.84146
180836 2983 0 4.86413
151168 2486 0 3.20705
191017 3155 0 4.51252
186596 3067 0 4.65635
198846 3151 0 5.74901
189831 3107 0 5.49648
194429 3135 0 5.96289
211701 3229 0 6.36931
203729 3218 0 6.4984
178878 2809 0 5.62379
188232 3105 0 5.71951
194548 3111 0 6.11878
212816 3322 0 6.4893
222932 3537 0 6.93101
215536 3558 0 6.10053
208007 3261 0 6.10847
177050 2806 0 5.15856
193878 3166 0 5.77777
196478 3054 0 5.70059
210447 3506 0 6.35228
205077 3315 0 6.37723
207248 3153 0 6.24846
191957 3144 0 5.79704
176805 2908 0 5.09587
144732 2352 0 3.8744
184382 2991 0 4.6573
156327 2570 0 4.30901
158568 2661 0 3.67651
187909 3173 0 4.76265
173422 2844 0 5.10707
184077 3183 0 4.50622
166099 2728 0 4.12996
172338 2835 0 4.8976
#/home/michal/Dropbox/study/university/kth/thesis/data/features/ds0,015/ds0,015_mp9000/fixed_featuredata_pfhrgb_susan_2015-05-29_10-37-07.txt
195245 3341 0 4.2373
206023 3434 0 4.44663
201937 3213 0 4.55044
193207 3170 0 4.78953
214752 3614 0 5.66593
197834 3262 0 4.72158
174133 3181 0 4.57188
173410 2799 0 3.63883
183635 1407 0 2.04821
180250 3011 0 3.86548
167608 3417 0 4.9484
234922 3714 0 5.90254
172918 3282 0 5.02123
207363 3386 0 5.71529
195928 3524 0 5.34794
209008 3276 0 5.07846
179371 3086 0 4.22278
181927 3183 0 4.35078
212391 3086 0 4.50067
194858 2978 0 4.29978
172448 2775 0 3.54926
189971 2936 0 4.14156
161774 2798 0 4.21747
165901 2877 0 3.50226
180093 3069 0 3.90235
187166 3310 0 4.87207
187706 2683 0 3.41027
190610 3241 0 4.58593
217467 3433 0 5.34508
215065 3224 0 5.18678
198864 3208 0 4.77753
201001 3186 0 4.54939
190706 3061 0 4.36789
214284 3332 0 5.26297
215450 3380 0 5.35561
210531 3667 0 4.70598
207769 3157 0 4.1065
188106 3089 0 4.36616
201065 3221 0 4.64238
187846 3113 0 3.91442
192107 3368 0 5.70048
227570 3672 0 7.78664
188130 2509 0 4.33149
195123 3143 0 5.23964
205674 3267 0 4.80042
200690 3326 0 4.98776
178568 3035 0 4.75211
170606 3141 0 4.47904
158412 3051 0 4.65566
173525 1997 0 3.19657
197488 3131 0 4.62135
185159 3035 0 4.20474
167329 2757 0 3.57445
180836 2972 0 4.34589
151168 2697 0 3.50223
191017 3100 0 4.80689
186596 3012 0 4.50763
198846 3197 0 4.86513
189831 2882 0 4.06398
194429 3002 0 4.98077
211701 3269 0 5.15548
203729 1149 0 2.04958
178878 3277 0 5.08507
188232 3339 0 5.14948
194548 3125 0 5.19472
212816 3325 0 5.15914
222932 3325 0 5.62958
215536 3526 0 5.49766
208007 3133 0 5.04432
177050 2947 0 4.3495
193878 3124 0 4.661
196478 3180 0 5.12455
210447 3435 0 4.99568
205077 3556 0 5.61131
207248 3173 0 5.45821
191957 3155 0 4.87299
176805 2901 0 3.944
144732 2759 0 3.68271
184382 2825 0 4.13949
156327 2849 0 4.05298
158568 2929 0 4.28488
187909 3268 0 5.17497
173422 3010 0 4.53534
184077 3244 0 4.78771
166099 2879 0 4.39602
172338 3165 0 4.87726
#/home/michal/Dropbox/study/university/kth/thesis/data/features/ds0,015/ds0,015_mp9000/fixed_featuredata_pfhrgb_sift_2015-05-29_10-51-54.txt
195245 923 0 0.821976
206023 944 0 0.835613
201937 951 0 0.615316
193207 948 0 0.911428
214752 931 0 0.458387
197834 866 0 0.626466
174133 829 0 0.745487
173410 907 0 0.543905
183635 631 0 0.299017
180250 822 0 0.562804
167608 857 0 0.700327
234922 924 0 0.883954
172918 804 0 0.725586
207363 884 0 0.548295
195928 856 0 0.664333
209008 951 0 0.82299
179371 841 0 0.697561
181927 834 0 0.687076
212391 919 0 1.08194
194858 929 0 0.977688
172448 868 0 0.739882
189971 901 0 0.946435
161774 784 0 0.700152
165901 823 0 0.506082
180093 827 0 0.573883
187166 826 0 0.41339
187706 957 0 0.774024
190610 845 0 0.516389
217467 942 0 0.807366
215065 885 0 0.818682
198864 846 0 0.652012
201001 865 0 0.799388
190706 876 0 0.56642
214284 917 0 0.544823
215450 914 0 0.565529
210531 953 0 0.699418
207769 846 0 0.786999
188106 876 0 0.4845
201065 850 0 0.846105
187846 875 0 0.736179
192107 925 0 0.751521
227570 885 0 0.738353
188130 811 0 0.396341
195123 880 0 0.579794
205674 888 0 0.597448
200690 963 0 0.456533
178568 867 0 0.703017
170606 847 0 0.461622
158412 790 0 0.486289
173525 773 0 0.303679
197488 974 0 0.658526
185159 915 0 0.747185
167329 831 0 0.438969
180836 860 0 0.452578
151168 759 0 0.570259
191017 885 0 0.647807
186596 957 0 0.563976
198846 909 0 0.517691
189831 998 0 0.797906
194429 973 0 0.863075
211701 919 0 0.928813
203729 601 0 0.564146
178878 895 0 0.466962
188232 886 0 0.707782
194548 908 0 0.814706
212816 978 0 0.649506
222932 932 0 0.937813
215536 987 0 0.83958
208007 998 0 0.970601
177050 868 0 0.578679
193878 918 0 0.743568
196478 882 0 0.825161
210447 928 0 0.614487
205077 864 0 0.508208
207248 913 0 0.762346
191957 952 0 0.789994
176805 919 0 0.789934
144732 765 0 0.60438
184382 908 0 0.806736
156327 794 0 0.646614
158568 795 0 0.693551
187909 840 0 0.789629
173422 909 0 0.832571
184077 855 0 0.788401
166099 871 0 0.715594
172338 869 0 0.728251
#/home/michal/Dropbox/study/university/kth/thesis/data/features/ds0,015/ds0,015_mp9000/fixed_featuredata_pfhrgb_uniform_2015-05-29_09-15-27.txt
195245 17816 0 24.335
206023 18746 0 26.4103
201937 18362 0 23.7068
193207 17676 0 24.1797
214752 19002 0 25.1997
197834 17374 0 25.9697
174133 16137 0 20.1103
173410 16319 0 20.6569
183635 16706 0 20.7055
180250 16401 0 19.6427
167608 15419 0 19.626
234922 19783 0 33.4261
172918 15662 0 20.5635
207363 17866 0 24.3875
195928 17060 0 27.2711
209008 18249 0 30.4338
179371 16798 0 22.9533
181927 16957 0 23.4072
212391 18119 0 25.0009
194858 17303 0 24.3735
172448 16260 0 20.0704
189971 16843 0 25.2796
161774 14714 0 20.8945
165901 15458 0 21.1573
180093 16771 0 22.4035
187166 16446 0 23.5537
187706 16859 0 23.5944
190610 17141 0 26.1703
217467 19293 0 28.3249
215065 18381 0 26.9738
198864 17666 0 24.1637
201001 17657 0 26.6912
190706 17250 0 24.8825
214284 18338 0 26.4946
215450 18567 0 29.0173
210531 18776 0 27.8586
207769 18070 0 28.23
188106 17529 0 24.0782
201065 17575 0 23.0774
187846 17452 0 24.2109
192107 17501 0 23.9199
227570 18859 0 33.6301
188130 17320 0 25.5088
195123 17721 0 23.9148
205674 18538 0 23.723
200690 18916 0 25.044
178568 16416 0 24.6129
170606 16056 0 27.3105
158412 14882 0 23.6086
173525 16202 0 24.8356
197488 18688 0 28.4431
185159 17483 0 26.8734
167329 16098 0 23.7645
180836 16481 0 25.7053
151168 14555 0 21.7244
191017 17199 0 27.3491
186596 17680 0 27.2874
198846 17661 0 30.3394
189831 17535 0 27.4921
194429 17400 0 28.7218
211701 18505 0 32.5224
203729 18084 0 28.8912
178878 16398 0 27.0691
188232 17040 0 27.7999
194548 17230 0 28.8812
212816 18748 0 31.5132
222932 19126 0 33.3453
215536 20163 0 31.4259
208007 18302 0 30.8658
177050 16247 0 26.2049
193878 16942 0 28.254
196478 17247 0 29.7304
210447 18483 0 30.4678
205077 17773 0 30.6009
207248 17696 0 31.1556
191957 16913 0 27.9052
176805 16691 0 26.0537
144732 13831 0 21.0416
184382 16479 0 26.6767
156327 14989 0 23.1931
158568 14987 0 23.2822
187909 16804 0 27.5793
173422 15693 0 26.1158
184077 16373 0 27.0967
166099 15642 0 23.5771
172338 16260 0 23.1337
#/home/michal/Dropbox/study/university/kth/thesis/data/features/ds0,015/ds0_015/fixed_featuredata_pfhrgb_susan_2015-05-21_19-00-27.txt
228745 3507 0 4.82132
232248 3524 0 5.15313
209814 3092 0 4.05031
218177 3577 0 6.0126
254562 3770 0 6.08064
208815 3653 0 5.05981
276046 3881 0 7.20347
247696 1708 0 1.6472
206078 3264 0 1.72955
173613 3454 0 3.24786
242021 3681 0 6.20646
273917 4151 0 5.62356
221026 3442 0 2.09071
325980 4428 0 6.07356
286321 4031 0 4.65528
256995 3704 0 6.03957
272279 4153 0 3.34442
265982 3427 0 2.478
208894 3115 0 2.65654
242932 3451 0 5.25566
223740 3181 0 5.01507
201009 3240 0 1.93815
179322 3056 0 1.63074
194654 3208 0 1.71748
207481 3616 0 2.54711
236736 3354 0 2.26535
216224 3505 0 3.31541
316455 4238 0 4.65981
310514 3937 0 3.68644
255360 3793 0 3.06066
248766 3607 0 3.13377
313832 4080 0 3.86293
247024 3764 0 3.57993
315718 4288 0 4.51201
289423 4201 0 8.85902
289112 3832 0 7.37232
268484 3784 0 7.36581
269225 3717 0 6.54434
300024 4276 0 8.69292
242735 3968 0 6.25753
217353 3673 0 5.69225
270039 2963 0 6.73584
274894 3837 0 7.86221
304123 3928 0 8.75009
248504 3926 0 7.49896
302871 4370 0 9.74064
286933 4326 0 8.81878
276847 2513 0 4.93912
360015 4728 0 9.03612
204094 3216 0 2.38042
256669 3519 0 3.81467
214195 3327 0 2.62139
203775 3279 0 2.87271
299966 4119 0 7.43939
247258 3661 0 4.45388
260375 3585 0 3.94835
249627 3453 0 3.36036
282871 3590 0 4.38726
307320 4084 0 6.21209
219987 1171 0 1.81674
222835 3813 0 4.02964
237610 3658 0 2.28955
280171 3957 0 2.86056
299285 4103 0 3.08091
235284 3354 0 2.44601
240647 3660 0 5.6084
273465 3701 0 5.61861
219110 3397 0 2.13639
211482 3317 0 1.92665
214959 3229 0 5.98334
211942 3510 0 5.58317
251332 3855 0 5.00345
205951 3123 0 1.88153
203227 3117 0 2.18589
265381 3754 0 4.08776
177840 3105 0 1.66882
197349 2918 0 1.7447
191488 3178 0 4.81389
183425 3115 0 4.42341
220487 3508 0 5.65943
194771 3161 0 4.61755
189585 3141 0 4.40326
190949 3203 0 2.76975
194056 3453 0 2.89643
#/home/michal/Dropbox/study/university/kth/thesis/data/features/ds0,015/ds0_015/fixed_featuredata_pfhrgb_uniform_2015-05-21_17-44-28.txt
228745 19290 0 32.3877
232248 19673 0 31.6945
209814 18423 0 28.2849
218177 18592 0 30.4326
254562 20114 0 37.7178
208815 18096 0 28.9148
276046 21149 0 42.4799
247696 20170 0 35.2233
206078 17250 0 27.7446
173613 15536 0 22.2525
242021 19770 0 35.2862
273917 19962 0 43.0474
221026 18549 0 31.5765
325980 22937 0 38.5283
286321 21387 0 23.7589
256995 20047 0 17.3007
272279 21023 0 14.7994
265982 20160 0 20.8301
208894 17887 0 20.1549
242932 19625 0 23.2187
223740 18465 0 19.4445
201009 17144 0 13.6555
179322 16154 0 20.0815
194654 17211 0 21.8043
207481 17332 0 15.0054
236736 19353 0 23.1428
216224 18519 0 14.5104
316455 23203 0 36.3893
310514 22488 0 23.2767
255360 20275 0 25.7954
248766 19378 0 22.5747
313832 22799 0 41.2674
247024 19688 0 34.74
315718 22727 0 42.2552
289423 21759 0 30.0279
289112 21536 0 31.9749
268484 20868 0 30.5897
269225 20303 0 25.62
300024 22380 0 41.8852
242735 20145 0 26.0402
217353 18661 0 24.0335
270039 20606 0 40.2777
274894 21068 0 19.5689
304123 22830 0 41.5325
248504 19749 0 24.6422
302871 21740 0 30.7589
286933 20780 0 35.9295
276847 21236 0 38.7192
360015 25911 0 49.692
204094 18212 0 15.3587
256669 20547 0 18.6045
214195 18166 0 10.7772
203775 17306 0 27.2827
299966 22384 0 21.1971
247258 20537 0 21.5501
260375 20554 0 33.0399
249627 20077 0 31.3798
282871 20781 0 20.911
307320 23034 0 31.4297
219987 19261 0 28.7177
222835 18816 0 31.0121
237610 19488 0 34.4388
280171 21705 0 42.3802
299285 22790 0 42.2853
235284 19521 0 31.4235
240647 21360 0 29.7473
273465 20956 0 38.7535
219110 18624 0 16.3296
211482 18010 0 13.1307
214959 17967 0 20.0951
211942 18426 0 24.7913
251332 20069 0 16.0866
205951 17711 0 17.5664
203227 17316 0 12.5417
265381 21403 0 23.2021
177840 15817 0 16.3904
197349 17193 0 11.3156
191488 16936 0 10.6824
183425 16189 0 17.2682
220487 18145 0 29.0192
194771 17113 0 19.0103
189585 16531 0 19.3384
190949 17387 0 18.6953
194056 17714 0 21.2654
#/home/michal/Dropbox/study/university/kth/thesis/data/features/ds0,015/ds0_015/fixed_featuredata_pfhrgb_iss_2015-05-21_18-41-57.txt
228745 3723 0 7.30686
232248 3871 0 6.44933
209814 3431 0 4.89862
218177 3418 0 5.10212
254562 3773 0 4.58286
208815 3350 0 2.88762
276046 4035 0 3.71993
247696 3748 0 2.74116
206078 3124 0 2.3631
173613 2918 0 4.33657
242021 3691 0 3.20971
273917 4219 0 6.02689
221026 3537 0 6.45946
325980 4628 0 8.51967
286321 4326 0 5.069
256995 3864 0 8.20391
272279 4234 0 5.61027
265982 3952 0 3.63954
208894 3259 0 3.10372
242932 3937 0 3.49631
223740 3621 0 4.80466
201009 3394 0 3.38555
179322 3000 0 3.48956
194654 3203 0 3.13752
207481 3350 0 5.47049
236736 3846 0 3.48305
216224 3386 0 3.06136
316455 4557 0 4.36332
310514 4237 0 5.44122
255360 3888 0 3.75226
248766 3446 0 4.97379
313832 4446 0 9.81644
247024 3556 0 5.84676
315718 4382 0 10.3686
289423 4166 0 8.34221
289112 4045 0 8.19555
268484 3975 0 8.04152
269225 4014 0 7.84475
300024 4413 0 10.52
242735 3869 0 4.78328
217353 3358 0 2.29159
270039 3814 0 3.30293
274894 3957 0 3.34729
304123 4433 0 3.85194
248504 3838 0 2.87214
302871 4285 0 3.82369
286933 4276 0 3.62365
276847 4201 0 3.19669
360015 5540 0 4.66657
204094 3258 0 2.07842
256669 3931 0 2.99946
214195 3450 0 2.3045
203775 3354 0 2.2558
299966 4527 0 3.69528
247258 3952 0 2.79954
260375 3956 0 8.21189
249627 3942 0 7.76139
282871 3969 0 9.46392
307320 4544 0 10.8755
219987 3534 0 6.22371
222835 3507 0 6.94395
237610 3824 0 7.60395
280171 4254 0 8.40876
299285 4535 0 4.28717
235284 3693 0 2.53562
240647 3841 0 2.4911
273465 3969 0 8.74045
219110 3549 0 6.63007
211482 3508 0 2.27721
214959 3285 0 2.3532
211942 3323 0 5.74314
251332 3998 0 7.68642
205951 3224 0 5.13534
203227 3289 0 2.35534
265381 4361 0 3.26689
177840 2962 0 1.83072
197349 3194 0 1.99783
191488 3144 0 2.00949
183425 3112 0 1.94986
220487 3624 0 2.92508
194771 3128 0 2.04508
189585 3192 0 2.81772
190949 3264 0 5.52691
194056 3387 0 5.42083
#/home/michal/Dropbox/study/university/kth/thesis/data/features/ds0,015/ds0_015/fixed_featuredata_pfhrgb_sift_2015-05-21_19-11-53.txt
228745 624 0 0.763549
232248 621 0 0.581611
209814 669 0 0.549592
218177 647 0 0.805022
254562 619 0 0.854988
208815 611 0 0.665746
276046 607 0 0.954365
247696 489 0 0.619843
206078 602 0 0.639641
173613 578 0 0.556241
242021 614 0 0.745415
273917 582 0 0.615643
221026 606 0 0.380829
325980 627 0 1.11236
286321 615 0 1.09776
256995 597 0 0.782136
272279 587 0 0.900038
265982 598 0 0.917477
208894 656 0 0.805301
242932 621 0 0.845209
223740 575 0 0.723415
201009 569 0 0.641832
179322 560 0 0.372383
194654 563 0 0.482897
207481 604 0 0.499694
236736 617 0 0.548529
216224 588 0 0.251225
316455 682 0 0.853003
310514 615 0 0.413614
255360 576 0 0.29392
248766 565 0 0.299914
313832 612 0 0.821893
247024 586 0 0.713769
315718 580 0 0.933297
289423 631 0 0.853954
289112 617 0 0.830161
268484 567 0 0.818935
269225 556 0 0.620221
300024 617 0 0.424883
242735 601 0 0.272691
217353 590 0 0.236366
270039 581 0 0.28442
274894 602 0 0.286053
304123 655 0 0.356682
248504 566 0 0.261792
302871 591 0 0.761877
286933 572 0 0.314209
276847 554 0 0.302805
360015 682 0 0.956722
204094 600 0 0.648376
256669 562 0 0.767747
214195 597 0 0.672308
203775 551 0 0.582645
299966 629 0 1.03592
247258 677 0 0.864865
260375 577 0 0.749312
249627 665 0 0.483055
282871 645 0 0.36008
307320 658 0 0.66619
219987 405 0 0.266298
222835 654 0 0.310617
237610 647 0 0.586382
280171 659 0 1.03296
299285 691 0 1.09417
235284 645 0 0.824511
240647 687 0 0.773929
273465 644 0 0.905636
219110 632 0 0.252447
211482 636 0 0.264208
214959 580 0 0.2818
211942 606 0 0.217751
251332 622 0 0.273736
205951 613 0 0.220022
203227 613 0 0.615402
265381 651 0 0.932822
177840 568 0 0.554314
197349 616 0 0.634497
191488 578 0 0.636193
183425 558 0 0.601821
220487 589 0 0.259881
194771 585 0 0.209289
189585 603 0 0.656686
190949 591 0 0.644607
194056 624 0 0.644601
