#/home/michal/Dropbox/study/university/kth/thesis/data/features/ds0,015/ds0,015_mp9000/fixed_featuredata_shotcolor_uniform_2015-05-29_08-44-07.txt
195245 17816 0 1.3388
206023 18746 0 1.37692
201937 18362 0 1.37462
193207 17676 0 1.34279
214752 19002 0 1.45347
197834 17374 0 1.3161
174133 16137 0 1.19402
173410 16319 0 1.21772
183635 16706 0 1.25874
180250 16401 0 1.27084
167608 15419 0 1.15487
234922 19783 0 1.41659
172918 15662 0 1.16041
207363 17866 0 1.38951
195928 17060 0 1.3163
209008 18249 0 1.39408
179371 16798 0 1.28003
181927 16957 0 1.2843
212391 18119 0 1.47323
194858 17303 0 1.29409
172448 16260 0 1.23108
189971 16843 0 1.25768
161774 14714 0 1.13348
165901 15458 0 1.15268
180093 16771 0 1.25018
187166 16446 0 1.27238
187706 16859 0 1.29534
190610 17141 0 1.40509
217467 19293 0 1.56509
215065 18381 0 1.45928
198864 17666 0 1.384
201001 17657 0 1.38534
190706 17250 0 1.31304
214284 18338 0 1.46915
215450 18567 0 1.50152
210531 18776 0 1.48571
207769 18070 0 1.40996
188106 17529 0 1.27765
201065 17575 0 1.34626
187846 17452 0 1.38345
192107 17501 0 1.354
227570 18859 0 1.48772
188130 17320 0 1.32653
195123 17721 0 1.37407
205674 18538 0 1.43403
200690 18916 0 1.44692
178568 16416 0 1.22176
170606 16056 0 1.20472
158412 14882 0 1.12122
173525 16202 0 1.22498
197488 18688 0 1.37829
185159 17483 0 1.35181
167329 16098 0 1.19009
180836 16481 0 1.23779
151168 14555 0 1.05313
191017 17199 0 1.30953
186596 17680 0 1.31224
198846 17661 0 1.37253
189831 17535 0 1.37882
194429 17400 0 1.34312
211701 18505 0 1.49545
203729 18084 0 1.37517
178878 16398 0 1.24092
188232 17040 0 1.29376
194548 17230 0 1.34451
212816 18748 0 1.52216
222932 19126 0 1.56164
215536 20163 0 1.71186
208007 18302 0 1.45109
177050 16247 0 1.20493
193878 16942 0 1.314
196478 17247 0 1.32561
210447 18483 0 1.44468
205077 17773 0 1.44453
207248 17696 0 1.40417
191957 16913 0 1.30063
176805 16691 0 1.19856
144732 13831 0 1.01184
184382 16479 0 1.30659
156327 14989 0 1.08015
158568 14987 0 1.09362
187909 16804 0 1.31413
173422 15693 0 1.18614
184077 16373 0 1.22496
166099 15642 0 1.12851
172338 16260 0 1.211
#/home/michal/Dropbox/study/university/kth/thesis/data/features/ds0,015/ds0,015_mp9000/fixed_featuredata_shotcolor_sift_2015-05-29_10-49-36.txt
195245 923 0 0.172897
206023 944 0 0.192791
201937 951 0 0.212826
193207 948 0 0.212257
214752 931 0 0.442055
197834 866 0 0.369929
174133 829 0 0.324401
173410 907 0 0.327635
183635 631 0 0.332553
180250 822 0 0.342942
167608 857 0 0.312045
234922 924 0 0.443297
172918 804 0 0.319604
207363 884 0 0.383884
195928 856 0 0.363504
209008 951 0 0.401557
179371 841 0 0.343124
181927 834 0 0.257077
212391 919 0 0.320889
194858 929 0 0.373324
172448 868 0 0.333904
189971 901 0 0.361377
161774 784 0 0.305443
165901 823 0 0.31234
180093 827 0 0.334691
187166 826 0 0.347791
187706 957 0 0.36227
190610 845 0 0.365107
217467 942 0 0.313726
215065 885 0 0.335034
198864 846 0 0.378109
201001 865 0 0.242531
190706 876 0 0.173315
214284 917 0 0.196247
215450 914 0 0.32218
210531 953 0 0.427197
207769 846 0 0.395247
188106 876 0 0.354097
201065 850 0 0.370431
187846 875 0 0.352897
192107 925 0 0.361311
227570 885 0 0.430432
188130 811 0 0.357284
195123 880 0 0.372771
205674 888 0 0.379599
200690 963 0 0.37585
178568 867 0 0.286732
170606 847 0 0.15907
158412 790 0 0.143414
173525 773 0 0.236037
197488 974 0 0.37944
185159 915 0 0.366506
167329 831 0 0.319149
180836 860 0 0.346558
151168 759 0 0.280479
191017 885 0 0.359187
186596 957 0 0.425244
198846 909 0 0.36704
189831 998 0 0.385126
194429 973 0 0.367472
211701 919 0 0.276718
203729 601 0 0.210194
178878 895 0 0.166123
188232 886 0 0.168547
194548 908 0 0.318486
212816 978 0 0.407482
222932 932 0 0.407062
215536 987 0 0.478008
208007 998 0 0.396714
177050 868 0 0.332245
193878 918 0 0.365174
196478 882 0 0.224098
210447 928 0 0.30686
205077 864 0 0.385032
207248 913 0 0.18128
191957 952 0 0.301055
176805 919 0 0.31317
144732 765 0 0.138287
184382 908 0 0.360906
156327 794 0 0.291919
158568 795 0 0.298779
187909 840 0 0.397864
173422 909 0 0.328362
184077 855 0 0.350389
166099 871 0 0.311799
172338 869 0 0.320796
#/home/michal/Dropbox/study/university/kth/thesis/data/features/ds0,015/ds0,015_mp9000/fixed_featuredata_shotcolor_susan_2015-05-29_10-29-44.txt
195245 3341 0 0.654729
206023 3434 0 0.620856
201937 3213 0 0.863971
193207 3170 0 0.684277
214752 3614 0 0.578365
197834 3262 0 0.573708
174133 3181 0 0.552589
173410 2799 0 0.525488
183635 1407 0 0.426073
180250 3011 0 0.53022
167608 3417 0 0.658432
234922 3714 0 0.714836
172918 3282 0 0.544949
207363 3386 0 0.646413
195928 3524 0 0.612455
209008 3276 0 0.55022
179371 3086 0 0.609735
181927 3183 0 0.515699
212391 3086 0 0.54678
194858 2978 0 0.500652
172448 2775 0 0.435082
189971 2936 0 0.484592
161774 2798 0 0.542079
165901 2877 0 0.430108
180093 3069 0 0.478674
187166 3310 0 0.513816
187706 2683 0 0.459165
190610 3241 0 0.577675
217467 3433 0 0.555067
215065 3224 0 0.549783
198864 3208 0 0.513409
201001 3186 0 0.532658
190706 3061 0 0.491578
214284 3332 0 0.622507
215450 3380 0 0.552777
210531 3667 0 0.650349
207769 3157 0 0.535542
188106 3089 0 0.489576
201065 3221 0 0.52438
187846 3113 0 0.67245
192107 3368 0 0.508548
227570 3672 0 0.597373
188130 2509 0 0.475689
195123 3143 0 0.409417
205674 3267 0 0.582516
200690 3326 0 0.52506
178568 3035 0 0.311066
170606 3141 0 0.480255
158412 3051 0 0.315718
173525 1997 0 0.371635
197488 3131 0 0.383316
185159 3035 0 0.334113
167329 2757 0 0.503677
180836 2972 0 0.396979
151168 2697 0 0.30825
191017 3100 0 0.490168
186596 3012 0 0.482031
198846 3197 0 0.510606
189831 2882 0 0.521411
194429 3002 0 0.279239
211701 3269 0 0.56521
203729 1149 0 0.409258
178878 3277 0 0.46326
188232 3339 0 0.485718
194548 3125 0 0.509808
212816 3325 0 0.597728
222932 3325 0 0.431047
215536 3526 0 0.500347
208007 3133 0 0.512484
177050 2947 0 0.446526
193878 3124 0 0.505497
196478 3180 0 0.559519
210447 3435 0 0.537327
205077 3556 0 0.536603
207248 3173 0 0.532408
191957 3155 0 0.490653
176805 2901 0 0.312909
144732 2759 0 0.490179
184382 2825 0 0.453474
156327 2849 0 0.259489
158568 2929 0 0.419847
187909 3268 0 0.501843
173422 3010 0 0.459472
184077 3244 0 0.482768
166099 2879 0 0.523899
172338 3165 0 0.264945
#/home/michal/Dropbox/study/university/kth/thesis/data/features/ds0,015/ds0,015_mp9000/fixed_featuredata_shotcolor_iss_2015-05-29_10-04-03.txt
195245 3316 0 0.664546
206023 3503 0 0.841565
201937 3460 0 0.820537
193207 3101 0 0.410396
214752 3431 0 0.920462
197834 3023 0 0.397502
174133 2739 0 0.444885
173410 2677 0 0.722182
183635 2811 0 0.877055
180250 2807 0 0.698206
167608 2813 0 0.743369
234922 3610 0 0.867222
172918 3054 0 0.485949
207363 3283 0 0.559943
195928 3076 0 0.67906
209008 3431 0 0.659814
179371 3090 0 0.564772
181927 2834 0 0.489872
212391 3410 0 0.582101
194858 3000 0 0.492752
172448 2792 0 0.447288
189971 3139 0 0.474161
161774 2643 0 0.243509
165901 2758 0 0.484406
180093 3048 0 0.327694
187166 3067 0 0.581876
187706 3024 0 0.594322
190610 3048 0 0.513739
217467 3494 0 0.683581
215065 3225 0 0.664167
198864 3131 0 0.636477
201001 3087 0 1.13377
190706 2843 0 0.46832
214284 3293 0 0.552293
215450 3251 0 0.69306
210531 3365 0 0.660323
207769 3153 0 0.659935
188106 3081 0 0.600806
201065 3301 0 0.379962
187846 2958 0 0.276406
192107 3146 0 0.459033
227570 3475 0 0.498732
188130 2837 0 0.483763
195123 3081 0 0.316406
205674 3206 0 0.455663
200690 3277 0 0.497437
178568 2797 0 0.41413
170606 2657 0 0.526712
158412 2537 0 0.487635
173525 2695 0 0.604606
197488 3209 0 0.535354
185159 3029 0 0.31855
167329 2761 0 0.406738
180836 2983 0 0.577206
151168 2486 0 0.482924
191017 3155 0 0.574077
186596 3067 0 0.59207
198846 3151 0 0.486483
189831 3107 0 0.280783
194429 3135 0 0.382195
211701 3229 0 0.481429
203729 3218 0 0.666828
178878 2809 0 0.496725
188232 3105 0 0.485824
194548 3111 0 0.438062
212816 3322 0 0.572997
222932 3537 0 0.600557
215536 3558 0 0.480601
208007 3261 0 0.571216
177050 2806 0 0.553956
193878 3166 0 0.603118
196478 3054 0 0.59353
210447 3506 0 0.51306
205077 3315 0 0.541513
207248 3153 0 0.54247
191957 3144 0 0.510549
176805 2908 0 0.397568
144732 2352 0 0.311932
184382 2991 0 0.470869
156327 2570 0 0.432091
158568 2661 0 0.41217
187909 3173 0 0.325234
173422 2844 0 0.294866
184077 3183 0 0.555615
166099 2728 0 0.472454
172338 2835 0 0.467616
#/home/michal/Dropbox/study/university/kth/thesis/data/features/ds0,015/ds0_015/fixed_featuredata_shotcolor_susan_2015-05-21_18-54-51.txt
228745 3507 0 0.272665
232248 3524 0 0.526501
209814 3092 0 0.209876
218177 3577 0 0.501867
254562 3770 0 0.568074
208815 3653 0 0.466199
276046 3881 0 0.580804
247696 1708 0 0.466394
206078 3264 0 0.436702
173613 3454 0 0.408717
242021 3681 0 0.554748
273917 4151 0 0.743406
221026 3442 0 0.244411
325980 4428 0 0.359823
286321 4031 0 0.666045
256995 3704 0 0.541354
272279 4153 0 0.60417
265982 3427 0 0.538982
208894 3115 0 0.455288
242932 3451 0 0.511028
223740 3181 0 0.295769
201009 3240 0 0.250895
179322 3056 0 0.237687
194654 3208 0 0.218648
207481 3616 0 0.231656
236736 3354 0 0.535464
216224 3505 0 0.474258
316455 4238 0 0.703579
310514 3937 0 0.373027
255360 3793 0 0.557032
248766 3607 0 0.446983
313832 4080 0 0.298311
247024 3764 0 0.274045
315718 4288 0 0.524037
289423 4201 0 0.584356
289112 3832 0 0.407157
268484 3784 0 0.261578
269225 3717 0 0.358455
300024 4276 0 0.366997
242735 3968 0 0.500637
217353 3673 0 0.396915
270039 2963 0 0.596321
274894 3837 0 0.562292
304123 3928 0 0.616108
248504 3926 0 0.40225
302871 4370 0 0.697205
286933 4326 0 0.541037
276847 2513 0 0.376656
360015 4728 0 0.656496
204094 3216 0 0.414174
256669 3519 0 0.486876
214195 3327 0 0.52086
203775 3279 0 0.306786
299966 4119 0 0.661568
247258 3661 0 0.345491
260375 3585 0 0.481052
249627 3453 0 0.608378
282871 3590 0 0.470552
307320 4084 0 0.647092
219987 1171 0 0.404374
222835 3813 0 0.260499
237610 3658 0 0.559382
280171 3957 0 0.449368
299285 4103 0 0.511402
235284 3354 0 0.467476
240647 3660 0 0.58856
273465 3701 0 0.561657
219110 3397 0 0.445697
211482 3317 0 0.340106
214959 3229 0 0.503259
211942 3510 0 0.482133
251332 3855 0 0.53584
205951 3123 0 0.415557
203227 3117 0 0.470402
265381 3754 0 0.570184
177840 3105 0 0.437723
197349 2918 0 0.165641
191488 3178 0 0.190905
183425 3115 0 0.344556
220487 3508 0 0.261534
194771 3161 0 0.21741
189585 3141 0 0.172022
190949 3203 0 0.189293
194056 3453 0 0.395249
#/home/michal/Dropbox/study/university/kth/thesis/data/features/ds0,015/ds0_015/fixed_featuredata_shotcolor_sift_2015-05-21_19-10-02.txt
228745 624 0 0.398935
232248 621 0 0.411584
209814 669 0 0.140247
218177 647 0 0.146321
254562 619 0 0.16223
208815 611 0 0.149367
276046 607 0 0.479613
247696 489 0 0.427042
206078 602 0 0.365988
173613 578 0 0.118514
242021 614 0 0.161081
273917 582 0 0.472787
221026 606 0 0.346106
325980 627 0 0.430829
286321 615 0 0.294149
256995 597 0 0.233267
272279 587 0 0.348036
265982 598 0 0.451997
208894 656 0 0.142665
242932 621 0 0.425777
223740 575 0 0.360863
201009 569 0 0.12688
179322 560 0 0.134457
194654 563 0 0.332157
207481 604 0 0.366156
236736 617 0 0.413558
216224 588 0 0.373819
316455 682 0 0.538818
310514 615 0 0.509794
255360 576 0 0.430994
248766 565 0 0.422989
313832 612 0 0.540381
247024 586 0 0.421913
315718 580 0 0.512519
289423 631 0 0.490058
289112 617 0 0.193401
268484 567 0 0.473177
269225 556 0 0.295192
300024 617 0 0.285567
242735 601 0 0.25125
217353 590 0 0.36786
270039 581 0 0.462971
274894 602 0 0.180131
304123 655 0 0.532051
248504 566 0 0.423054
302871 591 0 0.510387
286933 572 0 0.492468
276847 554 0 0.465075
360015 682 0 0.24618
204094 600 0 0.148588
256669 562 0 0.438028
214195 597 0 0.363655
203775 551 0 0.287466
299966 629 0 0.196413
247258 677 0 0.161147
260375 577 0 0.172819
249627 665 0 0.175735
282871 645 0 0.490885
307320 658 0 0.198055
219987 405 0 0.380973
222835 654 0 0.344469
237610 647 0 0.412152
280171 659 0 0.181907
299285 691 0 0.50706
235284 645 0 0.402979
240647 687 0 0.425623
273465 644 0 0.178031
219110 632 0 0.383525
211482 636 0 0.366958
214959 580 0 0.369696
211942 606 0 0.383854
251332 622 0 0.402651
205951 613 0 0.369737
203227 613 0 0.29717
265381 651 0 0.255557
177840 568 0 0.231346
197349 616 0 0.288444
191488 578 0 0.134376
183425 558 0 0.115016
220487 589 0 0.377738
194771 585 0 0.321014
189585 603 0 0.129244
190949 591 0 0.335182
194056 624 0 0.333963
#/home/michal/Dropbox/study/university/kth/thesis/data/features/ds0,015/ds0_015/fixed_featuredata_shotcolor_uniform_2015-05-21_17-20-54.txt
228745 19290 0 0.960554
232248 19673 0 0.845968
209814 18423 0 0.911017
218177 18592 0 0.641198
254562 20114 0 0.70924
208815 18096 0 0.736921
276046 21149 0 1.19593
247696 20170 0 0.738541
206078 17250 0 0.992481
173613 15536 0 0.64367
242021 19770 0 0.987877
273917 19962 0 0.82695
221026 18549 0 1.03877
325980 22937 0 1.29959
286321 21387 0 1.26847
256995 20047 0 1.01982
272279 21023 0 1.30805
265982 20160 0 1.05607
208894 17887 0 0.786403
242932 19625 0 0.767192
223740 18465 0 0.928241
201009 17144 0 0.955954
179322 16154 0 0.645962
194654 17211 0 0.492754
207481 17332 0 0.621687
236736 19353 0 0.634289
216224 18519 0 0.603327
316455 23203 0 0.848219
310514 22488 0 0.996755
255360 20275 0 1.19677
248766 19378 0 1.09647
313832 22799 0 1.17774
247024 19688 0 1.02823
315718 22727 0 1.06863
289423 21759 0 1.01796
289112 21536 0 0.71384
268484 20868 0 0.838941
269225 20303 0 1.0338
300024 22380 0 0.881235
242735 20145 0 0.780462
217353 18661 0 1.05551
270039 20606 0 1.0435
274894 21068 0 1.09923
304123 22830 0 1.23145
248504 19749 0 0.992716
302871 21740 0 1.3367
286933 20780 0 1.25428
276847 21236 0 1.16539
360015 25911 0 1.40483
204094 18212 0 0.718774
256669 20547 0 0.740685
214195 18166 0 0.596866
203775 17306 0 0.598289
299966 22384 0 0.92627
247258 20537 0 1.14808
260375 20554 0 1.23535
249627 20077 0 0.925722
282871 20781 0 1.15253
307320 23034 0 1.26972
219987 19261 0 0.965403
222835 18816 0 0.949718
237610 19488 0 0.766306
280171 21705 0 1.25023
299285 22790 0 1.15327
235284 19521 0 0.964062
240647 21360 0 0.715318
273465 20956 0 0.741031
219110 18624 0 0.620778
211482 18010 0 0.635415
214959 17967 0 0.641431
211942 18426 0 0.595017
251332 20069 0 0.778989
205951 17711 0 0.989864
203227 17316 0 0.629447
265381 21403 0 1.2379
177840 15817 0 0.852519
197349 17193 0 0.765614
191488 16936 0 0.832771
183425 16189 0 0.605903
220487 18145 0 0.899599
194771 17113 0 0.736135
189585 16531 0 0.55841
190949 17387 0 0.64215
194056 17714 0 0.651729
#/home/michal/Dropbox/study/university/kth/thesis/data/features/ds0,015/ds0_015/fixed_featuredata_shotcolor_iss_2015-05-21_18-33-30.txt
228745 3723 0 0.26759
232248 3871 0 0.508454
209814 3431 0 0.445061
218177 3418 0 0.473686
254562 3773 0 0.528268
208815 3350 0 0.225485
276046 4035 0 0.585086
247696 3748 0 0.491126
206078 3124 0 0.398614
173613 2918 0 0.165111
242021 3691 0 0.235634
273917 4219 0 0.295567
221026 3537 0 0.221124
325980 4628 0 0.32901
286321 4326 0 0.291137
256995 3864 0 0.577424
272279 4234 0 0.59891
265982 3952 0 0.547366
208894 3259 0 0.429237
242932 3937 0 0.521345
223740 3621 0 0.52184
201009 3394 0 0.431721
179322 3000 0 0.364349
194654 3203 0 0.4366
207481 3350 0 0.424712
236736 3846 0 0.508137
216224 3386 0 0.463615
316455 4557 0 0.727445
310514 4237 0 0.716403
255360 3888 0 0.522363
248766 3446 0 0.267995
313832 4446 0 0.69459
247024 3556 0 0.54238
315718 4382 0 0.306046
289423 4166 0 0.33241
289112 4045 0 0.603355
268484 3975 0 0.570657
269225 4014 0 0.571059
300024 4413 0 0.545245
242735 3869 0 0.228042
217353 3358 0 0.472954
270039 3814 0 0.555304
274894 3957 0 0.592668
304123 4433 0 0.617897
248504 3838 0 0.590575
302871 4285 0 0.652605
286933 4276 0 0.6104
276847 4201 0 0.577536
360015 5540 0 0.760473
204094 3258 0 0.442962
256669 3931 0 0.515707
214195 3450 0 0.475048
203775 3354 0 0.416919
299966 4527 0 0.335933
247258 3952 0 0.380329
260375 3956 0 0.490489
249627 3942 0 0.514358
282871 3969 0 0.626603
307320 4544 0 0.391209
219987 3534 0 0.457256
222835 3507 0 0.474292
237610 3824 0 0.509991
280171 4254 0 0.611662
299285 4535 0 0.694316
235284 3693 0 0.264808
240647 3841 0 0.234022
273465 3969 0 0.311425
219110 3549 0 0.239168
211482 3508 0 0.2233
214959 3285 0 0.435193
211942 3323 0 0.432478
251332 3998 0 0.537475
205951 3224 0 0.438874
203227 3289 0 0.422146
265381 4361 0 0.557586
177840 2962 0 0.386505
197349 3194 0 0.268875
191488 3144 0 0.378255
183425 3112 0 0.29035
220487 3624 0 0.421159
194771 3128 0 0.254335
189585 3192 0 0.300959
190949 3264 0 0.432482
194056 3387 0 0.436565
