#/home/michal/Dropbox/study/university/kth/thesis/data/features/ds0,015/ds0,015_mp9000/fixed_featuredata_shot_susan_2015-05-29_10-23-30.txt
195245 3341 3.19148 0.491202
206023 3434 3.59672 0.391076
201937 3213 3.34889 0.218246
193207 3170 3.67638 0.42251
214752 3614 3.32253 0.50221
197834 3262 4.02143 0.550376
174133 3181 3.81366 0.406887
173410 2799 3.22351 0.173388
183635 1407 2.70531 0.344865
180250 3011 3.8073 0.402142
167608 3417 3.50978 0.388984
234922 3714 5.01973 0.536116
172918 3282 2.93724 0.196637
207363 3386 4.55944 0.467432
195928 3524 3.81869 0.453806
209008 3276 4.25415 0.45965
179371 3086 2.92403 0.265119
181927 3183 3.75768 0.460379
212391 3086 4.04987 0.469797
194858 2978 3.73305 0.423659
172448 2775 2.40063 0.411491
189971 2936 4.55102 0.445924
161774 2798 2.67931 0.364454
165901 2877 3.1661 0.200266
180093 3069 2.90673 0.378515
187166 3310 4.11007 0.429282
187706 2683 3.74443 0.401169
190610 3241 4.13833 0.431977
217467 3433 4.71951 0.424399
215065 3224 4.53627 0.500219
198864 3208 3.78878 0.561556
201001 3186 3.22166 0.313739
190706 3061 3.2716 0.28691
214284 3332 4.64837 0.46827
215450 3380 4.73207 0.343229
210531 3667 3.90417 0.23262
207769 3157 3.66742 0.376928
188106 3089 3.75218 0.435013
201065 3221 4.27482 0.446203
187846 3113 4.00709 0.418342
192107 3368 3.99645 0.431034
227570 3672 5.16209 0.506099
188130 2509 3.44982 0.417293
195123 3143 4.12985 0.441846
205674 3267 3.79269 0.45131
200690 3326 3.57112 0.444367
178568 3035 3.88205 0.39386
170606 3141 2.68677 0.393488
158412 3051 2.85629 0.277045
173525 1997 2.94584 0.16987
197488 3131 3.96592 0.437644
185159 3035 6.25554 0.536806
167329 2757 3.79922 0.425109
180836 2972 3.89871 0.527065
151168 2697 2.50523 0.394988
191017 3100 2.99623 0.427065
186596 3012 3.80825 0.480824
198846 3197 4.08267 0.449698
189831 2882 4.25388 0.422528
194429 3002 3.41381 0.438873
211701 3269 4.39523 0.467315
203729 1149 3.03032 0.376934
178878 3277 3.89529 0.408066
188232 3339 3.78505 0.432977
194548 3125 3.94529 0.339899
212816 3325 4.61579 0.676923
222932 3325 4.8081 0.5913
215536 3526 5.11884 0.488371
208007 3133 4.63466 0.513645
177050 2947 4.33555 0.341487
193878 3124 4.25046 0.321513
196478 3180 4.23322 0.494349
210447 3435 4.89288 0.33388
205077 3556 4.11961 0.466994
207248 3173 5.03083 0.541031
191957 3155 3.72797 0.281689
176805 2901 3.21268 0.457601
144732 2759 3.03261 0.387684
184382 2825 3.7952 0.57408
156327 2849 4.46172 0.482388
158568 2929 3.64727 0.544666
187909 3268 4.59497 0.487791
173422 3010 4.2308 0.556692
184077 3244 4.67853 0.40341
166099 2879 3.41089 0.338578
172338 3165 4.25216 0.582395
#/home/michal/Dropbox/study/university/kth/thesis/data/features/ds0,015/ds0,015_mp9000/fixed_featuredata_shot_iss_2015-05-29_09-52-39.txt
195245 3316 8.12049 0.368571
206023 3503 9.88604 0.640182
201937 3460 9.25591 0.473058
193207 3101 7.91059 0.665931
214752 3431 8.63831 0.6024
197834 3023 7.94281 0.441618
174133 2739 6.76293 0.397179
173410 2677 6.467 0.387171
183635 2811 7.52043 0.422154
180250 2807 6.93824 0.405789
167608 2813 6.81197 0.389866
234922 3610 9.37654 0.293792
172918 3054 5.93576 0.314296
207363 3283 7.44093 0.335391
195928 3076 7.06499 0.474098
209008 3431 7.94305 0.295631
179371 3090 6.38213 0.428798
181927 2834 8.14317 0.354438
212391 3410 10.3088 0.5875
194858 3000 7.30026 0.342239
172448 2792 6.49899 0.451844
189971 3139 7.23815 0.350433
161774 2643 6.69764 0.284838
165901 2758 6.33095 0.378265
180093 3048 7.15368 0.404505
187166 3067 7.64247 0.423111
187706 3024 7.52971 0.41236
190610 3048 7.87279 0.425987
217467 3494 8.79234 0.492163
215065 3225 9.12221 0.471256
198864 3131 8.00675 0.441179
201001 3087 8.09125 0.441927
190706 2843 7.97975 0.417435
214284 3293 9.02316 0.478404
215450 3251 9.03075 0.47548
210531 3365 8.6852 0.490058
207769 3153 8.69157 0.456124
188106 3081 7.27548 0.420898
201065 3301 8.27862 0.462988
187846 2958 7.50048 0.390534
192107 3146 7.27558 0.336255
227570 3475 9.76207 0.527086
188130 2837 7.47377 0.423529
195123 3081 7.78373 0.453649
205674 3206 8.52805 0.477731
200690 3277 8.20625 0.478131
178568 2797 6.53324 0.345263
170606 2657 5.62634 0.419314
158412 2537 5.77595 0.176186
173525 2695 7.3891 0.472391
197488 3209 7.28022 0.456563
185159 3029 6.16927 0.42237
167329 2761 6.08771 0.398854
180836 2983 6.3733 0.514203
151168 2486 5.63404 0.243952
191017 3155 7.98995 0.29364
186596 3067 6.08055 0.493523
198846 3151 7.10473 0.252926
189831 3107 5.85633 0.213951
194429 3135 7.01658 0.501559
211701 3229 7.47661 0.478621
203729 3218 8.39517 0.467375
178878 2809 7.20312 0.395487
188232 3105 6.98876 0.466082
194548 3111 7.92356 0.440546
212816 3322 6.97619 0.507173
222932 3537 9.50757 0.545261
215536 3558 9.37985 0.518333
208007 3261 8.4321 0.43976
177050 2806 6.92596 0.522898
193878 3166 6.96362 0.438059
196478 3054 8.03204 0.440368
210447 3506 7.04864 0.634988
205077 3315 8.58777 0.231328
207248 3153 6.87495 0.413401
191957 3144 7.25124 0.475715
176805 2908 7.08106 0.40568
144732 2352 4.7771 0.262982
184382 2991 7.54741 0.220556
156327 2570 6.04298 0.371137
158568 2661 5.80237 0.376205
187909 3173 7.93648 0.436588
173422 2844 6.10984 0.302575
184077 3183 6.7709 0.236616
166099 2728 5.9554 0.365061
172338 2835 7.25893 0.651863
#/home/michal/Dropbox/study/university/kth/thesis/data/features/ds0,015/ds0,015_mp9000/fixed_featuredata_shot_uniform_2015-05-29_08-42-29.txt
195245 17816 0.0444062 0.878218
206023 18746 0.0267405 0.766529
201937 18362 0.0265023 0.927289
193207 17676 0.0240772 0.884812
214752 19002 0.0241374 0.881077
197834 17374 0.0460426 0.914674
174133 16137 0.0200955 0.764376
173410 16319 0.0224314 0.782491
183635 16706 0.0418336 1.00642
180250 16401 0.0491628 0.955995
167608 15419 0.0384815 0.889191
234922 19783 0.0603042 1.22631
172918 15662 0.0396927 0.987455
207363 17866 0.046895 1.03654
195928 17060 0.0438712 1.07045
209008 18249 0.0480528 0.952481
179371 16798 0.0213413 0.802269
181927 16957 0.0205731 0.854615
212391 18119 0.0483705 1.10642
194858 17303 0.044012 1.02836
172448 16260 0.0402734 0.950907
189971 16843 0.0440465 0.878034
161774 14714 0.0226964 0.814369
165901 15458 0.0375196 0.906971
180093 16771 0.0405806 0.97316
187166 16446 0.0426458 0.998697
187706 16859 0.0447185 1.27546
190610 17141 0.0429275 0.979957
217467 19293 0.0255138 0.998742
215065 18381 0.05116 0.957739
198864 17666 0.0449634 0.935299
201001 17657 0.0223234 0.914477
190706 17250 0.059176 1.3782
214284 18338 0.0579229 1.38391
215450 18567 0.0514167 1.43174
210531 18776 0.047532 1.14322
207769 18070 0.0468373 1.1054
188106 17529 0.0427897 1.04436
201065 17575 0.0460713 1.05309
187846 17452 0.043354 1.0311
192107 17501 0.0440432 1.01367
227570 18859 0.0516134 1.1832
188130 17320 0.0430407 1.07481
195123 17721 0.0444378 1.04069
205674 18538 0.0462928 1.09965
200690 18916 0.0459633 1.11254
178568 16416 0.0404947 0.971025
170606 16056 0.0390301 0.928808
158412 14882 0.0364838 0.88682
173525 16202 0.0394483 0.927937
197488 18688 0.0464972 1.08339
185159 17483 0.0436825 1.04051
167329 16098 0.0383484 0.97879
180836 16481 0.046275 0.913445
151168 14555 0.0355917 0.856159
191017 17199 0.0423365 1.01234
186596 17680 0.0427981 1.32563
198846 17661 0.0636701 1.19213
189831 17535 0.0428809 1.02082
194429 17400 0.0449362 1.06462
211701 18505 0.0474764 1.11156
203729 18084 0.0452956 1.07519
178878 16398 0.0410853 0.982567
188232 17040 0.0425376 1.02715
194548 17230 0.0448849 1.03354
212816 18748 0.0478819 1.14684
222932 19126 0.0507825 1.18154
215536 20163 0.049267 1.18883
208007 18302 0.0458396 1.11308
177050 16247 0.0399344 0.948054
193878 16942 0.04902 1.32538
196478 17247 0.0438628 1.0458
210447 18483 0.0473674 1.38444
205077 17773 0.0653177 1.50745
207248 17696 0.0651085 1.2514
191957 16913 0.0497069 1.02218
176805 16691 0.0193235 1.02169
144732 13831 0.0351384 0.73596
184382 16479 0.0250993 1.00625
156327 14989 0.0362802 0.938634
158568 14987 0.0483613 0.925064
187909 16804 0.0428327 0.882723
173422 15693 0.021019 0.982323
184077 16373 0.0415392 0.959317
166099 15642 0.0380613 0.913338
172338 16260 0.0397177 0.939199
#/home/michal/Dropbox/study/university/kth/thesis/data/features/ds0,015/ds0,015_mp9000/fixed_featuredata_shot_sift_2015-05-29_10-43-48.txt
195245 923 3.89168 0.372226
206023 944 4.17251 0.38151
201937 951 3.94723 0.376395
193207 948 4.04567 0.352559
214752 931 4.08165 0.412072
197834 866 3.83149 0.373942
174133 829 3.48398 0.321444
173410 907 3.38568 0.322373
183635 631 3.63588 0.323463
180250 822 3.49386 0.329053
167608 857 3.32727 0.306174
234922 924 4.54106 0.429156
172918 804 3.37118 0.318959
207363 884 4.12446 0.496767
195928 856 3.86746 0.391246
209008 951 3.91778 0.388768
179371 841 3.52142 0.322171
181927 834 3.65498 0.316666
212391 919 4.2699 0.407835
194858 929 3.86512 0.357169
172448 868 3.59172 0.318538
189971 901 3.66686 0.347726
161774 784 3.04385 0.283857
165901 823 3.09533 0.291597
180093 827 3.47535 0.316032
187166 826 3.60823 0.321839
187706 957 3.6885 0.342523
190610 845 3.9033 0.342153
217467 942 4.36039 0.39231
215065 885 4.29968 0.400237
198864 846 3.8794 0.36259
201001 865 4.01166 0.369374
190706 876 3.84553 0.347265
214284 917 4.82573 0.433332
215450 914 5.00414 0.491219
210531 953 4.59134 0.472701
207769 846 4.17418 0.366306
188106 876 3.76949 0.349484
201065 850 4.00266 0.465293
187846 875 3.99736 0.378694
192107 925 3.93533 0.354379
227570 885 5.16089 0.586011
188130 811 4.33052 0.349944
195123 880 4.19298 0.430098
205674 888 4.4412 0.378078
200690 963 4.0109 0.37496
178568 867 3.72198 0.308738
170606 847 3.59337 0.303168
158412 790 3.1517 0.289472
173525 773 3.39292 0.296139
197488 974 3.44395 0.390494
185159 915 3.13258 0.324836
167329 831 3.28401 0.259843
180836 860 2.64409 0.156353
151168 759 2.51289 0.262888
191017 885 3.47686 0.34917
186596 957 3.52439 0.186272
198846 909 3.72742 0.356127
189831 998 3.54072 0.346156
194429 973 3.11034 0.173841
211701 919 3.77298 0.383192
203729 601 3.16611 0.36608
178878 895 3.64877 0.331824
188232 886 3.6467 0.33069
194548 908 3.31498 0.228926
212816 978 3.877 0.393663
222932 932 3.92695 0.406168
215536 987 4.51223 0.399644
208007 998 3.83082 0.413768
177050 868 3.45893 0.159227
193878 918 3.43672 0.352315
196478 882 3.60567 0.392064
210447 928 4.01025 0.188646
205077 864 2.83345 0.350206
207248 913 3.3875 0.244045
191957 952 2.90222 0.347098
176805 919 2.79866 0.148813
144732 765 1.95435 0.263365
184382 908 3.53666 0.169366
156327 794 3.02543 0.284571
158568 795 2.19194 0.282722
187909 840 3.58276 0.328552
173422 909 2.48338 0.167833
184077 855 3.15561 0.332445
166099 871 3.02935 0.296414
172338 869 3.1146 0.137011
#/home/michal/Dropbox/study/university/kth/thesis/data/features/ds0,015/ds0_015/fixed_featuredata_shot_susan_2015-05-21_18-48-50.txt
228745 3507 4.48921 0.248217
232248 3524 1.70852 0.182383
209814 3092 1.44994 0.160131
218177 3577 1.61342 0.169144
254562 3770 1.96647 0.201162
208815 3653 1.57575 0.189498
276046 3881 2.16323 0.223164
247696 1708 3.59298 0.495968
206078 3264 3.49967 0.386787
173613 3454 1.27024 0.150559
242021 3681 4.7744 0.449156
273917 4151 2.80633 0.241478
221026 3442 1.61673 0.187033
325980 4428 6.97531 0.59846
286321 4031 5.91436 0.424903
256995 3704 5.38253 0.277967
272279 4153 6.09563 0.493804
265982 3427 5.70615 0.475528
208894 3115 3.50619 0.416789
242932 3451 4.81201 0.243621
223740 3181 3.61716 0.414996
201009 3240 3.57049 0.236829
179322 3056 2.90691 0.343952
194654 3208 4.08333 0.405215
207481 3616 4.12016 0.374198
236736 3354 4.0399 0.425183
216224 3505 4.71797 0.355834
316455 4238 7.10787 0.595159
310514 3937 4.84907 0.344357
255360 3793 2.61308 0.304782
248766 3607 3.68796 0.327507
313832 4080 2.80326 0.252963
247024 3764 3.47897 0.206854
315718 4288 5.06361 0.312547
289423 4201 6.87142 0.52531
289112 3832 2.68886 0.243191
268484 3784 4.74609 0.493088
269225 3717 3.4831 0.24885
300024 4276 2.47129 0.243242
242735 3968 1.83463 0.457144
217353 3673 4.51358 0.46857
270039 2963 5.31139 0.526763
274894 3837 2.85393 0.222303
304123 3928 3.31203 0.246478
248504 3926 2.1843 0.522413
302871 4370 5.80991 0.555857
286933 4326 5.79555 0.2665
276847 2513 1.92249 0.250879
360015 4728 5.64545 0.355647
204094 3216 1.94608 0.187815
256669 3519 6.04078 0.495649
214195 3327 4.71181 0.382093
203775 3279 4.48224 0.375439
299966 4119 6.81129 0.548635
247258 3661 5.31314 0.468594
260375 3585 5.27706 0.519822
249627 3453 3.68701 0.423969
282871 3590 3.50454 0.353584
307320 4084 4.76504 0.41672
219987 1171 2.43386 0.350894
222835 3813 2.22161 0.202776
237610 3658 4.65468 0.433152
280171 3957 5.60657 0.393506
299285 4103 6.11549 0.560003
235284 3354 3.73909 0.46188
240647 3660 2.47487 0.221579
273465 3701 5.43898 0.45091
219110 3397 1.80024 0.410369
211482 3317 4.23037 0.395387
214959 3229 4.67092 0.202502
211942 3510 4.28056 0.427443
251332 3855 5.22955 0.452892
205951 3123 2.96629 0.175668
203227 3117 3.64754 0.291251
265381 3754 4.61478 0.449142
177840 3105 2.80406 0.357073
197349 2918 3.858 0.289053
191488 3178 3.95519 0.350988
183425 3115 1.90247 0.250335
220487 3508 3.9743 0.45246
194771 3161 2.8688 0.183737
189585 3141 3.75817 0.389876
190949 3203 3.17701 0.358092
194056 3453 3.49576 0.396711
#/home/michal/Dropbox/study/university/kth/thesis/data/features/ds0,015/ds0_015/fixed_featuredata_shot_sift_2015-05-21_19-06-50.txt
228745 624 1.71225 0.251178
232248 621 1.59809 0.182724
209814 669 1.55458 0.209905
218177 647 1.32109 0.23911
254562 619 1.50531 0.239698
208815 611 1.42276 0.248263
276046 607 1.69805 0.249814
247696 489 1.4216 0.322706
206078 602 1.31757 0.193129
173613 578 0.951803 0.156097
242021 614 1.61522 0.212867
273917 582 1.53489 0.275904
221026 606 1.72254 0.33033
325980 627 2.51661 0.364318
286321 615 1.83682 0.435006
256995 597 1.64599 0.448145
272279 587 2.65623 0.424679
265982 598 2.96077 0.448238
208894 656 2.53069 0.337635
242932 621 2.70435 0.36068
223740 575 0.910537 0.149806
201009 569 2.20573 0.28863
179322 560 1.88065 0.233238
194654 563 1.92618 0.312896
207481 604 2.11834 0.347258
236736 617 2.73235 0.387869
216224 588 1.88492 0.241401
316455 682 3.31254 0.269962
310514 615 1.98064 0.270473
255360 576 1.64143 0.23194
248766 565 1.83628 0.247123
313832 612 2.20383 0.364197
247024 586 1.90308 0.291607
315718 580 2.1144 0.391976
289423 631 1.92466 0.37649
289112 617 2.06252 0.317148
268484 567 1.87904 0.295191
269225 556 1.76951 0.28861
300024 617 2.11286 0.319232
242735 601 1.65718 0.27827
217353 590 2.08037 0.317727
270039 581 2.28838 0.35727
274894 602 2.63233 0.36001
304123 655 2.81538 0.433156
248504 566 2.06112 0.420572
302871 591 2.80447 0.453384
286933 572 1.16077 0.209737
276847 554 2.60863 0.407183
360015 682 1.45172 0.255125
204094 600 1.9947 0.301115
256669 562 1.95622 0.365959
214195 597 2.18207 0.32497
203775 551 0.89067 0.153306
299966 629 3.13387 0.463138
247258 677 2.4993 0.318085
260375 577 1.08764 0.168629
249627 665 2.34871 0.36154
282871 645 2.15413 0.463742
307320 658 3.17886 0.257976
219987 405 2.66611 0.351093
222835 654 2.41941 0.342973
237610 647 2.18866 0.248184
280171 659 1.45361 0.186377
299285 691 3.31461 0.438739
235284 645 2.81108 0.363955
240647 687 1.95546 0.150573
273465 644 1.92395 0.171864
219110 632 0.933927 0.138733
211482 636 1.43037 0.127897
214959 580 2.51677 0.353215
211942 606 1.64915 0.363607
251332 622 2.93966 0.440721
205951 613 0.890867 0.140723
203227 613 2.52041 0.336143
265381 651 1.5481 0.175424
177840 568 1.3731 0.113955
197349 616 0.84273 0.125697
191488 578 0.830814 0.119213
183425 558 2.22391 0.203946
220487 589 1.82129 0.369764
194771 585 2.31401 0.319678
189585 603 0.76762 0.125658
190949 591 2.24439 0.307352
194056 624 0.828893 0.119759
#/home/michal/Dropbox/study/university/kth/thesis/data/features/ds0,015/ds0_015/fixed_featuredata_shot_uniform_2015-05-21_17-20-01.txt
228745 19290 0.0219612 0.51865
232248 19673 0.0218974 0.461268
209814 18423 0.0197191 0.429174
218177 18592 0.0264574 0.49188
254562 20114 0.0215879 0.494231
208815 18096 0.0181794 0.4334
276046 21149 0.0317534 0.549299
247696 20170 0.0314871 0.473726
206078 17250 0.018418 0.410345
173613 15536 0.0157024 0.360543
242021 19770 0.0224718 0.521696
273917 19962 0.0237122 0.573438
221026 18549 0.0195244 0.449071
325980 22937 0.0410093 0.700757
286321 21387 0.0246312 0.521547
256995 20047 0.022882 0.545391
272279 21023 0.0242453 0.537198
265982 20160 0.0285291 0.503449
208894 17887 0.018311 0.643912
242932 19625 0.0292323 0.510938
223740 18465 0.0199362 0.450318
201009 17144 0.0176861 0.392762
179322 16154 0.0149995 0.431844
194654 17211 0.0310811 0.808845
207481 17332 0.0205372 0.393105
236736 19353 0.0207956 0.498936
216224 18519 0.0197272 0.429469
316455 23203 0.0271339 0.654525
310514 22488 0.0275549 0.634923
255360 20275 0.0224743 0.756823
248766 19378 0.021416 0.482893
313832 22799 0.0281021 0.587982
247024 19688 0.0219754 0.545041
315718 22727 0.0270301 0.606127
289423 21759 0.0250179 0.580277
289112 21536 0.0256967 0.653243
268484 20868 0.0226475 0.605062
269225 20303 0.0227088 0.536785
300024 22380 0.0651177 0.576332
242735 20145 0.0216118 0.513876
217353 18661 0.0493515 0.790114
270039 20606 0.0230694 0.580002
274894 21068 0.0241381 0.604279
304123 22830 0.0267362 0.622269
248504 19749 0.0221798 0.534045
302871 21740 0.0260143 0.646934
286933 20780 0.0278578 0.921331
276847 21236 0.0248617 0.512062
360015 25911 0.030798 0.713424
204094 18212 0.0179011 0.444231
256669 20547 0.0224851 0.547021
214195 18166 0.0477735 0.465719
203775 17306 0.0184145 0.423248
299966 22384 0.025368 0.578741
247258 20537 0.0213563 0.536215
260375 20554 0.0235455 0.545195
249627 20077 0.0233643 0.52549
282871 20781 0.0247059 0.550176
307320 23034 0.0711359 0.625254
219987 19261 0.0203336 0.460626
222835 18816 0.019603 0.462664
237610 19488 0.0208869 0.488718
280171 21705 0.0243876 0.619739
299285 22790 0.0257999 0.568464
235284 19521 0.021512 0.493447
240647 21360 0.0539778 0.558535
273465 20956 0.0627913 0.710936
219110 18624 0.0213563 0.487667
211482 18010 0.0197484 0.439636
214959 17967 0.0192117 0.441201
211942 18426 0.0203398 0.433153
251332 20069 0.0226574 0.540335
205951 17711 0.0192515 0.422709
203227 17316 0.0188595 0.441208
265381 21403 0.0232756 0.502228
177840 15817 0.0162177 0.371229
197349 17193 0.0187633 0.830601
191488 16936 0.0191866 0.42616
183425 16189 0.0186346 0.419386
220487 18145 0.0205481 0.46867
194771 17113 0.0413064 0.441745
189585 16531 0.0179258 0.345871
190949 17387 0.0183732 0.421053
194056 17714 0.0182352 0.420485
#/home/michal/Dropbox/study/university/kth/thesis/data/features/ds0,015/ds0_015/fixed_featuredata_shot_iss_2015-05-21_18-22-00.txt
228745 3723 3.73714 0.429227
232248 3871 8.79238 0.403141
209814 3431 8.06468 0.386822
218177 3418 7.81179 0.412201
254562 3773 5.28431 0.209062
208815 3350 8.80075 0.389197
276046 4035 8.23306 0.523486
247696 3748 5.52711 0.259892
206078 3124 2.98151 0.167064
173613 2918 5.4551 0.318655
242021 3691 7.99473 0.503115
273917 4219 9.95806 0.514282
221026 3537 7.19443 0.215628
325980 4628 15.3927 0.429394
286321 4326 8.45428 0.241376
256995 3864 3.88587 0.202496
272279 4234 9.2032 0.264598
265982 3952 4.48999 0.242734
208894 3259 3.23396 0.194354
242932 3937 7.01208 0.45892
223740 3621 5.2402 0.194266
201009 3394 5.79371 0.173814
179322 3000 2.87312 0.166609
194654 3203 8.15203 0.374703
207481 3350 3.1855 0.184748
236736 3846 7.03687 0.398877
216224 3386 8.98235 0.389492
316455 4557 13.69 0.595198
310514 4237 13.9175 0.531208
255360 3888 9.58037 0.222463
248766 3446 8.49612 0.235725
313832 4446 10.5732 0.258828
247024 3556 10.4753 0.46377
315718 4382 14.0672 0.287965
289423 4166 10.9409 0.53429
289112 4045 9.28008 0.53867
268484 3975 6.77449 0.248082
269225 4014 8.12263 0.492124
300024 4413 7.00526 0.586583
242735 3869 8.61328 0.45688
217353 3358 8.79899 0.387971
270039 3814 10.967 0.226419
274894 3957 12.0644 0.389249
304123 4433 5.24598 0.25245
248504 3838 3.74973 0.214616
302871 4285 8.27222 0.385292
286933 4276 7.02528 0.291386
276847 4201 6.64813 0.253138
360015 5540 9.23139 0.320567
204094 3258 7.39739 0.382313
256669 3931 8.00475 0.217846
214195 3450 4.29099 0.192809
203775 3354 3.15801 0.191101
299966 4527 11.4805 0.571363
247258 3952 8.03678 0.465429
260375 3956 9.09357 0.237704
249627 3942 10.6806 0.474218
282871 3969 12.6644 0.519263
307320 4544 12.8753 0.517292
219987 3534 7.809 0.252227
222835 3507 6.90342 0.23558
237610 3824 5.63479 0.25568
280171 4254 8.61284 0.25173
299285 4535 9.4759 0.578261
235284 3693 8.79019 0.227478
240647 3841 9.3269 0.464461
273465 3969 11.2856 0.528506
219110 3549 9.06835 0.309099
211482 3508 5.87002 0.193656
214959 3285 7.76299 0.424971
211942 3323 6.71198 0.412437
251332 3998 9.81776 0.454257
205951 3224 8.36641 0.355615
203227 3289 8.02057 0.370875
265381 4361 6.41299 0.244657
177840 2962 4.3922 0.159959
197349 3194 6.91622 0.369555
191488 3144 7.62844 0.36032
183425 3112 5.13455 0.315182
220487 3624 6.5024 0.434654
194771 3128 7.4607 0.435595
189585 3192 3.61173 0.227853
190949 3264 7.30885 0.260083
194056 3387 4.36165 0.38668
