#/home/michal/Dropbox/study/university/kth/thesis/data/features/ds0,015/ds0,015_mp9000/fixed_featuredata_shot_sift_2015-05-29_10-43-48.txt
195245 923 3.89168 0.372226
206023 944 4.17251 0.38151
201937 951 3.94723 0.376395
193207 948 4.04567 0.352559
214752 931 4.08165 0.412072
197834 866 3.83149 0.373942
174133 829 3.48398 0.321444
173410 907 3.38568 0.322373
183635 631 3.63588 0.323463
180250 822 3.49386 0.329053
167608 857 3.32727 0.306174
234922 924 4.54106 0.429156
172918 804 3.37118 0.318959
207363 884 4.12446 0.496767
195928 856 3.86746 0.391246
209008 951 3.91778 0.388768
179371 841 3.52142 0.322171
181927 834 3.65498 0.316666
212391 919 4.2699 0.407835
194858 929 3.86512 0.357169
172448 868 3.59172 0.318538
189971 901 3.66686 0.347726
161774 784 3.04385 0.283857
165901 823 3.09533 0.291597
180093 827 3.47535 0.316032
187166 826 3.60823 0.321839
187706 957 3.6885 0.342523
190610 845 3.9033 0.342153
217467 942 4.36039 0.39231
215065 885 4.29968 0.400237
198864 846 3.8794 0.36259
201001 865 4.01166 0.369374
190706 876 3.84553 0.347265
214284 917 4.82573 0.433332
215450 914 5.00414 0.491219
210531 953 4.59134 0.472701
207769 846 4.17418 0.366306
188106 876 3.76949 0.349484
201065 850 4.00266 0.465293
187846 875 3.99736 0.378694
192107 925 3.93533 0.354379
227570 885 5.16089 0.586011
188130 811 4.33052 0.349944
195123 880 4.19298 0.430098
205674 888 4.4412 0.378078
200690 963 4.0109 0.37496
178568 867 3.72198 0.308738
170606 847 3.59337 0.303168
158412 790 3.1517 0.289472
173525 773 3.39292 0.296139
197488 974 3.44395 0.390494
185159 915 3.13258 0.324836
167329 831 3.28401 0.259843
180836 860 2.64409 0.156353
151168 759 2.51289 0.262888
191017 885 3.47686 0.34917
186596 957 3.52439 0.186272
198846 909 3.72742 0.356127
189831 998 3.54072 0.346156
194429 973 3.11034 0.173841
211701 919 3.77298 0.383192
203729 601 3.16611 0.36608
178878 895 3.64877 0.331824
188232 886 3.6467 0.33069
194548 908 3.31498 0.228926
212816 978 3.877 0.393663
222932 932 3.92695 0.406168
215536 987 4.51223 0.399644
208007 998 3.83082 0.413768
177050 868 3.45893 0.159227
193878 918 3.43672 0.352315
196478 882 3.60567 0.392064
210447 928 4.01025 0.188646
205077 864 2.83345 0.350206
207248 913 3.3875 0.244045
191957 952 2.90222 0.347098
176805 919 2.79866 0.148813
144732 765 1.95435 0.263365
184382 908 3.53666 0.169366
156327 794 3.02543 0.284571
158568 795 2.19194 0.282722
187909 840 3.58276 0.328552
173422 909 2.48338 0.167833
184077 855 3.15561 0.332445
166099 871 3.02935 0.296414
172338 869 3.1146 0.137011
#/home/michal/Dropbox/study/university/kth/thesis/data/features/ds0,015/ds0_015/fixed_featuredata_shot_sift_2015-05-21_19-06-50.txt
228745 624 1.71225 0.251178
232248 621 1.59809 0.182724
209814 669 1.55458 0.209905
218177 647 1.32109 0.23911
254562 619 1.50531 0.239698
208815 611 1.42276 0.248263
276046 607 1.69805 0.249814
247696 489 1.4216 0.322706
206078 602 1.31757 0.193129
173613 578 0.951803 0.156097
242021 614 1.61522 0.212867
273917 582 1.53489 0.275904
221026 606 1.72254 0.33033
325980 627 2.51661 0.364318
286321 615 1.83682 0.435006
256995 597 1.64599 0.448145
272279 587 2.65623 0.424679
265982 598 2.96077 0.448238
208894 656 2.53069 0.337635
242932 621 2.70435 0.36068
223740 575 0.910537 0.149806
201009 569 2.20573 0.28863
179322 560 1.88065 0.233238
194654 563 1.92618 0.312896
207481 604 2.11834 0.347258
236736 617 2.73235 0.387869
216224 588 1.88492 0.241401
316455 682 3.31254 0.269962
310514 615 1.98064 0.270473
255360 576 1.64143 0.23194
248766 565 1.83628 0.247123
313832 612 2.20383 0.364197
247024 586 1.90308 0.291607
315718 580 2.1144 0.391976
289423 631 1.92466 0.37649
289112 617 2.06252 0.317148
268484 567 1.87904 0.295191
269225 556 1.76951 0.28861
300024 617 2.11286 0.319232
242735 601 1.65718 0.27827
217353 590 2.08037 0.317727
270039 581 2.28838 0.35727
274894 602 2.63233 0.36001
304123 655 2.81538 0.433156
248504 566 2.06112 0.420572
302871 591 2.80447 0.453384
286933 572 1.16077 0.209737
276847 554 2.60863 0.407183
360015 682 1.45172 0.255125
204094 600 1.9947 0.301115
256669 562 1.95622 0.365959
214195 597 2.18207 0.32497
203775 551 0.89067 0.153306
299966 629 3.13387 0.463138
247258 677 2.4993 0.318085
260375 577 1.08764 0.168629
249627 665 2.34871 0.36154
282871 645 2.15413 0.463742
307320 658 3.17886 0.257976
219987 405 2.66611 0.351093
222835 654 2.41941 0.342973
237610 647 2.18866 0.248184
280171 659 1.45361 0.186377
299285 691 3.31461 0.438739
235284 645 2.81108 0.363955
240647 687 1.95546 0.150573
273465 644 1.92395 0.171864
219110 632 0.933927 0.138733
211482 636 1.43037 0.127897
214959 580 2.51677 0.353215
211942 606 1.64915 0.363607
251332 622 2.93966 0.440721
205951 613 0.890867 0.140723
203227 613 2.52041 0.336143
265381 651 1.5481 0.175424
177840 568 1.3731 0.113955
197349 616 0.84273 0.125697
191488 578 0.830814 0.119213
183425 558 2.22391 0.203946
220487 589 1.82129 0.369764
194771 585 2.31401 0.319678
189585 603 0.76762 0.125658
190949 591 2.24439 0.307352
194056 624 0.828893 0.119759
