#/home/michal/Dropbox/study/university/kth/thesis/data/features/ds0,015/ds0,015_mp9000/fixed_featuredata_shot_susan_2015-05-29_10-23-30.txt
195245 3341 3.19148 0.491202
206023 3434 3.59672 0.391076
201937 3213 3.34889 0.218246
193207 3170 3.67638 0.42251
214752 3614 3.32253 0.50221
197834 3262 4.02143 0.550376
174133 3181 3.81366 0.406887
173410 2799 3.22351 0.173388
183635 1407 2.70531 0.344865
180250 3011 3.8073 0.402142
167608 3417 3.50978 0.388984
234922 3714 5.01973 0.536116
172918 3282 2.93724 0.196637
207363 3386 4.55944 0.467432
195928 3524 3.81869 0.453806
209008 3276 4.25415 0.45965
179371 3086 2.92403 0.265119
181927 3183 3.75768 0.460379
212391 3086 4.04987 0.469797
194858 2978 3.73305 0.423659
172448 2775 2.40063 0.411491
189971 2936 4.55102 0.445924
161774 2798 2.67931 0.364454
165901 2877 3.1661 0.200266
180093 3069 2.90673 0.378515
187166 3310 4.11007 0.429282
187706 2683 3.74443 0.401169
190610 3241 4.13833 0.431977
217467 3433 4.71951 0.424399
215065 3224 4.53627 0.500219
198864 3208 3.78878 0.561556
201001 3186 3.22166 0.313739
190706 3061 3.2716 0.28691
214284 3332 4.64837 0.46827
215450 3380 4.73207 0.343229
210531 3667 3.90417 0.23262
207769 3157 3.66742 0.376928
188106 3089 3.75218 0.435013
201065 3221 4.27482 0.446203
187846 3113 4.00709 0.418342
192107 3368 3.99645 0.431034
227570 3672 5.16209 0.506099
188130 2509 3.44982 0.417293
195123 3143 4.12985 0.441846
205674 3267 3.79269 0.45131
200690 3326 3.57112 0.444367
178568 3035 3.88205 0.39386
170606 3141 2.68677 0.393488
158412 3051 2.85629 0.277045
173525 1997 2.94584 0.16987
197488 3131 3.96592 0.437644
185159 3035 6.25554 0.536806
167329 2757 3.79922 0.425109
180836 2972 3.89871 0.527065
151168 2697 2.50523 0.394988
191017 3100 2.99623 0.427065
186596 3012 3.80825 0.480824
198846 3197 4.08267 0.449698
189831 2882 4.25388 0.422528
194429 3002 3.41381 0.438873
211701 3269 4.39523 0.467315
203729 1149 3.03032 0.376934
178878 3277 3.89529 0.408066
188232 3339 3.78505 0.432977
194548 3125 3.94529 0.339899
212816 3325 4.61579 0.676923
222932 3325 4.8081 0.5913
215536 3526 5.11884 0.488371
208007 3133 4.63466 0.513645
177050 2947 4.33555 0.341487
193878 3124 4.25046 0.321513
196478 3180 4.23322 0.494349
210447 3435 4.89288 0.33388
205077 3556 4.11961 0.466994
207248 3173 5.03083 0.541031
191957 3155 3.72797 0.281689
176805 2901 3.21268 0.457601
144732 2759 3.03261 0.387684
184382 2825 3.7952 0.57408
156327 2849 4.46172 0.482388
158568 2929 3.64727 0.544666
187909 3268 4.59497 0.487791
173422 3010 4.2308 0.556692
184077 3244 4.67853 0.40341
166099 2879 3.41089 0.338578
172338 3165 4.25216 0.582395
#/home/michal/Dropbox/study/university/kth/thesis/data/features/ds0,015/ds0_015/fixed_featuredata_shot_susan_2015-05-21_18-48-50.txt
228745 3507 4.48921 0.248217
232248 3524 1.70852 0.182383
209814 3092 1.44994 0.160131
218177 3577 1.61342 0.169144
254562 3770 1.96647 0.201162
208815 3653 1.57575 0.189498
276046 3881 2.16323 0.223164
247696 1708 3.59298 0.495968
206078 3264 3.49967 0.386787
173613 3454 1.27024 0.150559
242021 3681 4.7744 0.449156
273917 4151 2.80633 0.241478
221026 3442 1.61673 0.187033
325980 4428 6.97531 0.59846
286321 4031 5.91436 0.424903
256995 3704 5.38253 0.277967
272279 4153 6.09563 0.493804
265982 3427 5.70615 0.475528
208894 3115 3.50619 0.416789
242932 3451 4.81201 0.243621
223740 3181 3.61716 0.414996
201009 3240 3.57049 0.236829
179322 3056 2.90691 0.343952
194654 3208 4.08333 0.405215
207481 3616 4.12016 0.374198
236736 3354 4.0399 0.425183
216224 3505 4.71797 0.355834
316455 4238 7.10787 0.595159
310514 3937 4.84907 0.344357
255360 3793 2.61308 0.304782
248766 3607 3.68796 0.327507
313832 4080 2.80326 0.252963
247024 3764 3.47897 0.206854
315718 4288 5.06361 0.312547
289423 4201 6.87142 0.52531
289112 3832 2.68886 0.243191
268484 3784 4.74609 0.493088
269225 3717 3.4831 0.24885
300024 4276 2.47129 0.243242
242735 3968 1.83463 0.457144
217353 3673 4.51358 0.46857
270039 2963 5.31139 0.526763
274894 3837 2.85393 0.222303
304123 3928 3.31203 0.246478
248504 3926 2.1843 0.522413
302871 4370 5.80991 0.555857
286933 4326 5.79555 0.2665
276847 2513 1.92249 0.250879
360015 4728 5.64545 0.355647
204094 3216 1.94608 0.187815
256669 3519 6.04078 0.495649
214195 3327 4.71181 0.382093
203775 3279 4.48224 0.375439
299966 4119 6.81129 0.548635
247258 3661 5.31314 0.468594
260375 3585 5.27706 0.519822
249627 3453 3.68701 0.423969
282871 3590 3.50454 0.353584
307320 4084 4.76504 0.41672
219987 1171 2.43386 0.350894
222835 3813 2.22161 0.202776
237610 3658 4.65468 0.433152
280171 3957 5.60657 0.393506
299285 4103 6.11549 0.560003
235284 3354 3.73909 0.46188
240647 3660 2.47487 0.221579
273465 3701 5.43898 0.45091
219110 3397 1.80024 0.410369
211482 3317 4.23037 0.395387
214959 3229 4.67092 0.202502
211942 3510 4.28056 0.427443
251332 3855 5.22955 0.452892
205951 3123 2.96629 0.175668
203227 3117 3.64754 0.291251
265381 3754 4.61478 0.449142
177840 3105 2.80406 0.357073
197349 2918 3.858 0.289053
191488 3178 3.95519 0.350988
183425 3115 1.90247 0.250335
220487 3508 3.9743 0.45246
194771 3161 2.8688 0.183737
189585 3141 3.75817 0.389876
190949 3203 3.17701 0.358092
194056 3453 3.49576 0.396711
