#/home/michal/Dropbox/study/university/kth/thesis/data/features/ds0,015/ds0,015_mp9000/fixed_featuredata_shotcolor_uniform_2015-05-29_08-44-07.txt
195245 17816 0 1.3388
206023 18746 0 1.37692
201937 18362 0 1.37462
193207 17676 0 1.34279
214752 19002 0 1.45347
197834 17374 0 1.3161
174133 16137 0 1.19402
173410 16319 0 1.21772
183635 16706 0 1.25874
180250 16401 0 1.27084
167608 15419 0 1.15487
234922 19783 0 1.41659
172918 15662 0 1.16041
207363 17866 0 1.38951
195928 17060 0 1.3163
209008 18249 0 1.39408
179371 16798 0 1.28003
181927 16957 0 1.2843
212391 18119 0 1.47323
194858 17303 0 1.29409
172448 16260 0 1.23108
189971 16843 0 1.25768
161774 14714 0 1.13348
165901 15458 0 1.15268
180093 16771 0 1.25018
187166 16446 0 1.27238
187706 16859 0 1.29534
190610 17141 0 1.40509
217467 19293 0 1.56509
215065 18381 0 1.45928
198864 17666 0 1.384
201001 17657 0 1.38534
190706 17250 0 1.31304
214284 18338 0 1.46915
215450 18567 0 1.50152
210531 18776 0 1.48571
207769 18070 0 1.40996
188106 17529 0 1.27765
201065 17575 0 1.34626
187846 17452 0 1.38345
192107 17501 0 1.354
227570 18859 0 1.48772
188130 17320 0 1.32653
195123 17721 0 1.37407
205674 18538 0 1.43403
200690 18916 0 1.44692
178568 16416 0 1.22176
170606 16056 0 1.20472
158412 14882 0 1.12122
173525 16202 0 1.22498
197488 18688 0 1.37829
185159 17483 0 1.35181
167329 16098 0 1.19009
180836 16481 0 1.23779
151168 14555 0 1.05313
191017 17199 0 1.30953
186596 17680 0 1.31224
198846 17661 0 1.37253
189831 17535 0 1.37882
194429 17400 0 1.34312
211701 18505 0 1.49545
203729 18084 0 1.37517
178878 16398 0 1.24092
188232 17040 0 1.29376
194548 17230 0 1.34451
212816 18748 0 1.52216
222932 19126 0 1.56164
215536 20163 0 1.71186
208007 18302 0 1.45109
177050 16247 0 1.20493
193878 16942 0 1.314
196478 17247 0 1.32561
210447 18483 0 1.44468
205077 17773 0 1.44453
207248 17696 0 1.40417
191957 16913 0 1.30063
176805 16691 0 1.19856
144732 13831 0 1.01184
184382 16479 0 1.30659
156327 14989 0 1.08015
158568 14987 0 1.09362
187909 16804 0 1.31413
173422 15693 0 1.18614
184077 16373 0 1.22496
166099 15642 0 1.12851
172338 16260 0 1.211
#/home/michal/Dropbox/study/university/kth/thesis/data/features/ds0,015/ds0,015_mp9000/fixed_featuredata_pfh_uniform_2015-05-29_08-52-48.txt
195245 17816 0 15.9806
206023 18746 0 16.4855
201937 18362 0 16.5546
193207 17676 0 15.6407
214752 19002 0 17.3154
197834 17374 0 15.9043
174133 16137 0 17.4802
173410 16319 0 15.8251
183635 16706 0 17.04
180250 16401 0 16.5401
167608 15419 0 15.1979
234922 19783 0 23.7619
172918 15662 0 15.9188
207363 17866 0 19.377
195928 17060 0 18.8297
209008 18249 0 19.401
179371 16798 0 15.6983
181927 16957 0 16.2057
212391 18119 0 19.3888
194858 17303 0 17.1391
172448 16260 0 14.5932
189971 16843 0 15.4848
161774 14714 0 14.2676
165901 15458 0 13.9451
180093 16771 0 14.9548
187166 16446 0 15.5977
187706 16859 0 13.156
190610 17141 0 14.3575
217467 19293 0 16.0868
215065 18381 0 18.2268
198864 17666 0 16.0062
201001 17657 0 16.45
190706 17250 0 17.7267
214284 18338 0 19.3498
215450 18567 0 18.4027
210531 18776 0 16.0636
207769 18070 0 17.936
188106 17529 0 16.2534
201065 17575 0 18.0461
187846 17452 0 16.7733
192107 17501 0 13.8378
227570 18859 0 25.1164
188130 17320 0 18.4032
195123 17721 0 18.8158
205674 18538 0 17.9275
200690 18916 0 13.451
178568 16416 0 13.6353
170606 16056 0 13.4939
158412 14882 0 13.8728
173525 16202 0 13.1262
197488 18688 0 15.5254
185159 17483 0 13.9132
167329 16098 0 12.4893
180836 16481 0 12.99
151168 14555 0 10.6884
191017 17199 0 14.8824
186596 17680 0 14.229
198846 17661 0 14.6668
189831 17535 0 13.3984
194429 17400 0 16.1292
211701 18505 0 16.141
203729 18084 0 15.1253
178878 16398 0 16.0199
188232 17040 0 15.1489
194548 17230 0 13.9163
212816 18748 0 16.4185
222932 19126 0 19.334
215536 20163 0 18.2185
208007 18302 0 16.976
177050 16247 0 13.4516
193878 16942 0 14.6163
196478 17247 0 14.7911
210447 18483 0 15.9553
205077 17773 0 17.0889
207248 17696 0 17.1862
191957 16913 0 15.3219
176805 16691 0 12.2941
144732 13831 0 10.1446
184382 16479 0 14.2836
156327 14989 0 12.5191
158568 14987 0 13.6704
187909 16804 0 14.6431
173422 15693 0 12.2276
184077 16373 0 13.9895
166099 15642 0 12.0097
172338 16260 0 13.5226
#/home/michal/Dropbox/study/university/kth/thesis/data/features/ds0,015/ds0,015_mp9000/fixed_featuredata_fpfh_uniform_2015-05-29_08-46-06.txt
195245 17816 0 4.88248
206023 18746 0 4.86198
201937 18362 0 4.76929
193207 17676 0 4.86965
214752 19002 0 5.31144
197834 17374 0 5.03256
174133 16137 0 4.56701
173410 16319 0 4.00988
183635 16706 0 4.59155
180250 16401 0 4.49977
167608 15419 0 4.12034
234922 19783 0 5.99198
172918 15662 0 4.3232
207363 17866 0 5.29194
195928 17060 0 4.98622
209008 18249 0 5.16031
179371 16798 0 4.25058
181927 16957 0 4.50303
212391 18119 0 5.31796
194858 17303 0 4.7502
172448 16260 0 4.05433
189971 16843 0 4.76893
161774 14714 0 3.99179
165901 15458 0 3.893
180093 16771 0 4.32806
187166 16446 0 4.62215
187706 16859 0 4.59882
190610 17141 0 4.70216
217467 19293 0 5.30373
215065 18381 0 5.36351
198864 17666 0 4.75118
201001 17657 0 5.13425
190706 17250 0 4.74937
214284 18338 0 5.43134
215450 18567 0 5.4177
210531 18776 0 5.18853
207769 18070 0 4.94238
188106 17529 0 4.56084
201065 17575 0 4.96034
187846 17452 0 4.64698
192107 17501 0 4.71575
227570 18859 0 5.89071
188130 17320 0 4.67012
195123 17721 0 4.70135
205674 18538 0 5.20886
200690 18916 0 4.92795
178568 16416 0 4.30311
170606 16056 0 4.26854
158412 14882 0 3.75591
173525 16202 0 4.45114
197488 18688 0 4.84494
185159 17483 0 4.41394
167329 16098 0 4.07491
180836 16481 0 4.41458
151168 14555 0 3.77958
191017 17199 0 4.80192
186596 17680 0 4.56759
198846 17661 0 4.7725
189831 17535 0 4.77921
194429 17400 0 4.64476
211701 18505 0 5.24492
203729 18084 0 5.13667
178878 16398 0 4.21381
188232 17040 0 4.02098
194548 17230 0 4.48204
212816 18748 0 4.36847
222932 19126 0 5.52554
215536 20163 0 5.22699
208007 18302 0 4.99268
177050 16247 0 3.94856
193878 16942 0 4.91606
196478 17247 0 4.92887
210447 18483 0 4.81954
205077 17773 0 4.58457
207248 17696 0 5.33861
191957 16913 0 4.61433
176805 16691 0 4.41405
144732 13831 0 3.0606
184382 16479 0 4.0993
156327 14989 0 3.33669
158568 14987 0 3.20889
187909 16804 0 4.67688
173422 15693 0 3.89616
184077 16373 0 3.4949
166099 15642 0 3.51211
172338 16260 0 4.39799
#/home/michal/Dropbox/study/university/kth/thesis/data/features/ds0,015/ds0,015_mp9000/fixed_featuredata_shot_uniform_2015-05-29_08-42-29.txt
195245 17816 0.0444062 0.878218
206023 18746 0.0267405 0.766529
201937 18362 0.0265023 0.927289
193207 17676 0.0240772 0.884812
214752 19002 0.0241374 0.881077
197834 17374 0.0460426 0.914674
174133 16137 0.0200955 0.764376
173410 16319 0.0224314 0.782491
183635 16706 0.0418336 1.00642
180250 16401 0.0491628 0.955995
167608 15419 0.0384815 0.889191
234922 19783 0.0603042 1.22631
172918 15662 0.0396927 0.987455
207363 17866 0.046895 1.03654
195928 17060 0.0438712 1.07045
209008 18249 0.0480528 0.952481
179371 16798 0.0213413 0.802269
181927 16957 0.0205731 0.854615
212391 18119 0.0483705 1.10642
194858 17303 0.044012 1.02836
172448 16260 0.0402734 0.950907
189971 16843 0.0440465 0.878034
161774 14714 0.0226964 0.814369
165901 15458 0.0375196 0.906971
180093 16771 0.0405806 0.97316
187166 16446 0.0426458 0.998697
187706 16859 0.0447185 1.27546
190610 17141 0.0429275 0.979957
217467 19293 0.0255138 0.998742
215065 18381 0.05116 0.957739
198864 17666 0.0449634 0.935299
201001 17657 0.0223234 0.914477
190706 17250 0.059176 1.3782
214284 18338 0.0579229 1.38391
215450 18567 0.0514167 1.43174
210531 18776 0.047532 1.14322
207769 18070 0.0468373 1.1054
188106 17529 0.0427897 1.04436
201065 17575 0.0460713 1.05309
187846 17452 0.043354 1.0311
192107 17501 0.0440432 1.01367
227570 18859 0.0516134 1.1832
188130 17320 0.0430407 1.07481
195123 17721 0.0444378 1.04069
205674 18538 0.0462928 1.09965
200690 18916 0.0459633 1.11254
178568 16416 0.0404947 0.971025
170606 16056 0.0390301 0.928808
158412 14882 0.0364838 0.88682
173525 16202 0.0394483 0.927937
197488 18688 0.0464972 1.08339
185159 17483 0.0436825 1.04051
167329 16098 0.0383484 0.97879
180836 16481 0.046275 0.913445
151168 14555 0.0355917 0.856159
191017 17199 0.0423365 1.01234
186596 17680 0.0427981 1.32563
198846 17661 0.0636701 1.19213
189831 17535 0.0428809 1.02082
194429 17400 0.0449362 1.06462
211701 18505 0.0474764 1.11156
203729 18084 0.0452956 1.07519
178878 16398 0.0410853 0.982567
188232 17040 0.0425376 1.02715
194548 17230 0.0448849 1.03354
212816 18748 0.0478819 1.14684
222932 19126 0.0507825 1.18154
215536 20163 0.049267 1.18883
208007 18302 0.0458396 1.11308
177050 16247 0.0399344 0.948054
193878 16942 0.04902 1.32538
196478 17247 0.0438628 1.0458
210447 18483 0.0473674 1.38444
205077 17773 0.0653177 1.50745
207248 17696 0.0651085 1.2514
191957 16913 0.0497069 1.02218
176805 16691 0.0193235 1.02169
144732 13831 0.0351384 0.73596
184382 16479 0.0250993 1.00625
156327 14989 0.0362802 0.938634
158568 14987 0.0483613 0.925064
187909 16804 0.0428327 0.882723
173422 15693 0.021019 0.982323
184077 16373 0.0415392 0.959317
166099 15642 0.0380613 0.913338
172338 16260 0.0397177 0.939199
#/home/michal/Dropbox/study/university/kth/thesis/data/features/ds0,015/ds0,015_mp9000/fixed_featuredata_pfhrgb_uniform_2015-05-29_09-15-27.txt
195245 17816 0 24.335
206023 18746 0 26.4103
201937 18362 0 23.7068
193207 17676 0 24.1797
214752 19002 0 25.1997
197834 17374 0 25.9697
174133 16137 0 20.1103
173410 16319 0 20.6569
183635 16706 0 20.7055
180250 16401 0 19.6427
167608 15419 0 19.626
234922 19783 0 33.4261
172918 15662 0 20.5635
207363 17866 0 24.3875
195928 17060 0 27.2711
209008 18249 0 30.4338
179371 16798 0 22.9533
181927 16957 0 23.4072
212391 18119 0 25.0009
194858 17303 0 24.3735
172448 16260 0 20.0704
189971 16843 0 25.2796
161774 14714 0 20.8945
165901 15458 0 21.1573
180093 16771 0 22.4035
187166 16446 0 23.5537
187706 16859 0 23.5944
190610 17141 0 26.1703
217467 19293 0 28.3249
215065 18381 0 26.9738
198864 17666 0 24.1637
201001 17657 0 26.6912
190706 17250 0 24.8825
214284 18338 0 26.4946
215450 18567 0 29.0173
210531 18776 0 27.8586
207769 18070 0 28.23
188106 17529 0 24.0782
201065 17575 0 23.0774
187846 17452 0 24.2109
192107 17501 0 23.9199
227570 18859 0 33.6301
188130 17320 0 25.5088
195123 17721 0 23.9148
205674 18538 0 23.723
200690 18916 0 25.044
178568 16416 0 24.6129
170606 16056 0 27.3105
158412 14882 0 23.6086
173525 16202 0 24.8356
197488 18688 0 28.4431
185159 17483 0 26.8734
167329 16098 0 23.7645
180836 16481 0 25.7053
151168 14555 0 21.7244
191017 17199 0 27.3491
186596 17680 0 27.2874
198846 17661 0 30.3394
189831 17535 0 27.4921
194429 17400 0 28.7218
211701 18505 0 32.5224
203729 18084 0 28.8912
178878 16398 0 27.0691
188232 17040 0 27.7999
194548 17230 0 28.8812
212816 18748 0 31.5132
222932 19126 0 33.3453
215536 20163 0 31.4259
208007 18302 0 30.8658
177050 16247 0 26.2049
193878 16942 0 28.254
196478 17247 0 29.7304
210447 18483 0 30.4678
205077 17773 0 30.6009
207248 17696 0 31.1556
191957 16913 0 27.9052
176805 16691 0 26.0537
144732 13831 0 21.0416
184382 16479 0 26.6767
156327 14989 0 23.1931
158568 14987 0 23.2822
187909 16804 0 27.5793
173422 15693 0 26.1158
184077 16373 0 27.0967
166099 15642 0 23.5771
172338 16260 0 23.1337
#/home/michal/Dropbox/study/university/kth/thesis/data/features/ds0,015/ds0_015/fixed_featuredata_pfhrgb_uniform_2015-05-21_17-44-28.txt
228745 19290 0 32.3877
232248 19673 0 31.6945
209814 18423 0 28.2849
218177 18592 0 30.4326
254562 20114 0 37.7178
208815 18096 0 28.9148
276046 21149 0 42.4799
247696 20170 0 35.2233
206078 17250 0 27.7446
173613 15536 0 22.2525
242021 19770 0 35.2862
273917 19962 0 43.0474
221026 18549 0 31.5765
325980 22937 0 38.5283
286321 21387 0 23.7589
256995 20047 0 17.3007
272279 21023 0 14.7994
265982 20160 0 20.8301
208894 17887 0 20.1549
242932 19625 0 23.2187
223740 18465 0 19.4445
201009 17144 0 13.6555
179322 16154 0 20.0815
194654 17211 0 21.8043
207481 17332 0 15.0054
236736 19353 0 23.1428
216224 18519 0 14.5104
316455 23203 0 36.3893
310514 22488 0 23.2767
255360 20275 0 25.7954
248766 19378 0 22.5747
313832 22799 0 41.2674
247024 19688 0 34.74
315718 22727 0 42.2552
289423 21759 0 30.0279
289112 21536 0 31.9749
268484 20868 0 30.5897
269225 20303 0 25.62
300024 22380 0 41.8852
242735 20145 0 26.0402
217353 18661 0 24.0335
270039 20606 0 40.2777
274894 21068 0 19.5689
304123 22830 0 41.5325
248504 19749 0 24.6422
302871 21740 0 30.7589
286933 20780 0 35.9295
276847 21236 0 38.7192
360015 25911 0 49.692
204094 18212 0 15.3587
256669 20547 0 18.6045
214195 18166 0 10.7772
203775 17306 0 27.2827
299966 22384 0 21.1971
247258 20537 0 21.5501
260375 20554 0 33.0399
249627 20077 0 31.3798
282871 20781 0 20.911
307320 23034 0 31.4297
219987 19261 0 28.7177
222835 18816 0 31.0121
237610 19488 0 34.4388
280171 21705 0 42.3802
299285 22790 0 42.2853
235284 19521 0 31.4235
240647 21360 0 29.7473
273465 20956 0 38.7535
219110 18624 0 16.3296
211482 18010 0 13.1307
214959 17967 0 20.0951
211942 18426 0 24.7913
251332 20069 0 16.0866
205951 17711 0 17.5664
203227 17316 0 12.5417
265381 21403 0 23.2021
177840 15817 0 16.3904
197349 17193 0 11.3156
191488 16936 0 10.6824
183425 16189 0 17.2682
220487 18145 0 29.0192
194771 17113 0 19.0103
189585 16531 0 19.3384
190949 17387 0 18.6953
194056 17714 0 21.2654
#/home/michal/Dropbox/study/university/kth/thesis/data/features/ds0,015/ds0_015/fixed_featuredata_shot_uniform_2015-05-21_17-20-01.txt
228745 19290 0.0219612 0.51865
232248 19673 0.0218974 0.461268
209814 18423 0.0197191 0.429174
218177 18592 0.0264574 0.49188
254562 20114 0.0215879 0.494231
208815 18096 0.0181794 0.4334
276046 21149 0.0317534 0.549299
247696 20170 0.0314871 0.473726
206078 17250 0.018418 0.410345
173613 15536 0.0157024 0.360543
242021 19770 0.0224718 0.521696
273917 19962 0.0237122 0.573438
221026 18549 0.0195244 0.449071
325980 22937 0.0410093 0.700757
286321 21387 0.0246312 0.521547
256995 20047 0.022882 0.545391
272279 21023 0.0242453 0.537198
265982 20160 0.0285291 0.503449
208894 17887 0.018311 0.643912
242932 19625 0.0292323 0.510938
223740 18465 0.0199362 0.450318
201009 17144 0.0176861 0.392762
179322 16154 0.0149995 0.431844
194654 17211 0.0310811 0.808845
207481 17332 0.0205372 0.393105
236736 19353 0.0207956 0.498936
216224 18519 0.0197272 0.429469
316455 23203 0.0271339 0.654525
310514 22488 0.0275549 0.634923
255360 20275 0.0224743 0.756823
248766 19378 0.021416 0.482893
313832 22799 0.0281021 0.587982
247024 19688 0.0219754 0.545041
315718 22727 0.0270301 0.606127
289423 21759 0.0250179 0.580277
289112 21536 0.0256967 0.653243
268484 20868 0.0226475 0.605062
269225 20303 0.0227088 0.536785
300024 22380 0.0651177 0.576332
242735 20145 0.0216118 0.513876
217353 18661 0.0493515 0.790114
270039 20606 0.0230694 0.580002
274894 21068 0.0241381 0.604279
304123 22830 0.0267362 0.622269
248504 19749 0.0221798 0.534045
302871 21740 0.0260143 0.646934
286933 20780 0.0278578 0.921331
276847 21236 0.0248617 0.512062
360015 25911 0.030798 0.713424
204094 18212 0.0179011 0.444231
256669 20547 0.0224851 0.547021
214195 18166 0.0477735 0.465719
203775 17306 0.0184145 0.423248
299966 22384 0.025368 0.578741
247258 20537 0.0213563 0.536215
260375 20554 0.0235455 0.545195
249627 20077 0.0233643 0.52549
282871 20781 0.0247059 0.550176
307320 23034 0.0711359 0.625254
219987 19261 0.0203336 0.460626
222835 18816 0.019603 0.462664
237610 19488 0.0208869 0.488718
280171 21705 0.0243876 0.619739
299285 22790 0.0257999 0.568464
235284 19521 0.021512 0.493447
240647 21360 0.0539778 0.558535
273465 20956 0.0627913 0.710936
219110 18624 0.0213563 0.487667
211482 18010 0.0197484 0.439636
214959 17967 0.0192117 0.441201
211942 18426 0.0203398 0.433153
251332 20069 0.0226574 0.540335
205951 17711 0.0192515 0.422709
203227 17316 0.0188595 0.441208
265381 21403 0.0232756 0.502228
177840 15817 0.0162177 0.371229
197349 17193 0.0187633 0.830601
191488 16936 0.0191866 0.42616
183425 16189 0.0186346 0.419386
220487 18145 0.0205481 0.46867
194771 17113 0.0413064 0.441745
189585 16531 0.0179258 0.345871
190949 17387 0.0183732 0.421053
194056 17714 0.0182352 0.420485
#/home/michal/Dropbox/study/university/kth/thesis/data/features/ds0,015/ds0_015/fixed_featuredata_shotcolor_uniform_2015-05-21_17-20-54.txt
228745 19290 0 0.960554
232248 19673 0 0.845968
209814 18423 0 0.911017
218177 18592 0 0.641198
254562 20114 0 0.70924
208815 18096 0 0.736921
276046 21149 0 1.19593
247696 20170 0 0.738541
206078 17250 0 0.992481
173613 15536 0 0.64367
242021 19770 0 0.987877
273917 19962 0 0.82695
221026 18549 0 1.03877
325980 22937 0 1.29959
286321 21387 0 1.26847
256995 20047 0 1.01982
272279 21023 0 1.30805
265982 20160 0 1.05607
208894 17887 0 0.786403
242932 19625 0 0.767192
223740 18465 0 0.928241
201009 17144 0 0.955954
179322 16154 0 0.645962
194654 17211 0 0.492754
207481 17332 0 0.621687
236736 19353 0 0.634289
216224 18519 0 0.603327
316455 23203 0 0.848219
310514 22488 0 0.996755
255360 20275 0 1.19677
248766 19378 0 1.09647
313832 22799 0 1.17774
247024 19688 0 1.02823
315718 22727 0 1.06863
289423 21759 0 1.01796
289112 21536 0 0.71384
268484 20868 0 0.838941
269225 20303 0 1.0338
300024 22380 0 0.881235
242735 20145 0 0.780462
217353 18661 0 1.05551
270039 20606 0 1.0435
274894 21068 0 1.09923
304123 22830 0 1.23145
248504 19749 0 0.992716
302871 21740 0 1.3367
286933 20780 0 1.25428
276847 21236 0 1.16539
360015 25911 0 1.40483
204094 18212 0 0.718774
256669 20547 0 0.740685
214195 18166 0 0.596866
203775 17306 0 0.598289
299966 22384 0 0.92627
247258 20537 0 1.14808
260375 20554 0 1.23535
249627 20077 0 0.925722
282871 20781 0 1.15253
307320 23034 0 1.26972
219987 19261 0 0.965403
222835 18816 0 0.949718
237610 19488 0 0.766306
280171 21705 0 1.25023
299285 22790 0 1.15327
235284 19521 0 0.964062
240647 21360 0 0.715318
273465 20956 0 0.741031
219110 18624 0 0.620778
211482 18010 0 0.635415
214959 17967 0 0.641431
211942 18426 0 0.595017
251332 20069 0 0.778989
205951 17711 0 0.989864
203227 17316 0 0.629447
265381 21403 0 1.2379
177840 15817 0 0.852519
197349 17193 0 0.765614
191488 16936 0 0.832771
183425 16189 0 0.605903
220487 18145 0 0.899599
194771 17113 0 0.736135
189585 16531 0 0.55841
190949 17387 0 0.64215
194056 17714 0 0.651729
#/home/michal/Dropbox/study/university/kth/thesis/data/features/ds0,015/ds0_015/fixed_featuredata_fpfh_uniform_2015-05-21_17-40-39.txt
228745 19290 0 2.60194
232248 19673 0 2.77004
209814 18423 0 2.12056
218177 18592 0 2.72576
254562 20114 0 3.08269
208815 18096 0 2.28345
276046 21149 0 3.22122
247696 20170 0 2.6095
206078 17250 0 2.37077
173613 15536 0 1.9258
242021 19770 0 2.66971
273917 19962 0 3.30579
221026 18549 0 2.55131
325980 22937 0 3.96888
286321 21387 0 3.57036
256995 20047 0 3.36908
272279 21023 0 3.16927
265982 20160 0 3.3056
208894 17887 0 2.45858
242932 19625 0 2.99265
223740 18465 0 2.59914
201009 17144 0 2.08476
179322 16154 0 1.52401
194654 17211 0 1.89445
207481 17332 0 2.327
236736 19353 0 2.0821
216224 18519 0 2.67389
316455 23203 0 3.26426
310514 22488 0 3.11072
255360 20275 0 2.50461
248766 19378 0 2.49773
313832 22799 0 3.04186
247024 19688 0 2.34585
315718 22727 0 3.90145
289423 21759 0 3.29269
289112 21536 0 3.09614
268484 20868 0 3.50695
269225 20303 0 3.4356
300024 22380 0 2.89991
242735 20145 0 2.09037
217353 18661 0 2.18848
270039 20606 0 3.18457
274894 21068 0 3.59904
304123 22830 0 3.81687
248504 19749 0 2.19514
302871 21740 0 3.68376
286933 20780 0 3.18506
276847 21236 0 3.12921
360015 25911 0 3.42106
204094 18212 0 1.90498
256669 20547 0 2.91966
214195 18166 0 2.6404
203775 17306 0 2.2905
299966 22384 0 3.487
247258 20537 0 2.83589
260375 20554 0 3.03043
249627 20077 0 2.33355
282871 20781 0 2.79848
307320 23034 0 3.58652
219987 19261 0 2.31423
222835 18816 0 2.4414
237610 19488 0 2.66321
280171 21705 0 3.59702
299285 22790 0 3.60253
235284 19521 0 2.63464
240647 21360 0 2.95534
273465 20956 0 3.06846
219110 18624 0 2.42055
211482 18010 0 1.88697
214959 17967 0 1.93932
211942 18426 0 1.82634
251332 20069 0 2.41687
205951 17711 0 1.89511
203227 17316 0 1.97614
265381 21403 0 2.57659
177840 15817 0 1.57078
197349 17193 0 1.70795
191488 16936 0 1.97524
183425 16189 0 1.9402
220487 18145 0 2.66516
194771 17113 0 2.06301
189585 16531 0 1.928
190949 17387 0 2.03938
194056 17714 0 2.28894
#/home/michal/Dropbox/study/university/kth/thesis/data/features/ds0,015/ds0_015/fixed_featuredata_pfh_uniform_2015-05-21_17-22-17.txt
228745 19290 0 16.2778
232248 19673 0 15.3225
209814 18423 0 17.9493
218177 18592 0 16.0082
254562 20114 0 17.1902
208815 18096 0 6.28538
276046 21149 0 9.37872
247696 20170 0 21.013
206078 17250 0 15.3926
173613 15536 0 5.04358
242021 19770 0 7.89985
273917 19962 0 9.51588
221026 18549 0 6.84703
325980 22937 0 17.7471
286321 21387 0 18.192
256995 20047 0 8.99598
272279 21023 0 9.3158
265982 20160 0 8.98696
208894 17887 0 6.3848
242932 19625 0 7.65402
223740 18465 0 14.4658
201009 17144 0 5.94228
179322 16154 0 5.25962
194654 17211 0 5.80857
207481 17332 0 6.64035
236736 19353 0 7.42128
216224 18519 0 6.65179
316455 23203 0 32.5905
310514 22488 0 29.5625
255360 20275 0 12.382
248766 19378 0 8.26602
313832 22799 0 11.4837
247024 19688 0 8.03179
315718 22727 0 11.3185
289423 21759 0 14.4306
289112 21536 0 13.1839
268484 20868 0 9.01763
269225 20303 0 11.6833
300024 22380 0 10.1853
242735 20145 0 7.45079
217353 18661 0 7.2923
270039 20606 0 9.1297
274894 21068 0 15.295
304123 22830 0 14.9622
248504 19749 0 8.17644
302871 21740 0 10.6757
286933 20780 0 21.7312
276847 21236 0 9.25843
360015 25911 0 12.7104
204094 18212 0 6.2562
256669 20547 0 23.186
214195 18166 0 18.6686
203775 17306 0 9.16403
299966 22384 0 29.5731
247258 20537 0 22.0331
260375 20554 0 22.6542
249627 20077 0 23.2583
282871 20781 0 27.5222
307320 23034 0 29.5676
219987 19261 0 18.4362
222835 18816 0 19.1045
237610 19488 0 20.9811
280171 21705 0 26.6091
299285 22790 0 28.789
235284 19521 0 7.34977
240647 21360 0 12.1221
273465 20956 0 9.1127
219110 18624 0 6.55314
211482 18010 0 6.27551
214959 17967 0 6.9189
211942 18426 0 6.27637
251332 20069 0 8.05407
205951 17711 0 6.13281
203227 17316 0 7.19447
265381 21403 0 8.86157
177840 15817 0 5.18512
197349 17193 0 5.88483
191488 16936 0 5.67099
183425 16189 0 5.36617
220487 18145 0 19.4092
194771 17113 0 17.1048
189585 16531 0 15.7591
190949 17387 0 15.5731
194056 17714 0 16.0302
