#/home/michal/Dropbox/study/university/kth/thesis/data/features/ds0,015/ds0,015_mp9000/fixed_featuredata_shot_uniform_2015-05-29_08-42-29.txt
195245 17816 0.0444062 0.878218
206023 18746 0.0267405 0.766529
201937 18362 0.0265023 0.927289
193207 17676 0.0240772 0.884812
214752 19002 0.0241374 0.881077
197834 17374 0.0460426 0.914674
174133 16137 0.0200955 0.764376
173410 16319 0.0224314 0.782491
183635 16706 0.0418336 1.00642
180250 16401 0.0491628 0.955995
167608 15419 0.0384815 0.889191
234922 19783 0.0603042 1.22631
172918 15662 0.0396927 0.987455
207363 17866 0.046895 1.03654
195928 17060 0.0438712 1.07045
209008 18249 0.0480528 0.952481
179371 16798 0.0213413 0.802269
181927 16957 0.0205731 0.854615
212391 18119 0.0483705 1.10642
194858 17303 0.044012 1.02836
172448 16260 0.0402734 0.950907
189971 16843 0.0440465 0.878034
161774 14714 0.0226964 0.814369
165901 15458 0.0375196 0.906971
180093 16771 0.0405806 0.97316
187166 16446 0.0426458 0.998697
187706 16859 0.0447185 1.27546
190610 17141 0.0429275 0.979957
217467 19293 0.0255138 0.998742
215065 18381 0.05116 0.957739
198864 17666 0.0449634 0.935299
201001 17657 0.0223234 0.914477
190706 17250 0.059176 1.3782
214284 18338 0.0579229 1.38391
215450 18567 0.0514167 1.43174
210531 18776 0.047532 1.14322
207769 18070 0.0468373 1.1054
188106 17529 0.0427897 1.04436
201065 17575 0.0460713 1.05309
187846 17452 0.043354 1.0311
192107 17501 0.0440432 1.01367
227570 18859 0.0516134 1.1832
188130 17320 0.0430407 1.07481
195123 17721 0.0444378 1.04069
205674 18538 0.0462928 1.09965
200690 18916 0.0459633 1.11254
178568 16416 0.0404947 0.971025
170606 16056 0.0390301 0.928808
158412 14882 0.0364838 0.88682
173525 16202 0.0394483 0.927937
197488 18688 0.0464972 1.08339
185159 17483 0.0436825 1.04051
167329 16098 0.0383484 0.97879
180836 16481 0.046275 0.913445
151168 14555 0.0355917 0.856159
191017 17199 0.0423365 1.01234
186596 17680 0.0427981 1.32563
198846 17661 0.0636701 1.19213
189831 17535 0.0428809 1.02082
194429 17400 0.0449362 1.06462
211701 18505 0.0474764 1.11156
203729 18084 0.0452956 1.07519
178878 16398 0.0410853 0.982567
188232 17040 0.0425376 1.02715
194548 17230 0.0448849 1.03354
212816 18748 0.0478819 1.14684
222932 19126 0.0507825 1.18154
215536 20163 0.049267 1.18883
208007 18302 0.0458396 1.11308
177050 16247 0.0399344 0.948054
193878 16942 0.04902 1.32538
196478 17247 0.0438628 1.0458
210447 18483 0.0473674 1.38444
205077 17773 0.0653177 1.50745
207248 17696 0.0651085 1.2514
191957 16913 0.0497069 1.02218
176805 16691 0.0193235 1.02169
144732 13831 0.0351384 0.73596
184382 16479 0.0250993 1.00625
156327 14989 0.0362802 0.938634
158568 14987 0.0483613 0.925064
187909 16804 0.0428327 0.882723
173422 15693 0.021019 0.982323
184077 16373 0.0415392 0.959317
166099 15642 0.0380613 0.913338
172338 16260 0.0397177 0.939199
#/home/michal/Dropbox/study/university/kth/thesis/data/features/ds0,015/ds0_015/fixed_featuredata_shot_uniform_2015-05-21_17-20-01.txt
228745 19290 0.0219612 0.51865
232248 19673 0.0218974 0.461268
209814 18423 0.0197191 0.429174
218177 18592 0.0264574 0.49188
254562 20114 0.0215879 0.494231
208815 18096 0.0181794 0.4334
276046 21149 0.0317534 0.549299
247696 20170 0.0314871 0.473726
206078 17250 0.018418 0.410345
173613 15536 0.0157024 0.360543
242021 19770 0.0224718 0.521696
273917 19962 0.0237122 0.573438
221026 18549 0.0195244 0.449071
325980 22937 0.0410093 0.700757
286321 21387 0.0246312 0.521547
256995 20047 0.022882 0.545391
272279 21023 0.0242453 0.537198
265982 20160 0.0285291 0.503449
208894 17887 0.018311 0.643912
242932 19625 0.0292323 0.510938
223740 18465 0.0199362 0.450318
201009 17144 0.0176861 0.392762
179322 16154 0.0149995 0.431844
194654 17211 0.0310811 0.808845
207481 17332 0.0205372 0.393105
236736 19353 0.0207956 0.498936
216224 18519 0.0197272 0.429469
316455 23203 0.0271339 0.654525
310514 22488 0.0275549 0.634923
255360 20275 0.0224743 0.756823
248766 19378 0.021416 0.482893
313832 22799 0.0281021 0.587982
247024 19688 0.0219754 0.545041
315718 22727 0.0270301 0.606127
289423 21759 0.0250179 0.580277
289112 21536 0.0256967 0.653243
268484 20868 0.0226475 0.605062
269225 20303 0.0227088 0.536785
300024 22380 0.0651177 0.576332
242735 20145 0.0216118 0.513876
217353 18661 0.0493515 0.790114
270039 20606 0.0230694 0.580002
274894 21068 0.0241381 0.604279
304123 22830 0.0267362 0.622269
248504 19749 0.0221798 0.534045
302871 21740 0.0260143 0.646934
286933 20780 0.0278578 0.921331
276847 21236 0.0248617 0.512062
360015 25911 0.030798 0.713424
204094 18212 0.0179011 0.444231
256669 20547 0.0224851 0.547021
214195 18166 0.0477735 0.465719
203775 17306 0.0184145 0.423248
299966 22384 0.025368 0.578741
247258 20537 0.0213563 0.536215
260375 20554 0.0235455 0.545195
249627 20077 0.0233643 0.52549
282871 20781 0.0247059 0.550176
307320 23034 0.0711359 0.625254
219987 19261 0.0203336 0.460626
222835 18816 0.019603 0.462664
237610 19488 0.0208869 0.488718
280171 21705 0.0243876 0.619739
299285 22790 0.0257999 0.568464
235284 19521 0.021512 0.493447
240647 21360 0.0539778 0.558535
273465 20956 0.0627913 0.710936
219110 18624 0.0213563 0.487667
211482 18010 0.0197484 0.439636
214959 17967 0.0192117 0.441201
211942 18426 0.0203398 0.433153
251332 20069 0.0226574 0.540335
205951 17711 0.0192515 0.422709
203227 17316 0.0188595 0.441208
265381 21403 0.0232756 0.502228
177840 15817 0.0162177 0.371229
197349 17193 0.0187633 0.830601
191488 16936 0.0191866 0.42616
183425 16189 0.0186346 0.419386
220487 18145 0.0205481 0.46867
194771 17113 0.0413064 0.441745
189585 16531 0.0179258 0.345871
190949 17387 0.0183732 0.421053
194056 17714 0.0182352 0.420485
