#/home/michal/Dropbox/study/university/kth/thesis/data/features/annotations/0,015/featuredata_shot_iss_2015-05-28_10-52-12.txt
1163 23 0.0165402 0.00379403
811 15 0.0116064 0.00129138
1264 25 0.0164676 0.00133837
4603 105 0.0563231 0.00402272
1311 23 0.0176409 0.00139347
1903 52 0.0224002 0.00196989
911 34 0.014745 0.00132298
4468 100 0.0477814 0.00365892
995 21 0.0128747 0.00107685
733 14 0.0103253 0.000912787
1221 24 0.0149428 0.00191843
3656 97 0.0411537 0.00321934
1273 29 0.0164785 0.00137319
2134 44 0.0266138 0.0023758
866 28 0.0109771 0.00110408
3969 96 0.0414513 0.00369463
1237 28 0.0156529 0.00133261
789 22 0.0105074 0.0027851
1278 25 0.0169836 0.00144389
3556 104 0.041174 0.00346804
2774 81 0.03175 0.00281309
1439 37 0.015987 0.00153485
3164 62 0.0355901 0.00268792
1386 31 0.0195 0.00182817
1418 31 0.0182214 0.00152934
1204 25 0.0164407 0.00138142
3476 97 0.0407158 0.00344832
4675 99 0.0531967 0.00382239
4824 110 0.0592517 0.00431202
3352 69 0.0385209 0.00341016
1530 40 0.0176795 0.0016508
1084 26 0.0138896 0.001279
1999 41 0.0248873 0.00215215
1211 25 0.0162209 0.00137765
1410 29 0.0188698 0.0015387
3350 101 0.039177 0.00365072
3216 96 0.0369051 0.00315752
887 36 0.0118071 0.0013205
4308 98 0.0464962 0.00368977
1291 18 0.0174031 0.0013398
1280 25 0.01681 0.00275421
1220 24 0.0166854 0.00763545
2800 66 0.0343685 0.002472
5238 112 0.0618539 0.00418818
1022 36 0.0130872 0.00141871
3501 81 0.036454 0.00302509
818 20 0.0112849 0.00111064
1219 30 0.0160304 0.00140715
811 21 0.0116631 0.00116896
1281 27 0.0167255 0.00140435
1414 45 0.0176291 0.00173616
5323 108 0.0625479 0.00425766
755 23 0.0106728 0.00116433
811 15 0.0107882 0.00100707
1014 19 0.0131236 0.00125301
1414 37 0.0177321 0.0016384
1319 27 0.0167212 0.00140319
2084 66 0.0233529 0.002237
3038 86 0.034613 0.00308487
858 18 0.0105335 0.00111723
831 18 0.011117 0.00108566
1205 25 0.0154755 0.00141894
1248 28 0.0166436 0.00143844
2037 49 0.0235348 0.00199034
4995 118 0.0649627 0.00537788
1130 34 0.0160767 0.00292584
3761 94 0.0393345 0.00311746
2304 58 0.0246178 0.00219106
1387 29 0.0167919 0.00171083
1239 27 0.0155669 0.0013269
702 20 0.00928835 0.000962359
2293 63 0.0257709 0.00231708
2572 67 0.0266496 0.00237578
144 5 0.00400437 0.00185576
718 16 0.0105682 0.000898026
1205 27 0.0174109 0.00133983
1209 27 0.0167555 0.0032128
542 17 0.00916371 0.00104855
1287 29 0.0172804 0.00141694
807 21 0.0115627 0.00111279
2777 93 0.0326079 0.00275483
3317 67 0.0401824 0.00273616
892 26 0.0135716 0.00170977
118 2 0.00541632 0.000599217
1860 38 0.0233899 0.00184213
743 19 0.00958202 0.00104445
1259 28 0.0166991 0.00138809
1227 26 0.0155006 0.0013136
930 22 0.0118732 0.00107126
3077 93 0.0361704 0.0031493
1205 30 0.0152223 0.00129912
140 5 0.00437692 0.000559313
951 19 0.0121222 0.00101919
802 17 0.0109268 0.000994351
1322 27 0.0163653 0.00139847
1247 25 0.0156244 0.00138168
940 20 0.0125437 0.00112887
3094 88 0.0369691 0.00320804
1202 29 0.0147603 0.00132785
127 1 0.0043114 0.00052384
943 20 0.0128911 0.00158685
742 15 0.00990653 0.000959134
1244 20 0.0156156 0.00123556
1268 24 0.0160648 0.00132496
811 17 0.0113715 0.00109604
2886 78 0.0355565 0.0146075
1408 35 0.0299038 0.00265928
133 3 0.00608759 0.000767175
1281 32 0.0236901 0.00185689
800 18 0.018034 0.0071954
565 10 0.0146561 0.00172072
1217 27 0.0278824 0.00253112
1182 27 0.0324419 0.00373594
1319 26 0.0496737 0.00344774
699 15 0.0267582 0.00183997
1693 41 0.0559823 0.00471096
2619 59 0.0780498 0.00638229
2565 71 0.0939767 0.0076094
3484 109 0.117884 0.0110716
4064 97 0.116569 0.00816728
529 11 0.019418 0.00187614
1119 25 0.0412532 0.00371696
1070 22 0.0236012 0.00178734
2096 48 0.0412789 0.00363759
956 23 0.0233664 0.00418062
661 8 0.0259414 0.00216228
1216 28 0.0430455 0.00839151
2936 74 0.0626889 0.010744
1001 28 0.0172727 0.00901237
140 6 0.00812072 0.00632679
1040 19 0.0172575 0.00111915
738 19 0.0107324 0.0102226
1072 18 0.0218281 0.00410936
1026 24 0.0295012 0.00703834
1239 26 0.0540472 0.00972091
899 16 0.0465815 0.0142005
3250 81 0.183345 0.021315
1464 31 0.0795516 0.0163573
1178 33 0.0282159 0.00933272
112 3 0.0045455 0.00700232
3468 81 0.180713 0.0162083
835 19 0.0240495 0.00295694
2445 58 0.0660426 0.00562506
1236 23 0.047111 0.0037791
1040 28 0.0382247 0.00372258
959 29 0.0371791 0.00424714
4858 108 0.169688 0.0127481
980 32 0.041335 0.0032498
4926 103 0.165276 0.0104955
3322 81 0.122144 0.00783655
738 19 0.0262602 0.0119136
3327 72 0.103771 0.0210784
1302 26 0.0421112 0.00254394
1063 25 0.0224534 0.00188335
952 27 0.0210863 0.0019782
4363 100 0.125857 0.0109108
3069 80 0.111925 0.00748982
781 15 0.0463468 0.00285812
2521 56 0.0808644 0.0157095
836 21 0.0220303 0.00201448
2730 58 0.0930077 0.0165069
1396 36 0.0406871 0.00403814
1058 22 0.0280347 0.00156315
924 20 0.0172403 0.00185199
1853 52 0.0331681 0.0100666
2038 53 0.0588639 0.00743239
2577 59 0.0836983 0.00996345
786 21 0.0320071 0.00310048
2581 56 0.0914396 0.00636882
1311 27 0.0459314 0.00315818
1049 20 0.0423058 0.00308343
901 27 0.0342749 0.0082784
2306 64 0.077241 0.0135144
4205 103 0.138314 0.022696
2644 62 0.074477 0.0174446
764 17 0.0271883 0.0132624
2791 50 0.0924258 0.0227882
1303 23 0.0218744 0.010962
1040 23 0.0183866 0.00886099
865 15 0.018051 0.0112654
2139 64 0.0342891 0.0111648
3222 90 0.0417565 0.0104037
2669 62 0.045477 0.0071188
768 19 0.0172863 0.00176738
3005 64 0.0953211 0.00323486
1247 29 0.0207542 0.0018483
790 17 0.01398 0.00350531
2123 58 0.0401531 0.00344832
5165 123 0.131126 0.0122394
2156 42 0.066212 0.00525392
732 17 0.0291228 0.0024999
2966 62 0.0966152 0.0144632
1266 26 0.0433201 0.00438734
768 18 0.0439395 0.00767821
1081 26 0.0375866 0.00339626
2485 76 0.069478 0.0148185
2138 50 0.0683668 0.00974379
1375 26 0.0413819 0.00283322
770 18 0.0262652 0.00300164
2807 59 0.104921 0.00877818
1389 29 0.047362 0.00353167
735 17 0.028909 0.0033438
1058 25 0.0427393 0.00370101
2349 65 0.0765616 0.00505348
3872 84 0.123923 0.00800565
1138 29 0.025356 0.0107169
839 22 0.0256441 0.00702297
3002 57 0.100778 0.00711675
1275 28 0.0441582 0.00397038
1138 25 0.0513405 0.00338532
1114 25 0.0385803 0.00381667
3981 91 0.127703 0.0100988
1020 21 0.0256483 0.00997687
2263 57 0.0320881 0.0131675
900 22 0.0137237 0.00952848
3135 74 0.0632294 0.00741092
1324 27 0.0432936 0.00582611
814 20 0.0239703 0.00167435
1067 24 0.0404923 0.00358947
1854 35 0.06712 0.00492355
2372 55 0.0910204 0.00666364
1445 27 0.0550929 0.00764121
1437 43 0.047747 0.00508799
686 14 0.027472 0.0124831
3351 80 0.117331 0.00892548
1338 29 0.0482498 0.00377514
929 20 0.0338381 0.00558016
897 22 0.03724 0.00388158
4053 83 0.134282 0.00961951
915 27 0.038933 0.00343616
1729 38 0.0575084 0.0037674
849 31 0.0359195 0.00353183
3316 84 0.0966687 0.0114388
913 23 0.027869 0.0188811
1023 28 0.0267851 0.00915133
3004 66 0.0526851 0.0110107
1262 22 0.0172672 0.00905785
807 24 0.0119101 0.00700348
3001 75 0.0368589 0.00842358
986 32 0.0197045 0.00148327
4873 112 0.0645404 0.00418595
1117 34 0.015867 0.00146438
3452 86 0.0367211 0.00297959
856 16 0.0122617 0.0018983
1104 26 0.0158345 0.00466583
3408 77 0.046753 0.00308473
1279 24 0.0165464 0.00137708
841 19 0.0128458 0.00117508
2899 80 0.0341453 0.00288149
3463 104 0.0399559 0.00336433
1113 34 0.0150542 0.00151759
3887 101 0.0399691 0.00367341
857 20 0.011682 0.00109383
1012 27 0.0141832 0.00137109
3190 77 0.0400154 0.00481321
1984 46 0.0257753 0.00813511
481 17 0.00821429 0.00872454
2896 86 0.0379927 0.0144782
4116 82 0.0555032 0.0200975
1117 38 0.0173532 0.0146198
2946 57 0.056616 0.0142492
841 23 0.0567284 0.0203835
842 20 0.0266238 0.00542688
2930 59 0.0954875 0.0183786
1377 29 0.0453996 0.00412343
848 16 0.0358496 0.00296931
3320 87 0.116506 0.0110386
4204 84 0.116547 0.00690014
1109 32 0.0381374 0.00256757
3357 72 0.102906 0.00643995
740 18 0.0272741 0.00180261
675 15 0.0275068 0.00289704
3077 63 0.113065 0.00782122
1312 34 0.0482894 0.00377358
860 18 0.0362056 0.00331377
3265 99 0.113846 0.00976471
2778 76 0.0743719 0.00956688
1122 36 0.0153466 0.00906587
2021 47 0.0230443 0.00809349
753 18 0.0111175 0.0086118
1080 24 0.0144783 0.00710829
3387 74 0.0435202 0.0099829
1324 32 0.0167184 0.00849723
3347 104 0.0401177 0.0116644
4467 98 0.0532172 0.0119089
1087 37 0.0138698 0.0092694
4138 81 0.0442532 0.0109669
704 19 0.0229802 0.0049659
1349 31 0.0209829 0.00152724
3341 79 0.0424838 0.00826975
1261 21 0.0177543 0.00496498
3048 98 0.106362 0.00916137
4355 97 0.142321 0.0152632
1084 38 0.0373032 0.0035585
4864 114 0.148142 0.011329
844 21 0.0370222 0.00223021
410 14 0.0210186 0.00152612
1027 25 0.0462741 0.00422676
1317 31 0.0354262 0.00321776
1273 26 0.0457114 0.00890718
1017 24 0.0349347 0.00284392
4306 90 0.159113 0.00995477
1011 28 0.0425259 0.00440198
979 32 0.0411358 0.00233118
1665 36 0.0614642 0.00507327
1197 41 0.0497843 0.00440542
2230 54 0.0725157 0.00438364
860 17 0.0345174 0.00318271
869 22 0.0307454 0.00430712
406 8 0.0160992 0.00170556
970 21 0.0334706 0.00353705
1274 28 0.0463451 0.0128398
3116 92 0.105084 0.00982752
960 25 0.0426071 0.00362715
1748 45 0.0621475 0.00485983
952 27 0.0403497 0.00392296
4934 124 0.163213 0.0116149
946 18 0.0335493 0.00265564
994 22 0.0375127 0.00208602
1189 25 0.0448701 0.00345391
541 10 0.0257779 0.00218567
1266 25 0.0443517 0.00225398
3517 85 0.121714 0.00864335
811 22 0.0326964 0.00292561
1836 46 0.0609771 0.00484269
1141 40 0.0460037 0.00430216
3864 99 0.126752 0.00703613
840 15 0.0369552 0.00316196
515 11 0.0271939 0.00211464
1018 27 0.043416 0.00356255
1185 29 0.0450643 0.00298967
1249 29 0.0460368 0.00296724
835 16 0.0347605 0.00267027
3037 75 0.103115 0.0076926
961 25 0.0398387 0.0033866
1753 43 0.0608185 0.00471221
1161 39 0.0468271 0.00390722
3215 88 0.0991533 0.0177747
880 17 0.0296088 0.0160523
664 18 0.0279866 0.00187211
1867 39 0.066238 0.00517121
1259 22 0.048881 0.00383416
1428 35 0.0477851 0.00381467
809 20 0.0343962 0.00304287
2426 65 0.0862842 0.00709733
858 31 0.0361734 0.00305314
1680 38 0.0573038 0.00738003
2780 69 0.0917402 0.00717035
888 17 0.0371725 0.00322363
1356 36 0.0520383 0.00628184
1285 29 0.0468816 0.00414231
919 24 0.036677 0.00335636
2548 70 0.0850324 0.0073652
931 32 0.0355687 0.00810742
1813 47 0.0628674 0.00535308
2589 67 0.0850224 0.00668727
80 2 0.0132957 0.00142633
845 15 0.0333769 0.00260998
1576 32 0.055491 0.00451194
1323 35 0.0577385 0.00530391
1548 33 0.0571329 0.00673161
2913 83 0.095597 0.00783318
1111 41 0.0400749 0.00397822
1930 50 0.0691962 0.00509758
2736 70 0.0901378 0.00804604
93 5 0.0120608 0.00105135
858 14 0.0350964 0.00259177
1536 36 0.0590632 0.00427292
1264 32 0.046232 0.00311981
1290 26 0.0474663 0.00257368
918 25 0.0367606 0.00261764
2320 64 0.0680784 0.00829931
919 30 0.0359587 0.00290737
2435 55 0.0822305 0.0065557
1140 37 0.041779 0.0029901
4518 97 0.139826 0.0103532
793 25 0.03493 0.00917364
1465 25 0.0492095 0.00991499
1262 25 0.0237676 0.00162414
1303 26 0.0168534 0.00143059
1081 30 0.0147471 0.00134004
2171 61 0.0258682 0.00230032
1001 29 0.0146638 0.00135436
2113 55 0.0242245 0.00303759
1263 39 0.0170291 0.00156057
3833 93 0.0443809 0.00334698
784 24 0.0115843 0.0011486
1602 36 0.0218959 0.00157074
1121 23 0.0145975 0.00123078
1347 26 0.01776 0.00134524
965 23 0.0131041 0.0010926
1765 42 0.0222021 0.00169175
962 25 0.0135953 0.00115157
1901 43 0.0223021 0.00173042
1168 30 0.0377609 0.00765682
2840 75 0.0926866 0.00843412
84 4 0.0143344 0.00153249
827 18 0.0348541 0.00304082
1602 27 0.0643257 0.00461931
1176 24 0.0446235 0.00318683
1349 33 0.0498407 0.00561043
864 26 0.033567 0.0155091
2386 65 0.0807255 0.00804412
778 17 0.0358267 0.00289706
1945 51 0.0671347 0.00537805
1206 26 0.0477365 0.00380717
2081 59 0.0699714 0.00590669
115 9 0.0155636 0.00179939
834 16 0.032613 0.00255248
1302 28 0.0493458 0.00405486
1203 27 0.0458823 0.00388814
792 16 0.0312384 0.00271911
2651 79 0.0873487 0.00923162
304 13 0.0172426 0.00213354
1347 36 0.0498568 0.00433735
1176 29 0.0398844 0.00303317
883 20 0.0338177 0.00688578
1253 25 0.0427152 0.0050633
1289 25 0.0475209 0.0143998
911 24 0.0320055 0.0136453
2730 72 0.0824996 0.00579449
3974 82 0.133975 0.0111011
2416 64 0.0722282 0.00927613
915 20 0.0315959 0.00553773
1652 41 0.0534792 0.00459267
1272 35 0.0447006 0.00612771
3199 83 0.108164 0.0081815
1218 38 0.0459603 0.00420268
2218 41 0.0730172 0.00415369
2687 72 0.0854269 0.00709241
920 16 0.0358374 0.00289297
920 19 0.0375166 0.00308621
1336 20 0.0501301 0.00367476
1268 31 0.0487843 0.00594733
2480 75 0.0790618 0.00675255
3986 76 0.139975 0.00927709
2167 48 0.071276 0.00555474
799 19 0.0338948 0.00294649
998 20 0.0391062 0.00334705
1116 23 0.0437561 0.0128806
1299 24 0.0187477 0.00157286
776 15 0.0109939 0.000943847
1681 49 0.0195859 0.00299771
3290 79 0.0387698 0.00285982
986 25 0.0138021 0.0011504
1067 23 0.0139809 0.00114765
4684 118 0.0489908 0.00384815
662 15 0.00968209 0.000841909
1108 22 0.0151229 0.00138354
602 16 0.00868416 0.00250308
1290 29 0.0162742 0.00306453
803 18 0.0105627 0.000961787
1350 30 0.0162336 0.00140497
3394 91 0.0377756 0.00301046
1065 33 0.0139603 0.00127202
4785 116 0.0504374 0.00386648
815 25 0.0104517 0.00100913
1214 29 0.0162461 0.00134354
1279 30 0.0159834 0.00140644
1225 23 0.0155668 0.00222358
1071 24 0.0133148 0.00112808
1734 54 0.0216747 0.00315404
4139 103 0.0475077 0.00366223
1204 33 0.0164285 0.00146591
3553 78 0.0370349 0.00287616
796 23 0.0114562 0.00102952
1185 26 0.015515 0.00145813
1398 35 0.0181671 0.00152102
1266 30 0.0161276 0.00137891
922 20 0.0124687 0.00116546
1316 36 0.0187209 0.00162087
3044 73 0.0352164 0.00268997
1148 38 0.0149426 0.00142941
2611 52 0.0290486 0.00222295
812 17 0.0112661 0.00101138
1230 27 0.0161196 0.00141138
590 15 0.00865885 0.00082396
1237 23 0.0163227 0.00130409
3569 109 0.0418358 0.00342594
1575 42 0.0183391 0.00153062
948 34 0.0132386 0.00128028
3295 68 0.0339782 0.00310801
753 23 0.0103037 0.000954412
1167 19 0.0160549 0.00117837
495 16 0.0081489 0.00162531
1319 27 0.01666 0.00130561
632 8 0.0103589 0.000791477
3809 91 0.0468919 0.00363453
2501 65 0.0285529 0.00238483
950 27 0.0136627 0.00122036
657 19 0.0100819 0.000910264
4901 114 0.0515715 0.00411793
946 19 0.0125745 0.00222131
1098 26 0.0146583 0.00129329
1321 28 0.0167677 0.00139802
479 7 0.00803289 0.000765155
3708 105 0.0407231 0.00361691
974 22 0.0132917 0.00115103
3379 72 0.0387113 0.00307956
978 27 0.0126503 0.00123866
3991 93 0.0423164 0.0034136
785 20 0.0101877 0.0014897
1127 27 0.0146455 0.00133936
483 11 0.00792766 0.0010699
1301 27 0.0166673 0.00147878
4171 103 0.0461226 0.00391532
1071 24 0.014719 0.00133599
3966 87 0.0452585 0.00338158
934 24 0.0126669 0.0012544
4022 88 0.0422833 0.00325119
838 22 0.0110297 0.00113856
1006 18 0.0134567 0.00121797
1293 23 0.0163544 0.0013969
5463 128 0.0627717 0.00503044
985 20 0.0133473 0.00122733
3844 79 0.0433505 0.00316767
1061 38 0.0135002 0.0014449
2383 57 0.0256279 0.00258544
820 20 0.0107536 0.00109915
1074 23 0.0138545 0.00221383
294 9 0.00584503 0.00369409
1271 28 0.0156898 0.00142796
3743 74 0.0436477 0.00568674
3880 101 0.044033 0.0114767
944 34 0.0343389 0.00677474
4593 105 0.141265 0.0110953
669 15 0.0234376 0.00181014
1125 19 0.03754 0.0030882
3166 72 0.106472 0.00865972
2119 49 0.0734998 0.00547797
2784 67 0.0853054 0.0089444
3523 62 0.117768 0.00825858
791 13 0.0330829 0.00276704
1164 29 0.042135 0.0062987
642 13 0.0232515 0.00284814
2963 93 0.100817 0.0085388
950 29 0.0363742 0.00231985
2056 54 0.0686458 0.0057987
2421 57 0.0739488 0.00409518
862 21 0.0289218 0.00218499
1281 28 0.0461925 0.00401947
789 19 0.0299779 0.00301225
3388 78 0.113258 0.0087901
1002 28 0.0347811 0.00361423
2010 51 0.0683176 0.00581987
2339 65 0.0755473 0.00642437
810 19 0.0340776 0.00333469
1458 27 0.0563695 0.00437559
1302 25 0.0514995 0.00576104
1230 25 0.0449058 0.00262379
695 13 0.0251041 0.00361519
4209 102 0.142599 0.0125574
1154 29 0.0378058 0.00589856
2206 59 0.0728515 0.00419069
2495 63 0.0810334 0.00600271
659 16 0.0296349 0.0033016
1316 29 0.0496226 0.00425402
3105 72 0.112173 0.00798706
1378 31 0.052453 0.00439414
1024 25 0.0428428 0.00351938
665 20 0.0297508 0.00330614
2584 66 0.0804044 0.00710262
952 33 0.0357927 0.00316279
4743 110 0.163396 0.011539
951 32 0.036529 0.00219435
3860 94 0.121858 0.00915598
574 13 0.02582 0.0025914
1267 29 0.048505 0.00425537
3026 66 0.109912 0.00793219
1248 31 0.0480956 0.00522963
1007 16 0.0334018 0.0075827
667 19 0.0126176 0.00579001
2966 80 0.0518848 0.00526218
4492 94 0.0917908 0.00721162
3225 80 0.0445807 0.00333943
2971 73 0.0462985 0.0040277
1340 24 0.0293414 0.0021938
2621 69 0.0692033 0.00793038
1186 21 0.0427795 0.00245016
1286 25 0.0493769 0.00274549
689 21 0.0270413 0.0029626
640 11 0.028008 0.00253377
1719 49 0.0480622 0.00542513
1232 33 0.0483408 0.0040761
1825 46 0.0305842 0.00207101
759 29 0.0137885 0.00209334
3579 81 0.0507179 0.00419509
3515 57 0.0519525 0.00340609
1678 42 0.0303634 0.00253445
1096 20 0.0238455 0.00192852
1134 26 0.0240155 0.00276559
1172 23 0.0276534 0.00244693
849 21 0.0251148 0.00305192
4238 87 0.127817 0.0042343
745 18 0.0137838 0.00154381
5150 105 0.0661101 0.00442656
1035 26 0.0145344 0.00133183
4075 89 0.043641 0.00343897
2663 63 0.0347928 0.00253899
1444 29 0.0202442 0.00161028
1183 25 0.0171745 0.00128106
1365 35 0.0190989 0.00221181
734 23 0.0112122 0.00123601
1212 24 0.0176786 0.00141475
3374 67 0.0399078 0.00286242
981 33 0.0139054 0.0013089
2909 82 0.0362043 0.00306026
1070 25 0.0147866 0.00131268
920 32 0.0133246 0.00131545
3912 107 0.042073 0.00344553
2625 59 0.0335894 0.00244752
1131 18 0.0158241 0.0012752
1317 30 0.0189732 0.00321387
1187 21 0.0171586 0.00132769
643 14 0.0104909 0.000975619
1322 33 0.0185675 0.00152228
3551 77 0.0439579 0.00404257
954 22 0.0131344 0.00118722
966 33 0.0132002 0.00124587
2927 83 0.0870351 0.0125452
881 28 0.018573 0.00116056
4650 87 0.0508752 0.00351096
2600 65 0.0333237 0.00260626
1267 29 0.0177406 0.00150902
1206 23 0.0180944 0.00140065
651 20 0.0100917 0.00104177
1265 30 0.0179667 0.00148527
3721 87 0.0447797 0.00337737
828 21 0.011869 0.00112089
982 38 0.0133843 0.0014399
3078 94 0.0367352 0.00320286
838 27 0.0121262 0.00106672
624 7 0.00974524 0.000747438
2652 61 0.0338906 0.0023288
1091 22 0.0154358 0.0011795
1338 23 0.0187899 0.00135499
1144 27 0.016213 0.0012521
691 13 0.0109686 0.000871723
1276 30 0.0440841 0.0062821
724 21 0.0326383 0.00261318
3831 93 0.126072 0.00921562
5813 143 0.196706 0.0190831
2984 54 0.110304 0.00807873
742 19 0.0386501 0.00441647
2791 64 0.0859701 0.0074818
1847 46 0.0635253 0.00488407
1336 23 0.0524258 0.0037047
1132 27 0.043878 0.00278113
502 13 0.0242305 0.00215416
644 18 0.0257536 0.00248862
1259 35 0.049425 0.0036021
1673 44 0.0583611 0.00504826
1645 46 0.0562703 0.00708556
3066 98 0.106406 0.0087511
2435 50 0.0810201 0.00686999
434 12 0.0185983 0.00460948
1251 31 0.0414883 0.00270749
1662 29 0.0609134 0.00419034
572 12 0.0243009 0.00210124
4326 97 0.122029 0.00438077
5383 130 0.0903076 0.00523035
1098 39 0.0168756 0.00164127
4196 86 0.0572242 0.00484869
1279 24 0.0248518 0.00249114
1679 28 0.03015 0.00158985
1317 29 0.0173679 0.00142255
452 14 0.00729413 0.00100423
581 12 0.00896909 0.000842285
3276 100 0.0374181 0.00319035
2391 70 0.0266239 0.002421
923 29 0.0292122 0.00658579
4460 100 0.132497 0.0102785
5155 165 0.148271 0.0130966
1946 35 0.0725461 0.00378256
458 14 0.0179488 0.0015031
1135 25 0.0398275 0.00369468
609 17 0.0255855 0.00270874
4621 105 0.115356 0.00521583
5276 110 0.0873187 0.00692087
998 27 0.021694 0.00305726
3328 69 0.0930137 0.0085609
1907 35 0.0667771 0.0035613
478 15 0.0198861 0.00314859
1138 21 0.0399995 0.00924824
573 15 0.0198025 0.00259073
3403 78 0.115457 0.00841634
3754 94 0.0829427 0.00413893
899 40 0.0152324 0.00173668
4089 97 0.0618064 0.00536505
1915 35 0.0406525 0.00320578
1166 23 0.0335177 0.00372695
477 10 0.0226303 0.00166019
765 17 0.0291729 0.010167
2460 67 0.0775407 0.00740853
4529 100 0.146777 0.0110951
2740 83 0.0887895 0.00771103
1948 42 0.0724715 0.00575358
1011 25 0.0378812 0.00344846
259 3 0.0147475 0.00612918
651 19 0.0266828 0.0027498
2892 70 0.0980752 0.0111122
5318 118 0.176039 0.0140214
2558 65 0.0807206 0.00665948
1164 24 0.0441174 0.00719173
283 5 0.013393 0.00178901
1214 27 0.0500415 0.00365344
1328 26 0.0518284 0.00543441
1495 26 0.0341282 0.00187745
549 14 0.0119395 0.000993726
1442 41 0.0263868 0.00230587
2240 51 0.0424374 0.00295203
710 19 0.0193143 0.00158044
4944 106 0.152842 0.00473644
2729 69 0.0377671 0.00345173
1246 31 0.021258 0.00190596
1180 28 0.0210852 0.00200015
439 11 0.0113157 0.00116071
681 20 0.0138955 0.00123672
1458 40 0.0214837 0.001972
2663 69 0.0397119 0.00323108
3061 87 0.0505891 0.00458915
2606 72 0.0450797 0.00414888
455 11 0.0142533 0.00299244
1292 31 0.0482799 0.00892055
1185 22 0.0376949 0.00636569
2357 54 0.0801729 0.00681046
734 22 0.024268 0.00214525
1434 44 0.0522302 0.00604907
2380 51 0.0568177 0.0023641
4710 98 0.0716212 0.0055025
2541 58 0.0436621 0.00344384
6664 174 0.184482 0.0182369
2037 41 0.0507847 0.00876369
3112 77 0.0561492 0.00788199
1341 40 0.025602 0.00681888
5657 120 0.104442 0.0116751
1473 24 0.0264928 0.0029167
545 7 0.00933833 0.00106338
6748 179 0.0843223 0.00677832
2024 40 0.025911 0.00187332
1195 33 0.0141813 0.00137623
2433 76 0.0262575 0.0104444
4542 110 0.163079 0.0122867
1541 35 0.0453401 0.00314573
574 11 0.0236882 0.00257215
6982 183 0.20749 0.0173978
2063 42 0.0696212 0.0220428
905 24 0.0283455 0.0188341
2215 59 0.0585086 0.0165508
4372 96 0.0871705 0.00546158
1436 27 0.0441672 0.00434341
562 7 0.0251081 0.00238329
