#/home/michal/Dropbox/study/university/kth/thesis/data/features/annotations/0,015/featuredata_pfh_uniform_2015-05-28_10-49-32.txt
1163 122 0 0.0254434
811 88 0 0.0196688
1264 122 0 0.0291043
4603 648 0 0.08811
1311 137 0 0.033747
1903 227 0 0.0316623
911 105 0 0.0186481
4468 483 0 0.0813577
995 109 0 0.0226144
733 74 0 0.0160568
1221 114 0 0.0256998
3656 429 0 0.0706879
1273 131 0 0.0320088
2134 273 0 0.039032
866 110 0 0.0199667
3969 424 0 0.0671867
1237 113 0 0.030468
789 79 0 0.0185788
1278 115 0 0.0287347
3556 332 0 0.0791534
2774 327 0 0.0506566
1439 168 0 0.0245159
3164 341 0 0.0569508
1386 134 0 0.0355885
1418 133 0 0.0331299
1204 113 0 0.0272251
3476 326 0 0.0789506
4675 477 0 0.0923865
4824 492 0 0.126797
3352 590 0 0.0574861
1530 191 0 0.0279827
1084 133 0 0.024029
1999 195 0 0.0437001
1211 126 0 0.0299115
1410 133 0 0.0326428
3350 307 0 0.0725306
3216 306 0 0.0627857
887 107 0 0.0192142
4308 463 0 0.0794855
1291 139 0 0.0316121
1280 119 0 0.0254541
1220 113 0 0.0273942
2800 432 0 0.0450595
5238 649 0 0.1074
1022 126 0 0.025127
3501 362 0 0.0592372
818 94 0 0.016113
1219 130 0 0.0295182
811 76 0 0.0222812
1281 119 0 0.0294862
1414 135 0 0.0304214
5323 616 0 0.105437
755 93 0 0.0182578
811 82 0 0.0128573
1014 132 0 0.0219579
1414 134 0 0.0383126
1319 124 0 0.0328438
2084 203 0 0.0421209
3038 384 0 0.0523493
858 92 0 0.0141396
831 101 0 0.0146544
1205 121 0 0.0329334
1248 112 0 0.0275195
2037 201 0 0.0414985
4995 606 0 0.0999659
1130 120 0 0.0279323
3761 400 0 0.0669891
2304 287 0 0.0429927
1387 121 0 0.0294425
1239 112 0 0.0271565
702 76 0 0.0123879
2293 306 0 0.0362301
2572 314 0 0.0414096
144 22 0 0.00294525
718 103 0 0.012639
1205 129 0 0.0298171
1209 122 0 0.030572
542 68 0 0.0115746
1287 127 0 0.0283708
807 82 0 0.014938
2777 314 0 0.0484457
3317 439 0 0.064102
892 123 0 0.0207677
118 17 0 0.00242441
1860 185 0 0.0336633
743 97 0 0.0132991
1259 134 0 0.0303261
1227 118 0 0.0267265
930 108 0 0.0211834
3077 306 0 0.0643843
1205 114 0 0.0205369
140 22 0 0.00298841
951 98 0 0.0146523
802 103 0 0.0143803
1322 128 0 0.0311527
1247 121 0 0.0293993
940 106 0 0.0216418
3094 336 0 0.0707904
1202 116 0 0.0218987
127 19 0 0.00239691
943 110 0 0.0155129
742 97 0 0.012248
1244 134 0 0.0317157
1268 114 0 0.0289595
811 88 0 0.0178763
2886 308 0 0.0631152
1408 129 0 0.0234331
133 17 0 0.00249718
1281 142 0 0.020082
800 106 0 0.0133288
565 73 0 0.0111345
1217 127 0 0.0303432
1182 110 0 0.029977
1319 130 0 0.0282615
699 67 0 0.0117654
1693 188 0 0.0329009
2619 351 0 0.0537578
2565 267 0 0.0475597
3484 380 0 0.071923
4064 467 0 0.0718415
529 67 0 0.0106758
1119 111 0 0.025368
1070 112 0 0.023842
2096 212 0 0.0508751
956 105 0 0.0192035
661 66 0 0.0162893
1216 115 0 0.0269768
2936 381 0 0.0582758
1001 100 0 0.0171638
140 26 0 0.00265794
1040 117 0 0.0165548
738 104 0 0.0126167
1072 103 0 0.0235984
1026 98 0 0.0220174
1239 120 0 0.0278152
899 97 0 0.0194771
3250 428 0 0.0672138
1464 134 0 0.0262301
1178 119 0 0.0280803
112 19 0 0.00226402
3468 352 0 0.0592614
835 103 0 0.0147399
2445 233 0 0.0553975
1236 118 0 0.0288528
1040 107 0 0.0231164
959 91 0 0.0184693
4858 562 0 0.105892
980 107 0 0.0181427
4926 640 0 0.0961401
3322 358 0 0.0578168
738 97 0 0.0127134
3327 322 0 0.0805861
1302 120 0 0.029759
1063 111 0 0.0235314
952 103 0 0.0193172
4363 534 0 0.0931972
3069 452 0 0.0528768
781 82 0 0.0137173
2521 292 0 0.0408794
836 98 0 0.035357
2730 272 0 0.209072
1396 139 0 0.0903212
1058 100 0 0.0654484
924 86 0 0.0521206
1853 169 0 0.107635
2038 181 0 0.106955
2577 289 0 0.127148
786 98 0 0.0391064
2581 258 0 0.191816
1311 123 0 0.0912805
1049 103 0 0.0659567
901 98 0 0.0562849
2306 211 0 0.153265
4205 449 0 0.249719
2644 306 0 0.130891
764 102 0 0.0390353
2791 272 0 0.198182
1303 126 0 0.0881798
1040 105 0 0.0671092
865 83 0 0.0495222
2139 176 0 0.131751
3222 355 0 0.220297
2669 295 0 0.125563
768 104 0 0.0431673
3005 301 0 0.218843
1247 124 0 0.0855416
790 88 0 0.045277
2123 182 0 0.14288
5165 621 0 0.315483
2156 265 0 0.0994603
732 100 0 0.0388648
2966 290 0 0.218301
1266 117 0 0.0874987
768 81 0 0.0424723
1081 107 0 0.0741473
2485 224 0 0.175814
2138 314 0 0.107992
1375 156 0 0.0704243
770 96 0 0.0387573
2807 301 0 0.216638
1389 145 0 0.087564
735 81 0 0.0401158
1058 104 0 0.070154
2349 219 0 0.151332
3872 437 0 0.231303
1138 132 0 0.059378
839 111 0 0.0469979
3002 299 0 0.214085
1275 109 0 0.0845265
1138 114 0 0.0704849
1114 136 0 0.0723131
3981 515 0 0.232828
1020 124 0 0.0555364
2263 294 0 0.116997
900 124 0 0.0430908
3135 315 0 0.219276
1324 129 0 0.0910315
814 83 0 0.0488279
1067 107 0 0.0656654
1854 228 0 0.101893
2372 274 0 0.140601
1445 154 0 0.0639681
1437 154 0 0.0852434
686 90 0 0.0376269
3351 322 0 0.255193
1338 137 0 0.0795888
929 92 0 0.0630934
897 92 0 0.063049
4053 491 0 0.24805
915 100 0 0.0568866
1729 237 0 0.076556
849 100 0 0.0523362
3316 355 0 0.167694
913 124 0 0.048301
1023 116 0 0.0702589
3004 280 0 0.208358
1262 118 0 0.0831678
807 86 0 0.023125
3001 416 0 0.0711556
986 113 0 0.037925
4873 564 0 0.272299
1117 118 0 0.081666
3452 366 0 0.155307
856 114 0 0.0432222
1104 128 0 0.0745517
3408 314 0 0.253535
1279 130 0 0.0857844
841 82 0 0.0573715
2899 263 0 0.0921253
3463 380 0 0.111619
1113 118 0 0.0366686
3887 417 0 0.130266
857 123 0 0.0476227
1012 104 0 0.0716084
3190 294 0 0.210071
1984 184 0 0.118115
481 65 0 0.0256424
2896 268 0 0.191075
4116 486 0 0.227297
1117 113 0 0.0779114
2946 325 0 0.166508
841 113 0 0.0439967
842 86 0 0.0611528
2930 262 0 0.212007
1377 146 0 0.104646
848 82 0 0.0420043
3320 308 0 0.1074
4204 538 0 0.112162
1109 123 0 0.042878
3357 350 0 0.156043
740 105 0 0.0307954
675 74 0 0.0198038
3077 277 0 0.121614
1312 132 0 0.0812816
860 84 0 0.0544254
3265 292 0 0.235246
2778 355 0 0.160586
1122 120 0 0.0379158
2021 248 0 0.0419285
753 99 0 0.0139626
1080 110 0 0.0250933
3387 311 0 0.0807582
1324 121 0 0.0304261
3347 287 0 0.0797945
4467 482 0 0.0927598
1087 129 0 0.0249472
4138 458 0 0.0721605
704 93 0 0.0112628
1349 157 0 0.0317519
3341 331 0 0.0867029
1261 120 0 0.0300592
3048 276 0 0.0737549
4355 476 0 0.0822887
1084 120 0 0.0330592
4864 552 0 0.152026
844 100 0 0.0470936
410 59 0 0.020391
1027 95 0 0.0702076
1317 131 0 0.0838758
1273 121 0 0.083075
1017 107 0 0.0648304
4306 463 0 0.2753
1011 127 0 0.0720801
979 102 0 0.0687304
1665 160 0 0.042952
1197 120 0 0.0424792
2230 315 0 0.068918
860 102 0 0.0513783
869 80 0 0.0585266
406 53 0 0.0178996
970 103 0 0.0613425
1274 126 0 0.0860167
3116 403 0 0.196539
960 114 0 0.0797857
1748 168 0 0.0973143
952 108 0 0.0646585
4934 547 0 0.270797
946 116 0 0.0276805
994 90 0 0.024074
1189 133 0 0.0293468
541 73 0 0.0113924
1266 124 0 0.0281192
3517 562 0 0.0700361
811 95 0 0.0230452
1836 170 0 0.0349323
1141 117 0 0.0261253
3864 403 0 0.0651259
840 113 0 0.0171929
515 64 0 0.0321541
1018 97 0 0.0723383
1185 104 0 0.0699563
1249 117 0 0.0860297
835 88 0 0.0483972
3037 328 0 0.190467
961 112 0 0.060715
1753 171 0 0.0964042
1161 130 0 0.0893123
3215 332 0 0.175203
880 113 0 0.0519169
664 64 0 0.0475741
1867 179 0 0.105397
1259 122 0 0.0842713
1428 153 0 0.0750373
809 90 0 0.0462791
2426 232 0 0.16199
858 100 0 0.0642964
1680 162 0 0.0943062
2780 286 0 0.150969
888 111 0 0.0518909
1356 149 0 0.0978918
1285 130 0 0.0842256
919 103 0 0.0541396
2548 249 0 0.165749
931 111 0 0.0581643
1813 170 0 0.0978938
2589 312 0 0.11225
80 12 0 0.00420474
845 117 0 0.0506868
1576 177 0 0.116369
1323 142 0 0.0842273
1548 171 0 0.0985261
2913 323 0 0.182144
1111 130 0 0.0734771
1930 192 0 0.112763
2736 334 0 0.126452
93 15 0 0.00658793
858 117 0 0.0509732
1536 160 0 0.111013
1264 145 0 0.0931885
1290 123 0 0.0856513
918 97 0 0.0549482
2320 235 0 0.146643
919 105 0 0.0567572
2435 316 0 0.12217
1140 117 0 0.0820194
4518 479 0 0.211636
793 106 0 0.0437061
1465 155 0 0.10455
1262 144 0 0.0878145
1303 117 0 0.0856771
1081 110 0 0.0642861
2171 218 0 0.138855
1001 108 0 0.0666936
2113 260 0 0.113154
1263 128 0 0.0959677
3833 410 0 0.126361
784 109 0 0.0221625
1602 179 0 0.0504959
1121 116 0 0.0356824
1347 147 0 0.0660542
965 100 0 0.0557417
1765 196 0 0.104177
962 107 0 0.0625215
1901 216 0 0.0941863
1168 125 0 0.0796141
2840 388 0 0.140491
84 14 0 0.00543826
827 111 0 0.0283224
1602 165 0 0.106438
1176 118 0 0.0689057
1349 127 0 0.089065
864 101 0 0.0512787
2386 238 0 0.162895
778 88 0 0.0642823
1945 234 0 0.115286
1206 117 0 0.0950662
2081 225 0 0.0952728
115 21 0 0.00743444
834 101 0 0.0554024
1302 143 0 0.044756
1203 111 0 0.0646106
792 89 0 0.0467205
2651 299 0 0.0760994
304 64 0 0.00945926
1347 172 0 0.0419819
1176 130 0 0.0403173
883 122 0 0.0580482
1253 147 0 0.0938175
1289 119 0 0.0798817
911 99 0 0.0565782
2730 373 0 0.104139
3974 458 0 0.122147
2416 262 0 0.104506
915 121 0 0.0463031
1652 178 0 0.105416
1272 137 0 0.077252
3199 552 0 0.161434
1218 174 0 0.0681921
2218 278 0 0.133598
2687 324 0 0.130074
920 119 0 0.0575637
920 93 0 0.0619647
1336 126 0 0.0798467
1268 125 0 0.0815978
2480 304 0 0.150282
3986 486 0 0.224184
2167 236 0 0.113359
799 114 0 0.0451988
998 99 0 0.0632653
1116 113 0 0.0659227
1299 125 0 0.088066
776 84 0 0.0459082
1681 176 0 0.107575
3290 401 0 0.212609
986 108 0 0.0636314
1067 117 0 0.0620574
4684 489 0 0.243565
662 96 0 0.0318809
1108 111 0 0.0747255
602 65 0 0.039486
1290 120 0 0.082483
803 88 0 0.0445341
1350 164 0 0.079455
3394 407 0 0.197548
1065 101 0 0.0604715
4785 509 0 0.242392
815 111 0 0.0432278
1214 108 0 0.0816585
1279 140 0 0.0871335
1225 106 0 0.076342
1071 110 0 0.0677149
1734 154 0 0.117717
4139 454 0 0.2619
1204 120 0 0.091104
3553 374 0 0.189414
796 107 0 0.0427882
1185 109 0 0.0783059
1398 152 0 0.0976049
1266 130 0 0.0846214
922 100 0 0.0576467
1316 104 0 0.0926308
3044 363 0 0.188975
1148 122 0 0.0793489
2611 293 0 0.129656
812 105 0 0.0386182
1230 112 0 0.0734702
590 68 0 0.0420433
1237 118 0 0.0786498
3569 398 0 0.217749
1575 211 0 0.0850271
948 102 0 0.0649031
3295 331 0 0.152725
753 102 0 0.0357672
1167 121 0 0.0803717
495 62 0 0.0279923
1319 133 0 0.0862548
632 68 0 0.0475054
3809 529 0 0.208716
2501 350 0 0.115718
950 107 0 0.0606335
657 92 0 0.0457489
4901 507 0 0.247978
946 127 0 0.0455116
1098 132 0 0.0873252
1321 129 0 0.086532
479 63 0 0.0290881
3708 412 0 0.194464
974 124 0 0.0651146
3379 421 0 0.184561
978 116 0 0.0653324
3991 431 0 0.205253
785 108 0 0.040179
1127 121 0 0.0670003
483 60 0 0.0278206
1301 129 0 0.0910968
4171 460 0 0.247167
1071 122 0 0.0800958
3966 413 0 0.233012
934 102 0 0.0629798
4022 429 0 0.202926
838 111 0 0.040634
1006 106 0 0.0777812
1293 127 0 0.0887826
5463 691 0 0.301696
985 115 0 0.0648642
3844 407 0 0.239053
1061 118 0 0.0691997
2383 260 0 0.115999
820 111 0 0.0422087
1074 118 0 0.0683844
294 36 0 0.0174128
1271 117 0 0.0866002
3743 627 0 0.0685677
3880 495 0 0.075249
944 104 0 0.0212687
4593 482 0 0.0778713
669 87 0 0.0141245
1125 112 0 0.0260332
3166 342 0 0.0663549
2119 210 0 0.0451339
2784 366 0 0.0441949
3523 346 0 0.0723456
791 103 0 0.0173594
1164 110 0 0.0247395
642 75 0 0.0116477
2963 301 0 0.0607842
950 109 0 0.0217008
2056 200 0 0.0430095
2421 291 0 0.037724
862 103 0 0.0177643
1281 127 0 0.0300652
789 69 0 0.0131923
3388 387 0 0.0621966
1002 103 0 0.0215871
2010 191 0 0.0422682
2339 296 0 0.0377483
810 99 0 0.017554
1458 134 0 0.0370349
1302 130 0 0.0318448
1230 110 0 0.0261297
695 80 0 0.013814
4209 461 0 0.0862564
1154 145 0 0.0234486
2206 284 0 0.0397881
2495 309 0 0.0403463
659 99 0 0.0111586
1316 154 0 0.0286751
3105 313 0 0.066821
1378 132 0 0.0311179
1024 111 0 0.0248951
665 70 0 0.012767
2584 315 0 0.0455199
952 146 0 0.0168993
4743 522 0 0.0999465
951 98 0 0.0221438
3860 432 0 0.0671681
574 76 0 0.00859638
1267 142 0 0.0273797
3026 317 0 0.0695298
1248 123 0 0.0298214
1007 111 0 0.0227201
667 73 0 0.0125371
2966 260 0 0.0663538
4492 539 0 0.0860019
3225 326 0 0.0574999
2971 312 0 0.0503493
1340 140 0 0.0298915
2621 290 0 0.0606307
1186 113 0 0.0263996
1286 125 0 0.0302713
689 67 0 0.012111
640 99 0 0.0111105
1719 220 0 0.041529
1232 155 0 0.0247083
1825 213 0 0.0322794
759 105 0 0.0174376
3579 371 0 0.0633891
3515 341 0 0.0714786
1678 197 0 0.0366456
1096 122 0 0.024329
1134 102 0 0.0273537
1172 128 0 0.0298376
849 87 0 0.0160575
4238 428 0 0.0883122
745 73 0 0.0142616
5150 537 0 0.111756
1035 120 0 0.0252213
4075 460 0 0.0699076
2663 296 0 0.0612826
1444 151 0 0.0327308
1183 126 0 0.0304893
1365 146 0 0.0302807
734 77 0 0.0139277
1212 125 0 0.0295987
3374 371 0 0.0746477
981 146 0 0.0194885
2909 252 0 0.064707
1070 102 0 0.0165124
920 117 0 0.0211342
3912 432 0 0.0678244
2625 300 0 0.0597529
1131 108 0 0.0261805
1317 138 0 0.0317239
1187 114 0 0.026483
643 72 0 0.0124383
1322 141 0 0.0331777
3551 405 0 0.0765935
954 94 0 0.0162965
966 115 0 0.0207987
2927 437 0 0.0513333
881 108 0 0.0200924
4650 529 0 0.0813555
2600 286 0 0.0589254
1267 129 0 0.0278765
1206 123 0 0.0279451
651 72 0 0.0134545
1265 139 0 0.0319851
3721 398 0 0.0781517
828 77 0 0.0139478
982 110 0 0.0229213
3078 321 0 0.0720231
838 110 0 0.0207169
624 63 0 0.0115129
2652 306 0 0.0610659
1091 113 0 0.0248961
1338 145 0 0.0322978
1144 106 0 0.0258687
691 75 0 0.0132655
1276 137 0 0.0320566
724 76 0 0.0142377
3831 380 0 0.0743867
5813 673 0 0.113897
2984 285 0 0.0708402
742 87 0 0.0161297
2791 341 0 0.0507596
1847 197 0 0.0361484
1336 146 0 0.095214
1132 111 0 0.0778241
502 52 0 0.0357041
644 66 0 0.0380254
1259 136 0 0.0916734
1673 227 0 0.103764
1645 224 0 0.0755851
3066 306 0 0.202713
2435 322 0 0.126567
434 60 0 0.0242338
1251 121 0 0.0795161
1662 181 0 0.134976
572 57 0 0.0335128
4326 501 0 0.242551
5383 659 0 0.326475
1098 127 0 0.0801758
4196 445 0 0.20667
1279 118 0 0.0850434
1679 182 0 0.129333
1317 137 0 0.105217
452 63 0 0.0227642
581 66 0 0.0348226
3276 275 0 0.223447
2391 389 0 0.123312
923 110 0 0.0633425
4460 503 0 0.229229
5155 718 0 0.242049
1946 200 0 0.143265
458 58 0 0.0250829
1135 108 0 0.0756457
609 67 0 0.0367768
4621 533 0 0.266565
5276 600 0 0.349403
998 113 0 0.0748195
3328 440 0 0.17518
1907 206 0 0.155522
478 56 0 0.0120042
1138 112 0 0.0245537
573 63 0 0.0122382
3403 388 0 0.071004
3754 452 0 0.0775981
899 119 0 0.0215281
4089 445 0 0.0701151
1915 197 0 0.052394
1166 110 0 0.0268548
477 47 0 0.0121302
765 80 0 0.0144693
2460 277 0 0.0479147
4529 508 0 0.091791
2740 347 0 0.0436816
1948 199 0 0.0505814
1011 99 0 0.0241134
259 28 0 0.0152561
651 68 0 0.037215
2892 321 0 0.168909
5318 625 0 0.306351
2558 281 0 0.109568
1164 103 0 0.0607533
283 30 0 0.0188465
1214 116 0 0.0860296
1328 133 0 0.0905933
1495 144 0 0.117454
549 63 0 0.0366006
1442 149 0 0.0940791
2240 277 0 0.0941875
710 98 0 0.0371836
4944 607 0 0.293254
2729 303 0 0.134279
1246 126 0 0.0885831
1180 116 0 0.0821255
439 47 0 0.0289113
681 73 0 0.0426815
1458 164 0 0.102377
2663 405 0 0.139107
3061 395 0 0.171044
2606 300 0 0.122269
455 49 0 0.0328473
1292 129 0 0.0935282
1185 113 0 0.0854898
2357 233 0 0.144128
734 77 0 0.0409471
1434 160 0 0.0959143
2380 299 0 0.128128
4710 547 0 0.169792
2541 285 0 0.0637736
6664 646 0 0.220822
2037 182 0 0.0658174
3112 391 0 0.0878387
1341 148 0 0.0589684
5657 702 0 0.331929
1473 166 0 0.0742325
545 60 0 0.0425036
6748 699 0 0.399206
2024 192 0 0.145657
1195 148 0 0.0833888
2433 365 0 0.086042
4542 554 0 0.126317
1541 171 0 0.0664309
574 65 0 0.0542307
6982 745 0 0.400051
2063 192 0 0.146992
905 104 0 0.0623092
2215 246 0 0.133918
4372 496 0 0.191591
1436 158 0 0.0388448
562 56 0 0.0240712
#/home/michal/Dropbox/study/university/kth/thesis/data/features/annotations/0,015/featuredata_pfh_iss_2015-05-28_10-53-30.txt
1163 23 0 0.019086
811 15 0 0.0138785
1264 25 0 0.0107178
4603 105 0 0.0313751
1311 23 0 0.0157793
1903 52 0 0.0275118
911 34 0 0.0206573
4468 100 0 0.0596357
995 21 0 0.0151445
733 14 0 0.0138926
1221 24 0 0.019494
3656 97 0 0.0576789
1273 29 0 0.0256198
2134 44 0 0.02105
866 28 0 0.012193
3969 96 0 0.0539173
1237 28 0 0.0240199
789 22 0 0.0184469
1278 25 0 0.0242245
3556 104 0 0.0877614
2774 81 0 0.0506054
1439 37 0 0.0163195
3164 62 0 0.0386928
1386 31 0 0.0297711
1418 31 0 0.0236546
1204 25 0 0.0191203
3476 97 0 0.0899874
4675 99 0 0.0847447
4824 110 0 0.146556
3352 69 0 0.0368155
1530 40 0 0.030339
1084 26 0 0.021829
1999 41 0 0.0472244
1211 25 0 0.0258655
1410 29 0 0.0313964
3350 101 0 0.0808792
3216 96 0 0.0794335
887 36 0 0.023303
4308 98 0 0.0525641
1291 18 0 0.0172902
1280 25 0 0.0204178
1220 24 0 0.0211035
2800 66 0 0.0274243
5238 112 0 0.0696697
1022 36 0 0.0149783
3501 81 0 0.0211505
818 20 0 0.0103519
1219 30 0 0.0191724
811 21 0 0.02343
1281 27 0 0.0246898
1414 45 0 0.0329922
5323 108 0 0.0541792
755 23 0 0.00745597
811 15 0 0.00356236
1014 19 0 0.0107609
1414 37 0 0.013797
1319 27 0 0.00804242
2084 66 0 0.0172289
3038 86 0 0.0160703
858 18 0 0.00358881
831 18 0 0.00383407
1205 25 0 0.00755967
1248 28 0 0.00869076
2037 49 0 0.0123861
4995 118 0 0.0277645
1130 34 0 0.00921255
3761 94 0 0.0258218
2304 58 0 0.0183365
1387 29 0 0.0136397
1239 27 0 0.0118393
702 20 0 0.00700036
2293 63 0 0.0291309
2572 67 0 0.035673
144 5 0 0.00345909
718 16 0 0.0076126
1205 27 0 0.0241151
1209 27 0 0.0248477
542 17 0 0.0105537
1287 29 0 0.023474
807 21 0 0.0147502
2777 93 0 0.0517321
3317 67 0 0.014998
892 26 0 0.00540299
118 2 0 0.000879508
1860 38 0 0.0100366
743 19 0 0.00592418
1259 28 0 0.0242246
1227 26 0 0.025574
930 22 0 0.0154096
3077 93 0 0.0695916
1205 30 0 0.0188408
140 5 0 0.00279878
951 19 0 0.011364
802 17 0 0.00849012
1322 27 0 0.0251808
1247 25 0 0.0221209
940 20 0 0.0158482
3094 88 0 0.0462056
1202 29 0 0.00637353
127 1 0 0.000693286
943 20 0 0.00383451
742 15 0 0.002469
1244 20 0 0.00676325
1268 24 0 0.00843182
811 17 0 0.00415787
2886 78 0 0.0223945
1408 35 0 0.00809891
133 3 0 0.00107828
1281 32 0 0.00567004
800 18 0 0.00356606
565 10 0 0.00254355
1217 27 0 0.00911488
1182 27 0 0.00918125
1319 26 0 0.00683282
699 15 0 0.00395048
1693 41 0 0.00941119
2619 59 0 0.0123351
2565 71 0 0.0144962
3484 109 0 0.0270901
4064 97 0 0.0181615
529 11 0 0.00237857
1119 25 0 0.00727825
1070 22 0 0.00581738
2096 48 0 0.0152162
956 23 0 0.00546308
661 8 0 0.00305469
1216 28 0 0.00852386
2936 74 0 0.0173453
1001 28 0 0.017816
140 6 0 0.00477118
1040 19 0 0.0118164
738 19 0 0.00958597
1072 18 0 0.0149204
1026 24 0 0.0203482
1239 26 0 0.0217277
899 16 0 0.00975902
3250 81 0 0.0498087
1464 31 0 0.0207748
1178 33 0 0.0196897
112 3 0 0.00259978
3468 81 0 0.0266757
835 19 0 0.00730657
2445 58 0 0.0511507
1236 23 0 0.0232809
1040 28 0 0.0215822
959 29 0 0.0219111
4858 108 0 0.0833528
980 32 0 0.0205864
4926 103 0 0.0629123
3322 81 0 0.0486769
738 19 0 0.0100984
3327 72 0 0.0724449
1302 26 0 0.0261917
1063 25 0 0.0176837
952 27 0 0.0185646
4363 100 0 0.057487
3069 80 0 0.0241731
781 15 0 0.00882674
2521 56 0 0.0293259
836 21 0 0.0104593
2730 58 0 0.0232644
1396 36 0 0.0107956
1058 22 0 0.0059937
924 20 0 0.0055816
1853 52 0 0.0139984
2038 53 0 0.0123309
2577 59 0 0.0113369
786 21 0 0.00369738
2581 56 0 0.0188555
1311 27 0 0.00943734
1049 20 0 0.00542042
901 27 0 0.00667483
2306 64 0 0.021386
4205 103 0 0.0257756
2644 62 0 0.0138052
764 17 0 0.00337858
2791 50 0 0.0155025
1303 23 0 0.00646888
1040 23 0 0.00642501
865 15 0 0.00418026
2139 64 0 0.0185433
3222 90 0 0.0230414
2669 62 0 0.011776
768 19 0 0.00352579
3005 64 0 0.0213509
1247 29 0 0.0083102
790 17 0 0.00392791
2123 58 0 0.0176928
5165 123 0 0.0274789
2156 42 0 0.00727456
732 17 0 0.00292406
2966 62 0 0.0201875
1266 26 0 0.0079949
768 18 0 0.00425536
1081 26 0 0.00645545
2485 76 0 0.0223945
2138 50 0 0.00771177
1375 26 0 0.00486892
770 18 0 0.00362641
2807 59 0 0.0191928
1389 29 0 0.00781401
735 17 0 0.00343181
1058 25 0 0.00627068
2349 65 0 0.0193967
3872 84 0 0.0185905
1138 29 0 0.00619446
839 22 0 0.00416045
3002 57 0 0.0174218
1275 28 0 0.00897767
1138 25 0 0.00616521
1114 25 0 0.00549968
3981 91 0 0.0196058
1020 21 0 0.00424945
2263 57 0 0.00943992
900 22 0 0.00455982
3135 74 0 0.022333
1324 27 0 0.00779358
814 20 0 0.00555392
1067 24 0 0.005948
1854 35 0 0.00898648
2372 55 0 0.0131179
1445 27 0 0.00497909
1437 43 0 0.0105862
686 14 0 0.00296925
3351 80 0 0.0270074
1338 29 0 0.00735202
929 20 0 0.0055922
897 22 0 0.00668499
4053 83 0 0.0191624
915 27 0 0.00723964
1729 38 0 0.00571456
849 31 0 0.00664001
3316 84 0 0.0157867
913 23 0 0.00415028
1023 28 0 0.00972478
3004 66 0 0.0224098
1262 22 0 0.00697539
807 24 0 0.00640124
3001 75 0 0.0126547
986 32 0 0.00992468
4873 112 0 0.0251951
1117 34 0 0.00942188
3452 86 0 0.0167483
856 16 0 0.00301295
1104 26 0 0.00685134
3408 77 0 0.0275418
1279 24 0 0.00749149
841 19 0 0.00538195
2899 80 0 0.0234576
3463 104 0 0.0282419
1113 34 0 0.00859419
3887 101 0 0.0193128
857 20 0 0.00370724
1012 27 0 0.00782457
3190 77 0 0.0255625
1984 46 0 0.0114681
481 17 0 0.00310804
2896 86 0 0.0246133
4116 82 0 0.0187375
1117 38 0 0.00952627
2946 57 0 0.012754
841 23 0 0.00441838
842 20 0 0.00646922
2930 59 0 0.0196459
1377 29 0 0.00814044
848 16 0 0.00458991
3320 87 0 0.0266465
4204 84 0 0.0172838
1109 32 0 0.00799124
3357 72 0 0.0388677
740 18 0 0.00697064
675 15 0 0.0116078
3077 63 0 0.0629663
1312 34 0 0.0269473
860 18 0 0.0155566
3265 99 0 0.0877749
2778 76 0 0.0456159
1122 36 0 0.025119
2021 47 0 0.0307496
753 18 0 0.00857901
1080 24 0 0.0220505
3387 74 0 0.0685024
1324 32 0 0.0285229
3347 104 0 0.0892973
4467 98 0 0.0665184
1087 37 0 0.0253754
4138 81 0 0.0481972
704 19 0 0.00880789
1349 31 0 0.0217864
3341 79 0 0.077468
1261 21 0 0.0207958
3048 98 0 0.0831586
4355 97 0 0.0586295
1084 38 0 0.0273107
4864 114 0 0.0631926
844 21 0 0.0123912
410 14 0 0.00925827
1027 25 0 0.0232947
1317 31 0 0.0223154
1273 26 0 0.00932098
1017 24 0 0.00793715
4306 90 0 0.0288622
1011 28 0 0.0124897
979 32 0 0.0135152
1665 36 0 0.0156613
1197 41 0 0.0190702
2230 54 0 0.0298433
860 17 0 0.0115162
869 22 0 0.0230451
406 8 0 0.00602115
970 21 0 0.0179408
1274 28 0 0.0229799
3116 92 0 0.0577334
960 25 0 0.020704
1748 45 0 0.0138984
952 27 0 0.00898259
4934 124 0 0.0334432
946 18 0 0.00649943
994 22 0 0.0117567
1189 25 0 0.0118108
541 10 0 0.00563922
1266 25 0 0.0170095
3517 85 0 0.0273538
811 22 0 0.00937505
1836 46 0 0.0130042
1141 40 0 0.0153194
3864 99 0 0.0291148
840 15 0 0.00599504
515 11 0 0.0034374
1018 27 0 0.00915976
1185 29 0 0.00896485
1249 29 0 0.00910442
835 16 0 0.00392513
3037 75 0 0.0222142
961 25 0 0.00600475
1753 43 0 0.0101791
1161 39 0 0.0103309
3215 88 0 0.0193012
880 17 0 0.00410394
664 18 0 0.00562026
1867 39 0 0.00971185
1259 22 0 0.00694664
1428 35 0 0.00856157
809 20 0 0.00424363
2426 65 0 0.0183997
858 31 0 0.00939441
1680 38 0 0.0093912
2780 69 0 0.0142902
888 17 0 0.00400818
1356 36 0 0.00985078
1285 29 0 0.00905581
919 24 0 0.00584362
2548 70 0 0.0193734
931 32 0 0.00804084
1813 47 0 0.0109501
2589 67 0 0.0113343
80 2 0 0.000548699
845 15 0 0.00319523
1576 32 0 0.00945042
1323 35 0 0.00784099
1548 33 0 0.00788461
2913 83 0 0.0214518
1111 41 0 0.00873711
1930 50 0 0.0117772
2736 70 0 0.0113449
93 5 0 0.00141436
858 14 0 0.00228865
1536 36 0 0.0106745
1264 32 0 0.00781739
1290 26 0 0.00777954
918 25 0 0.00600765
2320 64 0 0.0176014
919 30 0 0.0080021
2435 55 0 0.0116227
1140 37 0 0.00974561
4518 97 0 0.0186903
793 25 0 0.00437368
1465 25 0 0.00751429
1262 25 0 0.00711456
1303 26 0 0.00783661
1081 30 0 0.00598699
2171 61 0 0.0165737
1001 29 0 0.00768402
2113 55 0 0.0104254
1263 39 0 0.011296
3833 93 0 0.0187787
784 24 0 0.0052815
1602 36 0 0.00845973
1121 23 0 0.007934
1347 26 0 0.00762886
965 23 0 0.0150253
1765 42 0 0.0322892
962 25 0 0.0205246
1901 43 0 0.0268761
1168 30 0 0.024008
2840 75 0 0.0377056
84 4 0 0.000935785
827 18 0 0.00527699
1602 27 0 0.011765
1176 24 0 0.00961233
1349 33 0 0.0158251
864 26 0 0.0104546
2386 65 0 0.0225014
778 17 0 0.00733944
1945 51 0 0.0147451
1206 26 0 0.0116138
2081 59 0 0.0158035
115 9 0 0.00262561
834 16 0 0.00697444
1302 28 0 0.0145762
1203 27 0 0.0197648
792 16 0 0.0040645
2651 79 0 0.020421
304 13 0 0.00216529
1347 36 0 0.00763067
1176 29 0 0.00609501
883 20 0 0.00494314
1253 25 0 0.00709459
1289 25 0 0.00819703
911 24 0 0.00580815
2730 72 0 0.0126099
3974 82 0 0.0215403
2416 64 0 0.0113825
915 20 0 0.00390473
1652 41 0 0.00936263
1272 35 0 0.00781302
3199 83 0 0.0119916
1218 38 0 0.0070622
2218 41 0 0.00966058
2687 72 0 0.0125342
920 16 0 0.00404826
920 19 0 0.00544085
1336 20 0 0.00634338
1268 31 0 0.00862879
2480 75 0 0.016807
3986 76 0 0.015662
2167 48 0 0.0111274
799 19 0 0.00317664
998 20 0 0.00602356
1116 23 0 0.00713348
1299 24 0 0.00743405
776 15 0 0.00448113
1681 49 0 0.0130827
3290 79 0 0.0178166
986 25 0 0.00677936
1067 23 0 0.00643756
4684 118 0 0.0226663
662 15 0 0.00276055
1108 22 0 0.00672286
602 16 0 0.00464761
1290 29 0 0.00874531
803 18 0 0.00374534
1350 30 0 0.00676137
3394 91 0 0.0184308
1065 33 0 0.00816546
4785 116 0 0.0236509
815 25 0 0.00433732
1214 29 0 0.00945541
1279 30 0 0.00942404
1225 23 0 0.0070706
1071 24 0 0.00693286
1734 54 0 0.0158144
4139 103 0 0.0240496
1204 33 0 0.0102581
3553 78 0 0.0171634
796 23 0 0.00401247
1185 26 0 0.0080573
1398 35 0 0.0107034
1266 30 0 0.007778
922 20 0 0.00534633
1316 36 0 0.0125459
3044 73 0 0.0182037
1148 38 0 0.0109195
2611 52 0 0.00971781
812 17 0 0.00284091
1230 27 0 0.00807745
590 15 0 0.00413674
1237 23 0 0.00749857
3569 109 0 0.0285956
1575 42 0 0.00878453
948 34 0 0.00825627
3295 68 0 0.0131422
753 23 0 0.00355534
1167 19 0 0.0060867
495 16 0 0.0032715
1319 27 0 0.00826711
632 8 0 0.00357921
3809 91 0 0.0201568
2501 65 0 0.0105026
950 27 0 0.00726861
657 19 0 0.00441008
4901 114 0 0.023189
946 19 0 0.00298329
1098 26 0 0.00749185
1321 28 0 0.00854108
479 7 0 0.0017117
3708 105 0 0.0211936
974 22 0 0.00533805
3379 72 0 0.0129909
978 27 0 0.00697276
3991 93 0 0.0180465
785 20 0 0.00345269
1127 27 0 0.00727988
483 11 0 0.00265517
1301 27 0 0.00810458
4171 103 0 0.0245902
1071 24 0 0.00668093
3966 87 0 0.0210711
934 24 0 0.00646138
4022 88 0 0.0167229
838 22 0 0.00351539
1006 18 0 0.00652405
1293 23 0 0.00729823
5463 128 0 0.0243101
985 20 0 0.00493096
3844 79 0 0.0189423
1061 38 0 0.00975788
2383 57 0 0.0103867
820 20 0 0.00343347
1074 23 0 0.0210221
294 9 0 0.00648128
1271 28 0 0.0270537
3743 74 0 0.0373741
3880 101 0 0.0588096
944 34 0 0.0245873
4593 105 0 0.060479
669 15 0 0.0119109
1125 19 0 0.0172398
3166 72 0 0.0610729
2119 49 0 0.0367385
2784 67 0 0.031867
3523 62 0 0.0433355
791 13 0 0.0109839
1164 29 0 0.026243
642 13 0 0.00923124
2963 93 0 0.072205
950 29 0 0.0205201
2056 54 0 0.0367354
2421 57 0 0.0286857
862 21 0 0.0168543
1281 28 0 0.0150825
789 19 0 0.00685068
3388 78 0 0.0251702
1002 28 0 0.0118059
2010 51 0 0.015445
2339 65 0 0.0139167
810 19 0 0.00683692
1458 27 0 0.0135105
1302 25 0 0.0126869
1230 25 0 0.0126841
695 13 0 0.00499584
4209 102 0 0.0651029
1154 29 0 0.0164278
2206 59 0 0.0327371
2495 63 0 0.033044
659 16 0 0.00858198
1316 29 0 0.0222039
3105 72 0 0.0506875
1378 31 0 0.0231705
1024 25 0 0.0201575
665 20 0 0.0141571
2584 66 0 0.0387375
952 33 0 0.0137955
4743 110 0 0.0803006
951 32 0 0.0240137
3860 94 0 0.0504063
574 13 0 0.00770829
1267 29 0 0.0240274
3026 66 0 0.0535676
1248 31 0 0.024067
1007 16 0 0.0147686
667 19 0 0.0133455
2966 80 0 0.0796756
4492 94 0 0.0553229
3225 80 0 0.0369813
2971 73 0 0.0397594
1340 24 0 0.0199762
2621 69 0 0.0521547
1186 21 0 0.0196215
1286 25 0 0.0233157
689 21 0 0.0145426
640 11 0 0.00712206
1719 49 0 0.0174773
1232 33 0 0.00902089
1825 46 0 0.0122923
759 29 0 0.00850754
3579 81 0 0.0278846
3515 57 0 0.0412678
1678 42 0 0.0297117
1096 20 0 0.0167862
1134 26 0 0.022635
1172 23 0 0.0087247
849 21 0 0.0148937
4238 87 0 0.0721117
745 18 0 0.0126438
5150 105 0 0.0536169
1035 26 0 0.00937408
4075 89 0 0.0252642
2663 63 0 0.0352571
1444 29 0 0.0257133
1183 25 0 0.0248478
1365 35 0 0.0257515
734 23 0 0.0188045
1212 24 0 0.0230004
3374 67 0 0.0476504
981 33 0 0.0181594
2909 82 0 0.0623524
1070 25 0 0.0060724
920 32 0 0.00820353
3912 107 0 0.0236714
2625 59 0 0.0184453
1131 18 0 0.00680454
1317 30 0 0.0139937
1187 21 0 0.00773762
643 14 0 0.00449995
1322 33 0 0.0125702
3551 77 0 0.020641
954 22 0 0.00648068
966 33 0 0.0114112
2927 83 0 0.0254904
881 28 0 0.010809
4650 87 0 0.0504169
2600 65 0 0.0505282
1267 29 0 0.0224572
1206 23 0 0.0200266
651 20 0 0.0155946
1265 30 0 0.0256805
3721 87 0 0.0618057
828 21 0 0.0136929
982 38 0 0.0303038
3078 94 0 0.066677
838 27 0 0.0167734
624 7 0 0.00579907
2652 61 0 0.0391658
1091 22 0 0.0186089
1338 23 0 0.0206903
1144 27 0 0.0228881
691 13 0 0.0116799
1276 30 0 0.0289661
724 21 0 0.00560868
3831 93 0 0.0299129
5813 143 0 0.032413
2984 54 0 0.0172578
742 19 0 0.00471327
2791 64 0 0.0135011
1847 46 0 0.00997448
1336 23 0 0.0216271
1132 27 0 0.0242767
502 13 0 0.0119708
644 18 0 0.0133537
1259 35 0 0.0279105
1673 44 0 0.0259065
1645 46 0 0.0235866
3066 98 0 0.0685043
2435 50 0 0.0288245
434 12 0 0.00783785
1251 31 0 0.0249856
1662 29 0 0.0280807
572 12 0 0.00886975
4326 97 0 0.0617383
5383 130 0 0.0777125
1098 39 0 0.0300773
4196 86 0 0.0511037
1279 24 0 0.021769
1679 28 0 0.0278299
1317 29 0 0.0344027
452 14 0 0.0102288
581 12 0 0.0102449
3276 100 0 0.0979221
2391 70 0 0.0286557
923 29 0 0.021897
4460 100 0 0.0554941
5155 165 0 0.0696497
1946 35 0 0.0357768
458 14 0 0.00901403
1135 25 0 0.0218068
609 17 0 0.0117167
4621 105 0 0.0626768
5276 110 0 0.0761814
998 27 0 0.0223218
3328 69 0 0.0384587
1907 35 0 0.035413
478 15 0 0.0128708
1138 21 0 0.0176833
573 15 0 0.0105099
3403 78 0 0.0534307
3754 94 0 0.0605531
899 40 0 0.0224997
4089 97 0 0.0518355
1915 35 0 0.0350255
1166 23 0 0.019958
477 10 0 0.00913269
765 17 0 0.0137432
2460 67 0 0.0491184
4529 100 0 0.0649231
2740 83 0 0.0379446
1948 42 0 0.040065
1011 25 0 0.0212014
259 3 0 0.00358842
651 19 0 0.0142495
2892 70 0 0.0419245
5318 118 0 0.0713102
2558 65 0 0.0348148
1164 24 0 0.0229101
283 5 0 0.00431886
1214 27 0 0.0273796
1328 26 0 0.0227336
1495 26 0 0.0281674
549 14 0 0.0114376
1442 41 0 0.0366312
2240 51 0 0.0299342
710 19 0 0.010328
4944 106 0 0.0695444
2729 69 0 0.0374527
1246 31 0 0.0278916
1180 28 0 0.0229542
439 11 0 0.00898862
681 20 0 0.015471
1458 40 0 0.034142
2663 69 0 0.0333589
3061 87 0 0.0486809
2606 72 0 0.0337479
455 11 0 0.00908105
1292 31 0 0.032352
1185 22 0 0.0215972
2357 54 0 0.0454363
734 22 0 0.0151044
1434 44 0 0.0347284
2380 51 0 0.02772
4710 98 0 0.0681542
2541 58 0 0.031987
6664 174 0 0.123026
2037 41 0 0.0378894
3112 77 0 0.0443655
1341 40 0 0.0310526
5657 120 0 0.0669022
1473 24 0 0.014053
545 7 0 0.00878127
6748 179 0 0.114802
2024 40 0 0.0359755
1195 33 0 0.0269421
2433 76 0 0.0302958
4542 110 0 0.0671378
1541 35 0 0.0188701
574 11 0 0.0143546
6982 183 0 0.121769
2063 42 0 0.0371877
905 24 0 0.0197475
2215 59 0 0.0431373
4372 96 0 0.0704864
1436 27 0 0.0176814
562 7 0 0.0116936
#/home/michal/Dropbox/study/university/kth/thesis/data/features/annotations/0,015/featuredata_pfh_susan_2015-05-28_10-55-54.txt
1163 23 0 0.00721927
811 14 0 0.00477955
1264 13 0 0.00466252
4603 31 0 0.00634089
1311 26 0 0.00746205
1903 21 0 0.00396272
911 4 0 0.00144194
4468 55 0 0.0142362
995 23 0 0.00738457
733 12 0 0.00362491
1221 14 0 0.00897687
3656 27 0 0.00933137
1273 14 0 0.00578749
2134 32 0 0.0179812
866 16 0 0.00976782
3969 61 0 0.0326677
1237 32 0 0.0107042
789 11 0 0.00453921
1278 16 0 0.00798345
3556 3 0 0.00404335
2774 17 0 0.0121759
1439 38 0 0.0123573
3164 74 0 0.0292812
1386 26 0 0.015465
1418 32 0 0.0264313
1204 17 0 0.0128903
3476 3 0 0.00222273
4675 29 0 0.0256733
4824 36 0 0.0222805
3352 45 0 0.0206485
1530 10 0 0.00720399
1084 29 0 0.0111716
1999 41 0 0.011987
1211 14 0 0.00382661
1410 1 0 0.000762097
3350 11 0 0.00385642
3216 35 0 0.00833731
887 27 0 0.00495408
4308 52 0 0.00993857
1291 29 0 0.00784338
1280 26 0 0.00725123
1220 19 0 0.00500807
2800 16 0 0.00423892
5238 11 0 0.00386936
1022 19 0 0.00526904
3501 34 0 0.0082663
818 19 0 0.00372699
1219 28 0 0.00852004
811 7 0 0.00220596
1281 17 0 0.00606554
1414 8 0 0.00288143
5323 17 0 0.00615241
755 17 0 0.0043573
811 19 0 0.00361851
1014 14 0 0.00404695
1414 27 0 0.00502109
1319 18 0 0.00804042
2084 17 0 0.00599232
3038 45 0 0.00816249
858 19 0 0.00463656
831 1 0 0.00101116
1205 21 0 0.00637807
1248 15 0 0.00601701
2037 5 0 0.00235372
4995 36 0 0.0069391
1130 22 0 0.00791896
3761 48 0 0.012671
2304 15 0 0.00329228
1387 28 0 0.00830212
1239 13 0 0.00451979
702 2 0 0.000738661
2293 13 0 0.00195593
2572 40 0 0.00816739
144 4 0 0.000826834
718 17 0 0.00305606
1205 30 0 0.00861123
1209 29 0 0.0119739
542 20 0 0.0106037
1287 24 0 0.015682
807 2 0 0.00123637
2777 16 0 0.00719903
3317 50 0 0.0158609
892 28 0 0.00839061
118 4 0 0.00192338
1860 13 0 0.011619
743 13 0 0.0060808
1259 24 0 0.0157835
1227 23 0 0.011758
930 4 0 0.00334969
3077 2 0 0.00332694
1205 6 0 0.00268925
140 3 0 0.00087527
951 3 0 0.00284121
802 8 0 0.00239353
1322 24 0 0.0155902
1247 1 0 0.00131363
940 18 0 0.0108285
3094 16 0 0.0127022
1202 6 0 0.00406264
127 3 0 0.00120372
943 12 0 0.00695489
742 15 0 0.00637525
1244 28 0 0.0146029
1268 11 0 0.00476752
811 26 0 0.00717378
2886 25 0 0.016605
1408 7 0 0.00299321
133 4 0 0.00144776
1281 9 0 0.00283533
800 8 0 0.00387873
565 3 0 0.00136533
1217 31 0 0.0129928
1182 29 0 0.0175621
1319 16 0 0.0128733
699 2 0 0.00130026
1693 27 0 0.00648441
2619 8 0 0.00267596
2565 57 0 0.026662
3484 28 0 0.0178596
4064 72 0 0.026714
529 6 0 0.00360685
1119 29 0 0.01087
1070 26 0 0.0140936
2096 47 0 0.0173216
956 23 0 0.00818674
661 9 0 0.00452893
1216 19 0 0.0152435
2936 9 0 0.00807707
1001 8 0 0.00464746
140 1 0 0.00130364
1040 10 0 0.00627491
738 10 0 0.00507836
1072 20 0 0.014459
1026 23 0 0.00842955
1239 21 0 0.00711485
899 10 0 0.00406559
3250 6 0 0.00323678
1464 13 0 0.00365354
1178 11 0 0.0080927
112 5 0 0.00256075
3468 29 0 0.00931852
835 17 0 0.00311237
2445 27 0 0.00912079
1236 12 0 0.00538516
1040 19 0 0.00643228
959 17 0 0.0060815
4858 25 0 0.00964164
980 30 0 0.00639413
4926 24 0 0.00637878
3322 2 0 0.00211506
738 12 0 0.00222725
3327 12 0 0.00601271
1302 6 0 0.00291932
1063 8 0 0.00155555
952 22 0 0.00721619
4363 15 0 0.00383748
3069 5 0 0.0022676
781 20 0 0.00530614
2521 17 0 0.00422325
836 18 0 0.00507295
2730 13 0 0.00379495
1396 17 0 0.0045398
1058 2 0 0.00155127
924 18 0 0.005027
1853 5 0 0.00222658
2038 5 0 0.00195945
2577 30 0 0.00586823
786 20 0 0.00432242
2581 22 0 0.00979066
1311 11 0 0.00504144
1049 15 0 0.00643663
901 22 0 0.00815508
2306 1 0 0.00151547
4205 22 0 0.0070041
2644 14 0 0.0032913
764 17 0 0.00390995
2791 13 0 0.00494649
1303 19 0 0.00581549
1040 2 0 0.00214971
865 7 0 0.00284586
2139 3 0 0.00237508
3222 13 0 0.00487236
2669 35 0 0.00674713
768 14 0 0.00541815
3005 51 0 0.0211032
1247 18 0 0.00527999
790 5 0 0.00348629
2123 5 0 0.00268298
5165 20 0 0.0106902
2156 16 0 0.00409914
732 20 0 0.00924478
2966 34 0 0.0142741
1266 16 0 0.00955542
768 7 0 0.00273396
1081 15 0 0.00516858
2485 4 0 0.00242817
2138 32 0 0.00814784
1375 7 0 0.00437905
770 10 0 0.00458945
2807 29 0 0.00930279
1389 5 0 0.00272207
735 24 0 0.00541092
1058 1 0 0.000530444
2349 4 0 0.00236265
3872 41 0 0.0126693
1138 10 0 0.00475804
839 18 0 0.0111981
3002 14 0 0.00929138
1275 14 0 0.00774141
1138 4 0 0.00159581
1114 9 0 0.00425067
3981 31 0 0.00710806
1020 18 0 0.00469393
2263 17 0 0.00725712
900 16 0 0.00418971
3135 15 0 0.00720183
1324 6 0 0.0047546
814 20 0 0.0063955
1067 18 0 0.00491396
1854 26 0 0.00675411
2372 24 0 0.00401929
1445 23 0 0.00490689
1437 38 0 0.00995828
686 15 0 0.00321418
3351 30 0 0.0123382
1338 27 0 0.00722529
929 8 0 0.00261558
897 15 0 0.0033336
4053 56 0 0.0234877
915 16 0 0.00413214
1729 27 0 0.0135631
849 8 0 0.00643197
3316 67 0 0.0279776
913 15 0 0.010819
1023 25 0 0.00793246
3004 9 0 0.00759816
1262 20 0 0.0141948
807 2 0 0.00230783
3001 20 0 0.00558671
986 24 0 0.00685
4873 61 0 0.0316032
1117 16 0 0.00668612
3452 26 0 0.0118941
856 19 0 0.00464006
1104 21 0 0.0110578
3408 54 0 0.0284924
1279 12 0 0.00735713
841 1 0 0.00206732
2899 16 0 0.00683152
3463 23 0 0.0108699
1113 20 0 0.0114089
3887 37 0 0.0170216
857 18 0 0.00542194
1012 20 0 0.0166972
3190 29 0 0.0110055
1984 36 0 0.0158605
481 6 0 0.00159875
2896 30 0 0.00768668
4116 53 0 0.0116968
1117 7 0 0.00324507
2946 51 0 0.0103576
841 18 0 0.00307112
842 18 0 0.00822403
2930 14 0 0.00560441
1377 10 0 0.00323151
848 16 0 0.00912206
3320 12 0 0.00387558
4204 20 0 0.00589774
1109 23 0 0.00416812
3357 26 0 0.00687881
740 8 0 0.0015176
675 13 0 0.00343993
3077 45 0 0.016779
1312 6 0 0.00197462
860 10 0 0.00700675
3265 10 0 0.00707388
2778 12 0 0.00817047
1122 19 0 0.00898225
2021 2 0 0.00214183
1080 22 0.0246744 0.01758
3387 39 0.0246744 0.0342343
1324 22 0.0246744 0.0110573
3347 2 0.0246744 0.00221643
4467 37 0.0246744 0.0124379
1087 29 0.0246744 0.0126274
4138 76 0.0246744 0.0383551
704 5 0.0246744 0.00153794
1349 23 0.0246744 0.0127357
3341 17 0.0246744 0.0112675
1261 27 0.0246744 0.0134491
3048 21 0.0246744 0.0144152
4355 40 0.0246744 0.0132025
1084 29 0.0246744 0.00990072
4864 53 0.0246744 0.0216256
844 17 0.0246744 0.0077366
410 11 0.0246744 0.00393546
1027 23 0.0246744 0.0192414
1317 31 0.0246744 0.0126009
1273 1 0.0246744 0.00193865
1017 18 0.0246744 0.00956167
4306 8 0.0246744 0.00535458
1011 25 0.0246744 0.0146877
979 4 0.0368046 0.00280249
1665 6 0.0368046 0.00599708
1197 13 0.0368046 0.00920631
2230 30 0.0368046 0.0161921
860 12 0.0368046 0.00628438
869 28 0.0368046 0.0100356
406 14 0.0368046 0.00160708
970 27 0.0368046 0.00633833
1274 7 0.0368046 0.00285951
3116 1 0.0368046 0.00327406
960 12 0.0368046 0.00281542
1748 7 0.0368046 0.00241662
952 24 0.0368046 0.00594714
4934 30 0.0368046 0.0122376
946 22 0.0368046 0.00651984
994 17 0.0368046 0.00729822
1189 24 0.0368046 0.00624932
541 16 0.0368046 0.00423578
1266 17 0.0368046 0.00605515
3517 2 0.0368046 0.00222783
811 6 0.0368046 0.00143042
1836 5 0.0368046 0.00212073
1141 23 0.0368046 0.00846238
3864 37 0.0368046 0.0116974
840 18 0.0368046 0.00760161
515 3 0.0368046 0.00119656
1018 21 0.0368046 0.00690367
1185 24 0.0368046 0.00954499
1249 18 0.0368046 0.00527681
835 8 0.0368046 0.00242372
3037 1 0.0368046 0.00179585
961 3 0.0368046 0.00136356
1753 6 0.0368046 0.0033753
1161 17 0.0368046 0.00628076
3215 11 0.0368046 0.00409599
880 18 0.0368046 0.0102347
664 13 0.0368046 0.00594973
1867 32 0.0368046 0.0191809
1259 6 0.0368046 0.00275578
1428 41 0.0368046 0.0143192
809 17 0.0368046 0.00620849
2426 19 0.0368046 0.0109531
858 12 0.0368046 0.00534541
1680 14 0.0368046 0.00458911
2780 21 0.0368046 0.0187155
888 20 0.0368046 0.00997553
1356 36 0.0368046 0.0150803
1285 1 0.0368046 0.0011342
919 21 0.0368046 0.00589349
2548 4 0.0368046 0.00329872
931 15 0.0368046 0.00381355
1813 15 0.0368046 0.00464612
2589 40 0.0368046 0.0127584
80 2 0.0368046 0.00066747
845 6 0.0368046 0.00215548
1576 12 0.0368046 0.0102002
1323 3 0.0368046 0.00371998
1548 1 0.0368046 0.00312123
2913 2 0.0368046 0.00287899
1111 1 0.0368046 0.00131939
1930 2 0.0368046 0.0021882
2736 2 0.0368046 0.0031251
858 33 0.0270506 0.0202674
1536 32 0.0270506 0.00723381
1264 28 0.0270506 0.0120607
1290 15 0.0270506 0.00804408
918 16 0.0270506 0.00873391
2320 12 0.0270506 0.00943997
919 3 0.0270506 0.0028021
2435 39 0.0270506 0.0210048
1140 20 0.0270506 0.0172292
4518 62 0.0270506 0.0252093
793 10 0.0270506 0.00434474
1465 27 0.0270506 0.0117874
1262 23 0.0270506 0.0173024
1303 6 0.0270506 0.00779009
1081 26 0.0270506 0.0143056
2171 13 0.0270506 0.00570787
1001 11 0.0270506 0.0029015
2113 42 0.0270506 0.00906951
1263 21 0.0270506 0.00907361
3833 70 0.0270506 0.0182932
784 12 0.0270506 0.00229318
1602 42 0.0270506 0.00896489
1121 25 0.0270506 0.00624293
1347 8 0.0270506 0.00227529
965 10 0.0270506 0.00349343
1765 3 0.0270506 0.00190649
962 4 0.0270506 0.00162358
1901 33 0.0270506 0.00817928
1168 23 0.0270506 0.00826022
2840 14 0.0270506 0.00502382
84 6 0.0270506 0.00225659
827 11 0.0270506 0.004155
1602 30 0.0270506 0.0108954
1176 34 0.0270506 0.0125033
1349 7 0.0270506 0.00315946
864 15 0.0270506 0.004387
2386 7 0.0270506 0.00408474
778 8 0.0270506 0.00241845
1945 41 0.0270506 0.0109482
1206 15 0.0270506 0.00575984
2081 22 0.0270506 0.00526127
115 4 0.0270506 0.000667241
834 8 0.0270506 0.00432359
1302 31 0.0270506 0.0094899
1203 4 0.0270506 0.00339301
792 16 0.0270506 0.00708154
2651 28 0.0270506 0.0106723
304 8 0.0270506 0.000711243
1347 33 0.0270506 0.0141842
1176 4 0.0270506 0.00341984
883 9 0.0270506 0.00404893
1253 30 0.0270506 0.0171316
1289 22 0.0270506 0.00870226
911 20 0.0270506 0.00789539
2730 5 0.0270506 0.00267162
3974 5 0.0270506 0.00283837
2416 25 0.0270506 0.00637535
915 5 0.0270506 0.00140673
1652 28 0.0270506 0.00838958
1272 1 0.0270506 0.00109776
3199 4 0.0270506 0.00185185
1218 1 0.0270506 0.00101388
2218 4 0.0270506 0.00168819
2687 3 0.0270506 0.0011112
920 12 0.0270506 0.00267917
920 24 0.0270506 0.00759135
1336 22 0.0270506 0.00642417
1268 5 0.0270506 0.00270542
2480 11 0.0270506 0.00337853
3986 38 0.0270506 0.0143376
2167 8 0.0270506 0.00286559
799 1 0.0270506 0.00105752
998 24 0.0270506 0.0101515
1116 22 0.0270506 0.00818681
1299 25 0.0270506 0.0190945
776 18 0.0270506 0.00765453
1681 11 0.0270506 0.00989338
3290 19 0.0270506 0.0102687
986 5 0.0270506 0.00261615
1067 23 0.0270506 0.0122168
4684 63 0.0270506 0.0371449
662 7 0.0270506 0.00448265
1108 18 0.0270506 0.0104077
602 13 0.0270506 0.00251356
1290 15 0.0270506 0.00910586
803 17 0.0270506 0.00909167
1350 10 0.0270506 0.00429015
3394 21 0.0270506 0.0106171
1065 24 0.0270506 0.0126264
4785 39 0.0270506 0.0215257
815 4 0.0270506 0.00281751
1214 29 0.0270506 0.0147155
1279 37 0.0270506 0.0236286
1225 7 0.0270506 0.00343415
1071 21 0.0270506 0.00527567
1734 1 0.0270506 0.00115538
4139 22 0.0270506 0.00739283
1204 8 0.0270506 0.00477654
3553 54 0.0270506 0.0112132
796 5 0.0270506 0.00175954
1185 23 0.0270506 0.00756864
1398 35 0.0270506 0.00977552
1266 24 0.0270506 0.00989884
922 5 0.0270506 0.00179984
1316 3 0.0270506 0.00137796
3044 24 0.0270506 0.00758945
1148 17 0.0270506 0.00419896
2611 34 0.0270506 0.00940264
812 5 0.0270506 0.000991656
1230 21 0.0270506 0.00807085
590 10 0.0270506 0.00157467
1237 11 0.0270506 0.00493898
3569 3 0.0270506 0.00240088
1575 21 0.0270506 0.00428989
948 21 0.0270506 0.00435921
3295 45 0.0270506 0.0098182
753 4 0.0270506 0.000810304
1167 23 0.0270506 0.00871596
495 2 0.0270506 0.00112933
1319 2 0.0270506 0.000733118
632 5 0.0270506 0.00250583
3809 4 0.0270506 0.00234141
2501 58 0.0270506 0.0157399
950 18 0.0270506 0.00372391
657 16 0.0270506 0.00665291
4901 81 0.0270506 0.0307691
946 22 0.0270506 0.00412077
1098 25 0.0270506 0.0155297
1321 5 0.0270506 0.00484112
479 6 0.0270506 0.00273814
3708 19 0.0270506 0.00997353
974 17 0.0270506 0.00515977
3379 58 0.0270506 0.0272946
978 23 0.0270506 0.00650289
3991 19 0.0270506 0.00739016
785 1 0.0270506 0.000817483
1127 21 0.0270506 0.00508535
483 12 0.0270506 0.0025758
1301 6 0.0270506 0.0030549
4171 34 0.0270506 0.0238152
1071 20 0.0270506 0.0133168
3966 31 0.0270506 0.0189355
934 20 0.0270506 0.0095965
4022 45 0.0270506 0.0285863
838 3 0.0270506 0.0021555
1006 20 0.0270506 0.0101675
1293 5 0.0270506 0.00665989
5463 47 0.0270506 0.0251927
985 20 0.0270506 0.0142619
3844 67 0.0270506 0.0236056
1061 26 0.0270506 0.014162
2383 21 0.0270506 0.00623263
820 1 0.0270506 0.000894767
1074 24 0.0270506 0.0063357
294 7 0.0270506 0.00179026
1271 16 0.0270506 0.00705538
3743 7 0.0270506 0.00324321
3880 33 0.0270506 0.00934627
944 24 0.0270506 0.00493867
4593 52 0.0270506 0.0143016
3166 1 0.00969659 0.0012999
2119 1 0.00969659 0.0012062
2784 4 0.00969659 0.00152356
3523 39 0.00969659 0.0101225
791 5 0.00969659 0.00109869
1164 16 0.00969659 0.00381181
642 1 0.00969659 0.00056782
2963 17 0.00969659 0.00462777
950 22 0.00969659 0.00680375
2056 8 0.00969659 0.00269635
2421 18 0.00969659 0.00415989
862 3 0.00969659 0.00144329
1281 15 0.00969659 0.00526871
789 1 0.00969659 0.000587478
3388 59 0.00969659 0.0345727
1002 24 0.00969659 0.0206841
2010 8 0.00969659 0.00764009
2339 15 0.00969659 0.00857629
810 1 0.00969659 0.00149262
1458 20 0.00969659 0.0184798
1302 34 0.00969659 0.00860326
1230 3 0.00969659 0.00416018
695 3 0.00969659 0.00200884
4209 51 0.00969659 0.0281217
1154 30 0.00969659 0.0155846
2206 52 0.00969659 0.0209228
2495 19 0.00969659 0.0100749
659 4 0.00969659 0.00316354
1316 22 0.00969659 0.00816219
3105 12 0.00969659 0.00496059
1378 5 0.00969659 0.00267704
1024 19 0.00969659 0.00566716
665 3 0.00969659 0.00119232
2584 5 0.00969659 0.00222623
952 27 0.00969659 0.00674736
4743 12 0.00969659 0.011502
951 18 0.00969659 0.0139666
3860 55 0.00969659 0.0327256
574 8 0.00969659 0.00361138
1267 30 0.00969659 0.0142956
3026 48 0.00969659 0.0329394
1248 16 0.00969659 0.015177
1007 22 0.00969659 0.0153753
667 2 0.00969659 0.00262885
2966 1 0.0582573 0.00404619
4492 63 0.0582573 0.0286696
3225 30 0.0582573 0.0128622
2971 20 0.0582573 0.00719684
1340 28 0.0582573 0.0125501
2621 15 0.0582573 0.0111321
1186 11 0.0582573 0.010501
1286 31 0.0582573 0.0178702
689 4 0.0582573 0.00324012
640 1 0.0582573 0.00149319
1719 1 0.0582573 0.00318958
1232 30 0.0582573 0.0142087
1825 18 0.0582573 0.0103163
759 17 0.0582573 0.004055
3579 61 0.0582573 0.0310138
3515 38 0.0582573 0.0132196
1678 26 0.0582573 0.00876685
1096 27 0.0582573 0.00817573
1134 14 0.0582573 0.00542767
1172 33 0.0582573 0.00787869
849 1 0.0582573 0.00121897
4238 12 0.0582573 0.00330777
745 6 0.0582573 0.00235206
5150 19 0.0582573 0.0110038
1035 28 0.0582573 0.00720417
4075 20 0.0582573 0.00815545
2663 19 0.0582573 0.00583717
1444 29 0.0582573 0.00720016
1183 31 0.0582573 0.00827117
1365 11 0.0582573 0.00336352
734 2 0.0582573 0.00105557
1212 1 0.0582573 0.000882083
3374 42 0.0582573 0.0164587
981 23 0.0582573 0.00833911
2909 9 0.0582573 0.00588229
1070 4 0.0582573 0.00167798
920 27 0.0582573 0.0145404
3912 18 0.0582573 0.0140027
2625 22 0.0582573 0.0189088
1131 21 0.0582573 0.0169375
1317 37 0.0582573 0.0218158
1187 6 0.0582573 0.00485204
643 4 0.0582573 0.00255183
1322 1 0.0506525 0.00968941
3551 59 0.0506525 0.0218139
954 8 0.0506525 0.00471383
966 21 0.0506525 0.0105508
2927 26 0.0506525 0.00643041
881 20 0.0506525 0.011031
4650 47 0.0506525 0.0163578
2600 42 0.0506525 0.0291602
1267 26 0.0506525 0.00706691
1206 28 0.0506525 0.0170172
651 3 0.0506525 0.00120975
1265 4 0.0506525 0.00137895
3721 21 0.0506525 0.0145912
828 12 0.0506525 0.00239818
982 25 0.0506525 0.00667617
3078 13 0.0506525 0.00723033
838 23 0.0506525 0.00368028
624 3 0.0506525 0.00188545
2652 5 0.0506525 0.00288256
1091 18 0.0506525 0.0130885
1338 32 0.0506525 0.00877181
1144 3 0.0506525 0.00213266
691 4 0.0506525 0.00136163
724 6 0.0256277 0.00216986
3831 68 0.0256277 0.0172613
5813 22 0.0256277 0.00912011
2984 11 0.0256277 0.00695604
742 13 0.0256277 0.00524276
2791 10 0.0256277 0.00482492
1847 46 0.0256277 0.00977467
1336 29 0.0256277 0.00604637
1132 4 0.0256277 0.00500907
502 5 0.0256277 0.00313234
644 4 0.0256277 0.00206099
1259 9 0.0256277 0.00385191
1673 7 0.0256277 0.00287275
1645 17 0.0256277 0.00326963
3066 32 0.0256277 0.0110703
2435 24 0.0256277 0.010687
434 11 0.0256277 0.00338578
1251 19 0.0256277 0.0105501
1662 4 0.0256277 0.00214332
572 4 0.0256277 0.00167689
4326 36 0.0256277 0.0151717
5383 31 0.0256277 0.0118315
1098 15 0.0256277 0.00774356
4196 39 0.0256277 0.0145545
1279 12 0.0256277 0.00590671
1679 3 0.0256277 0.00232246
1317 32 0.0256277 0.0127491
452 12 0.0256277 0.00399525
581 3 0.0256277 0.00250938
2391 55 0.0385646 0.0116241
923 16 0.0385646 0.00478475
4460 33 0.0385646 0.00757809
5155 37 0.0385646 0.00637954
1946 21 0.0385646 0.00748722
458 17 0.0385646 0.00345424
1135 18 0.0385646 0.00828627
609 2 0.0385646 0.000650032
4621 10 0.0385646 0.00322443
5276 19 0.0385646 0.0105259
998 20 0.0385646 0.00750326
3328 2 0.0385646 0.0017987
1907 7 0.0385646 0.0034162
478 11 0.0385646 0.00242045
1138 23 0.0385646 0.00865106
573 1 0.0385646 0.000821359
3403 25 0.0385646 0.0171973
3754 66 0.0385646 0.0159266
899 21 0.0385646 0.00731986
4089 40 0.0385646 0.0158367
1915 4 0.0385646 0.00456556
1166 10 0.0385646 0.00475998
477 11 0.0385646 0.00611081
765 1 0.0385646 0.00084921
2460 4 0.0385646 0.00309747
4529 43 0.0385646 0.0175321
2740 18 0.0385646 0.0112627
1948 31 0.0385646 0.015778
1011 20 0.0385646 0.00746584
259 7 0.0385646 0.00216182
651 2 0.0385646 0.00114813
2892 27 0.0385646 0.0122808
5318 38 0.0385646 0.0139153
2558 17 0.0385646 0.00646146
1164 18 0.0385646 0.0120282
283 5 0.0385646 0.002466
1214 19 0.0385646 0.00958217
1328 26 0.0385646 0.014433
1495 40 0.0385646 0.0196672
549 1 0.0385646 0.00078691
1442 34 0.0385646 0.0109228
2240 7 0.0385646 0.00328669
710 22 0.0385646 0.00456088
4944 55 0.0385646 0.0185403
2729 32 0.0385646 0.00694745
1246 29 0.0385646 0.0161083
1180 24 0.0385646 0.0119144
439 10 0.0385646 0.00293443
681 1 0.0385646 0.00104441
1458 33 0.0385646 0.0101848
2663 16 0.0385646 0.00396695
3061 50 0.0385646 0.0175839
2606 13 0.0385646 0.00615434
455 8 0.0385646 0.00183653
1292 26 0.0385646 0.0171782
1185 6 0.0385646 0.00245561
2357 55 0.0385646 0.0314727
734 5 0.0385646 0.001754
1434 39 0.0385646 0.0203652
2380 18 0.0385646 0.0123506
4710 46 0.0385646 0.0117074
2541 30 0.0385646 0.00710865
6664 53 0.0385646 0.0363136
2037 27 0.0385646 0.0133941
3112 11 0.0385646 0.00571972
1341 21 0.0385646 0.0217172
5657 75 0.0385646 0.0168943
1473 4 0.0385646 0.0015757
545 19 0.0385646 0.00704806
6748 125 0.0385646 0.0568186
2024 41 0.0385646 0.0151794
1195 31 0.0385646 0.0122381
2433 18 0.0385646 0.00389719
4542 36 0.0385646 0.00871169
1541 6 0.0385646 0.00424406
574 9 0.0385646 0.00490625
6982 61 0.0385646 0.0292099
2063 37 0.0385646 0.0178504
905 27 0.0385646 0.00764435
2215 17 0.0385646 0.00788844
4372 18 0.0385646 0.00592162
1436 7 0.0385646 0.00172384
562 15 0.0385646 0.00558761
#/home/michal/Dropbox/study/university/kth/thesis/data/features/annotations/0,015/featuredata_pfh_sift_2015-05-28_10-58-08.txt
1163 8 0 0.00484328
811 6 0 0.00130333
1264 3 0 0.000989643
4603 42 0 0.00547242
1311 7 0 0.00224504
1903 11 0 0.00198735
911 5 0 0.00147449
4468 32 0 0.0128363
995 4 0 0.0019223
733 5 0 0.00133476
1221 7 0 0.00273684
3656 15 0 0.00510237
1273 8 0 0.00211152
2134 13 0 0.00274245
866 6 0 0.00131287
3969 24 0 0.0075027
1237 5 0 0.00154732
789 6 0 0.00183824
1278 4 0 0.0025658
3556 20 0 0.00531737
2774 24 0 0.00532744
1439 12 0 0.00479821
3164 21 0 0.00452158
1386 8 0 0.00314945
1418 10 0 0.00314423
1204 5 0 0.00394725
3476 16 0 0.00372442
4675 23 0 0.00650182
4824 28 0 0.00815154
3352 36 0 0.00559788
1530 15 0 0.00286437
1084 4 0 0.00146829
1999 9 0 0.00231054
1211 5 0 0.00302743
1410 10 0 0.00238905
3350 25 0 0.0062377
3216 22 0 0.00658407
887 7 0 0.0020459
4308 36 0 0.0064398
1291 7 0 0.00496754
1280 3 0 0.00451674
1220 5 0 0.00188483
2800 31 0 0.00379193
5238 23 0 0.0138629
1022 6 0 0.00127307
3501 22 0 0.00940608
818 6 0 0.00183209
1219 4 0 0.00073463
811 5 0 0.00135963
1281 7 0 0.00307609
1414 7 0 0.00178098
5323 40 0 0.00577233
755 6 0 0.00331504
811 2 0 0.00107802
1014 10 0 0.00145373
1414 7 0 0.00567817
1319 7 0 0.00365877
2084 11 0 0.00187216
3038 15 0 0.00301951
858 8 0 0.00236551
831 6 0 0.00178621
1205 4 0 0.00135301
1248 3 0 0.00272373
2037 13 0 0.00377908
4995 29 0 0.00487429
1130 8 0 0.00328466
3761 24 0 0.00859699
2304 13 0 0.00336891
1387 9 0 0.00236814
1239 6 0 0.00241419
702 7 0 0.00153399
2293 17 0 0.00273725
2572 25 0 0.00403759
144 1 0 0.00032246
718 7 0 0.00132822
1205 7 0 0.00231516
1209 6 0 0.00203872
542 4 0 0.00157188
1287 2 0 0.00186483
807 5 0 0.00125986
2777 18 0 0.00392921
3317 29 0 0.00494811
892 8 0 0.00220972
1860 11 0.020224 0.00285698
743 10 0.020224 0.00225601
1259 8 0.020224 0.003301
1227 4 0.020224 0.00197342
930 7 0.020224 0.00189392
3077 27 0.020224 0.00863463
1205 7 0.020224 0.00210981
951 3 0.0105182 0.000707844
802 8 0.0105182 0.00176804
1322 6 0.0105182 0.0016835
1247 2 0.0105182 0.000983123
940 7 0.0105182 0.00158793
3094 24 0.0105182 0.00503431
1202 7 0.0105182 0.00198094
127 1 0.0105182 0.000493809
943 4 0.0105182 0.00134079
742 6 0.0105182 0.00100505
1244 7 0.0105182 0.0016906
1268 5 0.0105182 0.00268239
811 4 0.0105182 0.00176997
2886 18 0.0105182 0.00707311
1408 8 0.0105182 0.00194929
1281 4 0.0271501 0.00142003
800 8 0.0271501 0.0014797
565 5 0.0271501 0.00211642
1217 8 0.0271501 0.00306206
1182 4 0.0271501 0.00161836
1319 7 0.0271501 0.00344007
699 3 0.0271501 0.00145218
1693 10 0.0271501 0.00233244
2619 19 0.0271501 0.00638402
2565 13 0.0271501 0.0031953
3484 27 0.0271501 0.0079339
4064 32 0.0271501 0.00442553
529 5 0.0271501 0.00194423
1119 5 0.0271501 0.00111416
1070 4 0.0271501 0.00142245
2096 17 0.0271501 0.0039966
956 6 0.0271501 0.00295071
661 4 0.0271501 0.00178712
1216 9 0.0271501 0.00676633
2936 35 0.0271501 0.00393225
1001 4 0.0271501 0.00255212
140 2 0.0271501 0.000552974
1040 8 0.0271501 0.0027519
738 7 0.0271501 0.000875228
1072 2 0.0271501 0.000946696
1026 5 0.0271501 0.00157607
1239 4 0.0271501 0.00268921
899 10 0.0271501 0.00214486
3250 39 0.0271501 0.00771125
1464 13 0.0271501 0.0060965
1178 9 0.0271501 0.0061733
3468 16 0.0193233 0.00458732
835 5 0.0193233 0.00160113
2445 10 0.0193233 0.00295645
1236 4 0.0193233 0.00202144
1040 8 0.0193233 0.00235363
959 4 0.0193233 0.00230354
4858 27 0.0193233 0.00747419
980 6 0.0193233 0.00123922
4926 47 0.0193233 0.00689456
3322 21 0.0193233 0.00321113
738 6 0.0193233 0.00385245
3327 16 0.0193233 0.00418702
1302 7 0.0193233 0.00166521
1063 2 0.0193233 0.000796865
952 6 0.0193233 0.0016632
4363 30 0.0193233 0.00496944
3069 22 0.0193233 0.00350617
781 6 0.0193233 0.00191407
2521 24 0.0193233 0.00642422
836 5 0.0193233 0.0015104
2730 9 0.0193233 0.00334021
1396 8 0.0193233 0.00295389
1058 5 0.0193233 0.00334937
924 5 0.0193233 0.00208413
1853 12 0.0193233 0.00425956
2038 5 0.0193233 0.00256954
2577 26 0.0193233 0.00463015
786 8 0.0193233 0.00240732
2581 12 0.0193233 0.00438634
1311 6 0.0193233 0.00325146
1049 4 0.0193233 0.0026518
901 5 0.0193233 0.00534137
2306 10 0.0193233 0.00287475
4205 22 0.0193233 0.00469353
2644 27 0.0193233 0.00794958
764 8 0.0193233 0.00209259
2791 13 0.0193233 0.00359303
1303 7 0.0193233 0.00391228
1040 4 0.0193233 0.00248294
865 6 0.0193233 0.00125043
2139 9 0.0193233 0.00281926
3222 20 0.0193233 0.00618624
2669 22 0.0193233 0.00351273
768 9 0.0193233 0.0019574
3005 14 0.0193233 0.0103331
1247 5 0.0193233 0.00282274
790 4 0.0193233 0.00192435
2123 8 0.0193233 0.00525505
5165 42 0.0193233 0.0103741
2156 17 0.0193233 0.00292428
732 6 0.0193233 0.0026401
2966 16 0.0193233 0.00461209
1266 5 0.0193233 0.00312192
768 6 0.0193233 0.00253526
1081 7 0.0193233 0.00337754
2485 8 0.0193233 0.00438178
2138 24 0.0193233 0.00361002
1375 14 0.0193233 0.00309626
770 6 0.0193233 0.00285
2807 18 0.0193233 0.00605683
1389 2 0.0193233 0.00313497
735 6 0.0193233 0.00147113
1058 6 0.0193233 0.00188931
2349 16 0.0193233 0.00542505
3872 27 0.0193233 0.00738353
1138 7 0.0193233 0.00144857
839 8 0.0193233 0.0020694
3002 9 0.0193233 0.00509683
1275 2 0.0193233 0.00191721
1138 4 0.0193233 0.00216329
1114 9 0.0193233 0.00446081
3981 29 0.0193233 0.00396464
1020 9 0.0193233 0.00170999
2263 20 0.0193233 0.00700068
900 8 0.0193233 0.00181318
3135 13 0.0193233 0.00592191
1324 5 0.0193233 0.00197436
814 10 0.0193233 0.00494074
1067 6 0.0193233 0.00289633
1854 14 0.0193233 0.00348994
2372 17 0.0193233 0.00347025
1445 19 0.0193233 0.00588349
1437 11 0.0193233 0.00304597
686 6 0.0193233 0.00200346
3351 15 0.0193233 0.00352073
1338 15 0.0193233 0.0031153
929 7 0.0193233 0.00274763
897 5 0.0193233 0.00127689
4053 30 0.0193233 0.00694944
915 7 0.0193233 0.00190935
1729 18 0.0193233 0.00196653
849 5 0.0193233 0.000819828
3316 20 0.0193233 0.00480378
913 7 0.0193233 0.00184848
1023 7 0.0193233 0.00231128
3004 12 0.0193233 0.003958
1262 4 0.0193233 0.00204402
807 7 0.0193233 0.00189885
3001 30 0.0193233 0.0042233
986 7 0.0193233 0.00154669
4873 23 0.0193233 0.00477419
1117 6 0.0193233 0.00288757
3452 20 0.0193233 0.00712364
856 8 0.0193233 0.00111783
1104 10 0.0193233 0.00186035
3408 16 0.0193233 0.00664679
1279 2 0.0193233 0.000966793
841 3 0.0193233 0.000828132
2899 18 0.0193233 0.00637975
3463 24 0.0193233 0.00625495
1113 7 0.0193233 0.00469417
3887 24 0.0193233 0.00592198
857 6 0.0193233 0.00152069
1012 9 0.0193233 0.00276636
3190 12 0.0193233 0.00448563
1984 15 0.0193233 0.00351363
481 4 0.0193233 0.000742655
2896 16 0.0193233 0.0035674
4116 20 0.0193233 0.00254332
1117 6 0.0193233 0.00149208
2946 19 0.0193233 0.00454613
841 8 0.0193233 0.00158123
842 6 0.0193233 0.00198374
2930 11 0.0193233 0.00421494
1377 6 0.0193233 0.00565165
848 3 0.0193233 0.00162716
3320 11 0.0193233 0.00378685
4204 22 0.0193233 0.0113323
1109 8 0.0193233 0.004201
3357 22 0.0193233 0.00790278
740 5 0.0193233 0.00284678
675 6 0.0193233 0.00303834
3077 14 0.0193233 0.0055012
1312 8 0.0193233 0.00328602
860 5 0.0193233 0.00134828
3265 16 0.0193233 0.0108285
2778 26 0.0193233 0.00507849
1122 6 0.0193233 0.00310738
2021 18 0.0193233 0.00324061
753 2 0.0193233 0.00207699
1080 4 0.0193233 0.00175466
3387 17 0.0193233 0.00837246
1324 3 0.0193233 0.00219414
3347 16 0.0193233 0.00738912
4467 25 0.0193233 0.00702748
1087 8 0.0193233 0.00523548
4138 30 0.0193233 0.0127795
704 5 0.0193233 0.00143854
1349 9 0.0193233 0.00456473
3341 16 0.0193233 0.00681656
1261 7 0.0193233 0.00600151
3048 15 0.0193233 0.00828857
4355 33 0.0193233 0.0139272
1084 5 0.0193233 0.00178369
4864 27 0.0193233 0.00661498
844 6 0.0193233 0.00357705
410 7 0.0193233 0.00206168
1027 4 0.0193233 0.00173918
1317 6 0.0193233 0.00299954
1273 6 0.0193233 0.00291738
1017 8 0.0193233 0.00408014
4306 21 0.0193233 0.0100188
1011 8 0.0193233 0.00203047
979 7 0.0193233 0.00320303
1665 7 0.0193233 0.00457776
1197 6 0.0193233 0.00511772
2230 21 0.0193233 0.00311381
860 5 0.0193233 0.00183593
869 5 0.0193233 0.00376708
406 5 0.0193233 0.00207144
970 5 0.0193233 0.00234597
1274 8 0.0193233 0.00344556
3116 23 0.0193233 0.00504455
960 8 0.0193233 0.00230068
1748 5 0.0193233 0.00274922
952 5 0.0193233 0.00167765
4934 27 0.0193233 0.00560019
946 6 0.0193233 0.00158077
994 9 0.0193233 0.00243104
1189 12 0.0193233 0.00321804
541 5 0.0193233 0.00178383
1266 4 0.0193233 0.00181961
3517 38 0.0193233 0.00444091
811 7 0.0193233 0.00151896
1836 8 0.0193233 0.00300727
1141 6 0.0193233 0.00194675
3864 19 0.0193233 0.00372669
840 10 0.0193233 0.00199674
515 3 0.0193233 0.0005652
1018 2 0.0193233 0.000673771
1185 13 0.0193233 0.00148873
1249 5 0.0193233 0.00157401
835 7 0.0193233 0.00169784
3037 16 0.0193233 0.0031721
961 9 0.0193233 0.00186355
1753 4 0.0193233 0.00115709
1161 5 0.0193233 0.00281362
3215 19 0.0193233 0.00480038
880 8 0.0193233 0.0011785
664 3 0.0193233 0.00181012
1867 10 0.0193233 0.00291897
1259 3 0.0193233 0.000851054
1428 9 0.0193233 0.0027359
809 6 0.0193233 0.00278513
2426 10 0.0193233 0.00757918
858 6 0.0193233 0.00257711
1680 11 0.0193233 0.00671916
2780 16 0.0193233 0.00530958
888 11 0.0193233 0.00291415
1356 9 0.0193233 0.00523869
1285 5 0.0193233 0.0034363
919 8 0.0193233 0.00254294
2548 13 0.0193233 0.00935459
931 6 0.0193233 0.0041376
1813 8 0.0193233 0.00395506
2589 22 0.0193233 0.00927694
845 8 0.0190289 0.00143656
1576 7 0.0190289 0.00363595
1323 7 0.0190289 0.00266755
1548 5 0.0190289 0.00331219
2913 24 0.0190289 0.0105624
1111 3 0.0190289 0.00285986
1930 6 0.0190289 0.0020384
2736 18 0.0190289 0.00530925
858 4 0.0173577 0.00180485
1536 6 0.0173577 0.00223718
1264 9 0.0173577 0.00227631
1290 7 0.0173577 0.00316563
918 7 0.0173577 0.00185587
2320 16 0.0173577 0.00321858
919 7 0.0173577 0.0013409
2435 15 0.0173577 0.00352908
1140 7 0.0173577 0.00180163
4518 27 0.0173577 0.00533552
793 4 0.0173577 0.000913119
1465 10 0.0173577 0.00215781
1262 7 0.0173577 0.0012232
1303 5 0.0173577 0.00174743
1081 6 0.0173577 0.00171016
2171 15 0.0173577 0.00399695
1001 9 0.0173577 0.0041489
2113 15 0.0173577 0.00286008
1263 9 0.0173577 0.00443709
3833 29 0.0173577 0.00954326
784 5 0.0173577 0.00194373
1602 8 0.0173577 0.00216152
1121 9 0.0173577 0.00406155
1347 8 0.0173577 0.00463664
965 5 0.0173577 0.00348604
1765 11 0.0173577 0.00323988
962 7 0.0173577 0.00334996
1901 14 0.0173577 0.00225906
1168 6 0.0173577 0.0018418
2840 31 0.0173577 0.00275296
827 7 0.0214124 0.00319678
1602 9 0.0214124 0.00352328
1176 8 0.0214124 0.00419545
1349 4 0.0214124 0.00290096
864 4 0.0214124 0.00158392
2386 15 0.0214124 0.00566893
778 4 0.0214124 0.0015495
1945 9 0.0214124 0.00377303
1206 8 0.0214124 0.00284979
2081 14 0.0214124 0.00301369
834 5 0.0283875 0.00216527
1302 10 0.0283875 0.00363425
1203 6 0.0283875 0.00380559
792 3 0.0283875 0.00323879
2651 19 0.0283875 0.00373308
304 9 0.0283875 0.0012574
1347 14 0.0283875 0.00558592
1176 5 0.0283875 0.00197623
883 8 0.0283875 0.00353328
1253 5 0.0283875 0.00246582
1289 5 0.0283875 0.00335998
911 9 0.0283875 0.00266417
2730 26 0.0283875 0.0075673
3974 29 0.0283875 0.00903457
2416 18 0.0283875 0.00641664
915 6 0.0283875 0.00200152
1652 12 0.0283875 0.00325442
1272 8 0.0283875 0.00337098
3199 25 0.0283875 0.0044856
1218 14 0.0283875 0.00419685
2218 8 0.0283875 0.00258787
2687 15 0.0283875 0.00337503
920 4 0.0283875 0.00118383
920 4 0.0283875 0.00148546
1336 12 0.0283875 0.00248136
1268 5 0.0283875 0.00153232
2480 21 0.0283875 0.00466112
3986 21 0.0283875 0.00474817
2167 15 0.0283875 0.0031637
799 7 0.0283875 0.00194365
998 4 0.0283875 0.00125226
1116 7 0.0283875 0.00237137
1299 6 0.0283875 0.00204095
776 5 0.0283875 0.00136303
1681 9 0.0283875 0.00263322
3290 30 0.0283875 0.00619981
986 5 0.0283875 0.00168854
1067 8 0.0283875 0.00352152
4684 27 0.0283875 0.00491551
662 6 0.0283875 0.000864906
1108 4 0.0283875 0.00144116
602 2 0.0283875 0.000852371
1290 6 0.0283875 0.00143837
803 7 0.0283875 0.00125621
1350 9 0.0283875 0.00329254
3394 18 0.0283875 0.00422349
1065 8 0.0283875 0.00215159
4785 23 0.0283875 0.00587645
815 11 0.0283875 0.00155839
1214 10 0.0283875 0.00217979
1279 11 0.0283875 0.00196044
1225 4 0.0283875 0.00152644
1071 5 0.0283875 0.0019161
1734 8 0.0283875 0.00271168
4139 16 0.0283875 0.0048175
1204 9 0.0283875 0.00537623
3553 21 0.0283875 0.00629528
796 8 0.0283875 0.0045478
1185 10 0.0283875 0.00475808
1398 11 0.0283875 0.0033734
1266 4 0.0283875 0.0032304
922 4 0.0283875 0.00370038
1316 6 0.0283875 0.00345503
3044 17 0.0283875 0.00415728
1148 7 0.0283875 0.00233022
2611 19 0.0283875 0.00240033
812 6 0.0283875 0.000954904
1230 5 0.0283875 0.00234013
590 4 0.0283875 0.00150761
1237 6 0.0283875 0.00166174
3569 20 0.0283875 0.00322699
1575 15 0.0283875 0.00367307
948 6 0.0283875 0.00318432
3295 15 0.0283875 0.00747987
753 5 0.0283875 0.00298984
1167 7 0.0283875 0.00507221
495 5 0.0283875 0.00269171
1319 7 0.0283875 0.00340255
632 3 0.0283875 0.00165431
3809 39 0.0283875 0.00867049
2501 23 0.0283875 0.00663769
950 8 0.0283875 0.00416371
657 7 0.0283875 0.00205014
4901 33 0.0283875 0.00782164
946 7 0.0283875 0.00126045
1098 4 0.0283875 0.00337533
1321 4 0.0283875 0.00203196
479 3 0.0283875 0.000749016
3708 21 0.0283875 0.00538164
974 4 0.0283875 0.00213574
3379 18 0.0283875 0.00671745
978 6 0.0283875 0.00231501
3991 13 0.0283875 0.00639274
785 10 0.0283875 0.00379757
1127 8 0.0283875 0.00220439
483 5 0.0283875 0.00443497
1301 4 0.0283875 0.00340446
4171 29 0.0283875 0.00814655
1071 5 0.0283875 0.00188354
3966 18 0.0283875 0.00809932
934 8 0.0283875 0.00551148
4022 25 0.0283875 0.00976024
838 5 0.0283875 0.00419951
1006 8 0.0283875 0.00199833
1293 5 0.0283875 0.00198532
5463 40 0.0283875 0.0103598
985 4 0.0283875 0.00246539
3844 16 0.0283875 0.00937367
1061 5 0.0283875 0.00440638
2383 13 0.0283875 0.00466467
820 6 0.0283875 0.00177473
1074 4 0.0283875 0.00226033
294 2 0.0283875 0.00140783
1271 6 0.0283875 0.00417678
3743 38 0.0283875 0.0104798
3880 16 0.0283875 0.00534125
944 4 0.0283875 0.00216997
4593 26 0.0283875 0.0148595
669 2 0.0283875 0.00139033
3166 25 0.0203714 0.00629968
2119 2 0.0203714 0.00157321
2784 2 0.0203714 0.00279362
3523 18 0.0203714 0.00766446
791 1 0.0203714 0.00119627
1164 3 0.0203714 0.00221837
642 7 0.0203714 0.00127849
2963 21 0.0203714 0.00301658
950 7 0.0203714 0.00190866
2056 9 0.0203714 0.00265817
2421 24 0.0203714 0.00379465
862 4 0.0203714 0.00132885
1281 5 0.0203714 0.00241244
789 4 0.0203714 0.0010244
3388 24 0.0203714 0.0040929
1002 5 0.0203714 0.00247226
2010 8 0.0203714 0.0028166
2339 17 0.0203714 0.0033848
810 5 0.0203714 0.00136866
1458 12 0.0203714 0.00268335
1302 6 0.0203714 0.00147545
1230 3 0.0203714 0.00317694
695 7 0.0203714 0.00209064
4209 21 0.0203714 0.00967503
1154 7 0.0203714 0.00307225
2206 19 0.0203714 0.00443605
2495 19 0.0203714 0.00345538
659 5 0.0203714 0.0010248
1316 9 0.0203714 0.00585387
3105 21 0.0203714 0.011854
1378 6 0.0203714 0.00206174
1024 7 0.0203714 0.00262722
665 4 0.0203714 0.0013311
2584 13 0.0203714 0.00408648
952 8 0.0203714 0.00222138
4743 24 0.0203714 0.00701247
951 4 0.0203714 0.0025427
3860 27 0.0203714 0.00434739
574 5 0.0203714 0.00181239
1267 4 0.0203714 0.00225543
3026 17 0.0203714 0.00526866
1248 6 0.0203714 0.00250351
1007 7 0.0203714 0.00206838
667 3 0.0203714 0.00132355
2966 17 0.0203714 0.00490481
4492 34 0.0203714 0.00799893
3225 14 0.0203714 0.00463077
2971 17 0.0203714 0.00512849
1340 7 0.0203714 0.00196961
2621 16 0.0203714 0.00355678
1186 6 0.0203714 0.00229559
1286 6 0.0203714 0.00191113
689 7 0.0203714 0.00186212
640 7 0.0203714 0.00082931
1719 7 0.0203714 0.00199171
1232 11 0.0203714 0.00220532
1825 16 0.0203714 0.00269319
759 7 0.0203714 0.0031456
3579 23 0.0203714 0.00365142
3515 23 0.0203714 0.00591218
1678 10 0.0203714 0.00310583
1096 6 0.0203714 0.00144195
1134 5 0.0203714 0.00351455
1172 3 0.0203714 0.00157141
849 5 0.0203714 0.000741746
4238 20 0.0203714 0.00821845
745 2 0.0203714 0.000687497
5150 24 0.0203714 0.00971223
1035 6 0.0203714 0.00138727
4075 29 0.0203714 0.00663119
2663 17 0.0203714 0.00640677
1444 9 0.0203714 0.00270703
1183 9 0.0203714 0.00233985
1365 5 0.0203714 0.00154637
734 5 0.0203714 0.00128729
1212 5 0.0203714 0.00218352
3374 22 0.0203714 0.00629909
981 10 0.0203714 0.00189414
2909 16 0.0203714 0.0044069
1070 3 0.0203714 0.00279052
920 7 0.0203714 0.0011031
3912 21 0.0203714 0.00556567
2625 21 0.0203714 0.00427717
1131 8 0.0203714 0.00210773
1317 8 0.0203714 0.00287024
1187 7 0.0203714 0.00284932
643 4 0.0203714 0.000640843
1322 5 0.0203714 0.00285354
3551 19 0.0203714 0.00415426
954 7 0.0203714 0.00266735
966 6 0.0203714 0.00292565
2927 22 0.0203714 0.00375767
881 6 0.0203714 0.00193339
4650 28 0.0203714 0.0105919
2600 20 0.0203714 0.00944015
1267 8 0.0203714 0.00241688
1206 6 0.0203714 0.00160881
651 4 0.0203714 0.00155195
1265 5 0.0203714 0.0025763
3721 24 0.0203714 0.00722202
828 5 0.0203714 0.00280644
982 6 0.0203714 0.00282538
3078 17 0.0203714 0.00452207
838 8 0.0203714 0.0022609
624 5 0.0203714 0.00162776
2652 18 0.0203714 0.00493811
1091 7 0.0203714 0.00300727
1338 8 0.0203714 0.00208532
1144 4 0.0203714 0.00163908
691 4 0.0203714 0.000698189
1276 4 0.0203714 0.00285885
724 4 0.0203714 0.00189157
3831 27 0.0203714 0.0068617
5813 38 0.0203714 0.0108949
2984 19 0.0203714 0.00571656
742 6 0.0203714 0.00195252
2791 21 0.0203714 0.00378133
1847 8 0.0203714 0.00311725
1336 7 0.0203714 0.00143394
1132 5 0.0203714 0.0014426
502 3 0.0203714 0.00122934
644 4 0.0203714 0.00156005
1259 8 0.0203714 0.00202288
1673 13 0.0203714 0.00231385
1645 17 0.0203714 0.00406876
3066 11 0.0203714 0.00401286
2435 28 0.0203714 0.00607969
434 5 0.0203714 0.00228084
1251 6 0.0203714 0.00265413
1662 6 0.0203714 0.00314158
572 3 0.0203714 0.000811729
4326 26 0.0203714 0.0058782
5383 33 0.0203714 0.00941599
1098 8 0.0203714 0.00349899
4196 33 0.0203714 0.00886644
1279 4 0.0203714 0.00223601
1679 4 0.0203714 0.00233318
1317 4 0.0203714 0.00147831
452 5 0.0203714 0.00167888
581 2 0.0203714 0.00124501
3276 21 0.0203714 0.0108444
2391 20 0.0203714 0.00409412
923 5 0.0203714 0.00150555
4460 25 0.0203714 0.00565048
5155 44 0.0203714 0.00894457
1946 8 0.0203714 0.00148768
458 4 0.0203714 0.000555617
1135 5 0.0203714 0.00248037
609 2 0.0203714 0.000893892
4621 29 0.0203714 0.00792885
5276 26 0.0203714 0.0057341
998 10 0.0203714 0.00617909
3328 22 0.0203714 0.0048199
1907 10 0.0203714 0.00391442
478 3 0.0203714 0.0012742
1138 3 0.0203714 0.00125186
573 2 0.0203714 0.000637812
3403 18 0.0203714 0.00486591
3754 14 0.0203714 0.00395245
899 6 0.0203714 0.00212363
4089 21 0.0203714 0.0114146
1915 6 0.0203714 0.00239628
1166 3 0.0203714 0.00106722
477 3 0.0203714 0.00145476
765 2 0.0203714 0.00149519
2460 20 0.0203714 0.00357109
4529 26 0.0203714 0.00738269
2740 23 0.0203714 0.00529423
1948 9 0.0203714 0.00393125
1011 5 0.0203714 0.00329459
259 1 0.0203714 0.00138126
651 4 0.0203714 0.00240926
2892 17 0.0203714 0.003604
5318 37 0.0203714 0.0114648
2558 13 0.0203714 0.00415416
1164 2 0.0203714 0.00152639
283 2 0.0203714 0.00126764
1214 5 0.0203714 0.002052
1328 9 0.0203714 0.00158092
1495 6 0.0203714 0.00163794
549 1 0.0203714 0.000622252
1442 7 0.0203714 0.00294784
2240 18 0.0203714 0.00651591
710 7 0.0203714 0.002057
4944 32 0.0203714 0.0138021
2729 22 0.0203714 0.00387433
1246 8 0.0203714 0.0019125
1180 4 0.0203714 0.00329046
439 2 0.0203714 0.00114019
681 5 0.0203714 0.00128899
1458 7 0.0203714 0.00266947
2663 29 0.0203714 0.00342843
3061 25 0.0203714 0.00494482
2606 18 0.0203714 0.00458901
455 1 0.0203714 0.00111168
1292 7 0.0203714 0.00310274
1185 3 0.0203714 0.00266927
2357 13 0.0203714 0.00834827
734 6 0.0203714 0.00265582
1434 10 0.0203714 0.002431
2380 19 0.0203714 0.00554836
4710 29 0.0203714 0.00809995
2541 15 0.0203714 0.00355456
6664 28 0.0203714 0.00802891
2037 11 0.0203714 0.00720542
3112 22 0.0203714 0.00570062
1341 8 0.0203714 0.00137503
5657 39 0.0203714 0.0094263
1473 11 0.0203714 0.00405651
545 1 0.0203714 0.000651844
6748 40 0.0203714 0.0110966
2024 8 0.0203714 0.00257783
1195 5 0.0203714 0.0019569
2433 15 0.0203714 0.00300491
4542 30 0.0203714 0.0110142
1541 9 0.0203714 0.00210496
574 3 0.0203714 0.000893451
6982 45 0.0203714 0.0176646
2063 8 0.0203714 0.0026117
905 7 0.0203714 0.00208588
2215 22 0.0203714 0.00727183
4372 31 0.0203714 0.00620239
1436 12 0.0203714 0.00292421
