#/home/michal/Dropbox/study/university/kth/thesis/data/features/annotations/0,015/featuredata_pfhrgb_iss_2015-05-28_10-53-57.txt
1163 23 0 0.0260686
811 15 0 0.0213489
1264 25 0 0.0293726
4603 105 0 0.0426133
1311 23 0 0.0308059
1903 52 0 0.0416268
911 34 0 0.0338953
4468 100 0 0.0851938
995 21 0 0.0188524
733 14 0 0.00924221
1221 24 0 0.0107823
3656 97 0 0.0319948
1273 29 0 0.0158868
2134 44 0 0.0125336
866 28 0 0.0114035
3969 96 0 0.0320549
1237 28 0 0.0256497
789 22 0 0.0288613
1278 25 0 0.0272909
3556 104 0 0.140009
2774 81 0 0.0294469
1439 37 0 0.00905328
3164 62 0 0.0221495
1386 31 0 0.0157449
1418 31 0 0.017381
1204 25 0 0.0130961
3476 97 0 0.0746912
4675 99 0 0.0710079
4824 110 0 0.156769
3352 69 0 0.0184194
1530 40 0 0.0181583
1084 26 0 0.013419
1999 41 0 0.0317634
1211 25 0 0.0195319
1410 29 0 0.0355891
3350 101 0 0.137863
3216 96 0 0.119988
887 36 0 0.0369553
4308 98 0 0.0900612
1291 18 0 0.0268557
1280 25 0 0.0318152
1220 24 0 0.0318859
2800 66 0 0.0387961
5238 112 0 0.104622
1022 36 0 0.0404452
3501 81 0 0.0635431
818 20 0 0.00706536
1219 30 0 0.0385449
811 21 0 0.0344238
1281 27 0 0.0300516
1414 45 0 0.054799
5323 108 0 0.125785
755 23 0 0.0215587
811 15 0 0.012744
1014 19 0 0.0208768
1414 37 0 0.0562552
1319 27 0 0.0356609
2084 66 0 0.0817273
3038 86 0 0.0603942
858 18 0 0.0174766
831 18 0 0.0166645
1205 25 0 0.0365609
1248 28 0 0.0373827
2037 49 0 0.0554687
4995 118 0 0.0929277
1130 34 0 0.0338317
3761 94 0 0.0801004
2304 58 0 0.0555692
1387 29 0 0.0329555
1239 27 0 0.0194006
702 20 0 0.0158954
2293 63 0 0.0496895
2572 67 0 0.069105
144 5 0 0.00496076
718 16 0 0.0144685
1205 27 0 0.0412618
1209 27 0 0.0371363
542 17 0 0.0158727
1287 29 0 0.0354669
807 21 0 0.0241407
2777 93 0 0.0904046
3317 67 0 0.0648321
892 26 0 0.0238837
118 2 0 0.00321516
1860 38 0 0.0407992
743 19 0 0.016029
1259 28 0 0.0378083
1227 26 0 0.0383739
930 22 0 0.023997
3077 93 0 0.114378
1205 30 0 0.0316849
140 5 0 0.00430551
951 19 0 0.0185297
802 17 0 0.0134822
1322 27 0 0.0396145
1247 25 0 0.0339434
940 20 0 0.0234675
3094 88 0 0.113159
1202 29 0 0.0310077
127 1 0 0.002832
943 20 0 0.0181009
742 15 0 0.0117977
1244 20 0 0.0289624
1268 24 0 0.0379994
811 17 0 0.0195692
2886 78 0 0.111995
1408 35 0 0.038272
133 3 0 0.00469786
1281 32 0 0.0245075
800 18 0 0.0151664
565 10 0 0.0109705
1217 27 0 0.0410396
1182 27 0 0.0200533
1319 26 0 0.0107284
699 15 0 0.00669915
1693 41 0 0.0153032
2619 59 0 0.0177143
2565 71 0 0.0228833
3484 109 0 0.0421252
4064 97 0 0.0290763
529 11 0 0.00342937
1119 25 0 0.0109006
1070 22 0 0.00908293
2096 48 0 0.0231213
956 23 0 0.00850326
661 8 0 0.0043263
1216 28 0 0.0120984
2936 74 0 0.0275641
1001 28 0 0.00863048
140 6 0 0.00202155
1040 19 0 0.00580833
738 19 0 0.00465997
1072 18 0 0.00743405
1026 24 0 0.00995413
1239 26 0 0.0115593
899 16 0 0.00627305
3250 81 0 0.0290067
1464 31 0 0.0108615
1178 33 0 0.0135892
112 3 0 0.00136268
3468 81 0 0.0251444
835 19 0 0.0048522
2445 58 0 0.0257239
1236 23 0 0.0110837
1040 28 0 0.0107972
959 29 0 0.0109775
4858 108 0 0.0419424
980 32 0 0.00987791
4926 103 0 0.0336662
3322 81 0 0.0262302
738 19 0 0.00479077
3327 72 0 0.0365157
1302 26 0 0.0120643
1063 25 0 0.0101923
952 27 0 0.0106125
4363 100 0 0.0337726
3069 80 0 0.0197924
781 15 0 0.0046459
2521 56 0 0.0167822
836 21 0 0.00523109
2730 58 0 0.025948
1396 36 0 0.0147463
1058 22 0 0.0269308
924 20 0 0.0247665
1853 52 0 0.0632644
2038 53 0 0.0499377
2577 59 0 0.0533617
786 21 0 0.0163046
2581 56 0 0.084117
1311 27 0 0.0381215
1049 20 0 0.0241293
901 27 0 0.0297995
2306 64 0 0.0828225
4205 103 0 0.103955
2644 62 0 0.0612396
764 17 0 0.0142471
2791 50 0 0.0689343
1303 23 0 0.0279368
1040 23 0 0.0295756
865 15 0 0.0191497
2139 64 0 0.0838513
3222 90 0 0.105643
2669 62 0 0.0555361
768 19 0 0.0157144
3005 64 0 0.0404938
1247 29 0 0.0249779
790 17 0 0.0166693
2123 58 0 0.0775191
5165 123 0 0.11832
2156 42 0 0.0332526
732 17 0 0.0129486
2966 62 0 0.0918939
1266 26 0 0.0355376
768 18 0 0.0189558
1081 26 0 0.010241
2485 76 0 0.035344
2138 50 0 0.0117801
1375 26 0 0.00738561
770 18 0 0.00489582
2807 59 0 0.0286478
1389 29 0 0.0117864
735 17 0 0.0056601
1058 25 0 0.0100627
2349 65 0 0.0309821
3872 84 0 0.0293919
1138 29 0 0.00957118
839 22 0 0.0060227
3002 57 0 0.0255635
1275 28 0 0.012849
1138 25 0 0.00859659
1114 25 0 0.0082188
3981 91 0 0.0276887
1020 21 0 0.00655763
2263 57 0 0.0159981
900 22 0 0.00717788
3135 74 0 0.0370434
1324 27 0 0.0116505
814 20 0 0.00920103
1067 24 0 0.00904309
1854 35 0 0.0141174
2372 55 0 0.0194134
1445 27 0 0.00837796
1437 43 0 0.0168165
686 14 0 0.00441552
3351 80 0 0.042285
1338 29 0 0.0111768
929 20 0 0.00896506
897 22 0 0.00997227
4053 83 0 0.0288059
915 27 0 0.0113255
1729 38 0 0.00890344
849 31 0 0.00898283
3316 84 0 0.0243195
913 23 0 0.00621965
1023 28 0 0.0115777
3004 66 0 0.0348292
1262 22 0 0.0113432
807 24 0 0.0101206
3001 75 0 0.020219
986 32 0 0.0155873
4873 112 0 0.038233
1117 34 0 0.0137752
3452 86 0 0.0253519
856 16 0 0.00456069
1104 26 0 0.031295
3408 77 0 0.123884
1279 24 0 0.0326191
841 19 0 0.0243665
2899 80 0 0.0569649
3463 104 0 0.0456525
1113 34 0 0.0145417
3887 101 0 0.0311089
857 20 0 0.00590083
1012 27 0 0.017518
3190 77 0 0.10515
1984 46 0 0.0213436
481 17 0 0.00594635
2896 86 0 0.0545897
4116 82 0 0.0421448
1117 38 0 0.025842
2946 57 0 0.0575346
841 23 0 0.0198957
842 20 0 0.0283148
2930 59 0 0.0869624
1377 29 0 0.0380643
848 16 0 0.0215432
3320 87 0 0.128323
4204 84 0 0.0640051
1109 32 0 0.0341603
3357 72 0 0.0629944
740 18 0 0.0106045
675 15 0 0.0180634
3077 63 0 0.0992166
1312 34 0 0.0401328
860 18 0 0.0213324
3265 99 0 0.138143
2778 76 0 0.0302178
1122 36 0 0.0164689
2021 47 0 0.0219199
753 18 0 0.00685876
1080 24 0 0.0179606
3387 74 0 0.0718737
1324 32 0 0.0439787
3347 104 0 0.140871
4467 98 0 0.0767982
1087 37 0 0.015617
4138 81 0 0.0341869
704 19 0 0.00620385
1349 31 0 0.0175687
3341 79 0 0.0713497
1261 21 0 0.0326395
3048 98 0 0.135147
4355 97 0 0.0846609
1084 38 0 0.0372573
4864 114 0 0.0429887
844 21 0 0.0086076
410 14 0 0.00746632
1027 25 0 0.0203518
1317 31 0 0.0248785
1273 26 0 0.0343522
1017 24 0 0.018916
4306 90 0 0.0418507
1011 28 0 0.0182069
979 32 0 0.0203075
1665 36 0 0.0245569
1197 41 0 0.0424789
2230 54 0 0.0462991
860 17 0 0.0152966
869 22 0 0.0249416
406 8 0 0.00862516
970 21 0 0.0280181
1274 28 0 0.0342986
3116 92 0 0.0910976
960 25 0 0.0300293
1748 45 0 0.0519953
952 27 0 0.0327225
4934 124 0 0.110869
946 18 0 0.0186067
994 22 0 0.0302334
1189 25 0 0.0341116
541 10 0 0.014142
1266 25 0 0.0317901
3517 85 0 0.0708759
811 22 0 0.034378
1836 46 0 0.0451488
1141 40 0 0.0508406
3864 99 0 0.0865363
840 15 0 0.015694
515 11 0 0.0154712
1018 27 0 0.0361002
1185 29 0 0.0416218
1249 29 0 0.0424497
835 16 0 0.0129159
3037 75 0 0.0977325
961 25 0 0.0242659
1753 43 0 0.0457239
1161 39 0 0.0473933
3215 88 0 0.0879888
880 17 0 0.0152015
664 18 0 0.0110152
1867 39 0 0.0192142
1259 22 0 0.0154176
1428 35 0 0.019273
809 20 0 0.0102412
2426 65 0 0.0431548
858 31 0 0.0199306
1680 38 0 0.0212433
2780 69 0 0.0343404
888 17 0 0.00817083
1356 36 0 0.0203087
1285 29 0 0.0189693
919 24 0 0.0142604
2548 70 0 0.053986
931 32 0 0.0371796
1813 47 0 0.0435698
2589 67 0 0.0530844
80 2 0 0.0019438
845 15 0 0.0167265
1576 32 0 0.0241141
1323 35 0 0.0301741
1548 33 0 0.0333273
2913 83 0 0.0912001
1111 41 0 0.0334795
1930 50 0 0.0287442
2736 70 0 0.0204683
93 5 0 0.00280604
858 14 0 0.00435263
1536 36 0 0.0252244
1264 32 0 0.0195409
1290 26 0 0.0218138
918 25 0 0.0159397
2320 64 0 0.0303985
919 30 0 0.0133251
2435 55 0 0.019438
1140 37 0 0.0157554
4518 97 0 0.0308062
793 25 0 0.00715323
1465 25 0 0.0163253
1262 25 0 0.0272768
1303 26 0 0.0372567
1081 30 0 0.0313894
2171 61 0 0.0771263
1001 29 0 0.034558
2113 55 0 0.0224734
1263 39 0 0.0241826
3833 93 0 0.0459461
784 24 0 0.0144554
1602 36 0 0.0377964
1121 23 0 0.0299432
1347 26 0 0.0427293
965 23 0 0.0279985
1765 42 0 0.0488506
962 25 0 0.0306836
1901 43 0 0.0414006
1168 30 0 0.0377388
2840 75 0 0.0633046
84 4 0 0.000995243
827 18 0 0.0182015
1602 27 0 0.0391239
1176 24 0 0.0314798
1349 33 0 0.0469858
864 26 0 0.0297275
2386 65 0 0.0866075
778 17 0 0.0259805
1945 51 0 0.046628
1206 26 0 0.0365732
2081 59 0 0.0485202
115 9 0 0.00653971
834 16 0 0.0187377
1302 28 0 0.0365731
1203 27 0 0.0383507
792 16 0 0.0160846
2651 79 0 0.086891
304 13 0 0.00878522
1347 36 0 0.0332905
1176 29 0 0.0258956
883 20 0 0.0211353
1253 25 0 0.0311535
1289 25 0 0.0361722
911 24 0 0.0210626
2730 72 0 0.0485781
3974 82 0 0.099079
2416 64 0 0.0522235
915 20 0 0.0156011
1652 41 0 0.0415322
1272 35 0 0.0333904
3199 83 0 0.040524
1218 38 0 0.0284356
2218 41 0 0.0382758
2687 72 0 0.0461849
920 16 0 0.00939398
920 19 0 0.0148407
1336 20 0 0.0135154
1268 31 0 0.017944
2480 75 0 0.0410275
3986 76 0 0.0450578
2167 48 0 0.0445987
799 19 0 0.00980012
998 20 0 0.0270671
1116 23 0 0.0316667
1299 24 0 0.0315896
776 15 0 0.0186663
1681 49 0 0.0586254
3290 79 0 0.0809719
986 25 0 0.028004
1067 23 0 0.0266698
4684 118 0 0.091337
662 15 0 0.0109429
1108 22 0 0.0297244
602 16 0 0.0205764
1290 29 0 0.0372938
803 18 0 0.0154715
1350 30 0 0.0298128
3394 91 0 0.0782549
1065 33 0 0.0351556
4785 116 0 0.108182
815 25 0 0.0184939
1214 29 0 0.0402883
1279 30 0 0.0411776
1225 23 0 0.0320067
1071 24 0 0.0308925
1734 54 0 0.070449
4139 103 0 0.10186
1204 33 0 0.0293542
3553 78 0 0.074103
796 23 0 0.0169181
1185 26 0 0.0368381
1398 35 0 0.047172
1266 30 0 0.0345464
922 20 0 0.0242132
1316 36 0 0.0564706
3044 73 0 0.079129
1148 38 0 0.0174036
2611 52 0 0.015654
812 17 0 0.00397061
1230 27 0 0.0128052
590 15 0 0.0057537
1237 23 0 0.0119028
3569 109 0 0.0477861
1575 42 0 0.0155875
948 34 0 0.0131365
3295 68 0 0.0208056
753 23 0 0.00539411
1167 19 0 0.00950492
495 16 0 0.00515988
1319 27 0 0.0125727
632 8 0 0.00549683
3809 91 0 0.0334157
2501 65 0 0.0166776
950 27 0 0.025939
657 19 0 0.0180865
4901 114 0 0.0471959
946 19 0 0.00587143
1098 26 0 0.0157588
1321 28 0 0.019511
479 7 0 0.00502984
3708 105 0 0.0682939
974 22 0 0.0240515
3379 72 0 0.0553085
978 27 0 0.0209352
3991 93 0 0.0780151
785 20 0 0.00587724
1127 27 0 0.0191733
483 11 0 0.0116636
1301 27 0 0.034786
4171 103 0 0.0690132
1071 24 0 0.0135252
3966 87 0 0.0459689
934 24 0 0.0164033
4022 88 0 0.0542615
838 22 0 0.0147541
1006 18 0 0.0297575
1293 23 0 0.0318916
5463 128 0 0.0849739
985 20 0 0.0222089
3844 79 0 0.0832873
1061 38 0 0.0328532
2383 57 0 0.0195781
820 20 0 0.0060498
1074 23 0 0.014192
294 9 0 0.00400146
1271 28 0 0.0198992
3743 74 0 0.0234159
3880 101 0 0.0388335
944 34 0 0.0193431
4593 105 0 0.0520346
669 15 0 0.0111707
1125 19 0 0.0232899
3166 72 0 0.0953007
2119 49 0 0.0523788
2784 67 0 0.0331155
3523 62 0 0.0328638
791 13 0 0.0085522
1164 29 0 0.0213459
642 13 0 0.00623188
2963 93 0 0.0594697
950 29 0 0.0187965
2056 54 0 0.0562381
2421 57 0 0.0451076
862 21 0 0.0254476
1281 28 0 0.0367848
789 19 0 0.0245854
3388 78 0 0.0755876
1002 28 0 0.0291738
2010 51 0 0.0217146
2339 65 0 0.0177744
810 19 0 0.00805106
1458 27 0 0.0154138
1302 25 0 0.0138176
1230 25 0 0.0123797
695 13 0 0.00432427
4209 102 0 0.0387559
1154 29 0 0.0194025
2206 59 0 0.051925
2495 63 0 0.0503225
659 16 0 0.00513053
1316 29 0 0.0138832
3105 72 0 0.0371383
1378 31 0 0.0179153
1024 25 0 0.0166246
665 20 0 0.0133122
2584 66 0 0.0597473
952 33 0 0.0175949
4743 110 0 0.0879008
951 32 0 0.0152022
3860 94 0 0.034806
574 13 0 0.00564112
1267 29 0 0.0201195
3026 66 0 0.0584066
1248 31 0 0.014589
1007 16 0 0.00910242
667 19 0 0.00854449
2966 80 0 0.0648194
4492 94 0 0.0475161
3225 80 0 0.0583998
2971 73 0 0.0629372
1340 24 0 0.0297389
2621 69 0 0.0810416
1186 21 0 0.0300961
1286 25 0 0.0171147
689 21 0 0.0106048
640 11 0 0.00461127
1719 49 0 0.0235826
1232 33 0 0.0182765
1825 46 0 0.0325007
759 29 0 0.0257483
3579 81 0 0.0753717
3515 57 0 0.0645113
1678 42 0 0.0461
1096 20 0 0.0260325
1134 26 0 0.0283217
1172 23 0 0.0313568
849 21 0 0.0209185
4238 87 0 0.101782
745 18 0 0.0183709
5150 105 0 0.119854
1035 26 0 0.0303711
4075 89 0 0.0733996
2663 63 0 0.0326925
1444 29 0 0.0168838
1183 25 0 0.0175146
1365 35 0 0.0179262
734 23 0 0.0124641
1212 24 0 0.0135471
3374 67 0 0.0331868
981 33 0 0.0146116
2909 82 0 0.0694208
1070 25 0 0.0173761
920 32 0 0.0306484
3912 107 0 0.0786721
2625 59 0 0.061675
1131 18 0 0.023307
1317 30 0 0.0528787
1187 21 0 0.0266662
643 14 0 0.0165392
1322 33 0 0.0381624
3551 77 0 0.0719212
954 22 0 0.0248417
966 33 0 0.0392222
2927 83 0 0.0390087
881 28 0 0.0107075
4650 87 0 0.0258165
2600 65 0 0.0258579
1267 29 0 0.011541
1206 23 0 0.0109665
651 20 0 0.00837021
1265 30 0 0.0131625
3721 87 0 0.0333698
828 21 0 0.00762248
982 38 0 0.0161451
3078 94 0 0.0394992
838 27 0 0.00921833
624 7 0 0.00288072
2652 61 0 0.0221018
1091 22 0 0.00950532
1338 23 0 0.0105925
1144 27 0 0.0117441
691 13 0 0.00610644
1276 30 0 0.0130912
724 21 0 0.00811405
3831 93 0 0.0358769
5813 143 0 0.047119
2984 54 0 0.025178
742 19 0 0.00721359
2791 64 0 0.017812
1847 46 0 0.0155002
1336 23 0 0.0120823
1132 27 0 0.0124586
502 13 0 0.00627447
644 18 0 0.00762729
1259 35 0 0.0154439
1673 44 0 0.0132329
1645 46 0 0.0129334
3066 98 0 0.0377049
2435 50 0 0.0148766
434 12 0 0.00390813
1251 31 0 0.0127922
1662 29 0 0.017896
572 12 0 0.00574932
4326 97 0 0.0383413
5383 130 0 0.0506232
1098 39 0 0.0196788
4196 86 0 0.0338464
1279 24 0 0.0137362
1679 28 0 0.017805
1317 29 0 0.0228802
452 14 0 0.00616657
581 12 0 0.00717899
3276 100 0 0.0543879
2391 70 0 0.0145951
923 29 0 0.0113943
4460 100 0 0.0293271
5155 165 0 0.0376216
1946 35 0 0.018257
458 14 0 0.00479547
1135 25 0 0.0108179
609 17 0 0.00690909
4621 105 0 0.0373101
5276 110 0 0.04186
998 27 0 0.0120803
3328 69 0 0.0191856
1907 35 0 0.0186384
478 15 0 0.00581572
1138 21 0 0.00970588
573 15 0 0.00608346
3403 78 0 0.0298093
3754 94 0 0.0323529
899 40 0 0.0171384
4089 97 0 0.0324212
1915 35 0 0.0185581
1166 23 0 0.0106296
477 10 0 0.00494774
765 17 0 0.00721207
2460 67 0 0.0293934
4529 100 0 0.0346001
2740 83 0 0.0206764
1948 42 0 0.0221983
1011 25 0 0.0119799
259 3 0 0.00177797
651 19 0 0.00855768
2892 70 0 0.0235553
5318 118 0 0.0375952
2558 65 0 0.0193889
1164 24 0 0.012299
283 5 0 0.00392611
1214 27 0 0.0440776
1328 26 0 0.0364162
1495 26 0 0.0459379
549 14 0 0.0196593
1442 41 0 0.0477795
2240 51 0 0.0487069
710 19 0 0.0134313
4944 106 0 0.133169
2729 69 0 0.0511142
1246 31 0 0.0202056
1180 28 0 0.0166167
439 11 0 0.00585359
681 20 0 0.0109902
1458 40 0 0.0181265
2663 69 0 0.0183015
3061 87 0 0.026499
2606 72 0 0.0191977
455 11 0 0.00484856
1292 31 0 0.0178155
1185 22 0 0.0114479
2357 54 0 0.0250991
734 22 0 0.00902236
1434 44 0 0.0189713
2380 51 0 0.0153327
4710 98 0 0.0354656
2541 58 0 0.0180489
6664 174 0 0.0678081
2037 41 0 0.0205415
3112 77 0 0.0239243
1341 40 0 0.0163338
5657 120 0 0.0356554
1473 24 0 0.00758651
545 7 0 0.00466294
6748 179 0 0.063571
2024 40 0 0.0198208
1195 33 0 0.042663
2433 76 0 0.0529297
4542 110 0 0.10738
1541 35 0 0.0299068
574 11 0 0.0220444
6982 183 0 0.129022
2063 42 0 0.0220144
905 24 0 0.0108103
2215 59 0 0.0247604
4372 96 0 0.0390543
1436 27 0 0.00958876
562 7 0 0.00611395
#/home/michal/Dropbox/study/university/kth/thesis/data/features/annotations/0,015/featuredata_pfhrgb_susan_2015-05-28_10-56-16.txt
1163 23 0 0.00983496
811 14 0 0.00710642
1264 13 0 0.0062242
4603 31 0 0.00835554
1311 26 0 0.0100353
1903 21 0 0.00755927
911 4 0 0.00280219
4468 55 0 0.049681
995 23 0 0.0120818
733 12 0 0.0119963
1221 14 0 0.00668097
3656 27 0 0.0136817
1273 14 0 0.00384459
2134 32 0 0.0163581
866 16 0 0.00850447
3969 61 0 0.042891
1237 32 0 0.0199236
789 11 0 0.00987727
1278 16 0 0.00699205
3556 3 0 0.00254342
2774 17 0 0.0111116
1439 38 0 0.0111358
3164 74 0 0.0443157
1386 26 0 0.0102251
1418 32 0 0.0277266
1204 17 0 0.012597
3476 3 0 0.00172993
4675 29 0 0.0202472
4824 36 0 0.0249917
3352 45 0 0.0226038
1530 10 0 0.00580185
1084 29 0 0.00929547
1999 41 0 0.0372525
1211 14 0 0.00742555
1410 1 0 0.000904385
3350 11 0 0.0141384
3216 35 0 0.0267095
887 27 0 0.0104055
4308 52 0 0.0369955
1291 29 0 0.0176207
1280 26 0 0.0250822
1220 19 0 0.00988682
2800 16 0 0.0102059
5238 11 0 0.00795092
1022 19 0 0.00935783
3501 34 0 0.0172883
818 19 0 0.0089202
1219 28 0 0.0255866
811 7 0 0.00560896
1281 17 0 0.0154668
1414 8 0 0.00621504
5323 17 0 0.0122612
755 17 0 0.0108101
811 19 0 0.00801113
1014 14 0 0.0104971
1414 27 0 0.0128704
1319 18 0 0.0129722
2084 17 0 0.0114778
3038 45 0 0.014106
858 19 0 0.0119325
831 1 0 0.00182203
1205 21 0 0.0113744
1248 15 0 0.025072
2037 5 0 0.00511814
4995 36 0 0.0144433
1130 22 0 0.0116126
3761 48 0 0.0179828
2304 15 0 0.00427004
1387 28 0 0.0108411
1239 13 0 0.00620656
702 2 0 0.00129187
2293 13 0 0.00291715
2572 40 0 0.0126534
144 4 0 0.000653082
718 17 0 0.00453287
1205 30 0 0.0149079
1209 29 0 0.0157534
542 20 0 0.00508321
1287 24 0 0.0115759
807 2 0 0.00127992
2777 16 0 0.00718694
3317 50 0 0.0183069
892 28 0 0.00575485
118 4 0 0.000912418
1860 13 0 0.00753337
743 13 0 0.00390732
1259 24 0 0.0109795
1227 23 0 0.0104947
930 4 0 0.00258401
3077 2 0 0.00227396
1205 6 0 0.00232904
140 3 0 0.000703276
951 3 0 0.00237657
802 8 0 0.00286463
1322 24 0 0.0120037
1247 1 0 0.00113483
940 18 0 0.00968101
3094 16 0 0.0106354
1202 6 0 0.00860569
127 3 0 0.000667576
943 12 0 0.0053896
742 15 0 0.0106252
1244 28 0 0.0165385
1268 11 0 0.0104822
811 26 0 0.0107085
2886 25 0 0.0226205
1408 7 0 0.00495813
133 4 0 0.00162694
1281 9 0 0.00467452
800 8 0 0.00682076
565 3 0 0.0029211
1217 31 0 0.0176461
1182 29 0 0.0334141
1319 16 0 0.00828853
699 2 0 0.00193139
1693 27 0 0.00955349
2619 8 0 0.00749947
2565 57 0 0.0247312
3484 28 0 0.0221671
4064 72 0 0.0338719
529 6 0 0.00533081
1119 29 0 0.0200046
1070 26 0 0.0183415
2096 47 0 0.0310772
956 23 0 0.0106582
661 9 0 0.00489943
1216 19 0 0.0131225
2936 9 0 0.00896071
1001 8 0 0.00439225
140 1 0 0.000864295
1040 10 0 0.00409857
738 10 0 0.00561836
1072 20 0 0.0104401
1026 23 0 0.0241259
1239 21 0 0.0106846
899 10 0 0.00458199
3250 6 0 0.00662029
1464 13 0 0.00829777
1178 11 0 0.00754223
112 5 0 0.00144903
3468 29 0 0.0174823
835 17 0 0.0110374
2445 27 0 0.0196194
1236 12 0 0.0134264
1040 19 0 0.0124534
959 17 0 0.0142929
4858 25 0 0.0123577
980 30 0 0.0129287
4926 24 0 0.0177567
3322 2 0 0.00261315
738 12 0 0.0065106
3327 12 0 0.00823854
1302 6 0 0.00411941
1063 8 0 0.00658392
952 22 0 0.00917717
4363 15 0 0.00454839
3069 5 0 0.00249082
781 20 0 0.0102665
2521 17 0 0.0109977
836 18 0 0.00921017
2730 13 0 0.00578869
1396 17 0 0.0135662
1058 2 0 0.00220112
924 18 0 0.0191754
1853 5 0 0.0101135
2038 5 0 0.00252901
2577 30 0 0.0183528
786 20 0 0.00783939
2581 22 0 0.0322538
1311 11 0 0.0162212
1049 15 0 0.0221617
901 22 0 0.021045
2306 1 0 0.00278949
4205 22 0 0.0206816
2644 14 0 0.00923869
764 17 0 0.00618092
2791 13 0 0.00983722
1303 19 0 0.0144784
1040 2 0 0.00356704
865 7 0 0.00468157
2139 3 0 0.00225967
3222 13 0 0.00484671
2669 35 0 0.0094316
768 14 0 0.00550243
3005 51 0 0.0265691
1247 18 0 0.00818647
790 5 0 0.00259025
2123 5 0 0.00265918
5165 20 0 0.00716956
2156 16 0 0.00696189
732 20 0 0.00648662
2966 34 0 0.0231372
1266 16 0 0.00889204
768 7 0 0.00335131
1081 15 0 0.00842113
2485 4 0 0.00332087
2138 32 0 0.018881
1375 7 0 0.00448849
770 10 0 0.00748544
2807 29 0 0.0288844
1389 5 0 0.00869249
735 24 0 0.0203107
1058 1 0 0.00092471
2349 4 0 0.00363551
3872 41 0 0.0432761
1138 10 0 0.00904022
839 18 0 0.0128242
3002 14 0 0.0142241
1275 14 0 0.0206576
1138 4 0 0.00256841
1114 9 0 0.00492304
3981 31 0 0.00862616
1020 18 0 0.00646859
2263 17 0 0.00714111
900 16 0 0.00835119
3135 15 0 0.00793918
1324 6 0 0.00660569
814 20 0 0.0211879
1067 18 0 0.0136059
1854 26 0 0.00995483
2372 24 0 0.00685453
1445 23 0 0.00889809
1437 38 0 0.0154571
686 15 0 0.00397894
3351 30 0 0.0163003
1338 27 0 0.0121881
929 8 0 0.0050578
897 15 0 0.00497304
4053 56 0 0.019843
915 16 0 0.00342628
1729 27 0 0.00833462
849 8 0 0.00388074
3316 67 0 0.0234524
913 15 0 0.00898192
1023 25 0 0.0233844
3004 9 0 0.0175249
1262 20 0 0.0265938
807 2 0 0.0050612
3001 20 0 0.0126926
986 24 0 0.0239531
4873 61 0 0.0484138
1117 16 0 0.00984014
3452 26 0 0.0149379
856 19 0 0.007963
1104 21 0 0.0214166
3408 54 0 0.0603033
1279 12 0 0.0118496
841 1 0 0.00223381
2899 16 0 0.0178013
3463 23 0 0.0187242
1113 20 0 0.0154797
3887 37 0 0.0279792
857 18 0 0.0143425
1012 20 0 0.0245478
3190 29 0 0.0210883
1984 36 0 0.0361775
481 6 0 0.00479406
2896 30 0 0.026341
4116 53 0 0.0182314
1117 7 0 0.00325533
2946 51 0 0.0139863
841 18 0 0.00540462
842 18 0 0.0129404
2930 14 0 0.00775127
1377 10 0 0.00379133
848 16 0 0.0204872
3320 12 0 0.00934368
4204 20 0 0.00882575
1109 23 0 0.00863785
3357 26 0 0.0226705
740 8 0 0.00228512
675 13 0 0.00589724
3077 45 0 0.0351319
1312 6 0 0.00352975
860 10 0 0.0113274
3265 10 0 0.00718486
2778 12 0 0.00460824
1122 19 0 0.00838526
2021 2 0 0.00204377
1080 22 0.0143388 0.0135679
3387 39 0.0143388 0.0214541
1324 22 0.0143388 0.0121388
3347 2 0.0143388 0.00125475
4467 37 0.0143388 0.0147298
1087 29 0.0143388 0.0109187
4138 76 0.0143388 0.025878
704 5 0.0143388 0.000879343
1349 23 0.0143388 0.0124526
3341 17 0.0143388 0.00781063
1261 27 0.0143388 0.0129347
3048 21 0.0143388 0.00823271
4355 40 0.0143388 0.0159777
1084 29 0.0143388 0.0112985
4864 53 0.0143388 0.0177863
844 17 0.0143388 0.00530027
410 11 0.0143388 0.00279976
1027 23 0.0143388 0.0200671
1317 31 0.0143388 0.0174614
1273 1 0.0143388 0.00203576
1017 18 0.0143388 0.00766028
4306 8 0.0143388 0.0101612
1011 25 0.0143388 0.0115501
979 4 0.0143388 0.00278255
1665 6 0.0143388 0.00564957
1197 13 0.0143388 0.00734318
2230 30 0.0143388 0.0202122
860 12 0.0143388 0.00538227
869 28 0.0143388 0.0263371
406 14 0.0143388 0.00206919
970 27 0.0143388 0.011908
1274 7 0.0143388 0.00916508
3116 1 0.0143388 0.00341873
960 12 0.0143388 0.00674076
1748 7 0.0143388 0.0065339
952 24 0.0143388 0.0171479
4934 30 0.0143388 0.0256255
946 22 0.0143388 0.0149843
994 17 0.0143388 0.0245242
1189 24 0.0143388 0.0134212
541 16 0.0143388 0.0076963
1266 17 0.0143388 0.0192743
3517 2 0.0143388 0.00205651
811 6 0.0143388 0.00169861
1836 5 0.0143388 0.00283621
1141 23 0.0143388 0.0118239
3864 37 0.0143388 0.0195652
840 18 0.0143388 0.00551487
515 3 0.0143388 0.00103909
1018 21 0.0143388 0.0132914
1185 24 0.0143388 0.021872
1249 18 0.0143388 0.00821282
835 8 0.0143388 0.00816771
3037 1 0.0143388 0.00247331
961 3 0.0143388 0.00258046
1753 6 0.0143388 0.00264812
1161 17 0.0143388 0.0146981
3215 11 0.0143388 0.00930883
880 18 0.0143388 0.00641105
664 13 0.0143388 0.0154541
1867 32 0.0143388 0.0305208
1259 6 0.0143388 0.00632422
1428 41 0.0143388 0.0347345
809 17 0.0143388 0.0176952
2426 19 0.0143388 0.0162602
858 12 0.0143388 0.00398455
1680 14 0.0143388 0.00604926
2780 21 0.0143388 0.0119284
888 20 0.0143388 0.00666139
1356 36 0.0143388 0.0121808
1285 1 0.0143388 0.000719071
919 21 0.0143388 0.00829471
2548 4 0.0143388 0.00374027
931 15 0.0143388 0.00405976
1813 15 0.0143388 0.0161644
2589 40 0.0143388 0.027285
80 2 0.0143388 0.000900943
845 6 0.0143388 0.0027942
1576 12 0.0143388 0.00722513
1323 3 0.0143388 0.00245688
1548 1 0.0143388 0.000966755
2913 2 0.0143388 0.00123299
1111 1 0.0143388 0.000596344
1930 2 0.0143388 0.00217212
2736 2 0.0143388 0.00217366
858 33 0.0171873 0.0299593
1536 32 0.0171873 0.0206011
1264 28 0.0171873 0.0127836
1290 15 0.0171873 0.00726563
918 16 0.0171873 0.0131451
2320 12 0.0171873 0.00808862
919 3 0.0171873 0.00302937
2435 39 0.0171873 0.0201054
1140 20 0.0171873 0.0215446
4518 62 0.0171873 0.0443048
793 10 0.0171873 0.00314245
1465 27 0.0171873 0.0231078
1262 23 0.0171873 0.0163775
1303 6 0.0171873 0.00832527
1081 26 0.0171873 0.0157087
2171 13 0.0171873 0.00773585
1001 11 0.0171873 0.00688701
2113 42 0.0171873 0.0205976
1263 21 0.0171873 0.021732
3833 70 0.0171873 0.0410599
784 12 0.0171873 0.00758914
1602 42 0.0171873 0.0164758
1121 25 0.0171873 0.0149943
1347 8 0.0171873 0.00288855
965 10 0.0171873 0.00474008
1765 3 0.0171873 0.00120931
962 4 0.0171873 0.00140345
1901 33 0.0171873 0.0104543
1168 23 0.0171873 0.00664892
2840 14 0.0171873 0.0157001
84 6 0.0171873 0.0033441
827 11 0.0171873 0.00632518
1602 30 0.0171873 0.01823
1176 34 0.0171873 0.0320653
1349 7 0.0171873 0.00938652
864 15 0.0171873 0.0113236
2386 7 0.0171873 0.00520472
778 8 0.0171873 0.0049133
1945 41 0.0171873 0.0198136
1206 15 0.0171873 0.0152649
2081 22 0.0171873 0.014318
115 4 0.0171873 0.000938508
834 8 0.0171873 0.00636162
1302 31 0.0171873 0.032512
1203 4 0.0171873 0.00336948
792 16 0.0171873 0.00674073
2651 28 0.0171873 0.0155858
304 8 0.0171873 0.00108918
1347 33 0.0171873 0.019002
1176 4 0.0171873 0.0037931
883 9 0.0171873 0.00536943
1253 30 0.0171873 0.0207216
1289 22 0.0171873 0.0304207
911 20 0.0171873 0.0239517
2730 5 0.0171873 0.00312823
3974 5 0.0171873 0.00743099
2416 25 0.0171873 0.0111425
915 5 0.0171873 0.00121586
1652 28 0.0171873 0.0193491
1272 1 0.0171873 0.00354409
3199 4 0.0171873 0.00325286
1218 1 0.0171873 0.00168204
2218 4 0.0171873 0.00689738
2687 3 0.0171873 0.00257926
920 12 0.0171873 0.00613126
920 24 0.0171873 0.0113903
1336 22 0.0171873 0.00861518
1268 5 0.0171873 0.00506192
2480 11 0.0171873 0.00955934
3986 38 0.0171873 0.0148486
2167 8 0.0171873 0.0052283
799 1 0.0171873 0.00177916
998 24 0.0171873 0.0220347
1116 22 0.0171873 0.0214562
1299 25 0.0171873 0.0179402
776 18 0.0171873 0.0112609
1681 11 0.0171873 0.0163834
3290 19 0.0171873 0.00981417
986 5 0.0171873 0.0027315
1067 23 0.0171873 0.0120409
4684 63 0.0171873 0.0406018
662 7 0.0171873 0.00467482
1108 18 0.0171873 0.0173161
602 13 0.0171873 0.00740516
1290 15 0.0171873 0.0155446
803 17 0.0171873 0.0155759
1350 10 0.0171873 0.00422455
3394 21 0.0171873 0.0138275
1065 24 0.0171873 0.016659
4785 39 0.0171873 0.0339913
815 4 0.0171873 0.00317033
1214 29 0.0171873 0.0213016
1279 37 0.0171873 0.0320515
1225 7 0.0171873 0.011648
1071 21 0.0171873 0.0170101
1734 1 0.0171873 0.00246605
4139 22 0.0171873 0.0207491
1204 8 0.0171873 0.00778485
3553 54 0.0171873 0.0181541
796 5 0.0171873 0.00199867
1185 23 0.0171873 0.0116659
1398 35 0.0171873 0.0159633
1266 24 0.0171873 0.0136204
922 5 0.0171873 0.00254131
1316 3 0.0171873 0.00173766
3044 24 0.0171873 0.0154622
1148 17 0.0171873 0.00807371
2611 34 0.0171873 0.0179464
812 5 0.0171873 0.00274822
1230 21 0.0171873 0.0129469
590 10 0.0171873 0.00498432
1237 11 0.0171873 0.0130058
3569 3 0.0171873 0.00481881
1575 21 0.0171873 0.0136684
948 21 0.0171873 0.0147402
3295 45 0.0171873 0.0178007
753 4 0.0171873 0.00109331
1167 23 0.0171873 0.0133094
495 2 0.0171873 0.00144716
1319 2 0.0171873 0.00263785
632 5 0.0171873 0.00312719
3809 4 0.0171873 0.00262943
2501 58 0.0171873 0.0117721
950 18 0.0171873 0.00319362
657 16 0.0171873 0.00482312
4901 81 0.0171873 0.0272969
946 22 0.0171873 0.00567476
1098 25 0.0171873 0.0116596
1321 5 0.0171873 0.00351435
479 6 0.0171873 0.00304988
3708 19 0.0171873 0.00694961
974 17 0.0171873 0.00521305
3379 58 0.0171873 0.0211302
978 23 0.0171873 0.00666909
3991 19 0.0171873 0.00514197
785 1 0.0171873 0.000877608
1127 21 0.0171873 0.00669992
483 12 0.0171873 0.00256838
1301 6 0.0171873 0.00457939
4171 34 0.0171873 0.0143878
1071 20 0.0171873 0.0108924
3966 31 0.0171873 0.0149069
934 20 0.0171873 0.00608483
4022 45 0.0171873 0.01758
838 3 0.0171873 0.0012139
1006 20 0.0171873 0.00720458
1293 5 0.0171873 0.00389037
5463 47 0.0171873 0.0190896
985 20 0.0171873 0.0090957
3844 67 0.0171873 0.0269526
1061 26 0.0171873 0.0121473
2383 21 0.0171873 0.00754881
820 1 0.0171873 0.000820005
1074 24 0.0171873 0.0103498
294 7 0.0171873 0.00255824
1271 16 0.0171873 0.0104588
3743 7 0.0171873 0.00334774
3880 33 0.0171873 0.0153623
944 24 0.0171873 0.00768966
4593 52 0.0171873 0.0203354
3166 1 0.00956556 0.0023168
2119 1 0.00956556 0.00088367
2784 4 0.00956556 0.00141603
3523 39 0.00956556 0.0176773
791 5 0.00956556 0.00146426
1164 16 0.00956556 0.00598873
642 1 0.00956556 0.00083235
2963 17 0.00956556 0.00477096
950 22 0.00956556 0.00974224
2056 8 0.00956556 0.0038379
2421 18 0.00956556 0.00557197
862 3 0.00956556 0.00131483
1281 15 0.00956556 0.00727391
789 1 0.00956556 0.000905502
3388 59 0.00956556 0.0223872
1002 24 0.00956556 0.0127781
2010 8 0.00956556 0.00483888
2339 15 0.00956556 0.00626436
810 1 0.00956556 0.000805268
1458 20 0.00956556 0.0101148
1302 34 0.00956556 0.0135456
1230 3 0.00956556 0.00213331
695 3 0.00956556 0.000899849
4209 51 0.00956556 0.0203519
1154 30 0.00956556 0.0252737
2206 52 0.00956556 0.0247022
2495 19 0.00956556 0.0116572
659 4 0.00956556 0.00317331
1316 22 0.00956556 0.0178341
3105 12 0.00956556 0.00685954
1378 5 0.00956556 0.0022218
1024 19 0.00956556 0.00669522
665 3 0.00956556 0.00122554
2584 5 0.00956556 0.00247768
952 27 0.00956556 0.00344313
4743 12 0.00956556 0.00799082
951 18 0.00956556 0.00924214
3860 55 0.00956556 0.0181103
574 8 0.00956556 0.00157707
1267 30 0.00956556 0.0123071
3026 48 0.00956556 0.0254641
1248 16 0.00956556 0.0102556
1007 22 0.00956556 0.00917031
667 2 0.00956556 0.000725209
2966 1 0.00956556 0.00167551
4492 63 0.00956556 0.0213254
3225 30 0.00956556 0.0137422
2971 20 0.00956556 0.00877427
1340 28 0.00956556 0.0109872
2621 15 0.00956556 0.00536168
1186 11 0.00956556 0.00932129
1286 31 0.00956556 0.0145583
689 4 0.00956556 0.0019644
640 1 0.00956556 0.00071723
1719 1 0.00956556 0.00125752
1232 30 0.00956556 0.00773039
1825 18 0.00956556 0.00739457
759 17 0.00956556 0.00597828
3579 61 0.00956556 0.0246765
3515 38 0.00956556 0.0329182
1678 26 0.00956556 0.0122825
1096 27 0.00956556 0.0234627
1134 14 0.00956556 0.0071827
1172 33 0.00956556 0.0204416
849 1 0.00956556 0.00172872
4238 12 0.00956556 0.00494174
745 6 0.00956556 0.00277045
5150 19 0.00956556 0.015801
1035 28 0.00956556 0.0125985
4075 20 0.00956556 0.0106979
2663 19 0.00956556 0.0124526
1444 29 0.00956556 0.0115971
1183 31 0.00956556 0.0231465
1365 11 0.00956556 0.0068733
734 2 0.00956556 0.00129902
1212 1 0.00956556 0.000902791
3374 42 0.00956556 0.0172621
981 23 0.00956556 0.00998793
2909 9 0.00956556 0.00855217
1070 4 0.00956556 0.000963449
920 27 0.00956556 0.0210369
3912 18 0.00956556 0.0196897
2625 22 0.00956556 0.0254172
1131 21 0.00956556 0.0221539
1317 37 0.00956556 0.02747
1187 6 0.00956556 0.00302645
643 4 0.00956556 0.00296568
1322 1 0.00956556 0.00168219
3551 59 0.00956556 0.0635811
954 8 0.00956556 0.0109704
966 21 0.00956556 0.0173263
2927 26 0.00956556 0.0155118
881 20 0.00956556 0.010233
4650 47 0.00956556 0.0420015
2600 42 0.00956556 0.025665
1267 26 0.00956556 0.0218049
1206 28 0.00956556 0.0302052
651 3 0.00956556 0.00231658
1265 4 0.00956556 0.00466614
3721 21 0.00956556 0.0231059
828 12 0.00956556 0.00913505
982 25 0.00956556 0.0219369
3078 13 0.00956556 0.0153806
838 23 0.00956556 0.0107816
624 3 0.00956556 0.00283522
2652 5 0.00956556 0.00740067
1091 18 0.00956556 0.0201343
1338 32 0.00956556 0.0287296
1144 3 0.00956556 0.00261517
691 4 0.00956556 0.00171775
724 6 0.0282268 0.00281816
3831 68 0.0282268 0.0296231
5813 22 0.0282268 0.011821
2984 11 0.0282268 0.00726763
742 13 0.0282268 0.00448393
2791 10 0.0282268 0.00614912
1847 46 0.0282268 0.0177298
1336 29 0.0282268 0.0113759
1132 4 0.0282268 0.00422508
502 5 0.0282268 0.00464145
644 4 0.0282268 0.00128363
1259 9 0.0282268 0.00508903
1673 7 0.0282268 0.00449351
1645 17 0.0282268 0.0046934
3066 32 0.0282268 0.015394
2435 24 0.0282268 0.00791683
434 11 0.0282268 0.0034805
1251 19 0.0282268 0.0102861
1662 4 0.0282268 0.00277333
572 4 0.0282268 0.00215552
4326 36 0.0282268 0.0192389
5383 31 0.0282268 0.0245381
1098 15 0.0282268 0.00994276
4196 39 0.0282268 0.0247115
1279 12 0.0282268 0.0131457
1679 3 0.0282268 0.00509792
1317 32 0.0282268 0.0251229
452 12 0.0282268 0.00491861
581 3 0.0282268 0.00137275
3276 1 0.0401053 0.00220821
2391 55 0.0401053 0.0134945
923 16 0.0401053 0.00583623
4460 33 0.0401053 0.0146309
5155 37 0.0401053 0.0110578
1946 21 0.0401053 0.0136393
458 17 0.0401053 0.00366859
1135 18 0.0401053 0.00886603
609 2 0.0401053 0.000830711
4621 10 0.0401053 0.00507819
5276 19 0.0401053 0.00850665
998 20 0.0401053 0.0065665
3328 2 0.0401053 0.00192404
1907 7 0.0401053 0.00413295
478 11 0.0401053 0.00287496
1138 23 0.0401053 0.0100155
573 1 0.0401053 0.00102098
3403 25 0.0401053 0.00902165
3754 66 0.0401053 0.025848
899 21 0.0401053 0.00727649
4089 40 0.0401053 0.0153059
1915 4 0.0401053 0.00598702
1166 10 0.0401053 0.00674549
477 11 0.0401053 0.00710345
765 1 0.0401053 0.000867561
2460 4 0.0401053 0.00285865
4529 43 0.0401053 0.0160166
2740 18 0.0401053 0.00801924
1948 31 0.0401053 0.0159411
1011 20 0.0401053 0.00821844
259 7 0.0401053 0.00415479
651 2 0.0401053 0.00126576
2892 27 0.0401053 0.0104828
5318 38 0.0401053 0.019833
2558 17 0.0401053 0.00656884
1164 18 0.0401053 0.0106298
283 5 0.0401053 0.0027544
1214 19 0.0401053 0.0166726
1328 26 0.0401053 0.0108845
1495 40 0.0401053 0.0212805
549 1 0.0401053 0.00107453
1442 34 0.0401053 0.0172698
2240 7 0.0401053 0.00314413
710 22 0.0401053 0.00586614
4944 55 0.0401053 0.022307
2729 32 0.0401053 0.0107931
1246 29 0.0401053 0.0133284
1180 24 0.0401053 0.0117594
439 10 0.0401053 0.00518629
681 1 0.0401053 0.00119422
1458 33 0.0401053 0.0171947
2663 16 0.0401053 0.005515
3061 50 0.0401053 0.015157
2606 13 0.0401053 0.0052284
455 8 0.0401053 0.00264415
1292 26 0.0401053 0.0124197
1185 6 0.0401053 0.0034903
2357 55 0.0401053 0.0338183
734 5 0.0401053 0.00204805
1434 39 0.0401053 0.0171468
2380 18 0.0401053 0.00645679
4710 46 0.0401053 0.0157928
2541 30 0.0401053 0.0100835
6664 53 0.0401053 0.0301236
2037 27 0.0401053 0.0171185
3112 11 0.0401053 0.00472889
1341 21 0.0401053 0.011117
5657 75 0.0401053 0.0269973
1473 4 0.0401053 0.00147824
545 19 0.0401053 0.00908544
6748 125 0.0401053 0.0638792
2024 41 0.0401053 0.0227213
1195 31 0.0401053 0.0172301
2433 18 0.0401053 0.00772309
4542 36 0.0401053 0.0134701
1541 6 0.0401053 0.00307587
574 9 0.0401053 0.00705622
6982 61 0.0401053 0.0268587
2063 37 0.0401053 0.0219506
905 27 0.0401053 0.0151848
2215 17 0.0401053 0.00704298
4372 18 0.0401053 0.00935664
1436 7 0.0401053 0.00300444
562 15 0.0401053 0.00875888
#/home/michal/Dropbox/study/university/kth/thesis/data/features/annotations/0,015/featuredata_pfhrgb_sift_2015-05-28_10-58-32.txt
1163 8 0 0.00433028
811 6 0 0.00275767
1264 3 0 0.000975943
4603 42 0 0.00669809
1311 7 0 0.00412653
1903 11 0 0.00307538
911 5 0 0.00148565
4468 32 0 0.00961842
995 4 0 0.00144323
733 5 0 0.00092035
1221 7 0 0.00379879
3656 15 0 0.00547722
1273 8 0 0.003119
2134 13 0 0.00519351
866 6 0 0.00356377
3969 24 0 0.00880613
1237 5 0 0.00277557
789 6 0 0.00400317
1278 4 0 0.00276115
3556 20 0 0.014164
2774 24 0 0.0113426
1439 12 0 0.00823029
3164 21 0 0.0131407
1386 8 0 0.0076522
1418 10 0 0.00333682
1204 5 0 0.0062649
3476 16 0 0.0102959
4675 23 0 0.0157403
4824 28 0 0.0250842
3352 36 0 0.00677309
1530 15 0 0.00616705
1084 4 0 0.00244385
1999 9 0 0.00631566
1211 5 0 0.00240851
1410 10 0 0.0101899
3350 25 0 0.0158527
3216 22 0 0.016675
887 7 0 0.00549592
4308 36 0 0.0207191
1291 7 0 0.0060054
1280 3 0 0.00477737
1220 5 0 0.00652555
2800 31 0 0.0109997
5238 23 0 0.0179054
1022 6 0 0.00433447
3501 22 0 0.0152195
818 6 0 0.00280491
1219 4 0 0.00344959
811 5 0 0.00519986
1281 7 0 0.00658213
1414 7 0 0.00505297
5323 40 0 0.0151339
755 6 0 0.00481124
811 2 0 0.00128408
1014 10 0 0.00197923
1414 7 0 0.00232926
1319 7 0 0.00350489
2084 11 0 0.00342046
3038 15 0 0.00360067
858 8 0 0.00273279
831 6 0 0.00222002
1205 4 0 0.00124552
1248 3 0 0.00219716
2037 13 0 0.00515518
4995 29 0 0.00716626
1130 8 0 0.0042596
3761 24 0 0.00814609
2304 13 0 0.00407998
1387 9 0 0.00369459
1239 6 0 0.00204177
702 7 0 0.00211624
2293 17 0 0.00428867
2572 25 0 0.00521239
144 1 0 0.000505982
718 7 0 0.00174328
1205 7 0 0.00289445
1209 6 0 0.0025315
542 4 0 0.00212959
1287 2 0 0.00113931
807 5 0 0.00137967
2777 18 0 0.0115057
3317 29 0 0.0172709
892 8 0 0.00358642
1860 11 0.0390147 0.00949311
743 10 0.0390147 0.00584607
1259 8 0.0390147 0.00993576
1227 4 0.0390147 0.00534977
930 7 0.0390147 0.00377843
3077 27 0.0390147 0.0165505
1205 7 0.0390147 0.00508769
951 3 0.0318877 0.00248001
802 8 0.0318877 0.00344004
1322 6 0.0318877 0.00564878
1247 2 0.0318877 0.00249615
940 7 0.0318877 0.00573304
3094 24 0.0318877 0.00901149
1202 7 0.0318877 0.00598907
127 1 0.0318877 0.00103479
943 4 0.0318877 0.00294306
742 6 0.0318877 0.00310493
1244 7 0.0318877 0.00245531
1268 5 0.0318877 0.00481902
811 4 0.0318877 0.00355056
2886 18 0.0318877 0.0146232
1408 8 0.0318877 0.00330488
1281 4 0.0155881 0.00137503
800 8 0.0155881 0.00334602
565 5 0.0155881 0.00388248
1217 8 0.0155881 0.00688481
1182 4 0.0155881 0.0035305
1319 7 0.0155881 0.00410435
699 3 0.0155881 0.00343896
1693 10 0.0155881 0.00612751
2619 19 0.0155881 0.0121128
2565 13 0.0155881 0.0053834
3484 27 0.0155881 0.0109686
4064 32 0.0155881 0.00823836
529 5 0.0155881 0.0016339
1119 5 0.0155881 0.00487639
1070 4 0.0155881 0.00211471
2096 17 0.0155881 0.00870022
956 6 0.0155881 0.00534102
661 4 0.0155881 0.00358996
1216 9 0.0155881 0.0119067
2936 35 0.0155881 0.0108697
1001 4 0.0155881 0.00143211
140 2 0.0155881 0.000522747
1040 8 0.0155881 0.00342354
738 7 0.0155881 0.00176355
1072 2 0.0155881 0.00142365
1026 5 0.0155881 0.00427717
1239 4 0.0155881 0.0039719
899 10 0.0155881 0.00504712
3250 39 0.0155881 0.00597706
1464 13 0.0155881 0.00932275
1178 9 0.0155881 0.00861912
3468 16 0.0401149 0.00946523
835 5 0.0401149 0.00430057
2445 10 0.0401149 0.00498339
1236 4 0.0401149 0.00612097
1040 8 0.0401149 0.00475042
959 4 0.0401149 0.00432597
4858 27 0.0401149 0.0140248
980 6 0.0401149 0.00280152
4926 47 0.0401149 0.0146019
3322 21 0.0401149 0.0113557
738 6 0.0401149 0.00316998
3327 16 0.0401149 0.0107193
1302 7 0.0401149 0.00639881
1063 2 0.0401149 0.0018599
952 6 0.0401149 0.00227603
4363 30 0.0401149 0.00720657
3069 22 0.0401149 0.00428365
781 6 0.0401149 0.003825
2521 24 0.0401149 0.00963817
836 5 0.0401149 0.00358139
2730 9 0.0401149 0.0059926
1396 8 0.0401149 0.00386216
1058 5 0.0401149 0.00288849
924 5 0.0401149 0.00275239
1853 12 0.0401149 0.00398744
2038 5 0.0401149 0.00159597
2577 26 0.0401149 0.00689336
786 8 0.0401149 0.00265394
2581 12 0.0401149 0.00494507
1311 6 0.0401149 0.00349555
1049 4 0.0401149 0.00214288
901 5 0.0401149 0.0024827
2306 10 0.0401149 0.00415549
4205 22 0.0401149 0.00780396
2644 27 0.0401149 0.00628136
764 8 0.0401149 0.00674585
2791 13 0.0401149 0.00542795
1303 7 0.0401149 0.00608787
1040 4 0.0401149 0.00294186
865 6 0.0401149 0.00323084
2139 9 0.0401149 0.00474276
3222 20 0.0401149 0.00539664
2669 22 0.0401149 0.00425063
768 9 0.0401149 0.00307112
3005 14 0.0401149 0.00599599
1247 5 0.0401149 0.00277656
790 4 0.0401149 0.00247643
2123 8 0.0401149 0.00372215
5165 42 0.0401149 0.00754803
2156 17 0.0401149 0.00359554
732 6 0.0401149 0.00158548
2966 16 0.0401149 0.00576254
1266 5 0.0401149 0.00280359
768 6 0.0401149 0.00226192
1081 7 0.0401149 0.00306119
2485 8 0.0401149 0.00499701
2138 24 0.0401149 0.00306226
1375 14 0.0401149 0.00331315
770 6 0.0401149 0.00215944
2807 18 0.0401149 0.00618557
1389 2 0.0401149 0.00277135
735 6 0.0401149 0.00298636
1058 6 0.0401149 0.00202088
2349 16 0.0401149 0.00704549
3872 27 0.0401149 0.00623805
1138 7 0.0401149 0.00249591
839 8 0.0401149 0.0030433
3002 9 0.0401149 0.00302975
1275 2 0.0401149 0.00125373
1138 4 0.0401149 0.00255656
1114 9 0.0401149 0.00307725
3981 29 0.0401149 0.00499207
1020 9 0.0401149 0.00289256
2263 20 0.0401149 0.0057889
900 8 0.0401149 0.00217003
3135 13 0.0401149 0.00616086
1324 5 0.0401149 0.00434939
814 10 0.0401149 0.00736763
1067 6 0.0401149 0.00258234
1854 14 0.0401149 0.00697481
2372 17 0.0401149 0.00710668
1445 19 0.0401149 0.00923145
1437 11 0.0401149 0.00303112
686 6 0.0401149 0.00235389
3351 15 0.0401149 0.0082064
1338 15 0.0401149 0.00568275
929 7 0.0401149 0.00602554
897 5 0.0401149 0.00472898
4053 30 0.0401149 0.0114359
915 7 0.0401149 0.00253415
1729 18 0.0401149 0.0068828
849 5 0.0401149 0.00146249
3316 20 0.0401149 0.0100405
913 7 0.0401149 0.0051201
1023 7 0.0401149 0.00572992
3004 12 0.0401149 0.0084495
1262 4 0.0401149 0.00492842
807 7 0.0401149 0.00671588
3001 30 0.0401149 0.0093349
986 7 0.0401149 0.00339041
4873 23 0.0401149 0.0127588
1117 6 0.0401149 0.00630736
3452 20 0.0401149 0.0146594
856 8 0.0401149 0.00297771
1104 10 0.0401149 0.00446353
3408 16 0.0401149 0.0110123
1279 2 0.0401149 0.00221285
841 3 0.0401149 0.00162275
2899 18 0.0401149 0.01241
3463 24 0.0401149 0.014632
1113 7 0.0401149 0.0039055
3887 24 0.0401149 0.00818343
857 6 0.0401149 0.00288528
1012 9 0.0401149 0.00446183
3190 12 0.0401149 0.0056275
1984 15 0.0401149 0.00619829
481 4 0.0401149 0.00250013
2896 16 0.0401149 0.00707766
4116 20 0.0401149 0.00694629
1117 6 0.0401149 0.00386652
2946 19 0.0401149 0.0121768
841 8 0.0401149 0.00285022
842 6 0.0401149 0.00531328
2930 11 0.0401149 0.00598435
1377 6 0.0401149 0.00407949
848 3 0.0401149 0.00218009
3320 11 0.0401149 0.00418347
4204 22 0.0401149 0.00774957
1109 8 0.0401149 0.00382884
3357 22 0.0401149 0.00767616
740 5 0.0401149 0.00303214
675 6 0.0401149 0.00310677
3077 14 0.0401149 0.00644325
1312 8 0.0401149 0.0030941
860 5 0.0401149 0.00142866
3265 16 0.0401149 0.0104044
2778 26 0.0401149 0.00544777
1122 6 0.0401149 0.00290911
2021 18 0.0401149 0.00488549
753 2 0.0401149 0.00173638
1080 4 0.0401149 0.00275759
3387 17 0.0401149 0.00717384
1324 3 0.0401149 0.00284802
3347 16 0.0401149 0.00625199
4467 25 0.0401149 0.0113119
1087 8 0.0401149 0.00449733
4138 30 0.0401149 0.00777135
704 5 0.0401149 0.0013146
1349 9 0.0401149 0.00271184
3341 16 0.0401149 0.00478198
1261 7 0.0401149 0.00281784
3048 15 0.0401149 0.00609203
4355 33 0.0401149 0.00872438
1084 5 0.0401149 0.00181073
4864 27 0.0401149 0.00726875
844 6 0.0401149 0.00191754
410 7 0.0401149 0.00193719
1027 4 0.0401149 0.00215017
1317 6 0.0401149 0.00197905
1273 6 0.0401149 0.00337176
1017 8 0.0401149 0.00259607
4306 21 0.0401149 0.00823449
1011 8 0.0401149 0.00262852
979 7 0.0401149 0.00288452
1665 7 0.0401149 0.00394449
1197 6 0.0401149 0.00501477
2230 21 0.0401149 0.0040378
860 5 0.0401149 0.00137461
869 5 0.0401149 0.00548263
406 5 0.0401149 0.00157953
970 5 0.0401149 0.00198424
1274 8 0.0401149 0.00426803
3116 23 0.0401149 0.00608149
960 8 0.0401149 0.004419
1748 5 0.0401149 0.00281029
952 5 0.0401149 0.00349545
4934 27 0.0401149 0.00768356
946 6 0.0401149 0.00178276
994 9 0.0401149 0.00528052
1189 12 0.0401149 0.00417782
541 5 0.0401149 0.0019439
1266 4 0.0401149 0.00212106
3517 38 0.0401149 0.00614162
811 7 0.0401149 0.00113322
1836 8 0.0401149 0.00279275
1141 6 0.0401149 0.00581047
3864 19 0.0401149 0.00501058
840 10 0.0401149 0.00528725
515 3 0.0401149 0.00075381
1018 2 0.0401149 0.00194695
1185 13 0.0401149 0.00551688
1249 5 0.0401149 0.00252216
835 7 0.0401149 0.00282501
3037 16 0.0401149 0.00592079
961 9 0.0401149 0.00501534
1753 4 0.0401149 0.00200457
1161 5 0.0401149 0.00733519
3215 19 0.0401149 0.0124797
880 8 0.0401149 0.00456463
664 3 0.0401149 0.00549219
1867 10 0.0401149 0.00747121
1259 3 0.0401149 0.00156866
1428 9 0.0401149 0.00363536
809 6 0.0401149 0.00232395
2426 10 0.0401149 0.00572155
858 6 0.0401149 0.00205564
1680 11 0.0401149 0.00304193
2780 16 0.0401149 0.00473926
888 11 0.0401149 0.00258421
1356 9 0.0401149 0.00313071
1285 5 0.0401149 0.00288708
919 8 0.0401149 0.00419977
2548 13 0.0401149 0.010513
931 6 0.0401149 0.00520048
1813 8 0.0401149 0.00528359
2589 22 0.0401149 0.0143534
845 8 0.0203226 0.00382531
1576 7 0.0203226 0.00474604
1323 7 0.0203226 0.00658556
1548 5 0.0203226 0.00564233
2913 24 0.0203226 0.0123808
1111 3 0.0203226 0.00493673
1930 6 0.0203226 0.00239375
2736 18 0.0203226 0.00680869
858 4 0.0310229 0.00253881
1536 6 0.0310229 0.00221869
1264 9 0.0310229 0.0025019
1290 7 0.0310229 0.00389232
918 7 0.0310229 0.00632033
2320 16 0.0310229 0.00760403
919 7 0.0310229 0.00280125
2435 15 0.0310229 0.00704247
1140 7 0.0310229 0.00567361
4518 27 0.0310229 0.0163823
793 4 0.0310229 0.00259911
1465 10 0.0310229 0.00325693
1262 7 0.0310229 0.00247407
1303 5 0.0310229 0.005605
1081 6 0.0310229 0.00521473
2171 15 0.0310229 0.013215
1001 9 0.0310229 0.00760506
2113 15 0.0310229 0.00645743
1263 9 0.0310229 0.00404466
3833 29 0.0310229 0.0144692
784 5 0.0310229 0.00293752
1602 8 0.0310229 0.00217563
1121 9 0.0310229 0.00477197
1347 8 0.0310229 0.00439118
965 5 0.0310229 0.00554783
1765 11 0.0310229 0.00687351
962 7 0.0310229 0.00809615
1901 14 0.0310229 0.00754443
1168 6 0.0310229 0.00503862
2840 31 0.0310229 0.00429905
827 7 0.0299559 0.00421436
1602 9 0.0299559 0.00718488
1176 8 0.0299559 0.003634
1349 4 0.0299559 0.00199945
864 4 0.0299559 0.00145997
2386 15 0.0299559 0.00581812
778 4 0.0299559 0.000919088
1945 9 0.0299559 0.00181153
1206 8 0.0299559 0.00279047
2081 14 0.0299559 0.0040423
834 5 0.0184532 0.00169913
1302 10 0.0184532 0.00356818
1203 6 0.0184532 0.00340898
792 3 0.0184532 0.00152647
2651 19 0.0184532 0.00351908
304 9 0.0184532 0.000773357
1347 14 0.0184532 0.00374865
1176 5 0.0184532 0.00184342
883 8 0.0184532 0.00189398
1253 5 0.0184532 0.00157059
1289 5 0.0184532 0.00266858
911 9 0.0184532 0.00377506
2730 26 0.0184532 0.00536434
3974 29 0.0184532 0.00970692
2416 18 0.0184532 0.00477497
915 6 0.0184532 0.00140275
1652 12 0.0184532 0.00291001
1272 8 0.0184532 0.00228539
3199 25 0.0184532 0.00311347
1218 14 0.0184532 0.00266311
2218 8 0.0184532 0.00276049
2687 15 0.0184532 0.00199713
920 4 0.0184532 0.00169516
920 4 0.0184532 0.00143658
1336 12 0.0184532 0.00303864
1268 5 0.0184532 0.00160151
2480 21 0.0184532 0.00558383
3986 21 0.0184532 0.0046582
2167 15 0.0184532 0.00334143
799 7 0.0184532 0.00178118
998 4 0.0184532 0.00120564
1116 7 0.0184532 0.00286826
1299 6 0.0184532 0.00299165
776 5 0.0184532 0.00248759
1681 9 0.0184532 0.00417596
3290 30 0.0184532 0.00937264
986 5 0.0184532 0.00159525
1067 8 0.0184532 0.00412008
4684 27 0.0184532 0.00682838
662 6 0.0184532 0.000850502
1108 4 0.0184532 0.00165171
602 2 0.0184532 0.000527649
1290 6 0.0184532 0.00346738
803 7 0.0184532 0.00339675
1350 9 0.0184532 0.00512946
3394 18 0.0184532 0.00712746
1065 8 0.0184532 0.00380002
4785 23 0.0184532 0.0155365
815 11 0.0184532 0.00228983
1214 10 0.0184532 0.00392828
1279 11 0.0184532 0.00473365
1225 4 0.0184532 0.00219073
1071 5 0.0184532 0.00297063
1734 8 0.0184532 0.0044815
4139 16 0.0184532 0.00621656
1204 9 0.0184532 0.00908157
3553 21 0.0184532 0.00798378
796 8 0.0184532 0.003128
1185 10 0.0184532 0.00555091
1398 11 0.0184532 0.00419356
1266 4 0.0184532 0.00209288
922 4 0.0184532 0.00219845
1316 6 0.0184532 0.00472603
3044 17 0.0184532 0.00609221
1148 7 0.0184532 0.00295241
2611 19 0.0184532 0.00412447
812 6 0.0184532 0.0020099
1230 5 0.0184532 0.00351218
590 4 0.0184532 0.00183281
1237 6 0.0184532 0.00267798
3569 20 0.0184532 0.00507305
1575 15 0.0184532 0.00292943
948 6 0.0184532 0.00249921
3295 15 0.0184532 0.00573884
753 5 0.0184532 0.00180538
1167 7 0.0184532 0.00337198
495 5 0.0184532 0.00170814
1319 7 0.0184532 0.00370451
632 3 0.0184532 0.00251955
3809 39 0.0184532 0.00451289
2501 23 0.0184532 0.00746534
950 8 0.0184532 0.00525947
657 7 0.0184532 0.00602936
4901 33 0.0184532 0.010185
946 7 0.0184532 0.00264512
1098 4 0.0184532 0.00172238
1321 4 0.0184532 0.00183081
479 3 0.0184532 0.0010136
3708 21 0.0184532 0.00623378
974 4 0.0184532 0.0028961
3379 18 0.0184532 0.00599255
978 6 0.0184532 0.00550371
3991 13 0.0184532 0.0070903
785 10 0.0184532 0.00363182
1127 8 0.0184532 0.00173472
483 5 0.0184532 0.00516147
1301 4 0.0184532 0.00247825
4171 29 0.0184532 0.0046595
1071 5 0.0184532 0.00181894
3966 18 0.0184532 0.0051397
934 8 0.0184532 0.00340562
4022 25 0.0184532 0.0115834
838 5 0.0184532 0.0018468
1006 8 0.0184532 0.0021703
1293 5 0.0184532 0.00224511
5463 40 0.0184532 0.00766237
985 4 0.0184532 0.00205387
3844 16 0.0184532 0.012924
1061 5 0.0184532 0.0032996
2383 13 0.0184532 0.00429326
820 6 0.0184532 0.00338949
1074 4 0.0184532 0.00145652
294 2 0.0184532 0.000762152
1271 6 0.0184532 0.00508263
3743 38 0.0184532 0.00545775
3880 16 0.0184532 0.00629427
944 4 0.0184532 0.00207708
4593 26 0.0184532 0.00797083
669 2 0.0184532 0.00174372
3166 25 0.0300626 0.0107505
2119 2 0.0300626 0.00152048
2784 2 0.0300626 0.00340573
3523 18 0.0300626 0.0112557
791 1 0.0300626 0.000618594
1164 3 0.0300626 0.00410343
642 7 0.0300626 0.00142375
2963 21 0.0300626 0.00820216
950 7 0.0300626 0.00430884
2056 9 0.0300626 0.00396049
2421 24 0.0300626 0.00895056
862 4 0.0300626 0.00121385
1281 5 0.0300626 0.00245514
789 4 0.0300626 0.00169502
3388 24 0.0300626 0.00501853
1002 5 0.0300626 0.00259039
2010 8 0.0300626 0.00311004
2339 17 0.0300626 0.0049045
810 5 0.0300626 0.00196593
1458 12 0.0300626 0.00770209
1302 6 0.0300626 0.00199486
1230 3 0.0300626 0.00294281
695 7 0.0300626 0.00208666
4209 21 0.0300626 0.00709267
1154 7 0.0300626 0.00282579
2206 19 0.0300626 0.00410843
2495 19 0.0300626 0.00618647
659 5 0.0300626 0.00111967
1316 9 0.0300626 0.00428809
3105 21 0.0300626 0.0107631
1378 6 0.0300626 0.0024929
1024 7 0.0300626 0.00274816
665 4 0.0300626 0.0032281
2584 13 0.0300626 0.00511828
952 8 0.0300626 0.00156352
4743 24 0.0300626 0.00838775
951 4 0.0300626 0.00211741
3860 27 0.0300626 0.0131057
574 5 0.0300626 0.00170191
1267 4 0.0300626 0.0015109
3026 17 0.0300626 0.00982628
1248 6 0.0300626 0.00310153
1007 7 0.0300626 0.00329464
667 3 0.0300626 0.00158958
2966 17 0.0300626 0.00915134
4492 34 0.0300626 0.00812668
3225 14 0.0300626 0.00541108
2971 17 0.0300626 0.00609247
1340 7 0.0300626 0.00289762
2621 16 0.0300626 0.00467509
1186 6 0.0300626 0.00332259
1286 6 0.0300626 0.00354453
689 7 0.0300626 0.00343294
640 7 0.0300626 0.00105309
1719 7 0.0300626 0.00244781
1232 11 0.0300626 0.0023727
1825 16 0.0300626 0.00367628
759 7 0.0300626 0.00507677
3579 23 0.0300626 0.00831742
3515 23 0.0300626 0.012447
1678 10 0.0300626 0.0040761
1096 6 0.0300626 0.00370952
1134 5 0.0300626 0.00395702
1172 3 0.0300626 0.00247073
849 5 0.0300626 0.00125034
4238 20 0.0300626 0.0065213
745 2 0.0300626 0.00153258
5150 24 0.0300626 0.0136051
1035 6 0.0300626 0.00242082
4075 29 0.0300626 0.0149807
2663 17 0.0300626 0.0108716
1444 9 0.0300626 0.00308164
1183 9 0.0300626 0.0018183
1365 5 0.0300626 0.00101482
734 5 0.0300626 0.00142218
1212 5 0.0300626 0.00257839
3374 22 0.0300626 0.00623207
981 10 0.0300626 0.00161965
2909 16 0.0300626 0.00641457
1070 3 0.0300626 0.0025503
920 7 0.0300626 0.0019877
3912 21 0.0300626 0.0160415
2625 21 0.0300626 0.00876369
1131 8 0.0300626 0.00412038
1317 8 0.0300626 0.00202415
1187 7 0.0300626 0.00323705
643 4 0.0300626 0.00109859
1322 5 0.0300626 0.00293126
3551 19 0.0300626 0.011469
954 7 0.0300626 0.00442024
966 6 0.0300626 0.00241617
2927 22 0.0300626 0.00481663
881 6 0.0300626 0.00276618
4650 28 0.0300626 0.0173321
2600 20 0.0300626 0.00842458
1267 8 0.0300626 0.00304599
1206 6 0.0300626 0.00231119
651 4 0.0300626 0.00127802
1265 5 0.0300626 0.00345024
3721 24 0.0300626 0.0121121
828 5 0.0300626 0.00269524
982 6 0.0300626 0.00402263
3078 17 0.0300626 0.00790774
838 8 0.0300626 0.00501082
624 5 0.0300626 0.00163658
2652 18 0.0300626 0.00610581
1091 7 0.0300626 0.00383729
1338 8 0.0300626 0.00284335
1144 4 0.0300626 0.00279726
691 4 0.0300626 0.00235612
1276 4 0.0300626 0.00270297
724 4 0.0300626 0.00423133
3831 27 0.0300626 0.0103741
5813 38 0.0300626 0.00962049
2984 19 0.0300626 0.0152776
742 6 0.0300626 0.00381811
2791 21 0.0300626 0.0098674
1847 8 0.0300626 0.00390735
1336 7 0.0300626 0.0021996
1132 5 0.0300626 0.0025461
502 3 0.0300626 0.00164132
644 4 0.0300626 0.00164679
1259 8 0.0300626 0.00258008
1673 13 0.0300626 0.00340294
1645 17 0.0300626 0.0073722
3066 11 0.0300626 0.00726905
2435 28 0.0300626 0.00914181
434 5 0.0300626 0.00261448
1251 6 0.0300626 0.00180964
1662 6 0.0300626 0.00685811
572 3 0.0300626 0.000904238
4326 26 0.0300626 0.0168629
5383 33 0.0300626 0.0158393
1098 8 0.0300626 0.00528555
4196 33 0.0300626 0.0144506
1279 4 0.0300626 0.001734
1679 4 0.0300626 0.00595497
1317 4 0.0300626 0.000995483
452 5 0.0300626 0.00140143
581 2 0.0300626 0.00140835
3276 21 0.0300626 0.00915996
2391 20 0.0300626 0.00758952
923 5 0.0300626 0.00227889
4460 25 0.0300626 0.00902322
5155 44 0.0300626 0.0122065
1946 8 0.0300626 0.00233409
458 4 0.0300626 0.000808616
1135 5 0.0300626 0.00154842
609 2 0.0300626 0.0012763
4621 29 0.0300626 0.00688175
5276 26 0.0300626 0.00739023
998 10 0.0300626 0.00447921
3328 22 0.0300626 0.00379933
1907 10 0.0300626 0.00396112
478 3 0.0300626 0.00272192
1138 3 0.0300626 0.00189353
573 2 0.0300626 0.00110572
3403 18 0.0300626 0.00723298
3754 14 0.0300626 0.00785562
899 6 0.0300626 0.00287158
4089 21 0.0300626 0.00785099
1915 6 0.0300626 0.0057378
1166 3 0.0300626 0.00245704
477 3 0.0300626 0.00223182
765 2 0.0300626 0.00147609
2460 20 0.0300626 0.00574402
4529 26 0.0300626 0.00913868
2740 23 0.0300626 0.00443629
1948 9 0.0300626 0.00995235
1011 5 0.0300626 0.00484837
259 1 0.0300626 0.00076584
651 4 0.0300626 0.0029015
2892 17 0.0300626 0.00736986
5318 37 0.0300626 0.0105069
2558 13 0.0300626 0.00673116
1164 2 0.0300626 0.0019475
283 2 0.0300626 0.00307744
1214 5 0.0300626 0.00389621
1328 9 0.0300626 0.0071925
1495 6 0.0300626 0.0059658
549 1 0.0300626 0.000648148
1442 7 0.0300626 0.00627394
2240 18 0.0300626 0.00553072
710 7 0.0300626 0.00105197
4944 32 0.0300626 0.00818239
2729 22 0.0300626 0.00424393
1246 8 0.0300626 0.00366921
1180 4 0.0300626 0.00177266
439 2 0.0300626 0.00153801
681 5 0.0300626 0.00152444
1458 7 0.0300626 0.00236999
2663 29 0.0300626 0.00490008
3061 25 0.0300626 0.0110068
2606 18 0.0300626 0.0113052
455 1 0.0300626 0.00131618
1292 7 0.0300626 0.00323052
1185 3 0.0300626 0.00223384
2357 13 0.0300626 0.00638573
734 6 0.0300626 0.00434364
1434 10 0.0300626 0.00496969
2380 19 0.0300626 0.0134327
4710 29 0.0300626 0.0118434
2541 15 0.0300626 0.00844758
6664 28 0.0300626 0.0220081
2037 11 0.0300626 0.0123986
3112 22 0.0300626 0.0117377
1341 8 0.0300626 0.00600477
5657 39 0.0300626 0.0196888
1473 11 0.0300626 0.0048398
545 1 0.0300626 0.000853905
6748 40 0.0300626 0.025291
2024 8 0.0300626 0.00630934
1195 5 0.0300626 0.00540363
2433 15 0.0300626 0.00738094
4542 30 0.0300626 0.0158025
1541 9 0.0300626 0.00291651
574 3 0.0300626 0.00134562
6982 45 0.0300626 0.0185217
2063 8 0.0300626 0.00519556
905 7 0.0300626 0.00729031
2215 22 0.0300626 0.0123273
4372 31 0.0300626 0.0183287
1436 12 0.0300626 0.00770301
#/home/michal/Dropbox/study/university/kth/thesis/data/features/annotations/0,015/featuredata_pfhrgb_uniform_2015-05-28_10-50-34.txt
1163 122 0 0.120588
811 88 0 0.0909874
1264 122 0 0.134479
4603 648 0 0.400278
1311 137 0 0.153663
1903 227 0 0.144447
911 105 0 0.0884317
4468 483 0 0.385102
995 109 0 0.0925737
733 74 0 0.0648778
1221 114 0 0.0520308
3656 429 0 0.236399
1273 131 0 0.145799
2134 273 0 0.108354
866 110 0 0.047897
3969 424 0 0.290018
1237 113 0 0.143225
789 79 0 0.0626963
1278 115 0 0.074479
3556 332 0 0.297048
2774 327 0 0.0879022
1439 168 0 0.0404018
3164 341 0 0.121331
1386 134 0 0.0903291
1418 133 0 0.136473
1204 113 0 0.12527
3476 326 0 0.349508
4675 477 0 0.157062
4824 492 0 0.428917
3352 590 0 0.259483
1530 191 0 0.133355
1084 133 0 0.130125
1999 195 0 0.254999
1211 126 0 0.109091
1410 133 0 0.0562785
3350 307 0 0.126162
3216 306 0 0.237663
887 107 0 0.112916
4308 463 0 0.232817
1291 139 0 0.0640346
1280 119 0 0.0608809
1220 113 0 0.099942
2800 432 0 0.223092
5238 649 0 0.476534
1022 126 0 0.11798
3501 362 0 0.287685
818 94 0 0.0732928
1219 130 0 0.138086
811 76 0 0.10534
1281 119 0 0.132364
1414 135 0 0.150162
5323 616 0 0.484399
755 93 0 0.0853415
811 82 0 0.0620339
1014 132 0 0.100497
1414 134 0 0.163347
1319 124 0 0.149373
2084 203 0 0.198722
3038 384 0 0.256558
858 92 0 0.0689336
831 101 0 0.0703909
1205 121 0 0.154633
1248 112 0 0.126761
2037 201 0 0.200037
4995 606 0 0.46129
1130 120 0 0.127527
3761 400 0 0.299352
2304 287 0 0.209152
1387 121 0 0.135641
1239 112 0 0.126868
702 76 0 0.0605623
2293 306 0 0.177535
2572 314 0 0.187808
144 22 0 0.0132006
718 103 0 0.0546653
1205 129 0 0.139415
1209 122 0 0.0817384
542 68 0 0.0236563
1287 127 0 0.0706635
807 82 0 0.0585333
2777 314 0 0.223848
3317 439 0 0.303071
892 123 0 0.095212
118 17 0 0.00964259
1860 185 0 0.160615
743 97 0 0.0609327
1259 134 0 0.142317
1227 118 0 0.127207
930 108 0 0.100803
3077 306 0 0.32189
1205 114 0 0.102427
140 22 0 0.0129948
951 98 0 0.0704717
802 103 0 0.0654442
1322 128 0 0.145865
1247 121 0 0.131152
940 106 0 0.102691
3094 336 0 0.345597
1202 116 0 0.106234
127 19 0 0.0101898
943 110 0 0.0732307
742 97 0 0.0564746
1244 134 0 0.14979
1268 114 0 0.134124
811 88 0 0.084203
2886 308 0 0.312341
1408 129 0 0.118112
133 17 0 0.0115921
1281 142 0 0.0909105
800 106 0 0.062756
565 73 0 0.0496797
1217 127 0 0.136846
1182 110 0 0.141744
1319 130 0 0.133219
699 67 0 0.0621154
1693 188 0 0.156822
2619 351 0 0.232505
2565 267 0 0.228662
3484 380 0 0.263837
4064 467 0 0.148709
529 67 0 0.0218466
1119 111 0 0.0531692
1070 112 0 0.0545909
2096 212 0 0.110059
956 105 0 0.0405354
661 66 0 0.0357016
1216 115 0 0.0600433
2936 381 0 0.131657
1001 100 0 0.0386505
140 26 0 0.00628777
1040 117 0 0.040339
738 104 0 0.0344022
1072 103 0 0.110813
1026 98 0 0.106263
1239 120 0 0.127844
899 97 0 0.0938736
3250 428 0 0.196128
1464 134 0 0.0424109
1178 119 0 0.045281
112 19 0 0.00355076
3468 352 0 0.101162
835 103 0 0.0235486
2445 233 0 0.0869056
1236 118 0 0.0438185
1040 107 0 0.0370976
959 91 0 0.0303992
4858 562 0 0.165279
980 107 0 0.0292619
4926 640 0 0.148982
3322 358 0 0.0946508
738 97 0 0.0195234
3327 322 0 0.127051
1302 120 0 0.0460428
1063 111 0 0.0375225
952 103 0 0.031513
4363 534 0 0.143879
3069 452 0 0.084645
781 82 0 0.0216282
2521 292 0 0.0691068
836 98 0 0.0220822
2730 272 0 0.107626
1396 139 0 0.0448181
1058 100 0 0.0361419
924 86 0 0.0282306
1853 169 0 0.0575483
2038 181 0 0.0566269
2577 289 0 0.0719313
786 98 0 0.0211342
2581 258 0 0.102796
1311 123 0 0.0449678
1049 103 0 0.0368232
901 98 0 0.0308825
2306 211 0 0.0799426
4205 449 0 0.147596
2644 306 0 0.1101
764 102 0 0.0465398
2791 272 0 0.15779
1303 126 0 0.129299
1040 105 0 0.105578
865 83 0 0.0624855
2139 176 0 0.0931979
3222 355 0 0.216236
2669 295 0 0.118763
768 104 0 0.0697987
3005 301 0 0.210508
1247 124 0 0.0631935
790 88 0 0.0408093
2123 182 0 0.21504
5165 621 0 0.418627
2156 265 0 0.134174
732 100 0 0.0632482
2966 290 0 0.301124
1266 117 0 0.0599755
768 81 0 0.0367092
1081 107 0 0.0856044
2485 224 0 0.248597
2138 314 0 0.0795905
1375 156 0 0.066198
770 96 0 0.059616
2807 301 0 0.243405
1389 145 0 0.0728771
735 81 0 0.0499869
1058 104 0 0.112379
2349 219 0 0.190445
3872 437 0 0.270904
1138 132 0 0.0986188
839 111 0 0.0746913
3002 299 0 0.330346
1275 109 0 0.125037
1138 114 0 0.0351981
1114 136 0 0.0376993
3981 515 0 0.121275
1020 124 0 0.0294477
2263 294 0 0.0634335
900 124 0 0.0257678
3135 315 0 0.115718
1324 129 0 0.0474957
814 83 0 0.0277039
1067 107 0 0.0373705
1854 228 0 0.0542516
2372 274 0 0.0737515
1445 154 0 0.0371631
1437 154 0 0.0471547
686 90 0 0.0205299
3351 322 0 0.140054
1338 137 0 0.115856
929 92 0 0.105258
897 92 0 0.103281
4053 491 0 0.386423
915 100 0 0.0847297
1729 237 0 0.118431
849 100 0 0.0803938
3316 355 0 0.128185
913 124 0 0.0337638
1023 116 0 0.0588236
3004 280 0 0.34158
1262 118 0 0.128782
807 86 0 0.0861872
3001 416 0 0.132696
986 113 0 0.0661417
4873 564 0 0.316104
1117 118 0 0.128063
3452 366 0 0.201837
856 114 0 0.0349012
1104 128 0 0.0646519
3408 314 0 0.247192
1279 130 0 0.0762909
841 82 0 0.0821206
2899 263 0 0.309879
3463 380 0 0.188919
1113 118 0 0.0617996
3887 417 0 0.265421
857 123 0 0.0758744
1012 104 0 0.108041
3190 294 0 0.188525
1984 184 0 0.170353
481 65 0 0.0405072
2896 268 0 0.232613
4116 486 0 0.24753
1117 113 0 0.12394
2946 325 0 0.273325
841 113 0 0.0640203
842 86 0 0.041851
2930 262 0 0.162987
1377 146 0 0.077459
848 82 0 0.0821946
3320 308 0 0.223022
4204 538 0 0.266383
1109 123 0 0.0500994
3357 350 0 0.274686
740 105 0 0.0373853
675 74 0 0.0668795
3077 277 0 0.363242
1312 132 0 0.127889
860 84 0 0.0860256
3265 292 0 0.225126
2778 355 0 0.258765
1122 120 0 0.124815
2021 248 0 0.168153
753 99 0 0.0623473
1080 110 0 0.118161
3387 311 0 0.368256
1324 121 0 0.13905
3347 287 0 0.232146
4467 482 0 0.401366
1087 129 0 0.112501
4138 458 0 0.16806
704 93 0 0.0343741
1349 157 0 0.0653261
3341 331 0 0.1917
1261 120 0 0.0695662
3048 276 0 0.288431
4355 476 0 0.389915
1084 120 0 0.120744
4864 552 0 0.399256
844 100 0 0.0697022
410 59 0 0.0306761
1027 95 0 0.0697808
1317 131 0 0.0678136
1273 121 0 0.0937765
1017 107 0 0.104223
4306 463 0 0.431246
1011 127 0 0.104887
979 102 0 0.109591
1665 160 0 0.141193
1197 120 0 0.0589932
2230 315 0 0.0841274
860 102 0 0.0358865
869 80 0 0.0495892
406 53 0 0.0170748
970 103 0 0.0556515
1274 126 0 0.121211
3116 403 0 0.309166
960 114 0 0.132496
1748 168 0 0.158173
952 108 0 0.087122
4934 547 0 0.310621
946 116 0 0.0897989
994 90 0 0.113925
1189 133 0 0.138284
541 73 0 0.0508919
1266 124 0 0.128692
3517 562 0 0.193193
811 95 0 0.0738724
1836 170 0 0.104469
1141 117 0 0.0616213
3864 403 0 0.207008
840 113 0 0.0768451
515 64 0 0.050782
1018 97 0 0.113272
1185 104 0 0.110203
1249 117 0 0.135057
835 88 0 0.074434
3037 328 0 0.192555
961 112 0 0.0815075
1753 171 0 0.149956
1161 130 0 0.135969
3215 332 0 0.277015
880 113 0 0.0349826
664 64 0 0.0352535
1867 179 0 0.0756848
1259 122 0 0.0653744
1428 153 0 0.0552761
809 90 0 0.0365828
2426 232 0 0.125282
858 100 0 0.0536243
1680 162 0 0.105652
2780 286 0 0.24053
888 111 0 0.0817533
1356 149 0 0.158107
1285 130 0 0.122177
919 103 0 0.0853185
2548 249 0 0.133851
931 111 0 0.0786857
1813 170 0 0.17617
2589 312 0 0.104568
80 12 0 0.00287806
845 117 0 0.0647855
1576 177 0 0.150832
1323 142 0 0.0729203
1548 171 0 0.144439
2913 323 0 0.273227
1111 130 0 0.105452
1930 192 0 0.156307
2736 334 0 0.141751
93 15 0 0.00436609
858 117 0 0.0374548
1536 160 0 0.102944
1264 145 0 0.0651385
1290 123 0 0.0742795
918 97 0 0.0722875
2320 235 0 0.236568
919 105 0 0.0972808
2435 316 0 0.211548
1140 117 0 0.128232
4518 479 0 0.253142
793 106 0 0.0369105
1465 155 0 0.122787
1262 144 0 0.138448
1303 117 0 0.130221
1081 110 0 0.0939364
2171 218 0 0.102101
1001 108 0 0.0467785
2113 260 0 0.0861678
1263 128 0 0.0752212
3833 410 0 0.200557
784 109 0 0.0278458
1602 179 0 0.0667725
1121 116 0 0.0664633
1347 147 0 0.14518
965 100 0 0.0941312
1765 196 0 0.1958
962 107 0 0.0971626
1901 216 0 0.0672942
1168 125 0 0.0653025
2840 388 0 0.119756
84 14 0 0.00326453
827 111 0 0.0289552
1602 165 0 0.167551
1176 118 0 0.110408
1349 127 0 0.142879
864 101 0 0.0852904
2386 238 0 0.292197
778 88 0 0.11757
1945 234 0 0.206553
1206 117 0 0.188952
2081 225 0 0.204691
115 21 0 0.0145672
834 101 0 0.107726
1302 143 0 0.192156
1203 111 0 0.148792
792 89 0 0.0934312
2651 299 0 0.294092
304 64 0 0.0254767
1347 172 0 0.120494
1176 130 0 0.0710064
883 122 0 0.0979104
1253 147 0 0.127424
1289 119 0 0.122987
911 99 0 0.0917028
2730 373 0 0.232075
3974 458 0 0.396372
2416 262 0 0.164435
915 121 0 0.035922
1652 178 0 0.0854479
1272 137 0 0.0486316
3199 552 0 0.11186
1218 174 0 0.0471763
2218 278 0 0.108075
2687 324 0 0.095068
920 119 0 0.0420657
920 93 0 0.0546626
1336 126 0 0.0572651
1268 125 0 0.0595497
2480 304 0 0.127722
3986 486 0 0.333821
2167 236 0 0.178803
799 114 0 0.0708017
998 99 0 0.0998538
1116 113 0 0.102525
1299 125 0 0.143878
776 84 0 0.0746651
1681 176 0 0.173188
3290 401 0 0.338511
986 108 0 0.0964572
1067 117 0 0.10191
4684 489 0 0.402018
662 96 0 0.0500478
1108 111 0 0.115792
602 65 0 0.062923
1290 120 0 0.126549
803 88 0 0.0711459
1350 164 0 0.124285
3394 407 0 0.233618
1065 101 0 0.0537417
4785 509 0 0.389512
815 111 0 0.0639075
1214 108 0 0.122881
1279 140 0 0.137562
1225 106 0 0.119885
1071 110 0 0.090975
1734 154 0 0.0921613
4139 454 0 0.367722
1204 120 0 0.144294
3553 374 0 0.150472
796 107 0 0.036968
1185 109 0 0.0949698
1398 152 0 0.149706
1266 130 0 0.134338
922 100 0 0.0942969
1316 104 0 0.152577
3044 363 0 0.19162
1148 122 0 0.0742848
2611 293 0 0.209146
812 105 0 0.0725867
1230 112 0 0.119479
590 68 0 0.0576175
1237 118 0 0.0521778
3569 398 0 0.239464
1575 211 0 0.13343
948 102 0 0.102982
3295 331 0 0.10901
753 102 0 0.030211
1167 121 0 0.0532861
495 62 0 0.0192141
1319 133 0 0.0707136
632 68 0 0.0541086
3809 529 0 0.338914
2501 350 0 0.168419
950 107 0 0.0983951
657 92 0 0.0680137
4901 507 0 0.383123
946 127 0 0.0598233
1098 132 0 0.0588748
1321 129 0 0.0644495
479 63 0 0.0189121
3708 412 0 0.237888
974 124 0 0.0904426
3379 421 0 0.18337
978 116 0 0.0554938
3991 431 0 0.282614
785 108 0 0.0650977
1127 121 0 0.0461599
483 60 0 0.0194487
1301 129 0 0.0782734
4171 460 0 0.410787
1071 122 0 0.154848
3966 413 0 0.130017
934 102 0 0.0350985
4022 429 0 0.109342
838 111 0 0.0208737
1006 106 0 0.0423655
1293 127 0 0.0497837
5463 691 0 0.165107
985 115 0 0.0359342
3844 407 0 0.127712
1061 118 0 0.0376689
2383 260 0 0.0617553
820 111 0 0.0227519
1074 118 0 0.037189
294 36 0 0.0090722
1271 117 0 0.0466643
3743 627 0 0.101599
3880 495 0 0.309616
944 104 0 0.101248
4593 482 0 0.375964
669 87 0 0.0568358
1125 112 0 0.104485
3166 342 0 0.307148
2119 210 0 0.133916
2784 366 0 0.0866745
3523 346 0 0.200223
791 103 0 0.0820848
1164 110 0 0.113655
642 75 0 0.057674
2963 301 0 0.30262
950 109 0 0.0986786
2056 200 0 0.118591
2421 291 0 0.0966361
862 103 0 0.0774346
1281 127 0 0.0721653
789 69 0 0.0329968
3388 387 0 0.238252
1002 103 0 0.102021
2010 191 0 0.205616
2339 296 0 0.176458
810 99 0 0.0780955
1458 134 0 0.16635
1302 130 0 0.15073
1230 110 0 0.115143
695 80 0 0.0590705
4209 461 0 0.381283
1154 145 0 0.109354
2206 284 0 0.176488
2495 309 0 0.188021
659 99 0 0.0509904
1316 154 0 0.122608
3105 313 0 0.172966
1378 132 0 0.08723
1024 111 0 0.112185
665 70 0 0.0612505
2584 315 0 0.172318
952 146 0 0.0348116
4743 522 0 0.25473
951 98 0 0.102886
3860 432 0 0.237727
574 76 0 0.0192326
1267 142 0 0.0671789
3026 317 0 0.302184
1248 123 0 0.0679573
1007 111 0 0.0520641
667 73 0 0.0312688
2966 260 0 0.183369
4492 539 0 0.384236
3225 326 0 0.15435
2971 312 0 0.236632
1340 140 0 0.125088
2621 290 0 0.116047
1186 113 0 0.044244
1286 125 0 0.130973
689 67 0 0.0251812
640 99 0 0.0234283
1719 220 0 0.103051
1232 155 0 0.114277
1825 213 0 0.150988
759 105 0 0.0830446
3579 371 0 0.299032
3515 341 0 0.134439
1678 197 0 0.0819826
1096 122 0 0.0403706
1134 102 0 0.0449573
1172 128 0 0.0499704
849 87 0 0.0270937
4238 428 0 0.192621
745 73 0 0.0289171
5150 537 0 0.254066
1035 120 0 0.111123
4075 460 0 0.263529
2663 296 0 0.269082
1444 151 0 0.15798
1183 126 0 0.142231
1365 146 0 0.0490553
734 77 0 0.0239465
1212 125 0 0.0453553
3374 371 0 0.124155
981 146 0 0.033528
2909 252 0 0.206984
1070 102 0 0.0805569
920 117 0 0.0792153
3912 432 0 0.293852
2625 300 0 0.287199
1131 108 0 0.106847
1317 138 0 0.151364
1187 114 0 0.124073
643 72 0 0.0301739
1322 141 0 0.13929
3551 405 0 0.343984
954 94 0 0.0703907
966 115 0 0.0432326
2927 437 0 0.156414
881 108 0 0.0405144
4650 529 0 0.266653
2600 286 0 0.259062
1267 129 0 0.13044
1206 123 0 0.133683
651 72 0 0.0650071
1265 139 0 0.140932
3721 398 0 0.360945
828 77 0 0.0667582
982 110 0 0.108187
3078 321 0 0.326982
838 110 0 0.09519
624 63 0 0.0512145
2652 306 0 0.175243
1091 113 0 0.0637224
1338 145 0 0.0730679
1144 106 0 0.067102
691 75 0 0.0523002
1276 137 0 0.0610584
724 76 0 0.0372621
3831 380 0 0.172328
5813 673 0 0.377238
2984 285 0 0.1573
742 87 0 0.0276134
2791 341 0 0.0813459
1847 197 0 0.0580163
1336 146 0 0.0537261
1132 111 0 0.0418765
502 52 0 0.0195449
644 66 0 0.0216556
1259 136 0 0.049643
1673 227 0 0.0523826
1645 224 0 0.0425321
3066 306 0 0.116592
2435 322 0 0.071348
434 60 0 0.0152742
1251 121 0 0.0469328
1662 181 0 0.0763089
572 57 0 0.0193477
4326 501 0 0.130401
5383 659 0 0.171691
1098 127 0 0.043093
4196 445 0 0.11655
1279 118 0 0.0444938
1679 182 0 0.0681659
1317 137 0 0.0584031
452 63 0 0.0130299
581 66 0 0.0211318
3276 275 0 0.124674
2391 389 0 0.0669803
923 110 0 0.0343796
4460 503 0 0.125634
5155 718 0 0.130033
1946 200 0 0.0756448
458 58 0 0.0143137
1135 108 0 0.0428207
609 67 0 0.0222901
4621 533 0 0.149788
5276 600 0 0.188445
998 113 0 0.0407093
3328 440 0 0.090631
1907 206 0 0.0817015
478 56 0 0.0151396
1138 112 0 0.0398319
573 63 0 0.0217495
3403 388 0 0.121703
3754 452 0 0.120324
899 119 0 0.0347458
4089 445 0 0.115751
1915 197 0 0.0770269
1166 110 0 0.0403988
477 47 0 0.0189283
765 80 0 0.0222388
2460 277 0 0.0800531
4529 508 0 0.144063
2740 347 0 0.0705477
1948 199 0 0.0810476
1011 99 0 0.0380215
259 28 0 0.00851818
651 68 0 0.0210649
2892 321 0 0.094433
5318 625 0 0.163025
2558 281 0 0.0682229
1164 103 0 0.0429693
283 30 0 0.0102196
1214 116 0 0.047551
1328 133 0 0.0498302
1495 144 0 0.0638435
549 63 0 0.0206995
1442 149 0 0.0508759
2240 277 0 0.0694663
710 98 0 0.0196784
4944 607 0 0.157774
2729 303 0 0.0757097
1246 126 0 0.0486314
1180 116 0 0.0441258
439 47 0 0.015448
681 73 0 0.0244376
1458 164 0 0.0549454
2663 405 0 0.0759766
3061 395 0 0.0933872
2606 300 0 0.0686059
455 49 0 0.0173992
1292 129 0 0.0509355
1185 113 0 0.0460703
2357 233 0 0.0886809
734 77 0 0.0232649
1434 160 0 0.0539182
2380 299 0 0.0723125
4710 547 0 0.149948
2541 285 0 0.0721439
6664 646 0 0.220413
2037 182 0 0.0813362
3112 391 0 0.0980884
1341 148 0 0.0473886
5657 702 0 0.199622
1473 166 0 0.11248
545 60 0 0.034816
6748 699 0 0.474345
2024 192 0 0.14781
1195 148 0 0.0444514
2433 365 0 0.0696371
4542 554 0 0.138495
1541 171 0 0.04232
574 65 0 0.031032
6982 745 0 0.223973
2063 192 0 0.0861504
905 104 0 0.0350273
2215 246 0 0.0735822
4372 496 0 0.146834
1436 158 0 0.0409034
562 56 0 0.0235697
