#/home/michal/Dropbox/study/university/kth/thesis/data/features/annotations/0,015/featuredata_shotcolor_sift_2015-05-28_10-57-18.txt
1163 8 0 0.0110091
811 6 0 0.00635352
1264 3 0 0.0107164
4603 42 0 0.0145512
1311 7 0 0.00999936
1903 11 0 0.0103292
911 5 0 0.00658428
4468 32 0 0.00973955
995 4 0 0.00254974
733 5 0 0.00210291
1221 7 0 0.00248188
3656 15 0 0.00604731
1273 8 0 0.00316966
2134 13 0 0.00239398
866 6 0 0.00265927
3969 24 0 0.00376077
1237 5 0 0.00177293
789 6 0 0.000909224
1278 4 0 0.00125396
3556 20 0 0.00285959
2774 24 0 0.00251231
1439 12 0 0.00197774
3164 21 0 0.0033164
1386 8 0 0.00163893
1418 10 0 0.0082522
1204 5 0 0.00927299
3476 16 0 0.0103532
4675 23 0 0.0117229
4824 28 0 0.0084841
3352 36 0 0.0172374
1530 15 0 0.0134613
1084 4 0 0.0112676
1999 9 0 0.0135769
1211 5 0 0.0105454
1410 10 0 0.0110794
3350 25 0 0.0113436
3216 22 0 0.0064984
887 7 0 0.00239643
4308 36 0 0.0191999
1291 7 0 0.0165184
1280 3 0 0.0176591
1220 5 0 0.0118469
2800 31 0 0.0110597
5238 23 0 0.021523
1022 6 0 0.0123921
3501 22 0 0.0149466
818 6 0 0.00515125
1219 4 0 0.0079093
811 5 0 0.0128568
1281 7 0 0.00971419
1414 7 0 0.0140878
5323 40 0 0.0157339
755 6 0 0.00273036
811 2 0 0.00828444
1014 10 0 0.00460436
1414 7 0 0.00314526
1319 7 0 0.00434672
2084 11 0 0.00377456
3038 15 0 0.00828029
858 8 0 0.00229759
831 6 0 0.00226789
1205 4 0 0.00217523
1248 3 0 0.0047217
2037 13 0 0.00382229
4995 29 0 0.0184286
1130 8 0 0.009903
3761 24 0 0.00736789
2304 13 0 0.00564224
1387 9 0 0.00259601
1239 6 0 0.00313916
702 7 0 0.00206943
2293 17 0 0.00276841
2572 25 0 0.00516018
144 1 0 0.000827326
718 7 0 0.00175566
1205 7 0 0.00201404
1209 6 0 0.00196626
542 4 0 0.00140378
1287 2 0 0.00155571
807 5 0 0.00208371
2777 18 0 0.0148353
3317 29 0 0.00942793
892 8 0 0.0161159
1860 11 0.033848 0.00829665
743 10 0.033848 0.0103634
1259 8 0.033848 0.0137816
1227 4 0.033848 0.00874453
930 7 0.033848 0.00736085
3077 27 0.033848 0.00512289
1205 7 0.033848 0.00299973
951 3 0.0193306 0.00261428
802 8 0.0193306 0.00611797
1322 6 0.0193306 0.00231655
1247 2 0.0193306 0.0069498
940 7 0.0193306 0.00162056
3094 24 0.0193306 0.0043975
1202 7 0.0193306 0.00772446
127 1 0.0193306 0.00144784
943 4 0.0193306 0.00154635
742 6 0.0193306 0.00253126
1244 7 0.0193306 0.00174247
1268 5 0.0193306 0.0034369
811 4 0.0193306 0.00193574
2886 18 0.0193306 0.00738408
1408 8 0.0193306 0.0124763
1281 4 0.014883 0.00872813
800 8 0.014883 0.00684199
565 5 0.014883 0.00316844
1217 8 0.014883 0.00287573
1182 4 0.014883 0.00368191
1319 7 0.014883 0.00297997
699 3 0.014883 0.0010324
1693 10 0.014883 0.00453516
2619 19 0.014883 0.00291764
2565 13 0.014883 0.00466304
3484 27 0.014883 0.00479796
4064 32 0.014883 0.0045586
529 5 0.014883 0.00123353
1119 5 0.014883 0.00185214
1070 4 0.014883 0.00229832
2096 17 0.014883 0.00241878
956 6 0.014883 0.00220349
661 4 0.014883 0.00100442
1216 9 0.014883 0.00156321
2936 35 0.014883 0.00839699
1001 4 0.014883 0.00874424
140 2 0.014883 0.00711218
1040 8 0.014883 0.00758018
738 7 0.014883 0.015536
1072 2 0.014883 0.00696439
1026 5 0.014883 0.00217206
1239 4 0.014883 0.00640077
899 10 0.014883 0.00182142
3250 39 0.014883 0.00993445
1464 13 0.014883 0.00214644
1178 9 0.014883 0.00372471
3468 16 0.0198599 0.00766155
835 5 0.0198599 0.00604003
2445 10 0.0198599 0.00338076
1236 4 0.0198599 0.00171931
1040 8 0.0198599 0.00227096
959 4 0.0198599 0.0015616
4858 27 0.0198599 0.00589985
980 6 0.0198599 0.00165181
4926 47 0.0198599 0.00974692
3322 21 0.0198599 0.00412651
738 6 0.0198599 0.00125748
3327 16 0.0198599 0.00386787
1302 7 0.0198599 0.00180869
1063 2 0.0198599 0.00235465
952 6 0.0198599 0.00175749
4363 30 0.0198599 0.00514896
3069 22 0.0198599 0.00551192
781 6 0.0198599 0.0014397
2521 24 0.0198599 0.00366747
836 5 0.0198599 0.001631
2730 9 0.0198599 0.0039968
1396 8 0.0198599 0.00175068
1058 5 0.0198599 0.00263568
924 5 0.0198599 0.00186193
1853 12 0.0198599 0.00218768
2038 5 0.0198599 0.00243845
2577 26 0.0198599 0.00373745
786 8 0.0198599 0.00153104
2581 12 0.0198599 0.00404205
1311 6 0.0198599 0.00229649
1049 4 0.0198599 0.001507
901 5 0.0198599 0.00165639
2306 10 0.0198599 0.0131064
4205 22 0.0198599 0.0100766
2644 27 0.0198599 0.00983517
764 8 0.0198599 0.00215726
2791 13 0.0198599 0.0139646
1303 7 0.0198599 0.00216663
1040 4 0.0198599 0.00214249
865 6 0.0198599 0.00161722
2139 9 0.0198599 0.00275672
3222 20 0.0198599 0.00664623
2669 22 0.0198599 0.00335092
768 9 0.0198599 0.00328331
3005 14 0.0198599 0.00388322
1247 5 0.0198599 0.00216314
790 4 0.0198599 0.00308097
2123 8 0.0198599 0.00311137
5165 42 0.0198599 0.013805
2156 17 0.0198599 0.0103487
732 6 0.0198599 0.0110292
2966 16 0.0198599 0.0140235
1266 5 0.0198599 0.0128485
768 6 0.0198599 0.0150869
1081 7 0.0198599 0.012118
2485 8 0.0198599 0.0101284
2138 24 0.0198599 0.00528315
1375 14 0.0198599 0.00367853
770 6 0.0198599 0.0166497
2807 18 0.0198599 0.00730991
1389 2 0.0198599 0.0160139
735 6 0.0198599 0.0134239
1058 6 0.0198599 0.0143424
2349 16 0.0198599 0.0114927
3872 27 0.0198599 0.0153166
1138 7 0.0198599 0.0115443
839 8 0.0198599 0.01164
3002 9 0.0198599 0.00726123
1275 2 0.0198599 0.0093101
1138 4 0.0198599 0.00144028
1114 9 0.0198599 0.00211271
3981 29 0.0198599 0.00745939
1020 9 0.0198599 0.00985082
2263 20 0.0198599 0.00668704
900 8 0.0198599 0.0126866
3135 13 0.0198599 0.00700446
1324 5 0.0198599 0.0105604
814 10 0.0198599 0.00408649
1067 6 0.0198599 0.00328513
1854 14 0.0198599 0.00243666
2372 17 0.0198599 0.00417628
1445 19 0.0198599 0.00293746
1437 11 0.0198599 0.00267706
686 6 0.0198599 0.00189779
3351 15 0.0198599 0.00416603
1338 15 0.0198599 0.00309838
929 7 0.0198599 0.00174676
897 5 0.0198599 0.00202769
4053 30 0.0198599 0.0183514
915 7 0.0198599 0.0106789
1729 18 0.0198599 0.00981804
849 5 0.0198599 0.0114938
3316 20 0.0198599 0.00946517
913 7 0.0198599 0.0110745
1023 7 0.0198599 0.0111467
3004 12 0.0198599 0.0165673
1262 4 0.0198599 0.00572036
807 7 0.0198599 0.00156302
3001 30 0.0198599 0.00369419
986 7 0.0198599 0.00154574
4873 23 0.0198599 0.00596428
1117 6 0.0198599 0.00164647
3452 20 0.0198599 0.0035325
856 8 0.0198599 0.00116438
1104 10 0.0198599 0.00123476
3408 16 0.0198599 0.00370079
1279 2 0.0198599 0.00157053
841 3 0.0198599 0.00632518
2899 18 0.0198599 0.00959188
3463 24 0.0198599 0.00824367
1113 7 0.0198599 0.0155919
3887 24 0.0198599 0.0112569
857 6 0.0198599 0.00880115
1012 9 0.0198599 0.0131399
3190 12 0.0198599 0.0131713
1984 15 0.0198599 0.00510203
481 4 0.0198599 0.00519372
2896 16 0.0198599 0.00433089
4116 20 0.0198599 0.0134244
1117 6 0.0198599 0.0109524
2946 19 0.0198599 0.00441386
841 8 0.0198599 0.00327559
842 6 0.0198599 0.0051219
2930 11 0.0198599 0.00698213
1377 6 0.0198599 0.00225992
848 3 0.0198599 0.00292661
3320 11 0.0198599 0.0156173
4204 22 0.0198599 0.00595152
1109 8 0.0198599 0.00275349
3357 22 0.0198599 0.00858769
740 5 0.0198599 0.00172753
675 6 0.0198599 0.00254668
3077 14 0.0198599 0.00366696
1312 8 0.0198599 0.00328935
860 5 0.0198599 0.00153243
3265 16 0.0198599 0.00430872
2778 26 0.0198599 0.00287969
1122 6 0.0198599 0.00157738
2021 18 0.0198599 0.00517198
753 2 0.0198599 0.00157752
1080 4 0.0198599 0.00149861
3387 17 0.0198599 0.0145053
1324 3 0.0198599 0.0037057
3347 16 0.0198599 0.00517628
4467 25 0.0198599 0.00629814
1087 8 0.0198599 0.0029143
4138 30 0.0198599 0.00790397
704 5 0.0198599 0.00109927
1349 9 0.0198599 0.00193099
3341 16 0.0198599 0.00652783
1261 7 0.0198599 0.00178665
3048 15 0.0198599 0.00220977
4355 33 0.0198599 0.00451658
1084 5 0.0198599 0.00133553
4864 27 0.0198599 0.00331859
844 6 0.0198599 0.00124633
410 7 0.0198599 0.0011079
1027 4 0.0198599 0.00114012
1317 6 0.0198599 0.0016675
1273 6 0.0198599 0.00189787
1017 8 0.0198599 0.00121408
4306 21 0.0198599 0.00408216
1011 8 0.0198599 0.00415114
979 7 0.0198599 0.00178142
1665 7 0.0198599 0.00199069
1197 6 0.0198599 0.00165605
2230 21 0.0198599 0.00504411
860 5 0.0198599 0.00821243
869 5 0.0198599 0.00903304
406 5 0.0198599 0.012171
970 5 0.0198599 0.00177074
1274 8 0.0198599 0.00197746
3116 23 0.0198599 0.0160119
960 8 0.0198599 0.0101438
1748 5 0.0198599 0.00839081
952 5 0.0198599 0.00703538
4934 27 0.0198599 0.0085657
946 6 0.0198599 0.00937721
994 9 0.0198599 0.00280959
1189 12 0.0198599 0.00175879
541 5 0.0198599 0.00185764
1266 4 0.0198599 0.00166549
3517 38 0.0198599 0.00436999
811 7 0.0198599 0.00185817
1836 8 0.0198599 0.00306912
1141 6 0.0198599 0.0031619
3864 19 0.0198599 0.00456177
840 10 0.0198599 0.00532354
515 3 0.0198599 0.00193537
1018 2 0.0198599 0.0107
1185 13 0.0198599 0.0111718
1249 5 0.0198599 0.0125773
835 7 0.0198599 0.00755923
3037 16 0.0198599 0.0124776
961 9 0.0198599 0.0140377
1753 4 0.0198599 0.00494703
1161 5 0.0198599 0.00322589
3215 19 0.0198599 0.00305514
880 8 0.0198599 0.010214
664 3 0.0198599 0.00154832
1867 10 0.0198599 0.0125125
1259 3 0.0198599 0.0089093
1428 9 0.0198599 0.00959474
809 6 0.0198599 0.00935328
2426 10 0.0198599 0.0137876
858 6 0.0198599 0.00887689
1680 11 0.0198599 0.0120117
2780 16 0.0198599 0.0127447
888 11 0.0198599 0.0112195
1356 9 0.0198599 0.0100177
1285 5 0.0198599 0.00998919
919 8 0.0198599 0.0122683
2548 13 0.0198599 0.0149159
931 6 0.0198599 0.0103344
1813 8 0.0198599 0.00983166
2589 22 0.0198599 0.00733469
845 8 0.0226622 0.00230887
1576 7 0.0226622 0.00193351
1323 7 0.0226622 0.00340923
1548 5 0.0226622 0.00371799
2913 24 0.0226622 0.00762428
1111 3 0.0226622 0.0107368
1930 6 0.0226622 0.00987106
2736 18 0.0226622 0.0142224
858 4 0.0173043 0.0101919
1536 6 0.0173043 0.00970945
1264 9 0.0173043 0.00354381
1290 7 0.0173043 0.00211218
918 7 0.0173043 0.00236689
2320 16 0.0173043 0.00350426
919 7 0.0173043 0.00211168
2435 15 0.0173043 0.00196667
1140 7 0.0173043 0.00156743
4518 27 0.0173043 0.0126072
793 4 0.0173043 0.00690059
1465 10 0.0173043 0.0098382
1262 7 0.0173043 0.00927414
1303 5 0.0173043 0.00920526
1081 6 0.0173043 0.00704672
2171 15 0.0173043 0.00741856
1001 9 0.0173043 0.00125617
2113 15 0.0173043 0.00287552
1263 9 0.0173043 0.00284851
3833 29 0.0173043 0.00292031
784 5 0.0173043 0.00116523
1602 8 0.0173043 0.00227746
1121 9 0.0173043 0.00124161
1347 8 0.0173043 0.00125392
965 5 0.0173043 0.00128181
1765 11 0.0173043 0.00744003
962 7 0.0173043 0.00159199
1901 14 0.0173043 0.00209261
1168 6 0.0173043 0.00121873
2840 31 0.0173043 0.00565734
827 7 0.0233242 0.00119832
1602 9 0.0233242 0.00333106
1176 8 0.0233242 0.00170065
1349 4 0.0233242 0.00150505
864 4 0.0233242 0.00185528
2386 15 0.0233242 0.011504
778 4 0.0233242 0.00702142
1945 9 0.0233242 0.00367128
1206 8 0.0233242 0.00329012
2081 14 0.0233242 0.00299282
834 5 0.0243604 0.00179465
1302 10 0.0243604 0.00185877
1203 6 0.0243604 0.00202028
792 3 0.0243604 0.00115763
2651 19 0.0243604 0.00308417
304 9 0.0243604 0.00119641
1347 14 0.0243604 0.00218582
1176 5 0.0243604 0.00793747
883 8 0.0243604 0.00252553
1253 5 0.0243604 0.0115411
1289 5 0.0243604 0.0103549
911 9 0.0243604 0.00216769
2730 26 0.0243604 0.00514625
3974 29 0.0243604 0.00533848
2416 18 0.0243604 0.00374876
915 6 0.0243604 0.00302991
1652 12 0.0243604 0.002417
1272 8 0.0243604 0.00238815
3199 25 0.0243604 0.00513591
1218 14 0.0243604 0.00241935
2218 8 0.0243604 0.00311134
2687 15 0.0243604 0.00287757
920 4 0.0243604 0.00141749
920 4 0.0243604 0.0035911
1336 12 0.0243604 0.00386106
1268 5 0.0243604 0.00749851
2480 21 0.0243604 0.00394725
3986 21 0.0243604 0.00618194
2167 15 0.0243604 0.00359412
799 7 0.0243604 0.0104302
998 4 0.0243604 0.0167029
1116 7 0.0243604 0.00668327
1299 6 0.0243604 0.00376852
776 5 0.0243604 0.00115788
1681 9 0.0243604 0.00191262
3290 30 0.0243604 0.00400603
986 5 0.0243604 0.00260527
1067 8 0.0243604 0.00209388
4684 27 0.0243604 0.00546406
662 6 0.0243604 0.00106097
1108 4 0.0243604 0.00123847
602 2 0.0243604 0.00610181
1290 6 0.0243604 0.00495373
803 7 0.0243604 0.00187026
1350 9 0.0243604 0.00223707
3394 18 0.0243604 0.00646939
1065 8 0.0243604 0.00260619
4785 23 0.0243604 0.0093947
815 11 0.0243604 0.00337189
1214 10 0.0243604 0.00230239
1279 11 0.0243604 0.0111483
1225 4 0.0243604 0.00963709
1071 5 0.0243604 0.00192493
1734 8 0.0243604 0.0028045
4139 16 0.0243604 0.0190513
1204 9 0.0243604 0.0149215
3553 21 0.0243604 0.00883716
796 8 0.0243604 0.00858739
1185 10 0.0243604 0.00507103
1398 11 0.0243604 0.00316696
1266 4 0.0243604 0.00308628
922 4 0.0243604 0.00950622
1316 6 0.0243604 0.00297484
3044 17 0.0243604 0.00407964
1148 7 0.0243604 0.00170654
2611 19 0.0243604 0.00598205
812 6 0.0243604 0.00774326
1230 5 0.0243604 0.00206206
590 4 0.0243604 0.00161661
1237 6 0.0243604 0.00243899
3569 20 0.0243604 0.00595462
1575 15 0.0243604 0.00196557
948 6 0.0243604 0.00119448
3295 15 0.0243604 0.0035106
753 5 0.0243604 0.00145323
1167 7 0.0243604 0.00260864
495 5 0.0243604 0.00159119
1319 7 0.0243604 0.00140745
632 3 0.0243604 0.000898086
3809 39 0.0243604 0.0101564
2501 23 0.0243604 0.0148108
950 8 0.0243604 0.00158817
657 7 0.0243604 0.00262998
4901 33 0.0243604 0.00658319
946 7 0.0243604 0.00161082
1098 4 0.0243604 0.00161547
1321 4 0.0243604 0.00222558
479 3 0.0243604 0.00139748
3708 21 0.0243604 0.00664459
974 4 0.0243604 0.00198964
3379 18 0.0243604 0.00348139
978 6 0.0243604 0.00196825
3991 13 0.0243604 0.00447239
785 10 0.0243604 0.00570669
1127 8 0.0243604 0.00229809
483 5 0.0243604 0.000892277
1301 4 0.0243604 0.00287767
4171 29 0.0243604 0.00558103
1071 5 0.0243604 0.00184789
3966 18 0.0243604 0.0066605
934 8 0.0243604 0.00854754
4022 25 0.0243604 0.00553588
838 5 0.0243604 0.00125818
1006 8 0.0243604 0.00380025
1293 5 0.0243604 0.00205983
5463 40 0.0243604 0.0200088
985 4 0.0243604 0.00904095
3844 16 0.0243604 0.0156456
1061 5 0.0243604 0.00709012
2383 13 0.0243604 0.0103033
820 6 0.0243604 0.00803155
1074 4 0.0243604 0.00836713
294 2 0.0243604 0.0126675
1271 6 0.0243604 0.00882695
3743 38 0.0243604 0.0144917
3880 16 0.0243604 0.0112033
944 4 0.0243604 0.0125283
4593 26 0.0243604 0.014942
669 2 0.0243604 0.00425064
3166 25 0.0221931 0.00803088
2119 2 0.0221931 0.00894401
2784 2 0.0221931 0.0126161
3523 18 0.0221931 0.012241
791 1 0.0221931 0.00123057
1164 3 0.0221931 0.00230339
642 7 0.0221931 0.0015399
2963 21 0.0221931 0.00307539
950 7 0.0221931 0.00226604
2056 9 0.0221931 0.00360601
2421 24 0.0221931 0.0023058
862 4 0.0221931 0.00156502
1281 5 0.0221931 0.00136025
789 4 0.0221931 0.00129071
3388 24 0.0221931 0.00491859
1002 5 0.0221931 0.0135276
2010 8 0.0221931 0.00997447
2339 17 0.0221931 0.00916485
810 5 0.0221931 0.00225952
1458 12 0.0221931 0.00259638
1302 6 0.0221931 0.0142813
1230 3 0.0221931 0.013273
695 7 0.0221931 0.00892062
4209 21 0.0221931 0.00729717
1154 7 0.0221931 0.00609313
2206 19 0.0221931 0.00756102
2495 19 0.0221931 0.0134003
659 5 0.0221931 0.00855709
1316 9 0.0221931 0.0131326
3105 21 0.0221931 0.0183601
1378 6 0.0221931 0.0126464
1024 7 0.0221931 0.00906624
665 4 0.0221931 0.008347
2584 13 0.0221931 0.0173027
952 8 0.0221931 0.0113797
4743 24 0.0221931 0.00989181
951 4 0.0221931 0.0020653
3860 27 0.0221931 0.00335573
574 5 0.0221931 0.00178915
1267 4 0.0221931 0.00138218
3026 17 0.0221931 0.0123528
1248 6 0.0221931 0.00918261
1007 7 0.0221931 0.00771047
667 3 0.0221931 0.00853845
2966 17 0.0221931 0.00680041
4492 34 0.0221931 0.00471749
3225 14 0.0221931 0.00437586
2971 17 0.0221931 0.00229908
1340 7 0.0221931 0.00125928
2621 16 0.0221931 0.0092376
1186 6 0.0221931 0.00460349
1286 6 0.0221931 0.00154282
689 7 0.0221931 0.00103941
640 7 0.0221931 0.00118959
1719 7 0.0221931 0.00176718
1232 11 0.0221931 0.0172362
1825 16 0.0221931 0.00993977
759 7 0.0221931 0.00932507
3579 23 0.0221931 0.016341
3515 23 0.0221931 0.0132187
1678 10 0.0221931 0.0101987
1096 6 0.0221931 0.00965833
1134 5 0.0221931 0.010147
1172 3 0.0221931 0.0105671
849 5 0.0221931 0.00623271
4238 20 0.0221931 0.00804142
745 2 0.0221931 0.00380634
5150 24 0.0221931 0.0061909
1035 6 0.0221931 0.0065723
4075 29 0.0221931 0.00774831
2663 17 0.0221931 0.00407754
1444 9 0.0221931 0.0013535
1183 9 0.0221931 0.0015864
1365 5 0.0221931 0.00167929
734 5 0.0221931 0.00158886
1212 5 0.0221931 0.00110342
3374 22 0.0221931 0.0033923
981 10 0.0221931 0.00118452
2909 16 0.0221931 0.0108523
1070 3 0.0221931 0.00929982
920 7 0.0221931 0.0161254
3912 21 0.0221931 0.0127129
2625 21 0.0221931 0.0107577
1131 8 0.0221931 0.00466141
1317 8 0.0221931 0.0026355
1187 7 0.0221931 0.00788122
643 4 0.0221931 0.00132825
1322 5 0.0221931 0.00184674
3551 19 0.0221931 0.00576837
954 7 0.0221931 0.00151544
966 6 0.0221931 0.00239125
2927 22 0.0221931 0.00456857
881 6 0.0221931 0.00138878
4650 28 0.0221931 0.0175795
2600 20 0.0221931 0.00529782
1267 8 0.0221931 0.00147611
1206 6 0.0221931 0.00182823
651 4 0.0221931 0.00125035
1265 5 0.0221931 0.0087963
3721 24 0.0221931 0.00966851
828 5 0.0221931 0.0212814
982 6 0.0221931 0.00882298
3078 17 0.0221931 0.0105419
838 8 0.0221931 0.0110044
624 5 0.0221931 0.00658354
2652 18 0.0221931 0.0092658
1091 7 0.0221931 0.00949809
1338 8 0.0221931 0.00342144
1144 4 0.0221931 0.00105138
691 4 0.0221931 0.00127895
1276 4 0.0221931 0.00143668
724 4 0.0221931 0.00143224
3831 27 0.0221931 0.00292305
5813 38 0.0221931 0.00534777
2984 19 0.0221931 0.0026075
742 6 0.0221931 0.00123445
2791 21 0.0221931 0.00297769
1847 8 0.0221931 0.00146157
1336 7 0.0221931 0.00203918
1132 5 0.0221931 0.00228912
502 3 0.0221931 0.00117496
644 4 0.0221931 0.00115123
1259 8 0.0221931 0.0102277
1673 13 0.0221931 0.0095944
1645 17 0.0221931 0.00824479
3066 11 0.0221931 0.0101139
2435 28 0.0221931 0.00843035
434 5 0.0221931 0.00400377
1251 6 0.0221931 0.00970986
1662 6 0.0221931 0.00724084
572 3 0.0221931 0.0025882
4326 26 0.0221931 0.00395834
5383 33 0.0221931 0.00557687
1098 8 0.0221931 0.00325753
4196 33 0.0221931 0.00757391
1279 4 0.0221931 0.00307965
1679 4 0.0221931 0.00641682
1317 4 0.0221931 0.0141535
452 5 0.0221931 0.00749797
581 2 0.0221931 0.0056212
3276 21 0.0221931 0.00684861
2391 20 0.0221931 0.0041286
923 5 0.0221931 0.00203667
4460 25 0.0221931 0.00655797
5155 44 0.0221931 0.0073209
1946 8 0.0221931 0.0105408
458 4 0.0221931 0.00921103
1135 5 0.0221931 0.00536988
609 2 0.0221931 0.00706123
4621 29 0.0221931 0.00989751
5276 26 0.0221931 0.0113119
998 10 0.0221931 0.0115622
3328 22 0.0221931 0.0151357
1907 10 0.0221931 0.0132352
478 3 0.0221931 0.00871623
1138 3 0.0221931 0.0114808
573 2 0.0221931 0.00951964
3403 18 0.0221931 0.00643092
3754 14 0.0221931 0.0129628
899 6 0.0221931 0.00204621
4089 21 0.0221931 0.00502768
1915 6 0.0221931 0.00768471
1166 3 0.0221931 0.00303409
477 3 0.0221931 0.0026988
765 2 0.0221931 0.00223454
2460 20 0.0221931 0.00523588
4529 26 0.0221931 0.0142598
2740 23 0.0221931 0.0038318
1948 9 0.0221931 0.00308576
1011 5 0.0221931 0.00235183
259 1 0.0221931 0.00106058
651 4 0.0221931 0.00162063
2892 17 0.0221931 0.0069396
5318 37 0.0221931 0.0139667
2558 13 0.0221931 0.00333501
1164 2 0.0221931 0.0036081
283 2 0.0221931 0.00121251
1214 5 0.0221931 0.00966833
1328 9 0.0221931 0.00400828
1495 6 0.0221931 0.00176801
549 1 0.0221931 0.00161015
1442 7 0.0221931 0.00202471
2240 18 0.0221931 0.00734249
710 7 0.0221931 0.007147
4944 32 0.0221931 0.0123081
2729 22 0.0221931 0.00366138
1246 8 0.0221931 0.0105941
1180 4 0.0221931 0.00903755
439 2 0.0221931 0.010362
681 5 0.0221931 0.00182315
1458 7 0.0221931 0.00295778
2663 29 0.0221931 0.0106418
3061 25 0.0221931 0.0123828
2606 18 0.0221931 0.00416998
455 1 0.0221931 0.00181533
1292 7 0.0221931 0.0103714
1185 3 0.0221931 0.00894484
2357 13 0.0221931 0.0168533
734 6 0.0221931 0.0069677
1434 10 0.0221931 0.00289425
2380 19 0.0221931 0.00274425
4710 29 0.0221931 0.0103843
2541 15 0.0221931 0.00382695
6664 28 0.0221931 0.00974864
2037 11 0.0221931 0.00230292
3112 22 0.0221931 0.0105997
1341 8 0.0221931 0.0103627
5657 39 0.0221931 0.00990905
1473 11 0.0221931 0.0128007
545 1 0.0221931 0.00590439
6748 40 0.0221931 0.0112715
2024 8 0.0221931 0.00369032
1195 5 0.0221931 0.00199021
2433 15 0.0221931 0.00471783
4542 30 0.0221931 0.00918935
1541 9 0.0221931 0.00291504
574 3 0.0221931 0.00313306
6982 45 0.0221931 0.00820283
2063 8 0.0221931 0.00314234
905 7 0.0221931 0.002007
2215 22 0.0221931 0.00900344
4372 31 0.0221931 0.00459353
1436 12 0.0221931 0.00391588
#/home/michal/Dropbox/study/university/kth/thesis/data/features/annotations/0,015/featuredata_shotcolor_susan_2015-05-28_10-55-09.txt
1163 23 0 0.00402789
811 14 0 0.00246526
1264 13 0 0.0145702
4603 31 0 0.0199385
1311 26 0 0.0114027
1903 21 0 0.00639619
911 4 0 0.00247386
4468 55 0 0.0114939
995 23 0 0.00380028
733 12 0 0.00263364
1221 14 0 0.00453024
3656 27 0 0.00782322
1273 14 0 0.00358374
2134 32 0 0.00623164
866 16 0 0.0020834
3969 61 0 0.00940084
1237 32 0 0.00996589
789 11 0 0.00156891
1278 16 0 0.00133303
2774 17 0.0201508 0.00207446
1439 38 0.0201508 0.00175152
3164 74 0.0201508 0.00419518
1386 26 0.0201508 0.00163018
1418 32 0.0201508 0.00173758
1204 17 0.0201508 0.00133524
3476 3 0.0201508 0.00211894
4675 29 0.0201508 0.00324417
4824 36 0.0201508 0.00429898
3352 45 0.0201508 0.00689959
1530 10 0.0201508 0.00138419
1084 29 0.0201508 0.00145563
1999 41 0.0201508 0.00229647
1211 14 0.0201508 0.00128529
1410 1 0.0201508 0.00114066
3350 11 0.0201508 0.00229683
3216 35 0.0201508 0.00255507
887 27 0.0201508 0.0013905
4308 52 0.0201508 0.00327703
1291 29 0.0201508 0.00166066
1280 26 0.0201508 0.00157828
1220 19 0.0201508 0.00138952
2800 16 0.0201508 0.00219035
5238 11 0.0201508 0.00361442
1022 19 0.0201508 0.00285223
3501 34 0.0201508 0.00273916
818 19 0.0201508 0.00290009
1219 28 0.0201508 0.00156543
811 7 0.0201508 0.00243929
1281 17 0.0201508 0.00140693
1414 8 0.0201508 0.00125443
5323 17 0.0201508 0.00335759
755 17 0.0201508 0.00117043
811 19 0.0201508 0.00113064
1014 14 0.0201508 0.00151009
1414 27 0.0201508 0.00156203
1319 18 0.0201508 0.00140141
2084 17 0.0201508 0.00175145
3038 45 0.0201508 0.0027608
858 19 0.0201508 0.00723518
831 1 0.0201508 0.000924943
1205 21 0.0201508 0.00283174
1248 15 0.0201508 0.00131477
2037 5 0.0201508 0.00149176
4995 36 0.0201508 0.00393657
1130 22 0.0201508 0.00135135
3761 48 0.0201508 0.00293935
2304 15 0.0201508 0.00187808
1387 28 0.0201508 0.00144206
1239 13 0.0201508 0.00113134
702 2 0.0201508 0.000706698
2293 13 0.0201508 0.00199739
2572 40 0.0201508 0.00242248
144 4 0.0201508 0.000541426
718 17 0.0201508 0.0024627
1205 30 0.0201508 0.00298803
1209 29 0.0201508 0.00149989
542 20 0.0201508 0.000945743
1287 24 0.0201508 0.00133134
807 2 0.0201508 0.00244536
2777 16 0.0201508 0.002213
3317 50 0.0201508 0.00284786
892 28 0.0201508 0.00124273
118 4 0.0201508 0.000560956
1860 13 0.0201508 0.00149968
743 13 0.0201508 0.00305108
1259 24 0.0201508 0.00147049
1227 23 0.0201508 0.00133887
930 4 0.0201508 0.000846429
3077 2 0.0201508 0.00201457
1205 6 0.0201508 0.0010137
140 3 0.0201508 0.000476216
951 3 0.0201508 0.00083862
802 8 0.0201508 0.00088545
1322 24 0.0201508 0.00136227
1247 1 0.0201508 0.000909618
940 18 0.0201508 0.00110806
3094 16 0.0201508 0.00468051
1202 6 0.0201508 0.00102144
127 3 0.0201508 0.000515328
943 12 0.0201508 0.00263131
742 15 0.0201508 0.000943814
1244 28 0.0201508 0.0016316
1268 11 0.0201508 0.00113787
811 26 0.0201508 0.00121408
2886 25 0.0201508 0.00219089
1408 7 0.0201508 0.00130273
133 4 0.0201508 0.000555549
1281 9 0.0201508 0.00107865
800 8 0.0201508 0.000922094
565 3 0.0201508 0.000671441
1217 31 0.0201508 0.00176024
1182 29 0.0201508 0.00150324
1319 16 0.0201508 0.00126889
699 2 0.0201508 0.00136327
1693 27 0.0201508 0.00159395
2619 8 0.0201508 0.00166072
2565 57 0.0201508 0.00252371
3484 28 0.0201508 0.00269268
4064 72 0.0201508 0.00338497
529 6 0.0201508 0.000762403
1119 29 0.0201508 0.00139058
1070 26 0.0201508 0.00154904
2096 47 0.0201508 0.00227934
956 23 0.0201508 0.00123666
661 9 0.0201508 0.000832449
1216 19 0.0201508 0.00267189
2936 9 0.0201508 0.0017702
1001 8 0.0201508 0.00107713
140 1 0.0201508 0.000496919
1040 10 0.0201508 0.00103255
738 10 0.0201508 0.000869503
1072 20 0.0201508 0.00122915
1026 23 0.0201508 0.00124335
1239 21 0.0201508 0.00136898
899 10 0.0201508 0.00314554
3250 6 0.0201508 0.00471909
1464 13 0.0201508 0.00327554
1178 11 0.0201508 0.00346625
112 5 0.0201508 0.00170844
3468 29 0.0201508 0.00856293
835 17 0.0201508 0.00334868
2445 27 0.0201508 0.00579953
1236 12 0.0201508 0.00377218
1040 19 0.0201508 0.00240718
959 17 0.0201508 0.00702806
4858 25 0.0201508 0.00795951
980 30 0.0201508 0.00423034
4926 24 0.0201508 0.00932674
3322 2 0.0201508 0.00514632
738 12 0.0201508 0.00278953
3327 12 0.0201508 0.00517726
1302 6 0.0201508 0.00396275
1063 8 0.0201508 0.00305928
952 22 0.0201508 0.00671801
4363 15 0.0201508 0.00770837
3069 5 0.0201508 0.00538068
781 20 0.0201508 0.00261932
2521 17 0.0201508 0.00527106
836 18 0.0201508 0.00308373
2730 13 0.0201508 0.00510784
1396 17 0.0201508 0.00830066
1058 2 0.0201508 0.00202131
924 18 0.0201508 0.00349926
1853 5 0.0201508 0.00513048
2038 5 0.0201508 0.00407053
2577 30 0.0201508 0.0057855
786 20 0.0201508 0.00263639
2581 22 0.0201508 0.00744672
1311 11 0.0201508 0.00358677
1049 15 0.0201508 0.00353777
901 22 0.0201508 0.0027871
2306 1 0.0201508 0.00457454
4205 22 0.0201508 0.00626513
2644 14 0.0201508 0.00422578
764 17 0.0201508 0.00281999
2791 13 0.0201508 0.00556947
1303 19 0.0201508 0.00574469
1040 2 0.0201508 0.00203428
865 7 0.0201508 0.00526679
2139 3 0.0201508 0.00148379
3222 13 0.0201508 0.00212276
2669 35 0.0201508 0.00225076
768 14 0.0201508 0.0010967
3005 51 0.0201508 0.0029184
1247 18 0.0201508 0.0013912
790 5 0.0201508 0.000958223
2123 5 0.0201508 0.00150148
5165 20 0.0201508 0.00397144
2156 16 0.0201508 0.00170782
732 20 0.0201508 0.00115067
2966 34 0.0201508 0.00254947
1266 16 0.0201508 0.00281618
768 7 0.0201508 0.000941195
1081 15 0.0201508 0.00125272
2485 4 0.0201508 0.00188457
2138 32 0.0201508 0.00194425
1375 7 0.0201508 0.00126865
770 10 0.0201508 0.00101058
2807 29 0.0201508 0.00234072
1389 5 0.0201508 0.00124657
735 24 0.0201508 0.0014386
1058 1 0.0201508 0.000975367
2349 4 0.0201508 0.00175734
3872 41 0.0201508 0.00307899
1138 10 0.0201508 0.00121914
839 18 0.0201508 0.00118519
3002 14 0.0201508 0.00213424
1275 14 0.0201508 0.00132669
1138 4 0.0201508 0.00105307
1114 9 0.0201508 0.00121329
3981 31 0.0201508 0.00283954
1020 18 0.0201508 0.00122623
2263 17 0.0201508 0.00262075
900 16 0.0201508 0.00116509
3135 15 0.0201508 0.00215414
1324 6 0.0201508 0.0011757
814 20 0.0201508 0.00122146
1067 18 0.0201508 0.00130322
1854 26 0.0201508 0.0020297
2372 24 0.0201508 0.00208976
1445 23 0.0201508 0.00194862
1437 38 0.0201508 0.00193831
686 15 0.0201508 0.00221895
3351 30 0.0201508 0.00262627
1338 27 0.0201508 0.00199754
929 8 0.0201508 0.0011155
897 15 0.0201508 0.00114034
4053 56 0.0201508 0.00331569
915 16 0.0201508 0.00115157
1729 27 0.0201508 0.00207619
849 8 0.0201508 0.00101383
3316 67 0.0201508 0.0030805
913 15 0.0201508 0.00115853
1023 25 0.0201508 0.0015144
3004 9 0.0201508 0.00262421
1262 20 0.0201508 0.0013598
807 2 0.0201508 0.002195
3001 20 0.0201508 0.00219019
986 24 0.0201508 0.0012495
4873 61 0.0201508 0.00383174
1117 16 0.0201508 0.00117069
3452 26 0.0201508 0.00241414
856 19 0.0201508 0.00164802
1104 21 0.0201508 0.00125392
3408 54 0.0201508 0.00309019
1279 12 0.0201508 0.00116706
841 1 0.0201508 0.000764888
2899 16 0.0201508 0.00202102
3463 23 0.0201508 0.00248252
1113 20 0.0201508 0.00189956
3887 37 0.0201508 0.00271354
857 18 0.0201508 0.00132447
1012 20 0.0201508 0.00167436
3190 29 0.0201508 0.0023643
1984 36 0.0201508 0.00187559
481 6 0.0201508 0.000705039
2896 30 0.0201508 0.00266115
4116 53 0.0201508 0.00336451
1117 7 0.0201508 0.000990508
2946 51 0.0201508 0.00283131
841 18 0.0201508 0.00103191
842 18 0.0201508 0.00566092
2930 14 0.0201508 0.00582916
1377 10 0.0201508 0.00328121
848 16 0.0201508 0.00218354
3320 12 0.0638429 0.00618207
4204 20 0.0638429 0.0064343
1109 23 0.0638429 0.00325487
3357 26 0.0638429 0.00735418
740 8 0.0638429 0.00244174
675 13 0.0638429 0.00396175
3077 45 0.0638429 0.00567653
1312 6 0.0638429 0.00321238
860 10 0.0638429 0.00448956
3265 10 0.0638429 0.0057795
2778 12 0.0638429 0.0053331
1122 19 0.0638429 0.0034404
2021 2 0.0638429 0.00366245
1080 22 0.0246403 0.00238517
3387 39 0.0246403 0.00869177
1324 22 0.0246403 0.00426641
3347 2 0.0246403 0.00689037
4467 37 0.0246403 0.00848232
1087 29 0.0246403 0.00331206
4138 76 0.0246403 0.0123031
704 5 0.0246403 0.00212422
1349 23 0.0246403 0.00447308
3341 17 0.0246403 0.00622282
1261 27 0.0246403 0.00524144
3048 21 0.0246403 0.00595827
4355 40 0.0246403 0.0085891
1084 29 0.0246403 0.00391312
4864 53 0.0246403 0.0103554
844 17 0.0246403 0.00217336
410 11 0.0246403 0.0031203
1027 23 0.0246403 0.00403412
1317 31 0.0246403 0.00349605
1273 1 0.0246403 0.00286668
1017 18 0.0246403 0.0035308
4306 8 0.0246403 0.00743107
1011 25 0.0246403 0.00407754
1665 6 0.0399469 0.00383814
1197 13 0.045834 0.00403693
2230 30 0.045834 0.00623651
860 12 0.045834 0.00296198
869 28 0.045834 0.00845702
406 14 0.045834 0.00235742
970 27 0.045834 0.00241966
1274 7 0.045834 0.00402394
3116 1 0.045834 0.00627647
960 12 0.045834 0.00347811
1748 7 0.045834 0.00399838
952 24 0.045834 0.00374216
4934 30 0.045834 0.0102071
946 22 0.045834 0.00284783
994 17 0.045834 0.00328224
1189 24 0.045834 0.00412798
541 16 0.045834 0.00179569
1266 17 0.045834 0.00783671
3517 2 0.045834 0.00632013
811 6 0.045834 0.002715
1836 5 0.045834 0.00386258
1141 23 0.045834 0.00930753
3864 37 0.045834 0.00910242
840 18 0.045834 0.00309991
515 3 0.045834 0.002159
1018 21 0.045834 0.003148
1185 24 0.045834 0.00407464
1249 18 0.045834 0.00291843
835 8 0.045834 0.00281111
3037 1 0.045834 0.00532447
961 3 0.045834 0.00269727
1753 6 0.045834 0.00384001
1161 17 0.045834 0.00367984
3215 11 0.045834 0.00598055
880 18 0.045834 0.00336073
664 13 0.045834 0.00145065
1867 32 0.045834 0.0053392
1259 6 0.045834 0.00270742
1428 41 0.045834 0.00311222
809 17 0.045834 0.00325901
2426 19 0.045834 0.00679895
858 12 0.045834 0.00263465
1680 14 0.045834 0.00709979
2780 21 0.045834 0.00603702
888 20 0.045834 0.0035885
1356 36 0.045834 0.00881697
1285 1 0.045834 0.00295944
919 21 0.045834 0.00328705
2548 4 0.045834 0.00478572
931 15 0.045834 0.00497623
1813 15 0.045834 0.0100179
2589 40 0.045834 0.00555545
80 2 0.045834 0.0014987
845 6 0.045834 0.00264694
1576 12 0.045834 0.00418098
1323 3 0.045834 0.00260333
1548 1 0.045834 0.00369269
2913 2 0.045834 0.00522435
1111 1 0.045834 0.00201693
1930 2 0.045834 0.00538504
2736 2 0.045834 0.00429415
858 33 0.0223315 0.00389197
1536 32 0.0223315 0.00490464
1264 28 0.0223315 0.00301479
1290 15 0.0223315 0.0037095
918 16 0.0223315 0.00488922
2320 12 0.0223315 0.0043294
919 3 0.0223315 0.00114558
2435 39 0.0223315 0.00661182
1140 20 0.0223315 0.00289633
4518 62 0.0223315 0.0079766
793 10 0.0296416 0.00278463
1465 27 0.0296416 0.0041133
1262 23 0.0296416 0.00421488
1303 6 0.0296416 0.00337115
1081 26 0.0296416 0.00403969
2171 13 0.0296416 0.0027459
1001 11 0.0296416 0.00316767
2113 42 0.0296416 0.0080105
1263 21 0.0296416 0.00411706
3833 70 0.0296416 0.0116977
784 12 0.0296416 0.00281706
1602 42 0.0296416 0.00589384
1121 25 0.0296416 0.00392433
1347 8 0.0296416 0.00357632
965 10 0.0296416 0.00459855
1765 3 0.0296416 0.00440853
962 4 0.0296416 0.00276391
1901 33 0.0296416 0.00503219
1168 23 0.0296416 0.00783
2840 14 0.0296416 0.00456067
84 6 0.0296416 0.00347306
827 11 0.0296416 0.00189828
1602 30 0.0296416 0.00501759
1176 34 0.0296416 0.00273365
1349 7 0.0296416 0.00197231
864 15 0.0296416 0.00199975
2386 7 0.0296416 0.00365768
778 8 0.0296416 0.00202753
1945 41 0.0296416 0.00552265
1206 15 0.0296416 0.00344175
2081 22 0.0296416 0.00509773
115 4 0.0296416 0.00202824
834 8 0.0296416 0.00175831
1302 31 0.0296416 0.00408004
1203 4 0.0296416 0.00284773
792 16 0.0296416 0.00374466
2651 28 0.0296416 0.00670756
304 8 0.0296416 0.00214634
1347 33 0.0296416 0.00419901
1176 4 0.0296416 0.00241316
883 9 0.0296416 0.0027098
1253 30 0.0296416 0.00419477
1289 22 0.0296416 0.00519922
911 20 0.0296416 0.00617806
2730 5 0.0296416 0.0140365
3974 5 0.0296416 0.0125576
2416 25 0.0296416 0.0149813
915 5 0.0296416 0.00672066
1652 28 0.0296416 0.00221128
1272 1 0.0296416 0.00629882
3199 4 0.0296416 0.0116732
1218 1 0.0296416 0.00641025
2218 4 0.0296416 0.00785503
2687 3 0.0163119 0.00872151
920 12 0.0163119 0.00554931
920 24 0.0163119 0.00720286
1336 22 0.0163119 0.00702256
1268 5 0.0163119 0.0070605
2480 11 0.0163119 0.00659929
3986 38 0.0163119 0.00907804
2167 8 0.0163119 0.0070456
799 1 0.0163119 0.0062377
998 24 0.0163119 0.00749638
1116 22 0.0163119 0.00753932
1299 25 0.0163119 0.00729112
776 18 0.0163119 0.00727454
1681 11 0.0163119 0.00163106
3290 19 0.0163119 0.00925749
986 5 0.0163119 0.00160506
1067 23 0.0163119 0.00128501
4684 63 0.0163119 0.00369803
662 7 0.0092909 0.000894147
1108 18 0.0092909 0.00136856
602 13 0.0092909 0.000959135
1290 15 0.0092909 0.00139075
803 17 0.0092909 0.00115132
1350 10 0.0092909 0.00155452
3394 21 0.0092909 0.00242265
1065 24 0.0092909 0.00141719
4785 39 0.0092909 0.0034131
815 4 0.0100768 0.000992541
1214 29 0.0100768 0.00154048
1279 37 0.0100768 0.00922059
1225 7 0.0100768 0.00306979
1071 21 0.0100768 0.00393885
1734 1 0.0100768 0.0035923
4139 22 0.0100768 0.00904101
1204 8 0.0100768 0.00347619
3553 54 0.0100768 0.00927037
796 5 0.0100768 0.00268761
1185 23 0.0100768 0.00408927
1398 35 0.0100768 0.00331842
1266 24 0.0100768 0.00424803
922 5 0.0100768 0.00213889
1316 3 0.0100768 0.00707767
3044 24 0.0100768 0.0154992
1148 17 0.0100768 0.00759141
2611 34 0.0100768 0.00642051
812 5 0.0100768 0.00187316
1230 21 0.0100768 0.00342118
590 10 0.0100768 0.00390338
1237 11 0.0100768 0.00297622
3569 3 0.0100768 0.00579923
1575 21 0.0100768 0.00393796
948 21 0.0100768 0.00269849
3295 45 0.0100768 0.0074862
753 4 0.0100768 0.00183131
1167 23 0.0100768 0.00493094
495 2 0.0100768 0.00143028
1319 2 0.0100768 0.00230231
632 5 0.0100768 0.00158188
3809 4 0.0100768 0.00557546
2501 58 0.0100768 0.00922611
950 18 0.0100768 0.00994085
657 16 0.0100768 0.00431266
4901 81 0.0100768 0.0123382
946 22 0.0100768 0.00353852
1098 25 0.0100768 0.00430563
1321 5 0.0100768 0.00343845
479 6 0.0100768 0.00269046
3708 19 0.0100768 0.00735536
974 17 0.0100768 0.00361654
3379 58 0.0100768 0.00919831
978 23 0.0100768 0.00374455
3991 19 0.0100768 0.00586082
785 1 0.0100768 0.0024058
1127 21 0.0100768 0.00369618
483 12 0.0100768 0.00308903
1301 6 0.0100768 0.00369052
4171 34 0.0100768 0.00846846
1071 20 0.0100768 0.00387399
3966 31 0.0100768 0.00897738
934 20 0.0100768 0.00313996
4022 45 0.0100768 0.00949038
838 3 0.0100768 0.00220471
1006 20 0.0100768 0.0142547
1293 5 0.0100768 0.0159566
5463 47 0.0100768 0.0162314
985 20 0.0100768 0.0118991
3844 67 0.0100768 0.0199687
1061 26 0.0100768 0.00748904
2383 21 0.0100768 0.0079668
820 1 0.0100768 0.0085458
1074 24 0.0100768 0.00809871
294 7 0.0100768 0.00808478
1271 16 0.0100768 0.00913863
3743 7 0.0100768 0.0148015
3880 33 0.0100768 0.0161764
944 24 0.0100768 0.0119316
4593 52 0.0100768 0.0163536
3166 1 0.0235467 0.0161696
2119 1 0.0235467 0.0114851
2784 4 0.0235467 0.0116171
3523 39 0.0235467 0.0138015
791 5 0.0235467 0.00866267
1164 16 0.0235467 0.0128576
2963 17 0.0248403 0.00904666
950 22 0.0248403 0.0121313
2056 8 0.0248403 0.00928688
2421 18 0.0248403 0.013652
862 3 0.0248403 0.00882727
1281 15 0.0248403 0.00812376
789 1 0.0248403 0.00162719
3388 59 0.0248403 0.012339
1002 24 0.0248403 0.00258823
2010 8 0.0248403 0.00360061
2339 15 0.0248403 0.00979521
810 1 0.0248403 0.00183971
1458 20 0.0248403 0.00283092
1302 34 0.0248403 0.00474115
1230 3 0.0248403 0.00219901
695 3 0.0248403 0.00348984
4209 51 0.0248403 0.00926914
1154 30 0.0248403 0.00436543
2206 52 0.0248403 0.00791807
2495 19 0.0248403 0.00540851
659 4 0.0248403 0.00232097
1316 22 0.0248403 0.00420717
3105 12 0.0248403 0.00642226
1378 5 0.0248403 0.00437937
1024 19 0.0248403 0.00647966
665 3 0.0277977 0.00632805
2584 5 0.0277977 0.00853554
952 27 0.0277977 0.00376945
4743 12 0.0277977 0.00752881
951 18 0.0277977 0.00700763
3860 55 0.0277977 0.00805077
574 8 0.0255197 0.00159982
1267 30 0.0255197 0.0031005
3026 48 0.0255197 0.00798829
1248 16 0.0255197 0.00392739
1007 22 0.0255197 0.00326922
667 2 0.0300256 0.00189744
4492 63 0.0574211 0.0161488
3225 30 0.0574211 0.0068934
2971 20 0.0574211 0.00876901
1340 28 0.0574211 0.00297755
2621 15 0.0574211 0.00533787
1186 11 0.0574211 0.00340794
1286 31 0.0574211 0.0046676
689 4 0.0574211 0.00406533
640 1 0.0574211 0.0015382
1719 1 0.0574211 0.00358005
1232 30 0.0574211 0.00449533
1825 18 0.0574211 0.00776435
759 17 0.0574211 0.00332082
3579 61 0.0574211 0.00916313
3515 38 0.0574211 0.00790346
1678 26 0.0574211 0.00496393
1096 27 0.0574211 0.00427806
1134 14 0.0574211 0.00280792
1172 33 0.0574211 0.00613941
849 1 0.0574211 0.00181881
4238 12 0.0574211 0.00951808
745 6 0.0318467 0.00227928
5150 19 0.0318467 0.00778556
1035 28 0.0318467 0.0045056
4075 20 0.0318467 0.00752447
2663 19 0.0318467 0.00569419
1444 29 0.0318467 0.00498048
1183 31 0.0318467 0.00536647
1365 11 0.0318467 0.00365924
734 2 0.0318467 0.00221792
1212 1 0.0318467 0.00331551
3374 42 0.0318467 0.00766297
981 23 0.0318467 0.00350893
2909 9 0.0318467 0.00442823
1070 4 0.0318467 0.00207399
920 27 0.0318467 0.00241859
3912 18 0.0318467 0.010088
2625 22 0.0318467 0.00618538
1131 21 0.0318467 0.00508123
1317 37 0.0318467 0.00486328
1187 6 0.0318467 0.00336166
643 4 0.0318467 0.0020362
3551 59 0.043136 0.00916197
954 8 0.043136 0.00314816
966 21 0.043136 0.00332054
2927 26 0.043136 0.00703123
881 20 0.043136 0.0036017
4650 47 0.043136 0.0105941
2600 42 0.043136 0.00699054
1267 26 0.043136 0.00372432
1206 28 0.043136 0.00417966
651 3 0.043136 0.00646373
1265 4 0.043136 0.00232177
3721 21 0.043136 0.00738693
828 12 0.043136 0.0030384
982 25 0.043136 0.00460274
3078 13 0.043136 0.00616909
838 23 0.043136 0.00390756
624 3 0.043136 0.00164003
2652 5 0.043136 0.00514779
1091 18 0.043136 0.004475
1338 32 0.043136 0.00535747
1144 3 0.043136 0.0025955
724 6 0.0418741 0.00255591
3831 68 0.0418741 0.00995758
5813 22 0.0418741 0.0101725
2984 11 0.0418741 0.00650638
742 13 0.0418741 0.00192817
2791 10 0.0418741 0.00543674
1847 46 0.0418741 0.0140662
1336 29 0.0418741 0.00301138
1132 4 0.0418741 0.00297778
502 5 0.0418741 0.00158267
1259 9 0.0360244 0.00395491
1673 7 0.0360244 0.00347019
1645 17 0.0360244 0.00510965
3066 32 0.0360244 0.00703362
2435 24 0.0360244 0.00621673
434 11 0.0360244 0.00193146
1251 19 0.0360244 0.00262171
1662 4 0.0360244 0.00321581
572 4 0.0360244 0.00210375
4326 36 0.0360244 0.00910078
5383 31 0.0360244 0.0115792
1098 15 0.0360244 0.00345481
4196 39 0.0360244 0.00886736
1279 12 0.0360244 0.00319265
1679 3 0.0360244 0.00379106
1317 32 0.0360244 0.00399185
452 12 0.0360244 0.00252945
581 3 0.0360244 0.00582483
2391 55 0.0597517 0.00953438
923 16 0.0597517 0.00336566
4460 33 0.0597517 0.0106491
5155 37 0.0597517 0.00965647
1946 21 0.0597517 0.00363241
458 17 0.0597517 0.00251947
1135 18 0.0597517 0.0086967
609 2 0.0597517 0.00286553
4621 10 0.0597517 0.00751967
5276 19 0.0597517 0.0092843
998 20 0.0597517 0.00324435
3328 2 0.0597517 0.00571451
1907 7 0.0597517 0.00486504
478 11 0.0597517 0.00851922
1138 23 0.0597517 0.00501374
573 1 0.0597517 0.00145378
3403 25 0.0597517 0.00832465
3754 66 0.0597517 0.00817233
899 21 0.0597517 0.00227899
4089 40 0.0597517 0.0086153
1915 4 0.0597517 0.00476158
1166 10 0.0597517 0.00233533
477 11 0.0597517 0.00286192
765 1 0.0597517 0.00165697
2460 4 0.0597517 0.00482687
4529 43 0.0597517 0.00952332
2740 18 0.0597517 0.00578132
1948 31 0.0597517 0.00466347
1011 20 0.0597517 0.00365304
259 7 0.0597517 0.00210997
651 2 0.0597517 0.00231941
2892 27 0.0597517 0.00487389
5318 38 0.0597517 0.0106863
2558 17 0.0597517 0.00565365
1164 18 0.0597517 0.00241431
283 5 0.0597517 0.00193811
1214 19 0.0597517 0.00405637
1328 26 0.0597517 0.00441221
1495 40 0.0597517 0.00632151
549 1 0.0597517 0.00216186
1442 34 0.0597517 0.00513211
2240 7 0.0597517 0.00455754
710 22 0.0597517 0.00348468
4944 55 0.0597517 0.00859433
2729 32 0.0597517 0.00490333
1246 29 0.0597517 0.00502607
1180 24 0.0597517 0.00506777
439 10 0.0597517 0.00492609
681 1 0.0597517 0.00222915
1458 33 0.0597517 0.00514415
2663 16 0.0597517 0.00582031
3061 50 0.0597517 0.0084713
2606 13 0.0597517 0.0053533
455 8 0.0597517 0.00226655
1292 26 0.0597517 0.00430667
1185 6 0.0597517 0.00251312
2357 55 0.0597517 0.00536038
734 5 0.0597517 0.00335504
1434 39 0.0597517 0.004204
2380 18 0.0597517 0.00633542
4710 46 0.0597517 0.00956749
2541 30 0.0597517 0.00674594
6664 53 0.0597517 0.0138021
2037 27 0.0597517 0.00555379
3112 11 0.0597517 0.00536736
1341 21 0.0597517 0.00436875
5657 75 0.0597517 0.0121399
1473 4 0.0597517 0.00419262
545 19 0.0597517 0.00336742
6748 125 0.0597517 0.0195922
2024 41 0.0597517 0.00531563
1195 31 0.0597517 0.00303087
2433 18 0.0597517 0.00726902
4542 36 0.0597517 0.00718722
1541 6 0.0597517 0.00453178
574 9 0.0597517 0.00251723
6982 61 0.0597517 0.0153299
2063 37 0.0597517 0.00474783
905 27 0.0597517 0.00233744
2215 17 0.0597517 0.00341062
4372 18 0.0597517 0.00752782
1436 7 0.0597517 0.00370133
562 15 0.0597517 0.00236046
#/home/michal/Dropbox/study/university/kth/thesis/data/features/annotations/0,015/featuredata_shotcolor_uniform_2015-05-28_10-49-02.txt
1163 122 0 0.0205333
811 88 0 0.00428267
1264 122 0 0.0168883
4603 648 0 0.0338262
1311 137 0 0.00643469
1903 227 0 0.0172974
911 105 0 0.00601877
4468 483 0 0.026264
995 109 0 0.00955717
733 74 0 0.00269694
1221 114 0 0.00356364
3656 429 0 0.0122254
1273 131 0 0.00370552
2134 273 0 0.0121304
866 110 0 0.00453328
3969 424 0 0.0152065
1237 113 0 0.0046756
789 79 0 0.00310957
1278 115 0 0.00435435
3556 332 0 0.0144089
2774 327 0 0.0136804
1439 168 0 0.0129591
3164 341 0 0.0191454
1386 134 0 0.0120543
1418 133 0 0.0156042
1204 113 0 0.00813596
3476 326 0 0.0157972
4675 477 0 0.0243626
4824 492 0 0.0276692
3352 590 0 0.0318903
1530 191 0 0.00822116
1084 133 0 0.00391253
1999 195 0 0.00501218
1211 126 0 0.00640427
1410 133 0 0.0104889
3350 307 0 0.0100137
3216 306 0 0.0173185
887 107 0 0.00344083
4308 463 0 0.0206715
1291 139 0 0.00668446
1280 119 0 0.00972809
1220 113 0 0.00465839
2800 432 0 0.0191218
5238 649 0 0.0209249
1022 126 0 0.00852618
3501 362 0 0.0102165
818 94 0 0.00317559
1219 130 0 0.00323737
811 76 0 0.00306372
1281 119 0 0.00310555
1414 135 0 0.00342298
5323 616 0 0.0204651
755 93 0 0.00473329
811 82 0 0.00333976
1014 132 0 0.00519026
1414 134 0 0.00691444
1319 124 0 0.0107222
2084 203 0 0.0075709
3038 384 0 0.0135378
858 92 0 0.00511145
831 101 0 0.00480685
1205 121 0 0.00328943
1248 112 0 0.00329176
2037 201 0 0.0054713
4995 606 0 0.0177352
1130 120 0 0.0069411
3761 400 0 0.0218011
2304 287 0 0.0160565
1387 121 0 0.0049292
1239 112 0 0.00552696
702 76 0 0.0142296
2293 306 0 0.0146868
2572 314 0 0.023758
144 22 0 0.00460359
718 103 0 0.0104232
1205 129 0 0.00679957
1209 122 0 0.00538432
542 68 0 0.00217587
1287 127 0 0.00429158
807 82 0 0.00394043
2777 314 0 0.0196588
3317 439 0 0.0176195
892 123 0 0.0082689
118 17 0 0.00464784
1860 185 0 0.0122584
743 97 0 0.00424859
1259 134 0 0.00557694
1227 118 0 0.00535932
930 108 0 0.00377962
3077 306 0 0.0108484
1205 114 0 0.00464171
140 22 0 0.00120378
951 98 0 0.00334984
802 103 0 0.00774152
1322 128 0 0.00675771
1247 121 0 0.00648815
940 106 0 0.00644329
3094 336 0 0.0154553
1202 116 0 0.00499419
127 19 0 0.001353
943 110 0 0.00523063
742 97 0 0.00320862
1244 134 0 0.00446272
1268 114 0 0.00310535
811 88 0 0.00257593
2886 308 0 0.0120225
1408 129 0 0.00568232
133 17 0 0.0021212
1281 142 0 0.00483264
800 106 0 0.00706722
565 73 0 0.00361838
1217 127 0 0.00533706
1182 110 0 0.00436278
1319 130 0 0.00682216
699 67 0 0.00397138
1693 188 0 0.010102
2619 351 0 0.0221979
2565 267 0 0.0178029
3484 380 0 0.020141
4064 467 0 0.0275764
529 67 0 0.00351738
1119 111 0 0.00782044
1070 112 0 0.0052414
2096 212 0 0.012589
956 105 0 0.0059269
661 66 0 0.00309019
1216 115 0 0.00524694
2936 381 0 0.024139
1001 100 0 0.00605449
140 26 0 0.00167376
1040 117 0 0.00499794
738 104 0 0.00428614
1072 103 0 0.00484887
1026 98 0 0.00506445
1239 120 0 0.0059743
899 97 0 0.00498007
3250 428 0 0.0240756
1464 134 0 0.00558651
1178 119 0 0.00719361
112 19 0 0.00134621
3468 352 0 0.016877
835 103 0 0.00335089
2445 233 0 0.013038
1236 118 0 0.00443034
1040 107 0 0.00341015
959 91 0 0.00360766
4858 562 0 0.0235533
980 107 0 0.00673783
4926 640 0 0.026728
3322 358 0 0.0181306
738 97 0 0.00685507
3327 322 0 0.0127034
1302 120 0 0.00481223
1063 111 0 0.00470547
952 103 0 0.00419845
4363 534 0 0.0237935
3069 452 0 0.0164555
781 82 0 0.00493822
2521 292 0 0.0197882
836 98 0 0.00481126
2730 272 0 0.0103017
1396 139 0 0.00850887
1058 100 0 0.00897218
924 86 0 0.00358761
1853 169 0 0.00665654
2038 181 0 0.0086358
2577 289 0 0.0164754
786 98 0 0.00488738
2581 258 0 0.0123179
1311 123 0 0.0043504
1049 103 0 0.00282535
901 98 0 0.00270431
2306 211 0 0.00831876
4205 449 0 0.0241122
2644 306 0 0.0223177
764 102 0 0.00545171
2791 272 0 0.0131857
1303 126 0 0.00636966
1040 105 0 0.007233
865 83 0 0.00468866
2139 176 0 0.00682478
3222 355 0 0.0142975
2669 295 0 0.0129688
768 104 0 0.00416001
3005 301 0 0.0113699
1247 124 0 0.00656468
790 88 0 0.00358219
2123 182 0 0.0124918
5165 621 0 0.0252588
2156 265 0 0.0123126
732 100 0 0.00450464
2966 290 0 0.0135948
1266 117 0 0.00671731
768 81 0 0.00451157
1081 107 0 0.00522354
2485 224 0 0.00964466
2138 314 0 0.0174941
1375 156 0 0.00721409
770 96 0 0.00498413
2807 301 0 0.0153993
1389 145 0 0.00741075
735 81 0 0.0111935
1058 104 0 0.00494548
2349 219 0 0.0142634
3872 437 0 0.0202853
1138 132 0 0.00505114
839 111 0 0.00801652
3002 299 0 0.0145936
1275 109 0 0.0044686
1138 114 0 0.00837564
1114 136 0 0.00430786
3981 515 0 0.0256956
1020 124 0 0.00870449
2263 294 0 0.0115217
900 124 0 0.00873982
3135 315 0 0.0155945
1324 129 0 0.00600793
814 83 0 0.00383221
1067 107 0 0.00667233
1854 228 0 0.0138719
2372 274 0 0.0281715
1445 154 0 0.0136619
1437 154 0 0.00788156
686 90 0 0.00394115
3351 322 0 0.0185693
1338 137 0 0.00652089
929 92 0 0.00516467
897 92 0 0.00525645
4053 491 0 0.0231824
915 100 0 0.0133009
1729 237 0 0.0211704
849 100 0 0.00310508
3316 355 0 0.0116985
913 124 0 0.0043225
1023 116 0 0.00307128
3004 280 0 0.00778146
1262 118 0 0.0031061
807 86 0 0.00234978
3001 416 0 0.0148824
986 113 0 0.00475664
4873 564 0 0.0275308
1117 118 0 0.00603417
3452 366 0 0.016985
856 114 0 0.00667605
1104 128 0 0.00562979
3408 314 0 0.0170528
1279 130 0 0.00686015
841 82 0 0.00433488
2899 263 0 0.0203906
3463 380 0 0.0196756
1113 118 0 0.0054631
3887 417 0 0.0236125
857 123 0 0.00475313
1012 104 0 0.00473226
3190 294 0 0.00787816
1984 184 0 0.004513
481 65 0 0.00182915
2896 268 0 0.00715806
4116 486 0 0.0135763
1117 113 0 0.0136914
2946 325 0 0.0120294
841 113 0 0.00757588
842 86 0 0.00441719
2930 262 0 0.0124835
1377 146 0 0.00633824
848 82 0 0.00493684
3320 308 0 0.0168479
4204 538 0 0.0231725
1109 123 0 0.00980253
3357 350 0 0.0218092
740 105 0 0.00478008
675 74 0 0.00387208
3077 277 0 0.0153885
1312 132 0 0.00532287
860 84 0 0.00553254
3265 292 0 0.0117854
2778 355 0 0.0219637
1122 120 0 0.0064245
2021 248 0 0.0154164
753 99 0 0.00449328
1080 110 0 0.00725831
3387 311 0 0.0126659
1324 121 0 0.00462921
3347 287 0 0.0132186
4467 482 0 0.021867
1087 129 0 0.0121822
4138 458 0 0.02427
704 93 0 0.00423903
1349 157 0 0.00732933
3341 331 0 0.0207826
1261 120 0 0.00423774
3048 276 0 0.0111893
4355 476 0 0.0215304
1084 120 0 0.00330993
4864 552 0 0.0159835
844 100 0 0.00464505
410 59 0 0.00433922
1027 95 0 0.00289705
1317 131 0 0.00492851
1273 121 0 0.00409503
1017 107 0 0.00321275
4306 463 0 0.0186215
1011 127 0 0.00644545
979 102 0 0.00485582
1665 160 0 0.00394355
1197 120 0 0.00367369
2230 315 0 0.0101618
860 102 0 0.00324093
869 80 0 0.00237501
406 53 0 0.00220655
970 103 0 0.00304018
1274 126 0 0.00324417
3116 403 0 0.0206317
960 114 0 0.0101616
1748 168 0 0.00762421
952 108 0 0.00648631
4934 547 0 0.0283712
946 116 0 0.00412667
994 90 0 0.00986223
1189 133 0 0.00735165
541 73 0 0.00398244
1266 124 0 0.00505437
3517 562 0 0.0257918
811 95 0 0.0127326
1836 170 0 0.00897173
1141 117 0 0.00585342
3864 403 0 0.0212898
840 113 0 0.00529629
515 64 0 0.00887191
1018 97 0 0.00508147
1185 104 0 0.00292309
1249 117 0 0.00308365
835 88 0 0.00240602
3037 328 0 0.0159798
961 112 0 0.00646799
1753 171 0 0.00694149
1161 130 0 0.00644779
3215 332 0 0.016896
880 113 0 0.00469062
664 64 0 0.00314983
1867 179 0 0.00979285
1259 122 0 0.00664267
1428 153 0 0.0106307
809 90 0 0.00760229
2426 232 0 0.0146574
858 100 0 0.0117689
1680 162 0 0.0087766
2780 286 0 0.0102947
888 111 0 0.00512615
1356 149 0 0.005078
1285 130 0 0.0090852
919 103 0 0.00476246
2548 249 0 0.0100838
931 111 0 0.0049804
1813 170 0 0.0189327
2589 312 0 0.0195674
80 12 0 0.000639511
845 117 0 0.00414596
1576 177 0 0.00583416
1323 142 0 0.00520279
1548 171 0 0.00441618
2913 323 0 0.0106114
1111 130 0 0.00333951
1930 192 0 0.00577196
2736 334 0 0.0116742
93 15 0 0.00223697
858 117 0 0.00583198
1536 160 0 0.0149433
1264 145 0 0.00550734
1290 123 0 0.0113193
918 97 0 0.00305322
2320 235 0 0.008622
919 105 0 0.0114099
2435 316 0 0.0141119
1140 117 0 0.00893415
4518 479 0 0.0147584
793 106 0 0.00693334
1465 155 0 0.00645688
1262 144 0 0.00810691
1303 117 0 0.00489323
1081 110 0 0.00446726
2171 218 0 0.00604261
1001 108 0 0.00521885
2113 260 0 0.0113012
1263 128 0 0.00488692
3833 410 0 0.0191698
784 109 0 0.00362289
1602 179 0 0.00906774
1121 116 0 0.00579622
1347 147 0 0.00748578
965 100 0 0.00479312
1765 196 0 0.0111314
962 107 0 0.00325484
1901 216 0 0.00757142
1168 125 0 0.00700272
2840 388 0 0.0150878
84 14 0 0.00484914
827 111 0 0.00904471
1602 165 0 0.005323
1176 118 0 0.00332434
1349 127 0 0.00328796
864 101 0 0.00268653
2386 238 0 0.00647321
778 88 0 0.00275116
1945 234 0 0.00784288
1206 117 0 0.00429231
2081 225 0 0.0064276
115 21 0 0.00088084
834 101 0 0.00533075
1302 143 0 0.00516779
1203 111 0 0.00414871
792 89 0 0.00930792
2651 299 0 0.0132798
304 64 0 0.00343197
1347 172 0 0.00526132
1176 130 0 0.00317817
883 122 0 0.00316108
1253 147 0 0.0036127
1289 119 0 0.00295393
911 99 0 0.00952533
2730 373 0 0.0184151
3974 458 0 0.0236927
2416 262 0 0.015468
915 121 0 0.00479001
1652 178 0 0.00933459
1272 137 0 0.00769568
3199 552 0 0.0211587
1218 174 0 0.0104176
2218 278 0 0.0167381
2687 324 0 0.0177341
920 119 0 0.0077905
920 93 0 0.00421576
1336 126 0 0.00515943
1268 125 0 0.00777455
2480 304 0 0.0156105
3986 486 0 0.0247206
2167 236 0 0.0148365
799 114 0 0.00796466
998 99 0 0.00438842
1116 113 0 0.00632834
1299 125 0 0.0108081
776 84 0 0.00437002
1681 176 0 0.0060169
3290 401 0 0.0173714
986 108 0 0.00508621
1067 117 0 0.00552198
4684 489 0 0.0233608
662 96 0 0.00345705
1108 111 0 0.00496429
602 65 0 0.00257526
1290 120 0 0.00440632
803 88 0 0.00294432
1350 164 0 0.00470008
3394 407 0 0.0151783
1065 101 0 0.00326837
4785 509 0 0.0215697
815 111 0 0.00318785
1214 108 0 0.00477498
1279 140 0 0.00448129
1225 106 0 0.00484633
1071 110 0 0.00557853
1734 154 0 0.00814244
4139 454 0 0.0132961
1204 120 0 0.00485022
3553 374 0 0.0151655
796 107 0 0.00265458
1185 109 0 0.00351965
1398 152 0 0.0048162
1266 130 0 0.00382671
922 100 0 0.00275578
1316 104 0 0.00405245
3044 363 0 0.0118506
1148 122 0 0.00486497
2611 293 0 0.0180985
812 105 0 0.0070457
1230 112 0 0.00564497
590 68 0 0.00231411
1237 118 0 0.00444067
3569 398 0 0.0133029
1575 211 0 0.0106855
948 102 0 0.00478175
3295 331 0 0.0141554
753 102 0 0.00452024
1167 121 0 0.00529098
495 62 0 0.00380941
1319 133 0 0.00654989
632 68 0 0.00263034
3809 529 0 0.0202247
2501 350 0 0.0159366
950 107 0 0.00466168
657 92 0 0.00358148
4901 507 0 0.0161861
946 127 0 0.0046726
1098 132 0 0.00440219
1321 129 0 0.00358679
479 63 0 0.00158252
3708 412 0 0.0153934
974 124 0 0.00341399
3379 421 0 0.0180766
978 116 0 0.00401829
3991 431 0 0.0167758
785 108 0 0.00318349
1127 121 0 0.00448594
483 60 0 0.00198488
1301 129 0 0.00369917
4171 460 0 0.0169357
1071 122 0 0.00503649
3966 413 0 0.0195448
934 102 0 0.00316379
4022 429 0 0.0157288
838 111 0 0.00323255
1006 106 0 0.00354697
1293 127 0 0.00438868
5463 691 0 0.0295044
985 115 0 0.0154864
3844 407 0 0.0233303
1061 118 0 0.00432855
2383 260 0 0.0134309
820 111 0 0.00535887
1074 118 0 0.00590567
294 36 0 0.00190268
1271 117 0 0.00373503
3743 627 0 0.029998
3880 495 0 0.0278606
944 104 0 0.00772623
4593 482 0 0.0259275
669 87 0 0.00378246
1125 112 0 0.0048708
3166 342 0 0.0200049
2119 210 0 0.0103377
2784 366 0 0.0191538
3523 346 0 0.0255359
791 103 0 0.00419933
1164 110 0 0.00388865
642 75 0 0.00219437
2963 301 0 0.00911678
950 109 0 0.00280111
2056 200 0 0.00508085
2421 291 0 0.0161233
862 103 0 0.0161923
1281 127 0 0.00371583
789 69 0 0.00258601
3388 387 0 0.0175999
1002 103 0 0.00288429
2010 191 0 0.0074828
2339 296 0 0.0186706
810 99 0 0.00429899
1458 134 0 0.00456981
1302 130 0 0.00348036
1230 110 0 0.00313166
695 80 0 0.00215995
4209 461 0 0.0195459
1154 145 0 0.00573983
2206 284 0 0.0182096
2495 309 0 0.0214231
659 99 0 0.00561561
1316 154 0 0.00721399
3105 313 0 0.0180747
1378 132 0 0.00538004
1024 111 0 0.00635907
665 70 0 0.0042655
2584 315 0 0.0185471
952 146 0 0.0101982
4743 522 0 0.0307398
951 98 0 0.0109761
3860 432 0 0.0209629
574 76 0 0.00290806
1267 142 0 0.00621884
3026 317 0 0.0166972
1248 123 0 0.00452273
1007 111 0 0.00782722
667 73 0 0.00347847
2966 260 0 0.0132251
4492 539 0 0.0256947
3225 326 0 0.0169635
2971 312 0 0.0154418
1340 140 0 0.00529301
2621 290 0 0.00835902
1186 113 0 0.00322285
1286 125 0 0.00334365
689 67 0 0.00411105
640 99 0 0.00453941
1719 220 0 0.00751306
1232 155 0 0.00503114
1825 213 0 0.0103853
759 105 0 0.00241833
3579 371 0 0.0145863
3515 341 0 0.00910877
1678 197 0 0.00469176
1096 122 0 0.00343162
1134 102 0 0.00294188
1172 128 0 0.00317238
849 87 0 0.00239248
4238 428 0 0.0141854
745 73 0 0.00475582
5150 537 0 0.0268024
1035 120 0 0.00516463
4075 460 0 0.014273
2663 296 0 0.008947
1444 151 0 0.00400385
1183 126 0 0.00334632
1365 146 0 0.00438602
734 77 0 0.002556
1212 125 0 0.00317389
3374 371 0 0.0101712
981 146 0 0.00879755
2909 252 0 0.00958741
1070 102 0 0.00367753
920 117 0 0.00296791
3912 432 0 0.0133565
2625 300 0 0.0102114
1131 108 0 0.00304464
1317 138 0 0.00419447
1187 114 0 0.00312825
643 72 0 0.00235644
1322 141 0 0.0045655
3551 405 0 0.0107322
954 94 0 0.00276251
966 115 0 0.00449245
2927 437 0 0.0142142
881 108 0 0.0052869
4650 529 0 0.0308546
2600 286 0 0.0153538
1267 129 0 0.00700529
1206 123 0 0.00548614
651 72 0 0.00340423
1265 139 0 0.00871528
3721 398 0 0.0206909
828 77 0 0.00312134
982 110 0 0.0120766
3078 321 0 0.0100572
838 110 0 0.00308507
624 63 0 0.00491026
2652 306 0 0.00932226
1091 113 0 0.00298107
1338 145 0 0.00667906
1144 106 0 0.00313861
691 75 0 0.0020107
1276 137 0 0.00402543
724 76 0 0.00223487
3831 380 0 0.00996172
5813 673 0 0.0202631
2984 285 0 0.0168142
742 87 0 0.00242711
2791 341 0 0.0152382
1847 197 0 0.00756019
1336 146 0 0.0036533
1132 111 0 0.00308775
502 52 0 0.00166821
644 66 0 0.00188924
1259 136 0 0.00341777
1673 227 0 0.0149201
1645 224 0 0.0156377
3066 306 0 0.0114596
2435 322 0 0.0132202
434 60 0 0.00196265
1251 121 0 0.0172066
1662 181 0 0.0139996
572 57 0 0.00237452
4326 501 0 0.0236926
5383 659 0 0.0339599
1098 127 0 0.0067643
4196 445 0 0.0207155
1279 118 0 0.00526611
1679 182 0 0.0087711
1317 137 0 0.00789699
452 63 0 0.0030269
581 66 0 0.00326987
3276 275 0 0.0185175
2391 389 0 0.0222552
923 110 0 0.00521757
4460 503 0 0.0259577
5155 718 0 0.0271227
1946 200 0 0.00523514
458 58 0 0.00172943
1135 108 0 0.00302609
609 67 0 0.00175151
4621 533 0 0.0151745
5276 600 0 0.0199858
998 113 0 0.00344504
3328 440 0 0.0133872
1907 206 0 0.0132683
478 56 0 0.00241073
1138 112 0 0.00338554
573 63 0 0.00203987
3403 388 0 0.0107039
3754 452 0 0.0152435
899 119 0 0.00480076
4089 445 0 0.0165852
1915 197 0 0.00654479
1166 110 0 0.00351778
477 47 0 0.00207219
765 80 0 0.00552526
2460 277 0 0.0148179
4529 508 0 0.0137241
2740 347 0 0.0120697
1948 199 0 0.00728051
1011 99 0 0.00314744
259 28 0 0.00106236
651 68 0 0.00200732
2892 321 0 0.00842132
5318 625 0 0.0217852
2558 281 0 0.00945953
1164 103 0 0.00319173
283 30 0 0.00144451
1214 116 0 0.00438233
1328 133 0 0.00455023
1495 144 0 0.00544341
549 63 0 0.00432991
1442 149 0 0.00565318
2240 277 0 0.0175063
710 98 0 0.00406721
4944 607 0 0.0207044
2729 303 0 0.0149131
1246 126 0 0.00362482
1180 116 0 0.005062
439 47 0 0.00222512
681 73 0 0.00237127
1458 164 0 0.00654421
2663 405 0 0.0149379
3061 395 0 0.0182412
2606 300 0 0.00943862
455 49 0 0.00177402
1292 129 0 0.00541055
1185 113 0 0.0093812
2357 233 0 0.00933853
734 77 0 0.00244705
1434 160 0 0.00508218
2380 299 0 0.0107582
4710 547 0 0.0179193
2541 285 0 0.0206786
6664 646 0 0.0193215
2037 182 0 0.0053369
3112 391 0 0.016592
1341 148 0 0.00979902
5657 702 0 0.0194664
1473 166 0 0.00719398
545 60 0 0.0041684
6748 699 0 0.0198616
2024 192 0 0.0061188
1195 148 0 0.00486426
2433 365 0 0.012466
4542 554 0 0.026534
1541 171 0 0.0130078
574 65 0 0.00542605
6982 745 0 0.0328542
2063 192 0 0.0135932
905 104 0 0.0060144
2215 246 0 0.0131756
4372 496 0 0.0274284
1436 158 0 0.0125813
562 56 0 0.0040599
#/home/michal/Dropbox/study/university/kth/thesis/data/features/annotations/0,015/featuredata_shotcolor_iss_2015-05-28_10-52-52.txt
1163 23 0 0.00371128
811 15 0 0.00105762
1264 25 0 0.00150353
4603 105 0 0.00799434
1311 23 0 0.00170843
1903 52 0 0.00262515
911 34 0 0.00329152
4468 100 0 0.00654541
995 21 0 0.00136178
733 14 0 0.00166179
1221 24 0 0.00140453
3656 97 0 0.0040913
1273 29 0 0.00198919
2134 44 0 0.00233404
866 28 0 0.00140218
3969 96 0 0.00575454
1237 28 0 0.0015606
789 22 0 0.00124598
1278 25 0 0.00149034
3556 104 0 0.00581407
2774 81 0 0.00318515
1439 37 0 0.00166906
3164 62 0 0.00296609
1386 31 0 0.00182217
1418 31 0 0.00327037
1204 25 0 0.00147428
3476 97 0 0.00399266
4675 99 0 0.00425178
4824 110 0 0.00479857
3352 69 0 0.00368705
1530 40 0 0.00185641
1084 26 0 0.0013981
1999 41 0 0.00257193
1211 25 0 0.0014707
1410 29 0 0.00171178
3350 101 0 0.00393596
3216 96 0 0.00426128
887 36 0 0.00150428
4308 98 0 0.00401747
1291 18 0 0.00141577
1280 25 0 0.00148375
1220 24 0 0.00144504
2800 66 0 0.0104794
5238 112 0 0.00608503
1022 36 0 0.00254462
3501 81 0 0.00339539
818 20 0 0.00118123
1219 30 0 0.00161116
811 21 0 0.00129214
1281 27 0 0.00154211
1414 45 0 0.00193396
5323 108 0 0.00491235
755 23 0 0.00127765
811 15 0 0.0011024
1014 19 0 0.00139155
1414 37 0 0.00178504
1319 27 0 0.00151481
2084 66 0 0.00255956
3038 86 0 0.00328357
858 18 0 0.00118451
831 18 0 0.00118835
1205 25 0 0.00138903
1248 28 0 0.00141016
2037 49 0 0.00339703
4995 118 0 0.00579327
1130 34 0 0.00154035
3761 94 0 0.00356662
2304 58 0 0.00837077
1387 29 0 0.00431914
1239 27 0 0.00468233
702 20 0 0.00271917
2293 63 0 0.00693038
2572 67 0 0.00750048
144 5 0 0.00160733
718 16 0 0.00308135
1205 27 0 0.00284122
1209 27 0 0.00400286
542 17 0 0.00249655
1287 29 0 0.00421665
807 21 0 0.00295708
2777 93 0 0.0087447
3317 67 0 0.00611808
892 26 0 0.00639362
118 2 0 0.00162167
1860 38 0 0.0052354
743 19 0 0.00197326
1259 28 0 0.00283119
1227 26 0 0.00395614
930 22 0 0.00339519
3077 93 0 0.00930084
1205 30 0 0.0040954
140 5 0 0.00134999
951 19 0 0.00305105
802 17 0 0.0028868
1322 27 0 0.00420811
1247 25 0 0.00275797
940 20 0 0.00228751
3094 88 0 0.00755142
1202 29 0 0.00427003
127 1 0 0.00154121
943 20 0 0.00294661
742 15 0 0.00368716
1244 20 0 0.00369963
1268 24 0 0.00369694
811 17 0 0.00279744
2886 78 0 0.00729026
1408 35 0 0.00628656
133 3 0 0.00111353
1281 32 0 0.00360013
800 18 0 0.00191053
565 10 0 0.00253571
1217 27 0 0.00434501
1182 27 0 0.00327953
1319 26 0 0.00462344
699 15 0 0.00345613
1693 41 0 0.00527978
2619 59 0 0.00769213
2565 71 0 0.0078686
3484 109 0 0.0112422
4064 97 0 0.0116387
529 11 0 0.00159798
1119 25 0 0.00412975
1070 22 0 0.00368293
2096 48 0 0.00715677
956 23 0 0.00393945
661 8 0 0.00227114
1216 28 0 0.00667641
2936 74 0 0.00903469
1001 28 0 0.00425055
140 6 0 0.00154101
1040 19 0 0.00352394
738 19 0 0.00331405
1072 18 0 0.00364458
1026 24 0 0.00378086
1239 26 0 0.00440476
899 16 0 0.00208197
3250 81 0 0.0105249
1464 31 0 0.00503567
1178 33 0 0.00469565
112 3 0 0.00139007
3468 81 0 0.00933219
835 19 0 0.00307609
2445 58 0 0.00653969
1236 23 0 0.00359916
1040 28 0 0.00455843
959 29 0 0.00291086
4858 108 0 0.0175658
980 32 0 0.00246038
4926 103 0 0.0160829
3322 81 0 0.00840986
738 19 0 0.00457154
3327 72 0 0.00685009
1302 26 0 0.00447594
1063 25 0 0.00250764
952 27 0 0.003887
4363 100 0 0.0130704
3069 80 0 0.00589747
781 15 0 0.00193423
2521 56 0 0.00741334
836 21 0 0.00353784
2730 58 0 0.00799573
1396 36 0 0.00303882
1058 22 0 0.00249722
924 20 0 0.0022411
1853 52 0 0.00395518
2038 53 0 0.00411591
2577 59 0 0.00791889
786 21 0 0.00205374
2581 56 0 0.00761716
1311 27 0 0.00440262
1049 20 0 0.00367559
901 27 0 0.00317567
2306 64 0 0.00690843
4205 103 0 0.0114925
2644 62 0 0.00510444
764 17 0 0.00334469
2791 50 0 0.00729878
1303 23 0 0.00416638
1040 23 0 0.00394038
865 15 0 0.0027393
2139 64 0 0.0162369
3222 90 0 0.00640022
2669 62 0 0.00805649
768 19 0 0.00276174
3005 64 0 0.0080257
1247 29 0 0.00271033
790 17 0 0.00197333
2123 58 0 0.00726572
5165 123 0 0.0108632
2156 42 0 0.00509687
732 17 0 0.00258995
2966 62 0 0.0131878
1266 26 0 0.00269982
768 18 0 0.00443164
1081 26 0 0.00453787
2485 76 0 0.00633081
2138 50 0 0.00657111
1375 26 0 0.00272568
770 18 0 0.00434625
2807 59 0 0.00580598
1389 29 0 0.00286181
735 17 0 0.00191366
1058 25 0 0.00244358
2349 65 0 0.00492122
3872 84 0 0.0109239
1138 29 0 0.00328164
839 22 0 0.00632598
3002 57 0 0.00680384
1275 28 0 0.00383138
1138 25 0 0.00331573
1114 25 0 0.00328834
3981 91 0 0.0104164
1020 21 0 0.00342448
2263 57 0 0.00720384
900 22 0 0.00312635
3135 74 0 0.00949828
1324 27 0 0.00411666
814 20 0 0.0024383
1067 24 0 0.00348885
1854 35 0 0.00447994
2372 55 0 0.00725164
1445 27 0 0.00549438
1437 43 0 0.00347626
686 14 0 0.00186012
3351 80 0 0.00916501
1338 29 0 0.00304651
929 20 0 0.00342748
897 22 0 0.00324556
4053 83 0 0.00781958
915 27 0 0.00267364
1729 38 0 0.00445519
849 31 0 0.004084
3316 84 0 0.0123657
913 23 0 0.00357763
1023 28 0 0.00422245
3004 66 0 0.010535
1262 22 0 0.00277247
807 24 0 0.00235463
3001 75 0 0.0091408
986 32 0 0.00379583
4873 112 0 0.0133568
1117 34 0 0.00282421
3452 86 0 0.00968152
856 16 0 0.00229787
1104 26 0 0.00378104
3408 77 0 0.00976729
1279 24 0 0.00605553
841 19 0 0.00215948
2899 80 0 0.0107218
3463 104 0 0.00946517
1113 34 0 0.0032866
3887 101 0 0.0114191
857 20 0 0.0030325
1012 27 0 0.00372289
3190 77 0 0.0061818
1984 46 0 0.00611198
481 17 0 0.00156943
2896 86 0 0.008063
4116 82 0 0.0100955
1117 38 0 0.00411594
2946 57 0 0.0054048
841 23 0 0.0041962
842 20 0 0.00215143
2930 59 0 0.00553785
1377 29 0 0.00453936
848 16 0 0.0026048
3320 87 0 0.0112139
4204 84 0 0.00931276
1109 32 0 0.00393944
3357 72 0 0.0103845
740 18 0 0.0162161
675 15 0 0.00184257
3077 63 0 0.00896189
1312 34 0 0.00857389
860 18 0 0.0036179
3265 99 0 0.00872313
2778 76 0 0.00848444
1122 36 0 0.00513647
2021 47 0 0.0117067
753 18 0 0.00197762
1080 24 0 0.0035143
3387 74 0 0.00943073
1324 32 0 0.00289382
3347 104 0 0.0144652
4467 98 0 0.00846864
1087 37 0 0.00274391
4138 81 0 0.010702
704 19 0 0.00414716
1349 31 0 0.00296498
3341 79 0 0.007259
1261 21 0 0.00326103
3048 98 0 0.00782214
4355 97 0 0.0120093
1084 38 0 0.00459139
4864 114 0 0.0125137
844 21 0 0.00283206
410 14 0 0.00244606
1027 25 0 0.00367905
1317 31 0 0.00438927
1273 26 0 0.00429052
1017 24 0 0.00362166
4306 90 0 0.0117306
1011 28 0 0.00437057
979 32 0 0.00294783
1665 36 0 0.00378862
1197 41 0 0.00402763
2230 54 0 0.00830858
860 17 0 0.00206813
869 22 0 0.00647803
406 8 0 0.0015351
970 21 0 0.00375988
1274 28 0 0.00383965
3116 92 0 0.0124112
960 25 0 0.00423702
1748 45 0 0.00540148
952 27 0 0.00357194
4934 124 0 0.00958194
946 18 0 0.00242098
994 22 0 0.00374492
1189 25 0 0.0042348
541 10 0 0.00258847
1266 25 0 0.00405677
3517 85 0 0.0116543
811 22 0 0.00287815
1836 46 0 0.00588642
1141 40 0 0.00289333
3864 99 0 0.0110974
840 15 0 0.00296686
515 11 0 0.00253108
1018 27 0 0.00569813
1185 29 0 0.00391968
1249 29 0 0.00568232
835 16 0 0.00324797
3037 75 0 0.0101957
961 25 0 0.00398281
1753 43 0 0.00423505
1161 39 0 0.00494703
3215 88 0 0.00914837
880 17 0 0.00273752
664 18 0 0.00290149
1867 39 0 0.00531056
1259 22 0 0.0037617
1428 35 0 0.00418003
809 20 0 0.00295014
2426 65 0 0.00508523
858 31 0 0.0142375
1680 38 0 0.00632372
2780 69 0 0.00813857
888 17 0 0.00556504
1356 36 0 0.00305392
1285 29 0 0.0056817
919 24 0 0.00205484
2548 70 0 0.0102728
931 32 0 0.0133011
1813 47 0 0.00453375
2589 67 0 0.00504424
80 2 0 0.00107223
845 15 0 0.00216127
1576 32 0 0.00768805
1323 35 0 0.0025497
1548 33 0 0.0032843
2913 83 0 0.00777417
1111 41 0 0.00876465
1930 50 0 0.00351726
2736 70 0 0.00753873
93 5 0 0.00240747
858 14 0 0.0015389
1536 36 0 0.00280495
1264 32 0 0.00716068
1290 26 0 0.00342658
918 25 0 0.00215269
2320 64 0 0.00691805
919 30 0 0.00303658
2435 55 0 0.00577429
1140 37 0 0.00411658
4518 97 0 0.00762095
793 25 0 0.00266621
1465 25 0 0.0037106
1262 25 0 0.0031271
1303 26 0 0.00409523
1081 30 0 0.00577714
2171 61 0 0.00575101
1001 29 0 0.00575972
2113 55 0 0.00653164
1263 39 0 0.00510127
3833 93 0 0.0100968
784 24 0 0.00164423
1602 36 0 0.00329241
1121 23 0 0.0029262
1347 26 0 0.00337517
965 23 0 0.00404917
1765 42 0 0.0103427
962 25 0 0.010347
1901 43 0 0.011171
1168 30 0 0.00707258
2840 75 0 0.00924854
84 4 0 0.000592173
827 18 0 0.00117924
1602 27 0 0.00175174
1176 24 0 0.0026556
1349 33 0 0.00156999
864 26 0 0.00129448
2386 65 0 0.00269092
778 17 0 0.00128642
1945 51 0 0.00212418
1206 26 0 0.0014883
2081 59 0 0.00234074
115 9 0 0.000642469
834 16 0 0.00101117
1302 28 0 0.00145973
1203 27 0 0.00141096
792 16 0 0.00098463
2651 79 0 0.00304106
304 13 0 0.00611844
1347 36 0 0.00157034
1176 29 0 0.00139567
883 20 0 0.00450653
1253 25 0 0.00823178
1289 25 0 0.0103479
911 24 0 0.00700762
2730 72 0 0.00344191
3974 82 0 0.00480033
2416 64 0 0.00325225
915 20 0 0.00164843
1652 41 0 0.00232877
1272 35 0 0.00591017
3199 83 0 0.00451768
1218 38 0 0.0022574
2218 41 0 0.00319876
2687 72 0 0.0042075
920 16 0 0.00410143
920 19 0 0.00199076
1336 20 0 0.00232755
1268 31 0 0.00250427
2480 75 0 0.00446398
3986 76 0 0.00594084
2167 48 0 0.00597421
799 19 0 0.00930405
998 20 0 0.00871007
1116 23 0 0.0135623
1299 24 0 0.0137589
776 15 0 0.0115407
1681 49 0 0.00977004
3290 79 0 0.0207018
986 25 0 0.00781354
1067 23 0 0.00979673
4684 118 0 0.0254168
662 15 0 0.0100581
1108 22 0 0.0110731
602 16 0 0.013857
1290 29 0 0.0188652
803 18 0 0.0124875
1350 30 0 0.00774209
3394 91 0 0.0139081
1065 33 0 0.00750869
4785 116 0 0.0131829
815 25 0 0.00649043
1214 29 0 0.00747137
1279 30 0 0.00921516
1225 23 0 0.00736326
1071 24 0 0.00773707
1734 54 0 0.0102009
4139 103 0 0.012056
1204 33 0 0.00981242
3553 78 0 0.0122269
796 23 0 0.0114577
1185 26 0 0.0170039
1398 35 0 0.00912414
1266 30 0 0.001899
922 20 0 0.00133692
1316 36 0 0.0021605
3044 73 0 0.00386335
1148 38 0 0.00210206
2611 52 0 0.00310826
812 17 0 0.00154565
1230 27 0 0.00200272
590 15 0 0.0017931
1237 23 0 0.0018965
3569 109 0 0.00617635
1575 42 0 0.00276594
948 34 0 0.00244345
3295 68 0 0.0116721
753 23 0 0.00181689
1167 19 0 0.00207842
495 16 0 0.00146451
1319 27 0 0.00252187
632 8 0 0.00155777
3809 91 0 0.00775212
2501 65 0 0.00556068
950 27 0 0.00360142
657 19 0 0.016077
4901 114 0 0.0187746
946 19 0 0.00885632
1098 26 0 0.0161582
1321 28 0 0.0138821
479 7 0 0.0132277
3708 105 0 0.0179974
974 22 0 0.0127333
3379 72 0 0.0121772
978 27 0 0.00504008
3991 93 0 0.00874004
785 20 0 0.00706214
1127 27 0 0.0101954
483 11 0 0.00244705
1301 27 0 0.013874
4171 103 0 0.0244493
1071 24 0 0.0090194
3966 87 0 0.009804
934 24 0 0.00348892
4022 88 0 0.010707
838 22 0 0.00850674
1006 18 0 0.00727563
1293 23 0 0.00741125
5463 128 0 0.0164062
985 20 0 0.016999
3844 79 0 0.00986344
1061 38 0 0.00306904
2383 57 0 0.00756951
820 20 0 0.0150692
1074 23 0 0.00783544
294 9 0 0.00301448
1271 28 0 0.00174519
3743 74 0 0.00358821
3880 101 0 0.00402581
944 34 0 0.00162427
4593 105 0 0.00650275
669 15 0 0.00870699
1125 19 0 0.00991437
3166 72 0 0.011819
2119 49 0 0.0101792
2784 67 0 0.0124043
3523 62 0 0.0214362
791 13 0 0.00826255
1164 29 0 0.00576227
642 13 0 0.00389235
2963 93 0 0.0181524
950 29 0 0.0152911
2056 54 0 0.0232162
2421 57 0 0.0154949
862 21 0 0.0120564
1281 28 0 0.0166358
789 19 0 0.00832949
3388 78 0 0.017947
1002 28 0 0.0102278
2010 51 0 0.0134399
2339 65 0 0.0105895
810 19 0 0.00924501
1458 27 0 0.0110901
1302 25 0 0.0126741
1230 25 0 0.0100385
695 13 0 0.00903888
4209 102 0 0.013328
1154 29 0 0.00954166
2206 59 0 0.0111677
2495 63 0 0.00988266
659 16 0 0.00905915
1316 29 0 0.00985782
3105 72 0 0.0104809
1378 31 0 0.00997153
1024 25 0 0.0131947
665 20 0 0.0107579
2584 66 0 0.0104342
952 33 0 0.00889119
4743 110 0 0.0132857
951 32 0 0.00286332
3860 94 0 0.0178481
574 13 0 0.00777303
1267 29 0 0.0130495
3026 66 0 0.0195101
1248 31 0 0.0159531
1007 16 0 0.00959871
667 19 0 0.0150158
2966 80 0 0.0155661
4492 94 0 0.0116082
3225 80 0 0.0123608
2971 73 0 0.0136447
1340 24 0 0.00702067
2621 69 0 0.0224357
1186 21 0 0.0189603
1286 25 0 0.0125045
689 21 0 0.00810247
640 11 0 0.00308887
1719 49 0 0.00956779
1232 33 0 0.0044346
1825 46 0 0.0129795
759 29 0 0.0068474
3579 81 0 0.0142942
3515 57 0 0.0167602
1678 42 0 0.0138737
1096 20 0 0.0105518
1134 26 0 0.0112818
1172 23 0 0.00939916
849 21 0 0.00250286
4238 87 0 0.00473691
745 18 0 0.0084922
5150 105 0 0.0198209
1035 26 0 0.0146064
4075 89 0 0.0157811
2663 63 0 0.0154744
1444 29 0 0.0102438
1183 25 0 0.00971438
1365 35 0 0.0111144
734 23 0 0.00942286
1212 24 0 0.0125524
3374 67 0 0.0140537
981 33 0 0.00892499
2909 82 0 0.0115148
1070 25 0 0.00627252
920 32 0 0.00704934
3912 107 0 0.0122759
2625 59 0 0.019437
1131 18 0 0.00460752
1317 30 0 0.0139843
1187 21 0 0.00493589
643 14 0 0.00201458
1322 33 0 0.00698677
3551 77 0 0.00747662
954 22 0 0.00308351
966 33 0 0.00451811
2927 83 0 0.0083514
881 28 0 0.00462718
4650 87 0 0.00859678
2600 65 0 0.00509595
1267 29 0 0.0155034
1206 23 0 0.0109067
651 20 0 0.00848223
1265 30 0 0.0153244
3721 87 0 0.025591
828 21 0 0.00944215
982 38 0 0.00574426
3078 94 0 0.0134068
838 27 0 0.00929328
624 7 0 0.0110427
2652 61 0 0.00858586
1091 22 0 0.00740153
1338 23 0 0.00874032
1144 27 0 0.0077045
691 13 0 0.0128463
1276 30 0 0.0103308
724 21 0 0.0027057
3831 93 0 0.0158082
5813 143 0 0.0289277
2984 54 0 0.0104647
742 19 0 0.00400525
2791 64 0 0.0203375
1847 46 0 0.00392095
1336 23 0 0.011301
1132 27 0 0.00566428
502 13 0 0.00129889
644 18 0 0.00385562
1259 35 0 0.00328703
1673 44 0 0.00416357
1645 46 0 0.00370299
3066 98 0 0.0169851
2435 50 0 0.011203
434 12 0 0.00912274
1251 31 0 0.00689921
1662 29 0 0.00572226
572 12 0 0.00215061
4326 97 0 0.0103308
5383 130 0 0.0093273
1098 39 0 0.00950835
4196 86 0 0.0117618
1279 24 0 0.00877593
1679 28 0 0.00773641
1317 29 0 0.0112839
452 14 0 0.0132613
581 12 0 0.0141631
3276 100 0 0.0211845
2391 70 0 0.0125616
923 29 0 0.00502586
4460 100 0 0.0165738
5155 165 0 0.0213193
1946 35 0 0.012593
458 14 0 0.0155165
1135 25 0 0.00252936
609 17 0 0.0133565
4621 105 0 0.0228795
5276 110 0 0.0109546
998 27 0 0.0150521
3328 69 0 0.0226448
1907 35 0 0.0146317
478 15 0 0.0164465
1138 21 0 0.0103505
573 15 0 0.00618988
3403 78 0 0.0108635
3754 94 0 0.00744193
899 40 0 0.0023004
4089 97 0 0.0165401
1915 35 0 0.0100298
1166 23 0 0.00949535
477 10 0 0.0101416
765 17 0 0.00537753
2460 67 0 0.01064
4529 100 0 0.015204
2740 83 0 0.0108238
1948 42 0 0.00984527
1011 25 0 0.0061985
259 3 0 0.00554414
651 19 0 0.00207835
2892 70 0 0.0056625
5318 118 0 0.0146137
2558 65 0 0.0154222
1164 24 0 0.00400305
283 5 0 0.0117584
1214 27 0 0.00968346
1328 26 0 0.00966955
1495 26 0 0.00640737
549 14 0 0.0086004
1442 41 0 0.0085842
2240 51 0 0.0149242
710 19 0 0.0115436
4944 106 0 0.00879096
2729 69 0 0.00562063
1246 31 0 0.0137556
1180 28 0 0.0119018
439 11 0 0.00890767
681 20 0 0.0140763
1458 40 0 0.00722519
2663 69 0 0.00694013
3061 87 0 0.00591734
2606 72 0 0.0181544
455 11 0 0.00683426
1292 31 0 0.00723033
1185 22 0 0.00539573
2357 54 0 0.00517783
734 22 0 0.0027134
1434 44 0 0.00639132
2380 51 0 0.0100092
4710 98 0 0.02481
2541 58 0 0.0147762
6664 174 0 0.0203098
2037 41 0 0.013697
3112 77 0 0.00792303
1341 40 0 0.00235689
5657 120 0 0.0162928
1473 24 0 0.014236
545 7 0 0.0101209
6748 179 0 0.012289
2024 40 0 0.00536282
1195 33 0 0.00290828
2433 76 0 0.00818827
4542 110 0 0.010811
1541 35 0 0.00707875
574 11 0 0.00635612
6982 183 0 0.0146658
2063 42 0 0.0076304
905 24 0 0.0102695
2215 59 0 0.0079658
4372 96 0 0.0175713
1436 27 0 0.00301858
562 7 0 0.00430677
