#/home/michal/Dropbox/study/university/kth/thesis/data/features/annotations/0,015/featuredata_shot_iss_2015-05-28_10-52-12.txt
1163 23 0.0165402 0.00379403
811 15 0.0116064 0.00129138
1264 25 0.0164676 0.00133837
4603 105 0.0563231 0.00402272
1311 23 0.0176409 0.00139347
1903 52 0.0224002 0.00196989
911 34 0.014745 0.00132298
4468 100 0.0477814 0.00365892
995 21 0.0128747 0.00107685
733 14 0.0103253 0.000912787
1221 24 0.0149428 0.00191843
3656 97 0.0411537 0.00321934
1273 29 0.0164785 0.00137319
2134 44 0.0266138 0.0023758
866 28 0.0109771 0.00110408
3969 96 0.0414513 0.00369463
1237 28 0.0156529 0.00133261
789 22 0.0105074 0.0027851
1278 25 0.0169836 0.00144389
3556 104 0.041174 0.00346804
2774 81 0.03175 0.00281309
1439 37 0.015987 0.00153485
3164 62 0.0355901 0.00268792
1386 31 0.0195 0.00182817
1418 31 0.0182214 0.00152934
1204 25 0.0164407 0.00138142
3476 97 0.0407158 0.00344832
4675 99 0.0531967 0.00382239
4824 110 0.0592517 0.00431202
3352 69 0.0385209 0.00341016
1530 40 0.0176795 0.0016508
1084 26 0.0138896 0.001279
1999 41 0.0248873 0.00215215
1211 25 0.0162209 0.00137765
1410 29 0.0188698 0.0015387
3350 101 0.039177 0.00365072
3216 96 0.0369051 0.00315752
887 36 0.0118071 0.0013205
4308 98 0.0464962 0.00368977
1291 18 0.0174031 0.0013398
1280 25 0.01681 0.00275421
1220 24 0.0166854 0.00763545
2800 66 0.0343685 0.002472
5238 112 0.0618539 0.00418818
1022 36 0.0130872 0.00141871
3501 81 0.036454 0.00302509
818 20 0.0112849 0.00111064
1219 30 0.0160304 0.00140715
811 21 0.0116631 0.00116896
1281 27 0.0167255 0.00140435
1414 45 0.0176291 0.00173616
5323 108 0.0625479 0.00425766
755 23 0.0106728 0.00116433
811 15 0.0107882 0.00100707
1014 19 0.0131236 0.00125301
1414 37 0.0177321 0.0016384
1319 27 0.0167212 0.00140319
2084 66 0.0233529 0.002237
3038 86 0.034613 0.00308487
858 18 0.0105335 0.00111723
831 18 0.011117 0.00108566
1205 25 0.0154755 0.00141894
1248 28 0.0166436 0.00143844
2037 49 0.0235348 0.00199034
4995 118 0.0649627 0.00537788
1130 34 0.0160767 0.00292584
3761 94 0.0393345 0.00311746
2304 58 0.0246178 0.00219106
1387 29 0.0167919 0.00171083
1239 27 0.0155669 0.0013269
702 20 0.00928835 0.000962359
2293 63 0.0257709 0.00231708
2572 67 0.0266496 0.00237578
144 5 0.00400437 0.00185576
718 16 0.0105682 0.000898026
1205 27 0.0174109 0.00133983
1209 27 0.0167555 0.0032128
542 17 0.00916371 0.00104855
1287 29 0.0172804 0.00141694
807 21 0.0115627 0.00111279
2777 93 0.0326079 0.00275483
3317 67 0.0401824 0.00273616
892 26 0.0135716 0.00170977
118 2 0.00541632 0.000599217
1860 38 0.0233899 0.00184213
743 19 0.00958202 0.00104445
1259 28 0.0166991 0.00138809
1227 26 0.0155006 0.0013136
930 22 0.0118732 0.00107126
3077 93 0.0361704 0.0031493
1205 30 0.0152223 0.00129912
140 5 0.00437692 0.000559313
951 19 0.0121222 0.00101919
802 17 0.0109268 0.000994351
1322 27 0.0163653 0.00139847
1247 25 0.0156244 0.00138168
940 20 0.0125437 0.00112887
3094 88 0.0369691 0.00320804
1202 29 0.0147603 0.00132785
127 1 0.0043114 0.00052384
943 20 0.0128911 0.00158685
742 15 0.00990653 0.000959134
1244 20 0.0156156 0.00123556
1268 24 0.0160648 0.00132496
811 17 0.0113715 0.00109604
2886 78 0.0355565 0.0146075
1408 35 0.0299038 0.00265928
133 3 0.00608759 0.000767175
1281 32 0.0236901 0.00185689
800 18 0.018034 0.0071954
565 10 0.0146561 0.00172072
1217 27 0.0278824 0.00253112
1182 27 0.0324419 0.00373594
1319 26 0.0496737 0.00344774
699 15 0.0267582 0.00183997
1693 41 0.0559823 0.00471096
2619 59 0.0780498 0.00638229
2565 71 0.0939767 0.0076094
3484 109 0.117884 0.0110716
4064 97 0.116569 0.00816728
529 11 0.019418 0.00187614
1119 25 0.0412532 0.00371696
1070 22 0.0236012 0.00178734
2096 48 0.0412789 0.00363759
956 23 0.0233664 0.00418062
661 8 0.0259414 0.00216228
1216 28 0.0430455 0.00839151
2936 74 0.0626889 0.010744
1001 28 0.0172727 0.00901237
140 6 0.00812072 0.00632679
1040 19 0.0172575 0.00111915
738 19 0.0107324 0.0102226
1072 18 0.0218281 0.00410936
1026 24 0.0295012 0.00703834
1239 26 0.0540472 0.00972091
899 16 0.0465815 0.0142005
3250 81 0.183345 0.021315
1464 31 0.0795516 0.0163573
1178 33 0.0282159 0.00933272
112 3 0.0045455 0.00700232
3468 81 0.180713 0.0162083
835 19 0.0240495 0.00295694
2445 58 0.0660426 0.00562506
1236 23 0.047111 0.0037791
1040 28 0.0382247 0.00372258
959 29 0.0371791 0.00424714
4858 108 0.169688 0.0127481
980 32 0.041335 0.0032498
4926 103 0.165276 0.0104955
3322 81 0.122144 0.00783655
738 19 0.0262602 0.0119136
3327 72 0.103771 0.0210784
1302 26 0.0421112 0.00254394
1063 25 0.0224534 0.00188335
952 27 0.0210863 0.0019782
4363 100 0.125857 0.0109108
3069 80 0.111925 0.00748982
781 15 0.0463468 0.00285812
2521 56 0.0808644 0.0157095
836 21 0.0220303 0.00201448
2730 58 0.0930077 0.0165069
1396 36 0.0406871 0.00403814
1058 22 0.0280347 0.00156315
924 20 0.0172403 0.00185199
1853 52 0.0331681 0.0100666
2038 53 0.0588639 0.00743239
2577 59 0.0836983 0.00996345
786 21 0.0320071 0.00310048
2581 56 0.0914396 0.00636882
1311 27 0.0459314 0.00315818
1049 20 0.0423058 0.00308343
901 27 0.0342749 0.0082784
2306 64 0.077241 0.0135144
4205 103 0.138314 0.022696
2644 62 0.074477 0.0174446
764 17 0.0271883 0.0132624
2791 50 0.0924258 0.0227882
1303 23 0.0218744 0.010962
1040 23 0.0183866 0.00886099
865 15 0.018051 0.0112654
2139 64 0.0342891 0.0111648
3222 90 0.0417565 0.0104037
2669 62 0.045477 0.0071188
768 19 0.0172863 0.00176738
3005 64 0.0953211 0.00323486
1247 29 0.0207542 0.0018483
790 17 0.01398 0.00350531
2123 58 0.0401531 0.00344832
5165 123 0.131126 0.0122394
2156 42 0.066212 0.00525392
732 17 0.0291228 0.0024999
2966 62 0.0966152 0.0144632
1266 26 0.0433201 0.00438734
768 18 0.0439395 0.00767821
1081 26 0.0375866 0.00339626
2485 76 0.069478 0.0148185
2138 50 0.0683668 0.00974379
1375 26 0.0413819 0.00283322
770 18 0.0262652 0.00300164
2807 59 0.104921 0.00877818
1389 29 0.047362 0.00353167
735 17 0.028909 0.0033438
1058 25 0.0427393 0.00370101
2349 65 0.0765616 0.00505348
3872 84 0.123923 0.00800565
1138 29 0.025356 0.0107169
839 22 0.0256441 0.00702297
3002 57 0.100778 0.00711675
1275 28 0.0441582 0.00397038
1138 25 0.0513405 0.00338532
1114 25 0.0385803 0.00381667
3981 91 0.127703 0.0100988
1020 21 0.0256483 0.00997687
2263 57 0.0320881 0.0131675
900 22 0.0137237 0.00952848
3135 74 0.0632294 0.00741092
1324 27 0.0432936 0.00582611
814 20 0.0239703 0.00167435
1067 24 0.0404923 0.00358947
1854 35 0.06712 0.00492355
2372 55 0.0910204 0.00666364
1445 27 0.0550929 0.00764121
1437 43 0.047747 0.00508799
686 14 0.027472 0.0124831
3351 80 0.117331 0.00892548
1338 29 0.0482498 0.00377514
929 20 0.0338381 0.00558016
897 22 0.03724 0.00388158
4053 83 0.134282 0.00961951
915 27 0.038933 0.00343616
1729 38 0.0575084 0.0037674
849 31 0.0359195 0.00353183
3316 84 0.0966687 0.0114388
913 23 0.027869 0.0188811
1023 28 0.0267851 0.00915133
3004 66 0.0526851 0.0110107
1262 22 0.0172672 0.00905785
807 24 0.0119101 0.00700348
3001 75 0.0368589 0.00842358
986 32 0.0197045 0.00148327
4873 112 0.0645404 0.00418595
1117 34 0.015867 0.00146438
3452 86 0.0367211 0.00297959
856 16 0.0122617 0.0018983
1104 26 0.0158345 0.00466583
3408 77 0.046753 0.00308473
1279 24 0.0165464 0.00137708
841 19 0.0128458 0.00117508
2899 80 0.0341453 0.00288149
3463 104 0.0399559 0.00336433
1113 34 0.0150542 0.00151759
3887 101 0.0399691 0.00367341
857 20 0.011682 0.00109383
1012 27 0.0141832 0.00137109
3190 77 0.0400154 0.00481321
1984 46 0.0257753 0.00813511
481 17 0.00821429 0.00872454
2896 86 0.0379927 0.0144782
4116 82 0.0555032 0.0200975
1117 38 0.0173532 0.0146198
2946 57 0.056616 0.0142492
841 23 0.0567284 0.0203835
842 20 0.0266238 0.00542688
2930 59 0.0954875 0.0183786
1377 29 0.0453996 0.00412343
848 16 0.0358496 0.00296931
3320 87 0.116506 0.0110386
4204 84 0.116547 0.00690014
1109 32 0.0381374 0.00256757
3357 72 0.102906 0.00643995
740 18 0.0272741 0.00180261
675 15 0.0275068 0.00289704
3077 63 0.113065 0.00782122
1312 34 0.0482894 0.00377358
860 18 0.0362056 0.00331377
3265 99 0.113846 0.00976471
2778 76 0.0743719 0.00956688
1122 36 0.0153466 0.00906587
2021 47 0.0230443 0.00809349
753 18 0.0111175 0.0086118
1080 24 0.0144783 0.00710829
3387 74 0.0435202 0.0099829
1324 32 0.0167184 0.00849723
3347 104 0.0401177 0.0116644
4467 98 0.0532172 0.0119089
1087 37 0.0138698 0.0092694
4138 81 0.0442532 0.0109669
704 19 0.0229802 0.0049659
1349 31 0.0209829 0.00152724
3341 79 0.0424838 0.00826975
1261 21 0.0177543 0.00496498
3048 98 0.106362 0.00916137
4355 97 0.142321 0.0152632
1084 38 0.0373032 0.0035585
4864 114 0.148142 0.011329
844 21 0.0370222 0.00223021
410 14 0.0210186 0.00152612
1027 25 0.0462741 0.00422676
1317 31 0.0354262 0.00321776
1273 26 0.0457114 0.00890718
1017 24 0.0349347 0.00284392
4306 90 0.159113 0.00995477
1011 28 0.0425259 0.00440198
979 32 0.0411358 0.00233118
1665 36 0.0614642 0.00507327
1197 41 0.0497843 0.00440542
2230 54 0.0725157 0.00438364
860 17 0.0345174 0.00318271
869 22 0.0307454 0.00430712
406 8 0.0160992 0.00170556
970 21 0.0334706 0.00353705
1274 28 0.0463451 0.0128398
3116 92 0.105084 0.00982752
960 25 0.0426071 0.00362715
1748 45 0.0621475 0.00485983
952 27 0.0403497 0.00392296
4934 124 0.163213 0.0116149
946 18 0.0335493 0.00265564
994 22 0.0375127 0.00208602
1189 25 0.0448701 0.00345391
541 10 0.0257779 0.00218567
1266 25 0.0443517 0.00225398
3517 85 0.121714 0.00864335
811 22 0.0326964 0.00292561
1836 46 0.0609771 0.00484269
1141 40 0.0460037 0.00430216
3864 99 0.126752 0.00703613
840 15 0.0369552 0.00316196
515 11 0.0271939 0.00211464
1018 27 0.043416 0.00356255
1185 29 0.0450643 0.00298967
1249 29 0.0460368 0.00296724
835 16 0.0347605 0.00267027
3037 75 0.103115 0.0076926
961 25 0.0398387 0.0033866
1753 43 0.0608185 0.00471221
1161 39 0.0468271 0.00390722
3215 88 0.0991533 0.0177747
880 17 0.0296088 0.0160523
664 18 0.0279866 0.00187211
1867 39 0.066238 0.00517121
1259 22 0.048881 0.00383416
1428 35 0.0477851 0.00381467
809 20 0.0343962 0.00304287
2426 65 0.0862842 0.00709733
858 31 0.0361734 0.00305314
1680 38 0.0573038 0.00738003
2780 69 0.0917402 0.00717035
888 17 0.0371725 0.00322363
1356 36 0.0520383 0.00628184
1285 29 0.0468816 0.00414231
919 24 0.036677 0.00335636
2548 70 0.0850324 0.0073652
931 32 0.0355687 0.00810742
1813 47 0.0628674 0.00535308
2589 67 0.0850224 0.00668727
80 2 0.0132957 0.00142633
845 15 0.0333769 0.00260998
1576 32 0.055491 0.00451194
1323 35 0.0577385 0.00530391
1548 33 0.0571329 0.00673161
2913 83 0.095597 0.00783318
1111 41 0.0400749 0.00397822
1930 50 0.0691962 0.00509758
2736 70 0.0901378 0.00804604
93 5 0.0120608 0.00105135
858 14 0.0350964 0.00259177
1536 36 0.0590632 0.00427292
1264 32 0.046232 0.00311981
1290 26 0.0474663 0.00257368
918 25 0.0367606 0.00261764
2320 64 0.0680784 0.00829931
919 30 0.0359587 0.00290737
2435 55 0.0822305 0.0065557
1140 37 0.041779 0.0029901
4518 97 0.139826 0.0103532
793 25 0.03493 0.00917364
1465 25 0.0492095 0.00991499
1262 25 0.0237676 0.00162414
1303 26 0.0168534 0.00143059
1081 30 0.0147471 0.00134004
2171 61 0.0258682 0.00230032
1001 29 0.0146638 0.00135436
2113 55 0.0242245 0.00303759
1263 39 0.0170291 0.00156057
3833 93 0.0443809 0.00334698
784 24 0.0115843 0.0011486
1602 36 0.0218959 0.00157074
1121 23 0.0145975 0.00123078
1347 26 0.01776 0.00134524
965 23 0.0131041 0.0010926
1765 42 0.0222021 0.00169175
962 25 0.0135953 0.00115157
1901 43 0.0223021 0.00173042
1168 30 0.0377609 0.00765682
2840 75 0.0926866 0.00843412
84 4 0.0143344 0.00153249
827 18 0.0348541 0.00304082
1602 27 0.0643257 0.00461931
1176 24 0.0446235 0.00318683
1349 33 0.0498407 0.00561043
864 26 0.033567 0.0155091
2386 65 0.0807255 0.00804412
778 17 0.0358267 0.00289706
1945 51 0.0671347 0.00537805
1206 26 0.0477365 0.00380717
2081 59 0.0699714 0.00590669
115 9 0.0155636 0.00179939
834 16 0.032613 0.00255248
1302 28 0.0493458 0.00405486
1203 27 0.0458823 0.00388814
792 16 0.0312384 0.00271911
2651 79 0.0873487 0.00923162
304 13 0.0172426 0.00213354
1347 36 0.0498568 0.00433735
1176 29 0.0398844 0.00303317
883 20 0.0338177 0.00688578
1253 25 0.0427152 0.0050633
1289 25 0.0475209 0.0143998
911 24 0.0320055 0.0136453
2730 72 0.0824996 0.00579449
3974 82 0.133975 0.0111011
2416 64 0.0722282 0.00927613
915 20 0.0315959 0.00553773
1652 41 0.0534792 0.00459267
1272 35 0.0447006 0.00612771
3199 83 0.108164 0.0081815
1218 38 0.0459603 0.00420268
2218 41 0.0730172 0.00415369
2687 72 0.0854269 0.00709241
920 16 0.0358374 0.00289297
920 19 0.0375166 0.00308621
1336 20 0.0501301 0.00367476
1268 31 0.0487843 0.00594733
2480 75 0.0790618 0.00675255
3986 76 0.139975 0.00927709
2167 48 0.071276 0.00555474
799 19 0.0338948 0.00294649
998 20 0.0391062 0.00334705
1116 23 0.0437561 0.0128806
1299 24 0.0187477 0.00157286
776 15 0.0109939 0.000943847
1681 49 0.0195859 0.00299771
3290 79 0.0387698 0.00285982
986 25 0.0138021 0.0011504
1067 23 0.0139809 0.00114765
4684 118 0.0489908 0.00384815
662 15 0.00968209 0.000841909
1108 22 0.0151229 0.00138354
602 16 0.00868416 0.00250308
1290 29 0.0162742 0.00306453
803 18 0.0105627 0.000961787
1350 30 0.0162336 0.00140497
3394 91 0.0377756 0.00301046
1065 33 0.0139603 0.00127202
4785 116 0.0504374 0.00386648
815 25 0.0104517 0.00100913
1214 29 0.0162461 0.00134354
1279 30 0.0159834 0.00140644
1225 23 0.0155668 0.00222358
1071 24 0.0133148 0.00112808
1734 54 0.0216747 0.00315404
4139 103 0.0475077 0.00366223
1204 33 0.0164285 0.00146591
3553 78 0.0370349 0.00287616
796 23 0.0114562 0.00102952
1185 26 0.015515 0.00145813
1398 35 0.0181671 0.00152102
1266 30 0.0161276 0.00137891
922 20 0.0124687 0.00116546
1316 36 0.0187209 0.00162087
3044 73 0.0352164 0.00268997
1148 38 0.0149426 0.00142941
2611 52 0.0290486 0.00222295
812 17 0.0112661 0.00101138
1230 27 0.0161196 0.00141138
590 15 0.00865885 0.00082396
1237 23 0.0163227 0.00130409
3569 109 0.0418358 0.00342594
1575 42 0.0183391 0.00153062
948 34 0.0132386 0.00128028
3295 68 0.0339782 0.00310801
753 23 0.0103037 0.000954412
1167 19 0.0160549 0.00117837
495 16 0.0081489 0.00162531
1319 27 0.01666 0.00130561
632 8 0.0103589 0.000791477
3809 91 0.0468919 0.00363453
2501 65 0.0285529 0.00238483
950 27 0.0136627 0.00122036
657 19 0.0100819 0.000910264
4901 114 0.0515715 0.00411793
946 19 0.0125745 0.00222131
1098 26 0.0146583 0.00129329
1321 28 0.0167677 0.00139802
479 7 0.00803289 0.000765155
3708 105 0.0407231 0.00361691
974 22 0.0132917 0.00115103
3379 72 0.0387113 0.00307956
978 27 0.0126503 0.00123866
3991 93 0.0423164 0.0034136
785 20 0.0101877 0.0014897
1127 27 0.0146455 0.00133936
483 11 0.00792766 0.0010699
1301 27 0.0166673 0.00147878
4171 103 0.0461226 0.00391532
1071 24 0.014719 0.00133599
3966 87 0.0452585 0.00338158
934 24 0.0126669 0.0012544
4022 88 0.0422833 0.00325119
838 22 0.0110297 0.00113856
1006 18 0.0134567 0.00121797
1293 23 0.0163544 0.0013969
5463 128 0.0627717 0.00503044
985 20 0.0133473 0.00122733
3844 79 0.0433505 0.00316767
1061 38 0.0135002 0.0014449
2383 57 0.0256279 0.00258544
820 20 0.0107536 0.00109915
1074 23 0.0138545 0.00221383
294 9 0.00584503 0.00369409
1271 28 0.0156898 0.00142796
3743 74 0.0436477 0.00568674
3880 101 0.044033 0.0114767
944 34 0.0343389 0.00677474
4593 105 0.141265 0.0110953
669 15 0.0234376 0.00181014
1125 19 0.03754 0.0030882
3166 72 0.106472 0.00865972
2119 49 0.0734998 0.00547797
2784 67 0.0853054 0.0089444
3523 62 0.117768 0.00825858
791 13 0.0330829 0.00276704
1164 29 0.042135 0.0062987
642 13 0.0232515 0.00284814
2963 93 0.100817 0.0085388
950 29 0.0363742 0.00231985
2056 54 0.0686458 0.0057987
2421 57 0.0739488 0.00409518
862 21 0.0289218 0.00218499
1281 28 0.0461925 0.00401947
789 19 0.0299779 0.00301225
3388 78 0.113258 0.0087901
1002 28 0.0347811 0.00361423
2010 51 0.0683176 0.00581987
2339 65 0.0755473 0.00642437
810 19 0.0340776 0.00333469
1458 27 0.0563695 0.00437559
1302 25 0.0514995 0.00576104
1230 25 0.0449058 0.00262379
695 13 0.0251041 0.00361519
4209 102 0.142599 0.0125574
1154 29 0.0378058 0.00589856
2206 59 0.0728515 0.00419069
2495 63 0.0810334 0.00600271
659 16 0.0296349 0.0033016
1316 29 0.0496226 0.00425402
3105 72 0.112173 0.00798706
1378 31 0.052453 0.00439414
1024 25 0.0428428 0.00351938
665 20 0.0297508 0.00330614
2584 66 0.0804044 0.00710262
952 33 0.0357927 0.00316279
4743 110 0.163396 0.011539
951 32 0.036529 0.00219435
3860 94 0.121858 0.00915598
574 13 0.02582 0.0025914
1267 29 0.048505 0.00425537
3026 66 0.109912 0.00793219
1248 31 0.0480956 0.00522963
1007 16 0.0334018 0.0075827
667 19 0.0126176 0.00579001
2966 80 0.0518848 0.00526218
4492 94 0.0917908 0.00721162
3225 80 0.0445807 0.00333943
2971 73 0.0462985 0.0040277
1340 24 0.0293414 0.0021938
2621 69 0.0692033 0.00793038
1186 21 0.0427795 0.00245016
1286 25 0.0493769 0.00274549
689 21 0.0270413 0.0029626
640 11 0.028008 0.00253377
1719 49 0.0480622 0.00542513
1232 33 0.0483408 0.0040761
1825 46 0.0305842 0.00207101
759 29 0.0137885 0.00209334
3579 81 0.0507179 0.00419509
3515 57 0.0519525 0.00340609
1678 42 0.0303634 0.00253445
1096 20 0.0238455 0.00192852
1134 26 0.0240155 0.00276559
1172 23 0.0276534 0.00244693
849 21 0.0251148 0.00305192
4238 87 0.127817 0.0042343
745 18 0.0137838 0.00154381
5150 105 0.0661101 0.00442656
1035 26 0.0145344 0.00133183
4075 89 0.043641 0.00343897
2663 63 0.0347928 0.00253899
1444 29 0.0202442 0.00161028
1183 25 0.0171745 0.00128106
1365 35 0.0190989 0.00221181
734 23 0.0112122 0.00123601
1212 24 0.0176786 0.00141475
3374 67 0.0399078 0.00286242
981 33 0.0139054 0.0013089
2909 82 0.0362043 0.00306026
1070 25 0.0147866 0.00131268
920 32 0.0133246 0.00131545
3912 107 0.042073 0.00344553
2625 59 0.0335894 0.00244752
1131 18 0.0158241 0.0012752
1317 30 0.0189732 0.00321387
1187 21 0.0171586 0.00132769
643 14 0.0104909 0.000975619
1322 33 0.0185675 0.00152228
3551 77 0.0439579 0.00404257
954 22 0.0131344 0.00118722
966 33 0.0132002 0.00124587
2927 83 0.0870351 0.0125452
881 28 0.018573 0.00116056
4650 87 0.0508752 0.00351096
2600 65 0.0333237 0.00260626
1267 29 0.0177406 0.00150902
1206 23 0.0180944 0.00140065
651 20 0.0100917 0.00104177
1265 30 0.0179667 0.00148527
3721 87 0.0447797 0.00337737
828 21 0.011869 0.00112089
982 38 0.0133843 0.0014399
3078 94 0.0367352 0.00320286
838 27 0.0121262 0.00106672
624 7 0.00974524 0.000747438
2652 61 0.0338906 0.0023288
1091 22 0.0154358 0.0011795
1338 23 0.0187899 0.00135499
1144 27 0.016213 0.0012521
691 13 0.0109686 0.000871723
1276 30 0.0440841 0.0062821
724 21 0.0326383 0.00261318
3831 93 0.126072 0.00921562
5813 143 0.196706 0.0190831
2984 54 0.110304 0.00807873
742 19 0.0386501 0.00441647
2791 64 0.0859701 0.0074818
1847 46 0.0635253 0.00488407
1336 23 0.0524258 0.0037047
1132 27 0.043878 0.00278113
502 13 0.0242305 0.00215416
644 18 0.0257536 0.00248862
1259 35 0.049425 0.0036021
1673 44 0.0583611 0.00504826
1645 46 0.0562703 0.00708556
3066 98 0.106406 0.0087511
2435 50 0.0810201 0.00686999
434 12 0.0185983 0.00460948
1251 31 0.0414883 0.00270749
1662 29 0.0609134 0.00419034
572 12 0.0243009 0.00210124
4326 97 0.122029 0.00438077
5383 130 0.0903076 0.00523035
1098 39 0.0168756 0.00164127
4196 86 0.0572242 0.00484869
1279 24 0.0248518 0.00249114
1679 28 0.03015 0.00158985
1317 29 0.0173679 0.00142255
452 14 0.00729413 0.00100423
581 12 0.00896909 0.000842285
3276 100 0.0374181 0.00319035
2391 70 0.0266239 0.002421
923 29 0.0292122 0.00658579
4460 100 0.132497 0.0102785
5155 165 0.148271 0.0130966
1946 35 0.0725461 0.00378256
458 14 0.0179488 0.0015031
1135 25 0.0398275 0.00369468
609 17 0.0255855 0.00270874
4621 105 0.115356 0.00521583
5276 110 0.0873187 0.00692087
998 27 0.021694 0.00305726
3328 69 0.0930137 0.0085609
1907 35 0.0667771 0.0035613
478 15 0.0198861 0.00314859
1138 21 0.0399995 0.00924824
573 15 0.0198025 0.00259073
3403 78 0.115457 0.00841634
3754 94 0.0829427 0.00413893
899 40 0.0152324 0.00173668
4089 97 0.0618064 0.00536505
1915 35 0.0406525 0.00320578
1166 23 0.0335177 0.00372695
477 10 0.0226303 0.00166019
765 17 0.0291729 0.010167
2460 67 0.0775407 0.00740853
4529 100 0.146777 0.0110951
2740 83 0.0887895 0.00771103
1948 42 0.0724715 0.00575358
1011 25 0.0378812 0.00344846
259 3 0.0147475 0.00612918
651 19 0.0266828 0.0027498
2892 70 0.0980752 0.0111122
5318 118 0.176039 0.0140214
2558 65 0.0807206 0.00665948
1164 24 0.0441174 0.00719173
283 5 0.013393 0.00178901
1214 27 0.0500415 0.00365344
1328 26 0.0518284 0.00543441
1495 26 0.0341282 0.00187745
549 14 0.0119395 0.000993726
1442 41 0.0263868 0.00230587
2240 51 0.0424374 0.00295203
710 19 0.0193143 0.00158044
4944 106 0.152842 0.00473644
2729 69 0.0377671 0.00345173
1246 31 0.021258 0.00190596
1180 28 0.0210852 0.00200015
439 11 0.0113157 0.00116071
681 20 0.0138955 0.00123672
1458 40 0.0214837 0.001972
2663 69 0.0397119 0.00323108
3061 87 0.0505891 0.00458915
2606 72 0.0450797 0.00414888
455 11 0.0142533 0.00299244
1292 31 0.0482799 0.00892055
1185 22 0.0376949 0.00636569
2357 54 0.0801729 0.00681046
734 22 0.024268 0.00214525
1434 44 0.0522302 0.00604907
2380 51 0.0568177 0.0023641
4710 98 0.0716212 0.0055025
2541 58 0.0436621 0.00344384
6664 174 0.184482 0.0182369
2037 41 0.0507847 0.00876369
3112 77 0.0561492 0.00788199
1341 40 0.025602 0.00681888
5657 120 0.104442 0.0116751
1473 24 0.0264928 0.0029167
545 7 0.00933833 0.00106338
6748 179 0.0843223 0.00677832
2024 40 0.025911 0.00187332
1195 33 0.0141813 0.00137623
2433 76 0.0262575 0.0104444
4542 110 0.163079 0.0122867
1541 35 0.0453401 0.00314573
574 11 0.0236882 0.00257215
6982 183 0.20749 0.0173978
2063 42 0.0696212 0.0220428
905 24 0.0283455 0.0188341
2215 59 0.0585086 0.0165508
4372 96 0.0871705 0.00546158
1436 27 0.0441672 0.00434341
562 7 0.0251081 0.00238329
#/home/michal/Dropbox/study/university/kth/thesis/data/features/annotations/0,015/featuredata_shot_sift_2015-05-28_10-56-42.txt
1163 8 0.020719 0.00986632
811 6 0.0251615 0.00522109
1264 3 0.0280851 0.00895548
4603 42 0.0720335 0.0124489
1311 7 0.0176042 0.0120471
1903 11 0.0285516 0.0128499
911 5 0.0216279 0.0158539
4468 32 0.0665374 0.0180068
995 4 0.0376189 0.0152807
733 5 0.0192553 0.0102922
1221 7 0.0285326 0.0136389
3656 15 0.0728299 0.00732139
1273 8 0.0247265 0.00582484
2134 13 0.0277622 0.00173141
866 6 0.0155343 0.000948803
3969 24 0.0433465 0.00301633
1237 5 0.0153961 0.00143683
789 6 0.0131388 0.00587686
1278 4 0.0160173 0.00582835
3556 20 0.0322721 0.00520847
2774 24 0.0352012 0.00204271
1439 12 0.0176257 0.00169517
3164 21 0.0322028 0.00289073
1386 8 0.0163925 0.00142376
1418 10 0.0156403 0.00121215
1204 5 0.0167424 0.00117143
3476 16 0.0366504 0.00322667
4675 23 0.046272 0.015466
4824 28 0.0874404 0.0157158
3352 36 0.0876373 0.00695256
1530 15 0.0350982 0.00216487
1084 4 0.027255 0.00221618
1999 9 0.0438634 0.00568586
1211 5 0.0198663 0.00125934
1410 10 0.0161973 0.00123705
3350 25 0.0332345 0.00472678
3216 22 0.0349471 0.0070483
887 7 0.0162267 0.00272839
4308 36 0.047141 0.002781
1291 7 0.0158301 0.00116938
1280 3 0.0163564 0.00129704
1220 5 0.0170009 0.00175983
2800 31 0.0367604 0.00856238
5238 23 0.0896723 0.0044824
1022 6 0.0194415 0.00306296
3501 22 0.0470906 0.00266884
818 6 0.0210078 0.00590793
1219 4 0.0286091 0.001328
811 5 0.0123569 0.00096207
1281 7 0.0350703 0.0017172
1414 7 0.0196948 0.00161834
5323 40 0.0667405 0.00494508
755 6 0.0270128 0.00119299
811 2 0.016506 0.00107715
1014 10 0.0198918 0.0023214
1414 7 0.0251004 0.00192481
1319 7 0.0186685 0.00132428
2084 11 0.0321912 0.0100124
3038 15 0.0478258 0.0164008
858 8 0.0225344 0.00993296
831 6 0.0265748 0.0112546
1205 4 0.0171448 0.00827258
1248 3 0.0195456 0.00168651
2037 13 0.0528904 0.00942857
4995 29 0.063289 0.0113386
1130 8 0.0280053 0.0106661
3761 24 0.058358 0.00737407
2304 13 0.0385669 0.00246833
1387 9 0.0258799 0.0174103
1239 6 0.0330648 0.00225729
702 7 0.0198666 0.00278167
2293 17 0.0338008 0.00245132
2572 25 0.047174 0.00288722
144 1 0.0148256 0.000593612
718 7 0.0240421 0.00244924
1205 7 0.0301369 0.00157175
1209 6 0.0298537 0.00287219
542 4 0.0267281 0.00086355
1287 2 0.0236419 0.00176721
807 5 0.0254251 0.00138283
2777 18 0.0683148 0.00522114
3317 29 0.0788687 0.00724526
892 8 0.0227381 0.00880789
1860 11 0.0348015 0.0107216
743 10 0.0225724 0.0113952
1259 8 0.0236165 0.0145096
1227 4 0.0285246 0.00836241
930 7 0.028819 0.00160276
3077 27 0.0396623 0.00314941
1205 7 0.0196793 0.00144373
951 3 0.0247383 0.00190538
802 8 0.0193575 0.0013015
1322 6 0.0284965 0.0110069
1247 2 0.0213477 0.00138683
940 7 0.0210107 0.00225758
3094 24 0.0305299 0.00550199
1202 7 0.0218061 0.0095849
127 1 0.0252789 0.0171963
943 4 0.0181305 0.0178891
742 6 0.0225437 0.00278687
1244 7 0.0203411 0.00209597
1268 5 0.0148952 0.00159607
811 4 0.0245771 0.0102682
2886 18 0.0423134 0.0133403
1408 8 0.0347108 0.0123237
1281 4 0.0277646 0.0132948
800 8 0.0430465 0.0117697
565 5 0.0257235 0.00706831
1217 8 0.0325488 0.00730888
1182 4 0.0415139 0.00421774
1319 7 0.034974 0.00185659
699 3 0.0329348 0.00665546
1693 10 0.03967 0.00421965
2619 19 0.0755898 0.00760553
2565 13 0.0593038 0.00260845
3484 27 0.0854711 0.00688942
4064 32 0.0754338 0.00435237
529 5 0.0289573 0.00242727
1119 5 0.0388083 0.00192923
1070 4 0.0249218 0.00170593
2096 17 0.0509768 0.00429181
956 6 0.0299956 0.00869745
661 4 0.0256062 0.0117185
1216 9 0.0345563 0.00984087
2936 35 0.0671287 0.0136929
1001 4 0.0209763 0.0140939
140 2 0.0296612 0.0121704
1040 8 0.027105 0.00208412
738 7 0.0431895 0.00387784
1072 2 0.0321258 0.00129069
1026 5 0.0196963 0.00588201
1239 4 0.0314041 0.00164144
899 10 0.0424054 0.00256597
3250 39 0.0716069 0.00652275
1464 13 0.0333752 0.00504412
1178 9 0.0205313 0.00149378
3468 16 0.0447169 0.0037855
835 5 0.02209 0.00297332
2445 10 0.0435424 0.00254784
1236 4 0.0212093 0.00268949
1040 8 0.036237 0.00832224
959 4 0.0472687 0.0103313
4858 27 0.0796586 0.0130778
980 6 0.0193415 0.00669058
4926 47 0.0628028 0.010914
3322 21 0.0628656 0.0215819
738 6 0.0333609 0.0054605
3327 16 0.0496082 0.00214982
1302 7 0.0216773 0.0165983
1063 2 0.0316733 0.0117193
952 6 0.0324365 0.00732434
4363 30 0.0797325 0.00894544
3069 22 0.0500535 0.0133866
781 6 0.023789 0.0109016
2521 24 0.04359 0.00774649
836 5 0.0367571 0.0122643
2730 9 0.0401628 0.017786
1396 8 0.0250274 0.00228945
1058 5 0.0161969 0.00407936
924 5 0.0183323 0.00193932
1853 12 0.0175212 0.00281597
2038 5 0.0206043 0.00332783
2577 26 0.0314381 0.00193819
786 8 0.0138141 0.00093109
2581 12 0.0285481 0.00612766
1311 6 0.0269245 0.00427423
1049 4 0.0234829 0.00267823
901 5 0.0184527 0.00165195
2306 10 0.0347763 0.00778632
4205 22 0.0517733 0.00775594
2644 27 0.0372535 0.00294433
764 8 0.0179033 0.00145269
2791 13 0.0428697 0.00387491
1303 7 0.0278189 0.0024037
1040 4 0.022303 0.00209496
865 6 0.0199175 0.0128106
2139 9 0.0294015 0.0025554
3222 20 0.0587145 0.0125736
2669 22 0.0521022 0.0164176
768 9 0.0199827 0.00959774
3005 14 0.0334695 0.00219391
1247 5 0.0147532 0.00118547
790 4 0.0136981 0.00114983
2123 8 0.0213148 0.00198914
5165 42 0.0560444 0.00336709
2156 17 0.0226529 0.0022534
732 6 0.0200188 0.00493287
2966 16 0.034239 0.0030742
1266 5 0.0203171 0.00151877
768 6 0.0165192 0.0077099
1081 7 0.0331654 0.0143866
2485 8 0.0338464 0.0185116
2138 24 0.0329 0.00624786
1375 14 0.0184517 0.00653945
770 6 0.022483 0.00749515
2807 18 0.0277516 0.00461043
1389 2 0.0190996 0.00245757
735 6 0.0156712 0.00504233
1058 6 0.0162548 0.00121672
2349 16 0.0255268 0.0114056
3872 27 0.0437925 0.0088313
1138 7 0.0320409 0.0021549
839 8 0.027318 0.00171413
3002 9 0.0434582 0.00413869
1275 2 0.0279736 0.00135453
1138 4 0.0205646 0.00145336
1114 9 0.0343618 0.00270827
3981 29 0.0879151 0.0094579
1020 9 0.0238065 0.00199896
2263 20 0.0412547 0.00391128
900 8 0.0251572 0.00176598
3135 13 0.0542837 0.0104854
1324 5 0.0234031 0.00273013
814 10 0.0305367 0.00231312
1067 6 0.0282509 0.00479729
1854 14 0.0475721 0.00194356
2372 17 0.0482447 0.00861048
1445 19 0.0296512 0.00276322
1437 11 0.0388666 0.0121923
686 6 0.026873 0.0101876
3351 15 0.0554737 0.0111811
1338 15 0.0289949 0.00550407
929 7 0.0334162 0.00298603
897 5 0.0263462 0.00192747
4053 30 0.0870632 0.0050971
915 7 0.0285711 0.00118155
1729 18 0.0455495 0.00256531
849 5 0.0301541 0.0015667
3316 20 0.0573043 0.00515645
913 7 0.0378751 0.00126786
1023 7 0.0262766 0.00223101
3004 12 0.0541121 0.00300267
1262 4 0.0243716 0.00160897
807 7 0.0303512 0.00224385
3001 30 0.08788 0.00776757
986 7 0.0395841 0.011467
4873 23 0.11096 0.0222585
1117 6 0.0308682 0.00963002
3452 20 0.0570886 0.00668709
856 8 0.0242758 0.00189944
1104 10 0.0239293 0.00176736
3408 16 0.0556012 0.00358181
1279 2 0.0309619 0.00448122
841 3 0.0250809 0.0210774
2899 18 0.0474061 0.0105258
3463 24 0.05141 0.00932795
1113 7 0.0306093 0.00330998
3887 24 0.060224 0.0080389
857 6 0.0283565 0.00264251
1012 9 0.0254734 0.010644
3190 12 0.0636796 0.0159976
1984 15 0.0325226 0.0120639
481 4 0.0257607 0.00648675
2896 16 0.0307567 0.00197718
4116 20 0.0495104 0.00574164
1117 6 0.019695 0.00630609
2946 19 0.0367693 0.0102085
841 8 0.021061 0.00935302
842 6 0.0157443 0.00226664
2930 11 0.0539368 0.0108809
1377 6 0.0278229 0.0115128
848 3 0.0220729 0.00745446
3320 11 0.0501061 0.015364
4204 22 0.0860899 0.0179491
1109 8 0.0278925 0.00879623
3357 22 0.05706 0.00974459
740 5 0.0253031 0.0034124
675 6 0.0241265 0.00403525
3077 14 0.0444942 0.00561537
1312 8 0.0336705 0.00547328
860 5 0.0214551 0.0022764
3265 16 0.0440115 0.00311137
2778 26 0.0491909 0.00846893
1122 6 0.0248428 0.00228847
2021 18 0.0455555 0.00338621
753 2 0.0255447 0.00140078
1080 4 0.0331688 0.00410618
3387 17 0.0610391 0.00556637
1324 3 0.0403023 0.00447998
3347 16 0.0411152 0.00849123
4467 25 0.0712096 0.00929692
1087 8 0.0205484 0.00361617
4138 30 0.0716097 0.00789172
704 5 0.0282993 0.00267328
1349 9 0.032486 0.00357452
3341 16 0.0631157 0.0104652
1261 7 0.0262434 0.00145998
3048 15 0.041198 0.00321697
4355 33 0.0759048 0.00788822
1084 5 0.0222611 0.00147423
4864 27 0.0754792 0.0178425
844 6 0.0337499 0.0013969
410 7 0.0311851 0.000859467
1027 4 0.0249944 0.00176528
1317 6 0.0422267 0.00349082
1273 6 0.0278332 0.00178948
1017 8 0.0288253 0.0015983
4306 21 0.103978 0.00421574
1011 8 0.0403906 0.00138011
979 7 0.0257268 0.00556011
1665 7 0.0317098 0.0148384
1197 6 0.0337377 0.014405
2230 21 0.0661025 0.0112838
860 5 0.0294007 0.0141536
869 5 0.0205263 0.00303669
406 5 0.0240634 0.00191699
970 5 0.0282682 0.00516296
1274 8 0.0296937 0.00904325
3116 23 0.0465129 0.00625242
960 8 0.0245976 0.00337121
1748 5 0.036222 0.00332659
952 5 0.0289332 0.00202009
4934 27 0.0804504 0.0114395
946 6 0.0327815 0.00226385
994 9 0.0323326 0.00215876
1189 12 0.0238348 0.00188674
541 5 0.0269445 0.00560959
1266 4 0.0283197 0.00189712
3517 38 0.0744564 0.014206
811 7 0.0233451 0.00987307
1836 8 0.043872 0.0128287
1141 6 0.026264 0.00998163
3864 19 0.0736774 0.0103259
840 10 0.022247 0.00833677
515 3 0.0226926 0.0016695
1018 2 0.0290007 0.00153687
1185 13 0.0249331 0.00835697
1249 5 0.0331838 0.00177854
835 7 0.0299949 0.00203348
3037 16 0.0582917 0.00616782
961 9 0.0260056 0.00153011
1753 4 0.0272336 0.00323821
1161 5 0.0292116 0.00160765
3215 19 0.0547767 0.0049086
880 8 0.0249542 0.00139569
664 3 0.0265167 0.00141353
1867 10 0.0309443 0.00306092
1259 3 0.0397829 0.00165377
1428 9 0.0240919 0.00220032
809 6 0.0225842 0.0129022
2426 10 0.0327321 0.0101131
858 6 0.021294 0.00936512
1680 11 0.0232815 0.00554754
2780 16 0.0324804 0.0078718
888 11 0.0196122 0.0052861
1356 9 0.0315948 0.00909116
1285 5 0.026197 0.0133818
919 8 0.0169482 0.00781704
2548 13 0.0494608 0.0121209
931 6 0.0256713 0.0113686
1813 8 0.0362004 0.00348184
2589 22 0.0423724 0.00348504
845 8 0.0359586 0.0019725
1576 7 0.0264072 0.00229554
1323 7 0.027898 0.00204676
1548 5 0.0252676 0.00376396
2913 24 0.0528384 0.00378694
1111 3 0.039093 0.00170149
1930 6 0.0303564 0.00327943
2736 18 0.0733293 0.00379599
858 4 0.0197034 0.00120932
1536 6 0.0357301 0.00376769
1264 9 0.0253464 0.00178144
1290 7 0.034932 0.00261546
918 7 0.023798 0.00150856
2320 16 0.0447428 0.00269547
919 7 0.0292606 0.0115267
2435 15 0.0579365 0.00414694
1140 7 0.0254876 0.0093612
4518 27 0.076164 0.0105692
793 4 0.03074 0.00654464
1465 10 0.0255922 0.00299241
1262 7 0.0384722 0.0168666
1303 5 0.0284087 0.00408107
1081 6 0.0318309 0.0104049
2171 15 0.0432048 0.00760382
1001 9 0.0238792 0.00122167
2113 15 0.0468598 0.00171996
1263 9 0.0299265 0.00439977
3833 29 0.0773394 0.00343052
784 5 0.029704 0.00126912
1602 8 0.0368406 0.0019478
1121 9 0.0337944 0.00311973
1347 8 0.0387571 0.00141911
965 5 0.0397381 0.00191828
1765 11 0.0250004 0.0029425
962 7 0.0368496 0.00256444
1901 14 0.0417136 0.002386
1168 6 0.040313 0.00211583
2840 31 0.0540933 0.0114276
827 7 0.0283664 0.00291934
1602 9 0.0435608 0.00395034
1176 8 0.0304348 0.00166111
1349 4 0.0218676 0.0013266
864 4 0.0310355 0.00161833
2386 15 0.0430562 0.00233836
778 4 0.0286648 0.00117222
1945 9 0.0514912 0.00243556
1206 8 0.0288478 0.00243705
2081 14 0.0375737 0.00337811
834 5 0.0308235 0.00200931
1302 10 0.0205517 0.00186331
1203 6 0.0278436 0.00163635
792 3 0.0282386 0.00165851
2651 19 0.0420059 0.00424071
304 9 0.0170747 0.000971727
1347 14 0.0220195 0.0020315
1176 5 0.0264505 0.00192551
883 8 0.0172697 0.00168678
1253 5 0.025997 0.0104594
1289 5 0.024319 0.0026996
911 9 0.0218031 0.00123987
2730 26 0.0456778 0.0120491
3974 29 0.0658138 0.00863736
2416 18 0.0352652 0.0116652
915 6 0.0276287 0.00459632
1652 12 0.0451388 0.00246786
1272 8 0.0197695 0.00177599
3199 25 0.0725098 0.00654314
1218 14 0.0230234 0.0028844
2218 8 0.0357529 0.0147071
2687 15 0.0386067 0.0102699
920 4 0.0279497 0.0092085
920 4 0.0163224 0.00583384
1336 12 0.0186517 0.00318336
1268 5 0.0340442 0.00253298
2480 21 0.032532 0.00525198
3986 21 0.0793855 0.0044899
2167 15 0.0305035 0.0122079
799 7 0.0365644 0.0016362
998 4 0.0344851 0.015736
1116 7 0.0246616 0.00916589
1299 6 0.0312244 0.01011
776 5 0.0333595 0.0111817
1681 9 0.0252831 0.00770988
3290 30 0.0523457 0.0136437
986 5 0.0304099 0.00728752
1067 8 0.0293564 0.00333271
4684 27 0.0751163 0.00469231
662 6 0.0229149 0.00344708
1108 4 0.0286698 0.00312764
602 2 0.0228995 0.00278963
1290 6 0.0259744 0.0122707
803 7 0.0194412 0.0114691
1350 9 0.0239733 0.00806851
3394 18 0.0451322 0.0024903
1065 8 0.0181473 0.00133708
4785 23 0.0521408 0.00776183
815 11 0.0185937 0.00136875
1214 10 0.0216626 0.00951795
1279 11 0.0380836 0.0120173
1225 4 0.0293711 0.00196593
1071 5 0.0196675 0.0111213
1734 8 0.0247711 0.00605823
4139 16 0.0684216 0.0165104
1204 9 0.0309228 0.00788215
3553 21 0.0491998 0.0104259
796 8 0.0297969 0.00713473
1185 10 0.0184649 0.00887392
1398 11 0.0440928 0.00922339
1266 4 0.0237681 0.0117304
922 4 0.0248082 0.00720458
1316 6 0.0156452 0.00470448
3044 17 0.039666 0.00293134
1148 7 0.0299918 0.00135993
2611 19 0.0312398 0.00268991
812 6 0.0174426 0.00748849
1230 5 0.0257466 0.00282807
590 4 0.0207146 0.00167084
1237 6 0.0242155 0.00190456
3569 20 0.0581376 0.00838746
1575 15 0.0225278 0.00160234
948 6 0.0145126 0.00463714
3295 15 0.0345163 0.00653371
753 5 0.0163193 0.00253657
1167 7 0.0217769 0.00134893
495 5 0.015044 0.000882148
1319 7 0.0209884 0.00125543
632 3 0.0162749 0.00106852
3809 39 0.0494619 0.00632461
2501 23 0.0793189 0.0144838
950 8 0.028948 0.00947509
657 7 0.0330656 0.00169022
4901 33 0.0715758 0.00590605
946 7 0.0290665 0.00166937
1098 4 0.0328327 0.00375177
1321 4 0.0299661 0.00378093
479 3 0.0170953 0.00142044
3708 21 0.0651587 0.00495683
974 4 0.0302266 0.00239794
3379 18 0.0651464 0.00404289
978 6 0.0272586 0.00183889
3991 13 0.0577884 0.00777671
785 10 0.041249 0.00213657
1127 8 0.0243223 0.00237141
483 5 0.0326187 0.00132827
1301 4 0.0216231 0.00154828
4171 29 0.0646226 0.00433355
1071 5 0.0296872 0.00349514
3966 18 0.0483805 0.00519921
934 8 0.0182395 0.00199069
4022 25 0.0644747 0.00434582
838 5 0.0174508 0.00124571
1006 8 0.0281373 0.00176949
1293 5 0.0196833 0.00118412
5463 40 0.101 0.00519135
985 4 0.0233165 0.00173023
3844 16 0.0462307 0.00462001
1061 5 0.0304406 0.0030009
2383 13 0.0323268 0.00258549
820 6 0.0239769 0.00205167
1074 4 0.0266475 0.00147849
294 2 0.0148285 0.00589391
1271 6 0.037353 0.00253147
3743 38 0.0569867 0.00248592
3880 16 0.067178 0.00503597
944 4 0.0163711 0.0015941
4593 26 0.0636213 0.00400385
669 2 0.00937115 0.00100123
3166 25 0.0404972 0.0040769
2119 2 0.0278924 0.00244453
2784 2 0.0281045 0.00387519
3523 18 0.0511947 0.00474805
791 1 0.0250492 0.00187855
1164 3 0.0331828 0.00173415
642 7 0.0158349 0.00190062
2963 21 0.0542039 0.00301892
950 7 0.0167877 0.00146488
2056 9 0.036154 0.00175999
2421 24 0.0385393 0.011238
862 4 0.0215648 0.00091474
1281 5 0.01513 0.00105098
789 4 0.0121731 0.000874273
3388 24 0.0451043 0.00311084
1002 5 0.0136685 0.00556723
2010 8 0.0240887 0.0109152
2339 17 0.0290217 0.00186732
810 5 0.0196344 0.00222599
1458 12 0.0228057 0.00141893
1302 6 0.0211137 0.00652385
1230 3 0.0224659 0.00112713
695 7 0.0148346 0.000856361
4209 21 0.0526287 0.00391357
1154 7 0.0193135 0.00555751
2206 19 0.0327185 0.00164978
2495 19 0.0292397 0.00226271
659 5 0.0234365 0.000959451
1316 9 0.0215875 0.00123016
3105 21 0.0404218 0.00326106
1378 6 0.0201599 0.00135037
1024 7 0.021575 0.0012993
665 4 0.0197278 0.00104642
2584 13 0.0339294 0.00348482
952 8 0.0242927 0.00126005
4743 24 0.0547927 0.00415859
951 4 0.0217233 0.00488052
3860 27 0.0478711 0.0111587
574 5 0.018978 0.00164662
1267 4 0.0215456 0.00170598
3026 17 0.0351315 0.00228582
1248 6 0.0206143 0.00168485
1007 7 0.0224418 0.001078
667 3 0.0138179 0.00897162
2966 17 0.0300373 0.00811873
4492 34 0.0576808 0.0037095
3225 14 0.0320377 0.00259394
2971 17 0.0374865 0.0134342
1340 7 0.0283242 0.00146622
2621 16 0.0334937 0.00188409
1186 6 0.0209775 0.0014119
1286 6 0.0237399 0.00118243
689 7 0.0161866 0.000851362
640 7 0.0182928 0.0072978
1719 7 0.0340458 0.00720018
1232 11 0.0286914 0.00976277
1825 16 0.0328169 0.00815034
759 7 0.0432731 0.0138622
3579 23 0.0487849 0.00235909
3515 23 0.0372016 0.0077058
1678 10 0.0260343 0.00648035
1096 6 0.0233277 0.00490461
1134 5 0.0225039 0.00112474
1172 3 0.0199017 0.00117667
849 5 0.0231202 0.00140335
4238 20 0.046191 0.00431791
745 2 0.0201657 0.000912547
5150 24 0.0529444 0.00459929
1035 6 0.0211928 0.00107712
4075 29 0.0481837 0.00284406
2663 17 0.0371856 0.00792304
1444 9 0.0370707 0.00256828
1183 9 0.0370075 0.00140327
1365 5 0.03405 0.00173108
734 5 0.0315146 0.00205111
1212 5 0.0385396 0.00251557
3374 22 0.0658999 0.00709285
981 10 0.0370522 0.00282167
2909 16 0.0453857 0.0112509
1070 3 0.0238971 0.00786094
920 7 0.0224719 0.00101017
3912 21 0.0432588 0.00276443
2625 21 0.0330742 0.00223847
1131 8 0.0228277 0.00166576
1317 8 0.0230174 0.00157058
1187 7 0.0203376 0.00157588
643 4 0.0196381 0.000960193
1322 5 0.0247236 0.00172711
3551 19 0.0460109 0.00312868
954 7 0.0182989 0.00103161
966 6 0.0199287 0.00519269
2927 22 0.047326 0.00273165
881 6 0.0210494 0.00124498
4650 28 0.0632204 0.00473035
2600 20 0.0327856 0.00983061
1267 8 0.0307444 0.00189693
1206 6 0.0213158 0.00139024
651 4 0.0209966 0.000981642
1265 5 0.0277819 0.00808348
3721 24 0.0488818 0.0026703
828 5 0.0179266 0.00234711
982 6 0.0204779 0.0012846
3078 17 0.0373607 0.00225509
838 8 0.0187178 0.00544549
624 5 0.0235404 0.00276927
2652 18 0.035935 0.00276244
1091 7 0.0243437 0.00155501
1338 8 0.0252474 0.0017447
1144 4 0.0253711 0.00632351
691 4 0.0259277 0.00144933
1276 4 0.0313355 0.00136566
724 4 0.0214797 0.000850094
3831 27 0.0454717 0.00373511
5813 38 0.0625617 0.00475183
2984 19 0.0396484 0.00330412
742 6 0.0219365 0.00106689
2791 21 0.0410524 0.00351315
1847 8 0.0300949 0.00761717
1336 7 0.0224462 0.00648196
1132 5 0.0208339 0.0068884
502 3 0.0167976 0.00122281
644 4 0.01707 0.0126996
1259 8 0.0282325 0.00906978
1673 13 0.0361878 0.00411141
1645 17 0.034669 0.00359917
3066 11 0.051812 0.00787919
2435 28 0.0400993 0.00891364
434 5 0.0194135 0.00292133
1251 6 0.0218484 0.00215159
1662 6 0.0314356 0.00196543
572 3 0.0177551 0.00126335
4326 26 0.0758344 0.00512632
5383 33 0.12181 0.00804465
1098 8 0.0220293 0.00891554
4196 33 0.0417191 0.00318342
1279 4 0.0201469 0.00140592
1679 4 0.0259317 0.00181415
1317 4 0.0205103 0.00144801
452 5 0.0158214 0.00110242
581 2 0.0163793 0.000908818
3276 21 0.038534 0.00566375
2391 20 0.0618841 0.00242873
923 5 0.0263397 0.0026344
4460 25 0.082791 0.0131985
5155 44 0.0893745 0.00541006
1946 8 0.0489363 0.00350032
458 4 0.0192753 0.00141383
1135 5 0.0264063 0.013649
609 2 0.0191033 0.00876736
4621 29 0.0864532 0.0195316
5276 26 0.084773 0.010888
998 10 0.0248688 0.00852336
3328 22 0.0760025 0.00919486
1907 10 0.0290165 0.0163454
478 3 0.0240141 0.00631135
1138 3 0.0281283 0.00225559
573 2 0.0204683 0.011957
3403 18 0.0486818 0.0129016
3754 14 0.0667975 0.004031
899 6 0.0194525 0.00165998
4089 21 0.0617925 0.00501273
1915 6 0.0270204 0.00231114
1166 3 0.029527 0.00360542
477 3 0.0167261 0.00267552
765 2 0.0201466 0.0013072
2460 20 0.0403208 0.00364572
4529 26 0.0782829 0.00838851
2740 23 0.0451927 0.00344066
1948 9 0.0450079 0.00333699
1011 5 0.018966 0.00200147
259 1 0.0110368 0.00158563
651 4 0.0254748 0.0023645
2892 17 0.0561694 0.00393895
5318 37 0.086602 0.00966509
2558 13 0.0347455 0.00553745
1164 2 0.0404054 0.0102782
283 2 0.0189646 0.00571695
1214 5 0.043021 0.00884043
1328 9 0.0356339 0.0202932
1495 6 0.02476 0.015444
549 1 0.0261959 0.0110759
1442 7 0.0385691 0.0178029
2240 18 0.0572594 0.0166735
710 7 0.0238991 0.00759994
4944 32 0.0950722 0.0093723
2729 22 0.0464752 0.00593709
1246 8 0.0269132 0.00301385
1180 4 0.0234538 0.00223499
439 2 0.0172008 0.00317647
681 5 0.0119044 0.00190106
1458 7 0.0366624 0.00238236
2663 29 0.067709 0.00659234
3061 25 0.0584356 0.0122268
2606 18 0.0557953 0.0124793
455 1 0.0195002 0.01132
1292 7 0.0214019 0.00923697
1185 3 0.0206054 0.00910122
2357 13 0.0320111 0.00933685
734 6 0.0170904 0.00820624
1434 10 0.0249199 0.00863372
2380 19 0.0359947 0.010821
4710 29 0.0688501 0.0153571
2541 15 0.0580303 0.0138351
6664 28 0.0706877 0.00430876
2037 11 0.0195801 0.00174786
3112 22 0.0398379 0.00211108
1341 8 0.0173276 0.00303908
5657 39 0.0707388 0.0134859
1473 11 0.0207382 0.0033771
545 1 0.0102471 0.00122738
6748 40 0.0572978 0.00555763
2024 8 0.0232585 0.00867705
1195 5 0.020969 0.00370072
2433 15 0.0511133 0.00339463
4542 30 0.0819407 0.00777256
1541 9 0.0352537 0.0103005
574 3 0.0168315 0.0112999
6982 45 0.108456 0.0255815
2063 8 0.0291873 0.00617671
905 7 0.0237551 0.00303243
2215 22 0.0267762 0.0027827
4372 31 0.0520448 0.00672968
1436 12 0.0330989 0.00192182
#/home/michal/Dropbox/study/university/kth/thesis/data/features/annotations/0,015/featuredata_shot_susan_2015-05-28_10-54-33.txt
1163 23 0.0222196 0.00624953
811 14 0.0190809 0.00304303
1264 13 0.03554 0.00151769
4603 31 0.0357966 0.00715863
1311 26 0.0184102 0.00178634
1903 21 0.0209347 0.00202932
911 4 0.0162913 0.00153014
4468 55 0.0481411 0.00813741
995 23 0.0176508 0.00184906
733 12 0.0144634 0.00148101
1221 14 0.0190285 0.00180627
3656 27 0.0447567 0.00793616
1273 14 0.0297006 0.00201795
2134 32 0.0465261 0.00489535
866 16 0.0325844 0.00291657
3969 61 0.0764091 0.00846425
1237 32 0.0392935 0.00748322
789 11 0.0297214 0.00266895
1278 16 0.0360442 0.00343388
2774 17 0.028109 0.00530016
1439 38 0.0390736 0.0181507
3164 74 0.0957422 0.0173213
1386 26 0.0271095 0.00783321
1418 32 0.0305622 0.00938453
1204 17 0.0134065 0.0098115
3476 3 0.0940272 0.0229984
4675 29 0.0295123 0.0119531
4824 36 0.11212 0.0104401
3352 45 0.0750791 0.0175405
1530 10 0.0394268 0.00417852
1084 29 0.0453113 0.00386714
1999 41 0.0623672 0.0044255
1211 14 0.0317535 0.01945
1410 1 0.0333821 0.01685
3350 11 0.0373201 0.0203489
3216 35 0.0327514 0.00725977
887 27 0.0138494 0.0105288
4308 52 0.0369268 0.0180427
1291 29 0.0301919 0.0216916
1280 26 0.0330133 0.0145405
1220 19 0.0386729 0.00910084
2800 16 0.0475723 0.00534179
5238 11 0.0931093 0.00934744
1022 19 0.0347298 0.0023617
3501 34 0.0688321 0.0092189
818 19 0.0251388 0.00207559
1219 28 0.0419186 0.00382752
811 7 0.0353296 0.00281031
1281 17 0.0381308 0.0053947
1414 8 0.0350875 0.00351541
5323 17 0.0999195 0.00953311
755 17 0.0271878 0.00182479
811 19 0.0273198 0.00278714
1014 14 0.0284109 0.0044287
1414 27 0.0410374 0.00361192
1319 18 0.0278142 0.00441271
2084 17 0.0283683 0.00524052
3038 45 0.0469681 0.00710056
858 19 0.0268181 0.0090521
831 1 0.0187644 0.00782044
1205 21 0.0317325 0.00820845
1248 15 0.026363 0.00369521
2037 5 0.0484943 0.00621844
4995 36 0.114919 0.0109431
1130 22 0.0314037 0.00278671
3761 48 0.0793734 0.0085919
2304 15 0.0534981 0.00562818
1387 28 0.0544433 0.00459671
1239 13 0.0445194 0.00431822
702 2 0.0253439 0.00188287
2293 13 0.0466337 0.00574714
2572 40 0.0594193 0.0181668
144 4 0.012706 0.00264221
718 17 0.0324981 0.00937694
1205 30 0.0491416 0.00893319
1209 29 0.0397673 0.00526094
542 20 0.0308888 0.001767
1287 24 0.0338139 0.00144626
807 2 0.020756 0.00129888
2777 16 0.0468126 0.0039448
3317 50 0.0742761 0.0104258
892 28 0.0413315 0.00139663
118 4 0.0267808 0.00099281
1860 13 0.0541566 0.00679959
743 13 0.0107189 0.00196745
1259 24 0.0441512 0.00389196
1227 23 0.0439447 0.00414433
930 4 0.0316582 0.00122531
3077 2 0.0247607 0.00261771
1205 6 0.0147034 0.00155859
140 3 0.0101549 0.00271759
951 3 0.015092 0.00135075
802 8 0.0166562 0.00420409
1322 24 0.0260698 0.00315418
1247 1 0.0239246 0.0020185
940 18 0.0282281 0.00403298
3094 16 0.0356907 0.00266393
1202 6 0.0173857 0.00405567
127 3 0.0112006 0.000791855
943 12 0.0168748 0.0015066
742 15 0.0164745 0.00172474
1244 28 0.0244239 0.00194632
1268 11 0.0241605 0.00195834
811 26 0.0313491 0.00301664
2886 25 0.0586266 0.00391525
1408 7 0.0187247 0.00174424
133 4 0.0119622 0.00120435
1281 9 0.0280713 0.00916834
800 8 0.0228365 0.00512518
565 3 0.0285343 0.00649971
1217 31 0.0275852 0.00482354
1182 29 0.0228817 0.00190188
1319 16 0.0289267 0.00239175
699 2 0.0145864 0.00613271
1693 27 0.036798 0.00325511
2619 8 0.0259195 0.00278044
2565 57 0.0652006 0.00600347
3484 28 0.0293111 0.00335339
4064 72 0.036279 0.0120612
529 6 0.0133562 0.00132347
1119 29 0.0236747 0.00197154
1070 26 0.0236641 0.00168474
2096 47 0.02677 0.00263427
956 23 0.0176269 0.00560571
661 9 0.0159722 0.00127465
1216 19 0.0216577 0.00192423
2936 9 0.0316188 0.00322135
1001 8 0.0216465 0.00173455
140 1 0.020906 0.00147636
1040 10 0.0264892 0.00135238
738 10 0.0126208 0.0011173
1072 20 0.0169757 0.00151787
1026 23 0.0184691 0.00165249
1239 21 0.0197354 0.00199189
899 10 0.0196829 0.00160788
3250 6 0.0457941 0.0151201
1464 13 0.0387469 0.00191652
1178 11 0.0411585 0.00285775
112 5 0.0238551 0.00232419
3468 29 0.0669593 0.0160601
835 17 0.0304942 0.00442833
2445 27 0.0611036 0.00435816
1236 12 0.0379879 0.00251459
1040 19 0.0174636 0.001228
959 17 0.02781 0.00779233
4858 25 0.0751747 0.0191253
980 30 0.0347439 0.0034066
4926 24 0.104091 0.00577309
3322 2 0.0451192 0.0135135
738 12 0.0232033 0.00154668
3327 12 0.0569662 0.00709486
1302 6 0.0370716 0.00258015
1063 8 0.0339412 0.0116631
952 22 0.0334224 0.0130926
4363 15 0.0605169 0.00745241
3069 5 0.0562464 0.0102855
781 20 0.0297912 0.00218345
2521 17 0.0452068 0.00686068
836 18 0.0285333 0.00407267
2730 13 0.0441538 0.0100877
1396 17 0.0196729 0.00248045
1058 2 0.0164319 0.00231048
924 18 0.0223336 0.0017416
1853 5 0.0359701 0.0098771
2038 5 0.0343891 0.00383144
2577 30 0.0492684 0.00449217
786 20 0.0280326 0.00320372
2581 22 0.0542608 0.00916171
1311 11 0.0286357 0.00311926
1049 15 0.0210344 0.00178929
901 22 0.0258815 0.00259203
2306 1 0.0493208 0.00424214
4205 22 0.0571856 0.0032942
2644 14 0.0371005 0.00509633
764 17 0.0295866 0.0034629
2791 13 0.0615353 0.00585714
1303 19 0.0373529 0.00230404
1040 2 0.0289023 0.00277963
865 7 0.030801 0.00201014
2139 3 0.0315801 0.00186824
3222 13 0.0468714 0.00321097
2669 35 0.039641 0.00381732
768 14 0.0249579 0.00247464
3005 51 0.0402673 0.0030163
1247 18 0.0165204 0.00137664
790 5 0.0108171 0.000852632
2123 5 0.0166757 0.00234195
5165 20 0.0321726 0.00322853
2156 16 0.0141891 0.00162179
732 20 0.0103876 0.00100192
2966 34 0.0282262 0.00249618
1266 16 0.0145388 0.00130183
768 7 0.0111792 0.000922496
1081 15 0.0132911 0.00380895
2485 4 0.0184472 0.00385788
2138 32 0.0166624 0.00214882
1375 7 0.0128235 0.00116242
770 10 0.0102023 0.0010086
2807 29 0.0240672 0.00249839
1389 5 0.0142896 0.00120951
735 24 0.0109023 0.0010781
1058 1 0.0128662 0.00094833
2349 4 0.0170928 0.00177606
3872 41 0.0276755 0.00403077
1138 10 0.0184197 0.00121135
839 18 0.0127487 0.00400271
3002 14 0.0387887 0.00326005
1275 14 0.0333905 0.0024677
1138 4 0.0321811 0.00309404
1114 9 0.029906 0.00114558
3981 31 0.0619793 0.00366442
1020 18 0.0198648 0.00148052
2263 17 0.0318928 0.0037455
900 16 0.0189424 0.00198407
3135 15 0.0385466 0.00407534
1324 6 0.027167 0.00121503
814 20 0.0212548 0.00212471
1067 18 0.0275968 0.00145897
1854 26 0.0271888 0.00367347
2372 24 0.0326106 0.00183476
1445 23 0.0315498 0.0040355
1437 38 0.0509445 0.00280768
686 15 0.0204723 0.0103802
3351 30 0.0355366 0.00659604
1338 27 0.0247503 0.00901093
929 8 0.0183769 0.00590095
897 15 0.0200765 0.00465659
4053 56 0.0418681 0.00811457
915 16 0.0194545 0.00505246
1729 27 0.0246379 0.00735168
849 8 0.0177471 0.00279248
3316 67 0.0399954 0.00751591
913 15 0.0166924 0.00615469
1023 25 0.0223676 0.00467104
3004 9 0.0512379 0.0218962
1262 20 0.0450785 0.0117677
807 2 0.0322994 0.0115309
3001 20 0.0594251 0.0145075
986 24 0.0412682 0.0100125
4873 61 0.0876266 0.0126901
1117 16 0.0339838 0.00338722
3452 26 0.0652487 0.00670587
856 19 0.0314739 0.00630045
1104 21 0.0162303 0.00907534
3408 54 0.0467639 0.00270637
1279 12 0.0131444 0.00115036
841 1 0.0113397 0.00124334
2899 16 0.0198862 0.00198697
3463 23 0.0221792 0.002447
1113 20 0.013612 0.00681945
3887 37 0.0270294 0.00628381
857 18 0.0106189 0.00113365
1012 20 0.0132862 0.00171983
3190 29 0.0265242 0.00241909
1984 36 0.01933 0.00179714
481 6 0.00933211 0.000795267
2896 30 0.0210479 0.00207997
4116 53 0.026379 0.0030826
1117 7 0.0122756 0.00116369
2946 51 0.0232247 0.00261998
841 18 0.0104994 0.00121621
842 18 0.0117884 0.000989536
2930 14 0.0250271 0.00188715
1377 10 0.0137938 0.00112125
848 16 0.0106412 0.000986301
4204 20 0.0261086 0.00258125
1109 23 0.0129089 0.00187043
3357 26 0.0221202 0.00645939
740 8 0.0106695 0.0010216
675 13 0.0110106 0.000842691
3077 45 0.0254413 0.00247006
1312 6 0.0143577 0.00204839
860 10 0.0111109 0.00100696
3265 10 0.0233616 0.00216345
2778 12 0.0227697 0.00260815
1122 19 0.0142771 0.00122846
2021 2 0.0141302 0.00147883
1080 22 0.012438 0.00143419
3387 39 0.0273742 0.00265325
1324 22 0.0135628 0.00124564
3347 2 0.0204089 0.00186794
4467 37 0.0291365 0.00422653
1087 29 0.011866 0.0011636
4138 76 0.0280708 0.00318128
704 5 0.00836003 0.000864873
1349 23 0.0151317 0.00167135
3341 17 0.0251545 0.00226806
1261 27 0.0132234 0.00135573
3048 21 0.0188123 0.00199603
4355 40 0.0296852 0.00369439
1084 29 0.0121002 0.00121406
4864 53 0.029932 0.00320088
844 17 0.015636 0.0068248
410 11 0.0137445 0.00424695
1027 23 0.0477027 0.00646529
1317 31 0.0438248 0.00279907
1273 1 0.042264 0.00286812
1017 18 0.0421932 0.00322625
4306 8 0.0864779 0.00595853
1011 25 0.0433553 0.00332411
1665 6 0.0444592 0.0037954
2230 30 0.0485826 0.00507559
860 12 0.0328674 0.00412686
869 28 0.0327683 0.0027579
406 14 0.0450433 0.0121778
970 27 0.062948 0.0162833
1274 7 0.059563 0.0140997
3116 1 0.0840849 0.0197086
960 12 0.0420788 0.0077891
1748 7 0.0622251 0.0119786
952 24 0.0446979 0.00885697
4934 30 0.0333501 0.0111901
946 22 0.0267954 0.00763534
994 17 0.057029 0.0138577
1189 24 0.0624102 0.0168361
541 16 0.0217263 0.00847231
1266 17 0.036562 0.0113593
3517 2 0.0268425 0.00844101
811 6 0.0109722 0.00949864
1836 5 0.0259005 0.00439012
1141 23 0.0161101 0.00537095
3864 37 0.0278412 0.00433856
840 18 0.0120904 0.00106235
515 3 0.0108547 0.00074476
1018 21 0.0151738 0.00122876
1185 24 0.017822 0.00120834
1249 18 0.0143764 0.00153105
835 8 0.0117842 0.00082369
3037 1 0.0220236 0.00175635
961 3 0.01171 0.000952017
1753 6 0.0151093 0.00120477
1161 17 0.0174076 0.00367521
3215 11 0.0567876 0.00583796
880 18 0.03371 0.00303471
664 13 0.0323357 0.00763672
1867 32 0.0224473 0.00213572
1259 6 0.0183172 0.00141947
1428 41 0.0211823 0.00947562
809 17 0.0166406 0.00281616
2426 19 0.0305662 0.0022309
858 12 0.0176315 0.00266086
1680 14 0.0202597 0.00310804
2780 21 0.0289831 0.00272166
888 20 0.0174182 0.00171766
1356 36 0.0423891 0.011773
1285 1 0.0137889 0.00645002
919 21 0.0117211 0.00119237
2548 4 0.0189821 0.00167592
931 15 0.0109431 0.00117083
1813 15 0.0142966 0.00150102
2589 40 0.0178661 0.00199699
80 2 0.00721716 0.0030395
845 6 0.0111271 0.000953227
1576 12 0.0152232 0.00138401
1323 3 0.0114972 0.00113733
1548 1 0.0127555 0.00122345
2913 2 0.0181685 0.00181148
1111 1 0.0106945 0.000853702
1930 2 0.013988 0.00130266
2736 2 0.0153477 0.00326227
858 33 0.0109088 0.0011633
1536 32 0.0174187 0.00158734
1264 28 0.0152303 0.00133537
1290 15 0.0139774 0.00110124
918 16 0.0118341 0.000963952
2320 12 0.0170892 0.00170003
919 3 0.0112895 0.000844901
2435 39 0.0191088 0.00228797
1140 20 0.0139618 0.00110395
4518 62 0.0305337 0.00358409
1465 27 0.0242913 0.00767657
1262 23 0.044568 0.00785766
1303 6 0.0146879 0.00680775
1081 26 0.0158875 0.00638802
2171 13 0.017738 0.00927835
1001 11 0.0120114 0.00685839
2113 42 0.0191029 0.0089236
1263 21 0.0154132 0.00902423
3833 70 0.0287274 0.00939736
784 12 0.0279513 0.00341795
1602 42 0.063541 0.00515263
1121 25 0.0413081 0.00360145
1347 8 0.0429339 0.00335079
965 10 0.0365344 0.0030987
1765 3 0.0452514 0.0035002
962 4 0.0325952 0.00193692
1901 33 0.0496934 0.00664065
1168 23 0.0268554 0.0149589
2840 14 0.0209841 0.00633672
84 6 0.0148033 0.0097909
827 11 0.034112 0.00332378
1602 30 0.047434 0.00610714
1176 34 0.0314508 0.0144195
1349 7 0.0319274 0.00314505
864 15 0.0328483 0.00289101
2386 7 0.0505634 0.0142378
778 8 0.0397361 0.00366925
1945 41 0.0673795 0.0132588
1206 15 0.0540807 0.00965963
2081 22 0.058255 0.0156311
115 4 0.0129761 0.0082663
834 8 0.0150936 0.0125038
1302 31 0.0257496 0.00885043
1203 4 0.0286434 0.00599419
792 16 0.0169243 0.00169354
2651 28 0.0468211 0.00559244
304 8 0.0210215 0.00292589
1347 33 0.0381529 0.00440778
1176 4 0.0296348 0.00293312
883 9 0.0267017 0.00233266
1253 30 0.0389847 0.00410529
1289 22 0.0341902 0.00269198
911 20 0.0245613 0.00325107
2730 5 0.0454841 0.00478413
3974 5 0.0707276 0.0126158
2416 25 0.0431635 0.0202028
915 5 0.02456 0.0143313
1652 28 0.0373782 0.0167029
1272 1 0.0269396 0.010097
3199 4 0.0428743 0.0178885
1218 1 0.0263654 0.016515
2218 4 0.0389412 0.0166008
920 12 0.0271613 0.0171102
920 24 0.0278108 0.00998973
1336 22 0.0391555 0.0175693
1268 5 0.0302262 0.0121085
2480 11 0.0426528 0.00929528
3986 38 0.0655485 0.0179247
2167 8 0.0323724 0.0142269
799 1 0.0256843 0.0141698
998 24 0.0157438 0.00915596
1116 22 0.0152994 0.00134055
1299 25 0.0149873 0.00136036
776 18 0.0116673 0.00103949
1681 11 0.0147392 0.00141857
3290 19 0.0219252 0.00256083
986 5 0.0115062 0.00089449
1067 23 0.0157039 0.00128843
4684 63 0.0306004 0.00328025
1108 18 0.0134488 0.00124445
602 13 0.0104824 0.00115906
1290 15 0.0131805 0.00123098
803 17 0.0136531 0.00113481
1350 10 0.0115287 0.00119205
3394 21 0.0242381 0.00267318
1065 24 0.0128272 0.00111378
4785 39 0.0305158 0.00309121
1214 29 0.0139302 0.00124577
1279 37 0.0147228 0.00156908
1225 7 0.0130718 0.00114716
1071 21 0.0122904 0.0012415
1734 1 0.0140229 0.00131472
4139 22 0.0278851 0.00269532
1204 8 0.0138835 0.00245707
3553 54 0.0258267 0.00566117
796 5 0.00999672 0.00114122
1185 23 0.0148713 0.00644024
1398 35 0.0418494 0.00774724
1266 24 0.0318628 0.00331108
922 5 0.0235303 0.00234653
1316 3 0.0343181 0.00306226
3044 24 0.0593175 0.00567705
1148 17 0.0352046 0.00202082
2611 34 0.0568694 0.00548858
812 5 0.0269549 0.00217244
1230 21 0.036 0.00222138
590 10 0.0230821 0.00261825
1237 11 0.0350106 0.00439916
3569 3 0.0520004 0.0133061
1575 21 0.02818 0.00245288
948 21 0.0328128 0.0048654
3295 45 0.0631681 0.00705773
753 4 0.0278337 0.00219611
1167 23 0.0414887 0.00422256
495 2 0.0239507 0.00167179
1319 2 0.0406915 0.00879652
632 5 0.0302679 0.0027477
3809 4 0.0613629 0.00649555
2501 58 0.0521226 0.00756898
950 18 0.0337975 0.00431989
657 16 0.032728 0.00433655
4901 81 0.0910728 0.0102619
946 22 0.0325487 0.00309931
1098 25 0.0387909 0.00358617
1321 5 0.0383835 0.00321067
479 6 0.0256854 0.00179343
3708 19 0.0717748 0.00700847
974 17 0.0329725 0.00237426
3379 58 0.0636549 0.0147383
978 23 0.0324644 0.00236122
3991 19 0.06871 0.00700778
785 1 0.0268096 0.00237513
1127 21 0.039784 0.00512622
483 12 0.0247601 0.00272478
1301 6 0.031319 0.00259474
4171 34 0.0850075 0.00809645
1071 20 0.0364774 0.0034808
3966 31 0.0803597 0.00760242
934 20 0.0324517 0.0037769
4022 45 0.0665123 0.0062763
838 3 0.0210097 0.00218212
1006 20 0.0280895 0.00283321
1293 5 0.0320042 0.00380289
5463 47 0.0925918 0.0102144
985 20 0.0321244 0.00391261
3844 67 0.0745277 0.00944807
1061 26 0.0335091 0.00432089
2383 21 0.0435879 0.00895976
820 1 0.0253874 0.00245697
1074 24 0.0358173 0.0040609
294 7 0.0204548 0.00185182
1271 16 0.0367042 0.0034567
3743 7 0.0573543 0.00655902
3880 33 0.0777381 0.0074618
944 24 0.0342236 0.00327347
4593 52 0.0819357 0.0119871
3166 1 0.0563428 0.00558883
2119 1 0.034683 0.00437437
2784 4 0.037833 0.00606458
3523 39 0.0568834 0.00728553
791 5 0.0292211 0.00250966
1164 16 0.0351633 0.00333831
2963 17 0.0544457 0.00644627
950 22 0.0233298 0.00323502
2056 8 0.0403608 0.00824593
2421 18 0.0427736 0.0048737
862 3 0.0244273 0.00195152
1281 15 0.0317608 0.00340397
789 1 0.0228334 0.00177094
3388 59 0.0610243 0.00833678
1002 24 0.033273 0.00166058
2010 8 0.0402234 0.00411899
2339 15 0.0388347 0.00395468
810 1 0.0294442 0.00249281
1458 20 0.0390738 0.00382537
1302 34 0.0441554 0.00405742
1230 3 0.0329577 0.00297563
695 3 0.0269336 0.00226659
4209 51 0.0764162 0.00889291
1154 30 0.0436102 0.00178232
2206 52 0.0470844 0.00529937
2495 19 0.0434484 0.00403321
659 4 0.0284479 0.00191485
1316 22 0.0352993 0.00440658
3105 12 0.0688148 0.00556015
1378 5 0.0426853 0.00313467
1024 19 0.0431489 0.00333981
2584 5 0.0522735 0.00480718
952 27 0.0386258 0.00359656
4743 12 0.0946747 0.00831213
951 18 0.0403595 0.00324793
3860 55 0.0698226 0.00852396
1267 30 0.0407349 0.00832821
3026 48 0.066239 0.00876843
1248 16 0.0399174 0.00359887
1007 22 0.0412939 0.00328102
4492 63 0.0834422 0.00936842
3225 30 0.0647543 0.00651673
2971 20 0.0600338 0.00605813
1340 28 0.0479381 0.00430142
2621 15 0.0625128 0.0140028
1186 11 0.0359927 0.00245384
1286 31 0.0470726 0.00627549
689 4 0.0276279 0.00180443
640 1 0.0262848 0.00202487
1719 1 0.0361641 0.00353161
1232 30 0.0429235 0.00441253
1825 18 0.0459592 0.00421343
759 17 0.0352504 0.00235758
3579 61 0.0734519 0.00786019
3515 38 0.0663937 0.00722718
1678 26 0.0470203 0.0087655
1096 27 0.0278239 0.0022965
1134 14 0.0355805 0.00316886
1172 33 0.0465476 0.00393092
849 1 0.0294539 0.00260424
4238 12 0.0759889 0.00657216
5150 19 0.100546 0.00977779
1035 28 0.0449288 0.00372789
4075 20 0.0785397 0.00956437
2663 19 0.0630588 0.00552402
1444 29 0.0490243 0.00559361
1183 31 0.0483496 0.00377769
1365 11 0.0450533 0.00352741
734 2 0.0332475 0.00230954
1212 1 0.0386936 0.0031378
3374 42 0.0719869 0.00723876
981 23 0.0399755 0.00311794
2909 9 0.0594837 0.00549723
1070 4 0.0353533 0.0028138
920 27 0.0429868 0.00341936
3912 18 0.0718939 0.00826317
2625 22 0.0598822 0.00559258
1131 21 0.0456067 0.00362337
1317 37 0.0467567 0.00408906
1187 6 0.0407617 0.00308277
643 4 0.0274646 0.00179596
3551 59 0.034961 0.00367692
954 8 0.0183977 0.00296508
966 21 0.0222983 0.00171666
2927 26 0.0346311 0.00387773
881 20 0.029963 0.00315213
4650 47 0.0823457 0.0101303
2600 42 0.0549955 0.00624246
1267 26 0.0463903 0.00393995
1206 28 0.0463071 0.00371377
651 3 0.0259794 0.00143734
1265 4 0.0353711 0.00302824
3721 21 0.0829138 0.00706366
828 12 0.0333372 0.00305349
982 25 0.0394784 0.00277315
3078 13 0.0644643 0.00705587
838 23 0.037671 0.00720625
624 3 0.0278012 0.0022043
2652 5 0.0667095 0.00489797
1091 18 0.0469305 0.0034688
1338 32 0.0512385 0.00338121
1144 3 0.0425975 0.00276669
724 6 0.033429 0.00243232
3831 68 0.0834735 0.00870757
5813 22 0.100708 0.0100194
2984 11 0.0699307 0.00562877
742 13 0.0337298 0.00607267
2791 10 0.0369897 0.00459516
1847 46 0.0498725 0.0038156
1336 29 0.0417784 0.00273766
1132 4 0.0380507 0.00356071
502 5 0.027589 0.00213646
1673 7 0.0375366 0.00398629
1645 17 0.0377527 0.00400061
3066 32 0.0570007 0.00657069
2435 24 0.0466506 0.0078168
434 11 0.020228 0.00146921
1251 19 0.0358173 0.00502646
1662 4 0.0401364 0.00299122
572 4 0.0229373 0.00262142
4326 36 0.0808205 0.00935896
5383 31 0.0921787 0.01077
1098 15 0.0373409 0.00379739
4196 39 0.0695179 0.00875376
1279 12 0.0372282 0.003504
1679 3 0.0390257 0.00312171
1317 32 0.046068 0.00621518
452 12 0.0265067 0.00328704
581 3 0.0251604 0.00143974
2391 55 0.0472216 0.00655615
923 16 0.031045 0.0029514
4460 33 0.0744948 0.0149789
5155 37 0.0881249 0.00952197
1946 21 0.0464847 0.0043647
458 17 0.0264872 0.00233124
1135 18 0.0342394 0.00331269
609 2 0.0246257 0.00207287
4621 10 0.0828805 0.0079173
5276 19 0.0982615 0.00857776
998 20 0.036479 0.00302937
3328 2 0.0504022 0.00490879
1907 7 0.0447998 0.00416884
478 11 0.0253753 0.00226866
1138 23 0.0365551 0.00382248
573 1 0.0243621 0.00212962
3403 25 0.0586568 0.0053948
3754 66 0.0705229 0.00984263
899 21 0.0320106 0.00319887
4089 40 0.0732892 0.00802913
1915 4 0.0400324 0.00371371
1166 10 0.0324724 0.00360465
477 11 0.0239273 0.00232727
765 1 0.0237713 0.00876254
2460 4 0.038935 0.00238155
4529 43 0.0853799 0.00916989
2740 18 0.0467686 0.00554887
1948 31 0.0471798 0.00512696
1011 20 0.0302971 0.00440592
259 7 0.0181718 0.00189915
651 2 0.0232102 0.00236835
2892 27 0.0494862 0.00577793
5318 38 0.0984166 0.00990113
2558 17 0.0414721 0.00391232
1164 18 0.0400285 0.00343247
283 5 0.0259703 0.00133726
1214 19 0.0413456 0.00269352
1328 26 0.0420539 0.00534277
1495 40 0.0510594 0.00434546
549 1 0.0300474 0.00180309
1442 34 0.0499558 0.00446781
2240 7 0.0480235 0.00438758
710 22 0.0364539 0.0029379
4944 55 0.0933355 0.0102877
2729 32 0.0530138 0.00571121
1246 29 0.0383443 0.00295941
1180 24 0.0360764 0.00360652
439 10 0.0244943 0.00207939
681 1 0.0223829 0.00173146
1458 33 0.0428352 0.00473549
2663 16 0.0485282 0.00568955
3061 50 0.0571058 0.00691732
2606 13 0.0464159 0.00461175
455 8 0.0245765 0.00209599
1292 26 0.0443908 0.00390364
1185 6 0.0287851 0.00190166
2357 55 0.0563821 0.00834798
734 5 0.0285657 0.00254847
1434 39 0.0466751 0.00462273
2380 18 0.0485084 0.00566512
4710 46 0.0947311 0.00908895
2541 30 0.0466976 0.00468667
6664 53 0.122106 0.0119558
2037 27 0.0473173 0.00504104
3112 11 0.0565957 0.00821531
1341 21 0.0359765 0.0041424
5657 75 0.102853 0.0124689
1473 4 0.0263519 0.0024723
545 19 0.025968 0.00221521
6748 125 0.115003 0.0153704
2024 41 0.0370634 0.012855
1195 31 0.0317665 0.00863952
2433 18 0.0345739 0.00475353
4542 36 0.0769953 0.00850703
1541 6 0.0321519 0.0041923
574 9 0.0244576 0.00156206
6982 61 0.118833 0.0182326
2063 37 0.0422898 0.00748064
905 27 0.0190264 0.00151013
2215 17 0.0152624 0.00165629
4372 18 0.0286658 0.00294383
1436 7 0.0104713 0.00111404
562 15 0.00929768 0.000807546
#/home/michal/Dropbox/study/university/kth/thesis/data/features/annotations/0,015/featuredata_shot_uniform_2015-05-28_10-48-51.txt
1163 122 0.000864389 0.0089207
811 88 0.000542078 0.00292684
1264 122 0.000709282 0.00639632
4603 648 0.00077012 0.0228398
1311 137 0.000549566 0.00905608
1903 227 0.000976625 0.00797257
911 105 0.00099695 0.00638803
4468 483 0.00117959 0.0163408
995 109 0.000244763 0.00267247
733 74 0.00047644 0.00311328
1221 114 0.000551924 0.00257191
3656 429 0.00111344 0.0123285
1273 131 0.000949954 0.00421176
2134 273 0.00132738 0.0108401
866 110 0.000688981 0.00312691
3969 424 0.00156547 0.0115578
1237 113 0.000408743 0.00399714
789 79 0.000596696 0.0026287
1278 115 0.000731334 0.00661664
3556 332 0.000815423 0.0113787
2774 327 0.000849589 0.0137179
1439 168 0.000786923 0.0120978
3164 341 0.00159226 0.00832598
1386 134 0.000424498 0.00402257
1418 133 0.000525185 0.00387459
1204 113 0.00063769 0.00354691
3476 326 0.000982537 0.0137695
4675 477 0.00122315 0.0168973
4824 492 0.0011462 0.0181079
3352 590 0.00126766 0.0158871
1530 191 0.000807315 0.00654453
1084 133 0.000332992 0.00320926
1999 195 0.000574434 0.00896943
1211 126 0.000577842 0.00639916
1410 133 0.000742421 0.00336856
3350 307 0.00100148 0.00906418
3216 306 0.00107384 0.00824625
887 107 0.00107494 0.00273378
4308 463 0.00148578 0.0163225
1291 139 0.000393847 0.00573807
1280 119 0.000496245 0.0034842
1220 113 0.000603112 0.00516167
2800 432 0.00105928 0.0142429
5238 649 0.00116652 0.0200894
1022 126 0.00079531 0.00779384
3501 362 0.00100951 0.00973964
818 94 0.000330548 0.00484953
1219 130 0.000456684 0.00474374
811 76 0.000560283 0.00267772
1281 119 0.000894414 0.00358289
1414 135 0.00088719 0.00392838
5323 616 0.00141742 0.0166026
755 93 0.00137734 0.00873848
811 82 0.00157312 0.00773684
1014 132 0.00065786 0.00536208
1414 134 0.000830906 0.00581194
1319 124 0.000984266 0.0127136
2084 203 0.00103131 0.00616307
3038 384 0.00141748 0.017805
858 92 0.000719848 0.00523302
831 101 0.000648716 0.00317454
1205 121 0.000655522 0.00373635
1248 112 0.000900428 0.00415147
2037 201 0.00104184 0.00651063
4995 606 0.00122198 0.025495
1130 120 0.00146042 0.00390253
3761 400 0.00122677 0.0160707
2304 287 0.000731149 0.0120037
1387 121 0.000425655 0.00432472
1239 112 0.000727009 0.00422315
702 76 0.000668331 0.00215048
2293 306 0.000889948 0.0139791
2572 314 0.001707 0.0195752
144 22 0.00203002 0.00155961
718 103 0.000371461 0.0035955
1205 129 0.000556859 0.00500799
1209 122 0.000625167 0.00330167
542 68 0.000683724 0.0017492
1287 127 0.000673066 0.00700823
807 82 0.000627108 0.0050274
2777 314 0.00164589 0.0189127
3317 439 0.00212466 0.0255525
892 123 0.000873341 0.00560195
118 17 0.00211672 0.00947137
1860 185 0.00200385 0.0151631
743 97 0.000279182 0.00384944
1259 134 0.000522182 0.0028117
1227 118 0.000620321 0.00358434
930 108 0.000691299 0.00395399
3077 306 0.00141427 0.0153466
1205 114 0.000895341 0.00627993
140 22 0.0010116 0.00216056
951 98 0.00166867 0.00464128
802 103 0.000567289 0.00315963
1322 128 0.000522399 0.0036238
1247 121 0.000486599 0.00265745
940 106 0.000720898 0.00325135
3094 336 0.00116484 0.0174293
1202 116 0.00090072 0.00410224
127 19 0.000750137 0.00142933
943 110 0.00230443 0.0034483
742 97 0.000651925 0.00675409
1244 134 0.00063985 0.00390448
1268 114 0.000764439 0.00411994
811 88 0.000608501 0.00509764
2886 308 0.000917522 0.0148998
1408 129 0.00127138 0.00451541
133 17 0.000915152 0.00101521
1281 142 0.00106488 0.00463512
800 106 0.000401299 0.0105469
565 73 0.00122811 0.00287363
1217 127 0.000578692 0.00277694
1182 110 0.000818422 0.00297476
1319 130 0.000950272 0.00417747
699 67 0.00100583 0.00161541
1693 188 0.000955537 0.00412068
2619 351 0.00105225 0.0142121
2565 267 0.00269599 0.0137436
3484 380 0.00240767 0.0141186
4064 467 0.00290689 0.0266397
529 67 0.000346737 0.0022742
1119 111 0.000474958 0.00367844
1070 112 0.000675005 0.0121548
2096 212 0.000679274 0.00722673
956 105 0.0011237 0.0044917
661 66 0.000915012 0.00277837
1216 115 0.0010808 0.00433351
2936 381 0.00149385 0.0188658
1001 100 0.00114362 0.00689464
140 26 0.00169499 0.00129199
1040 117 0.0018156 0.00330388
738 104 0.000231829 0.00297284
1072 103 0.000765631 0.00459446
1026 98 0.000731548 0.00512868
1239 120 0.000926784 0.00923839
899 97 0.000688053 0.00390212
3250 428 0.00217946 0.0148242
1464 134 0.00325445 0.00544619
1178 119 0.00133248 0.0135179
112 19 0.00109418 0.00197747
3468 352 0.00158606 0.0131075
835 103 0.000509294 0.00439365
2445 233 0.000463569 0.00520479
1236 118 0.000464283 0.00241569
1040 107 0.000549753 0.00724787
959 91 0.000752729 0.00440315
4858 562 0.00109441 0.0231806
980 107 0.000598506 0.00387162
4926 640 0.00208808 0.024931
3322 358 0.00083878 0.0161939
738 97 0.000531171 0.00382138
3327 322 0.00140452 0.0188675
1302 120 0.000607013 0.00435618
1063 111 0.000723588 0.00446146
952 103 0.00113966 0.00523521
4363 534 0.00221004 0.0237281
3069 452 0.00170288 0.0152361
781 82 0.00070619 0.0022138
2521 292 0.0015046 0.0180959
836 98 0.000395736 0.0028818
2730 272 0.00172954 0.0142077
1396 139 0.00132146 0.00737627
1058 100 0.00107202 0.0109303
924 86 0.00126671 0.00346285
1853 169 0.00138465 0.0062493
2038 181 0.00116433 0.00750035
2577 289 0.00216427 0.0166453
786 98 0.000356595 0.00363503
2581 258 0.000985475 0.0130359
1311 123 0.000848435 0.00381131
1049 103 0.000796851 0.00427428
901 98 0.00122058 0.00388407
2306 211 0.000981842 0.00726774
4205 449 0.00146355 0.0241048
2644 306 0.00229508 0.0158233
764 102 0.000640012 0.00423789
2791 272 0.00106926 0.0129764
1303 126 0.000989129 0.00312802
1040 105 0.00074068 0.00797696
865 83 0.00122943 0.00410976
2139 176 0.0015149 0.0075209
3222 355 0.00178398 0.017006
2669 295 0.00198395 0.0143183
768 104 0.000450665 0.00379697
3005 301 0.000906432 0.0101423
1247 124 0.00107167 0.00515769
790 88 0.00144695 0.0084065
2123 182 0.00119047 0.00774203
5165 621 0.00286534 0.0339171
2156 265 0.000952381 0.0149487
732 100 0.000453046 0.0062384
2966 290 0.00071067 0.0153146
1266 117 0.000951191 0.00546914
768 81 0.000820896 0.00240008
1081 107 0.000963285 0.00344426
2485 224 0.00122467 0.00770823
2138 314 0.00130585 0.0164682
1375 156 0.00178578 0.00464054
770 96 0.000282851 0.00297026
2807 301 0.00102485 0.0148617
1389 145 0.000983667 0.0160178
735 81 0.00083864 0.00351789
1058 104 0.00120161 0.00376247
2349 219 0.0015431 0.00872387
3872 437 0.00181949 0.0182987
1138 132 0.00127089 0.00866435
839 111 0.000475382 0.0031606
3002 299 0.000775864 0.0152695
1275 109 0.00114895 0.00964986
1138 114 0.0011206 0.00490306
1114 136 0.00128612 0.00477895
3981 515 0.00204276 0.0202744
1020 124 0.001267 0.00869544
2263 294 0.00177862 0.0135768
900 124 0.00028142 0.00253719
3135 315 0.000791835 0.0105458
1324 129 0.000870667 0.0064698
814 83 0.000824441 0.00317397
1067 107 0.00081102 0.00605234
1854 228 0.00148742 0.0124947
2372 274 0.0018272 0.0131817
1445 154 0.00223063 0.00654163
1437 154 0.000640232 0.00597927
686 90 0.000752846 0.00430825
3351 322 0.00110432 0.0161508
1338 137 0.00182311 0.00748488
929 92 0.00117659 0.00360454
897 92 0.00133613 0.00284527
4053 491 0.00174887 0.0221517
915 100 0.00140478 0.00315866
1729 237 0.00131872 0.00934905
849 100 0.00173407 0.00289089
3316 355 0.00173361 0.0179585
913 124 0.000340353 0.00589673
1023 116 0.000457763 0.00366718
3004 280 0.000796969 0.00993772
1262 118 0.000977351 0.00775574
807 86 0.00132657 0.00937973
3001 416 0.00188567 0.0158339
986 113 0.00190751 0.00755053
4873 564 0.00319412 0.03103
1117 118 0.00173614 0.00613312
3452 366 0.00411794 0.0169242
856 114 0.000310323 0.00568202
1104 128 0.000721841 0.00488611
3408 314 0.00111329 0.0220822
1279 130 0.00150798 0.00480494
841 82 0.00132606 0.0042611
2899 263 0.00233917 0.0111768
3463 380 0.00299652 0.0276605
1113 118 0.00153975 0.00558736
3887 417 0.0024766 0.0212251
857 123 0.000595838 0.00491537
1012 104 0.000566732 0.0038557
3190 294 0.000941949 0.0094658
1984 184 0.0015781 0.00645859
481 65 0.00124056 0.00734832
2896 268 0.00190448 0.0124931
4116 486 0.00259135 0.0219534
1117 113 0.00113371 0.0146309
2946 325 0.00160937 0.0153033
841 113 0.000518487 0.00632695
842 86 0.00046025 0.00264746
2930 262 0.000798449 0.0121899
1377 146 0.000819825 0.00619503
848 82 0.000638888 0.00217805
3320 308 0.000936611 0.010245
4204 538 0.00203111 0.0209579
1109 123 0.00166319 0.0152983
3357 350 0.00207367 0.0141513
740 105 0.000477709 0.00242591
675 74 0.000334515 0.0017729
3077 277 0.000595257 0.00885521
1312 132 0.00068526 0.00705038
860 84 0.000803007 0.00352408
3265 292 0.00114645 0.0108897
2778 355 0.00166932 0.0164773
1122 120 0.00171082 0.0174867
2021 248 0.00217892 0.012183
753 99 0.000273343 0.00244883
1080 110 0.000385174 0.00318599
3387 311 0.000665343 0.0128423
1324 121 0.000927852 0.00517403
3347 287 0.00103265 0.0113723
4467 482 0.00254034 0.0315211
1087 129 0.0013792 0.00908914
4138 458 0.00254951 0.0216012
704 93 0.000746839 0.00343448
1349 157 0.000546406 0.00420028
3341 331 0.000801582 0.0125115
1261 120 0.000931307 0.00432182
3048 276 0.000980301 0.0185607
4355 476 0.0020335 0.0214729
1084 120 0.00129797 0.00363864
4864 552 0.00183671 0.0197802
844 100 0.00056 0.00336494
410 59 0.000592449 0.00472339
1027 95 0.000765441 0.00402405
1317 131 0.000893698 0.00544935
1273 121 0.00102561 0.00923977
1017 107 0.00126374 0.0044571
4306 463 0.00195087 0.0197127
1011 127 0.00124284 0.00917869
979 102 0.00179063 0.0041595
1665 160 0.00159679 0.00650808
1197 120 0.0027242 0.00579445
2230 315 0.00239932 0.0221971
860 102 0.000415911 0.00514545
869 80 0.000786823 0.00411844
406 53 0.000860618 0.00298663
970 103 0.00102273 0.00437598
1274 126 0.00256972 0.00517562
3116 403 0.00168417 0.0163871
960 114 0.00135157 0.0135597
1748 168 0.00203345 0.0127764
952 108 0.00179025 0.00478642
4934 547 0.00304625 0.0255018
946 116 0.000593716 0.00399876
994 90 0.000520928 0.0024199
1189 133 0.00061859 0.00485673
541 73 0.000663859 0.00325082
1266 124 0.00112649 0.00481076
3517 562 0.0015457 0.0278971
811 95 0.00169538 0.00609177
1836 170 0.00179632 0.0144676
1141 117 0.00179535 0.00912352
3864 403 0.0018617 0.0215444
840 113 0.000353062 0.00730163
515 64 0.000369534 0.00242322
1018 97 0.000842588 0.00438414
1185 104 0.000974841 0.0033483
1249 117 0.00106075 0.00426378
835 88 0.00116247 0.00393837
3037 328 0.00176553 0.0170704
961 112 0.00216244 0.00734355
1753 171 0.00146096 0.00766234
1161 130 0.00266284 0.00593833
3215 332 0.00238267 0.0184465
880 113 0.000428053 0.00362146
664 64 0.000485824 0.00319064
1867 179 0.00138246 0.00828549
1259 122 0.00102287 0.00844179
1428 153 0.00164298 0.00567458
809 90 0.00111474 0.0028914
2426 232 0.000980661 0.00915227
858 100 0.00174062 0.00304146
1680 162 0.00118532 0.00506284
2780 286 0.00137483 0.0191994
888 111 0.000686869 0.00917857
1356 149 0.00100871 0.00975796
1285 130 0.00148524 0.00475811
919 103 0.00131553 0.0086743
2548 249 0.00145509 0.00790317
931 111 0.00176795 0.00583623
1813 170 0.00153653 0.00584807
2589 312 0.00174346 0.0146932
80 12 0.00110255 0.00239394
845 117 0.000405555 0.0035705
1576 177 0.000589599 0.0049448
1323 142 0.000803087 0.00500202
1548 171 0.000940119 0.00615198
2913 323 0.00154792 0.0213235
1111 130 0.00147938 0.00745673
1930 192 0.00305982 0.00860734
2736 334 0.00161947 0.0167472
93 15 0.00207605 0.00111417
858 117 0.000256478 0.00319472
1536 160 0.000772283 0.008739
1264 145 0.00073781 0.0050474
1290 123 0.000814785 0.00641376
918 97 0.000890641 0.00767473
2320 235 0.00117682 0.0090813
919 105 0.00117079 0.00303389
2435 316 0.00150369 0.0118258
1140 117 0.0010062 0.00413388
4518 479 0.00199863 0.0150068
793 106 0.000288955 0.00302668
1465 155 0.000792425 0.0082001
1262 144 0.000937018 0.00843525
1303 117 0.0011736 0.0093713
1081 110 0.00130448 0.00468564
2171 218 0.00140798 0.0102457
1001 108 0.00146987 0.00501057
2113 260 0.00167528 0.0162881
1263 128 0.00236443 0.00644593
3833 410 0.00293932 0.0204632
784 109 0.000709661 0.00552252
1602 179 0.000849718 0.00713721
1121 116 0.000505426 0.00402179
1347 147 0.000599994 0.00515836
965 100 0.000961272 0.0058267
1765 196 0.00117296 0.00971744
962 107 0.00116917 0.00507327
1901 216 0.00168261 0.0133883
1168 125 0.00225335 0.0049787
2840 388 0.00214534 0.0182484
84 14 0.000890983 0.000847796
827 111 0.000373609 0.00616857
1602 165 0.000531221 0.00442433
1176 118 0.000802572 0.0045145
1349 127 0.000821596 0.00662393
864 101 0.00097535 0.00346742
2386 238 0.000906994 0.00654491
778 88 0.00128787 0.00372514
1945 234 0.00159813 0.010101
1206 117 0.0018208 0.00459274
2081 225 0.00153587 0.00968457
115 21 0.00125263 0.00276853
834 101 0.00031705 0.0039675
1302 143 0.000411562 0.00462876
1203 111 0.000464914 0.00346905
792 89 0.000642245 0.00239228
2651 299 0.00133581 0.0141607
304 64 0.00108548 0.00877879
1347 172 0.00148251 0.00881972
1176 130 0.00162804 0.00899643
883 122 0.000448126 0.00913385
1253 147 0.000410529 0.00411013
1289 119 0.000506872 0.00445178
911 99 0.000703026 0.00346616
2730 373 0.00102768 0.0151433
3974 458 0.0016389 0.0227824
2416 262 0.00126334 0.0120524
915 121 0.000964681 0.00517633
1652 178 0.000717766 0.00784002
1272 137 0.000733 0.00667144
3199 552 0.00156475 0.0211857
1218 174 0.000703334 0.0132098
2218 278 0.00117797 0.0158382
2687 324 0.00198177 0.0188886
920 119 0.00045757 0.00618372
920 93 0.000387694 0.00304924
1336 126 0.000506837 0.00430408
1268 125 0.000919738 0.00525907
2480 304 0.00124092 0.0116683
3986 486 0.00191424 0.0251693
2167 236 0.00139686 0.00826121
799 114 0.000432656 0.00430754
998 99 0.000601241 0.00357609
1116 113 0.000700576 0.00294451
1299 125 0.000596602 0.00285295
776 84 0.00064239 0.00581226
1681 176 0.00116104 0.00821653
3290 401 0.00203373 0.01704
986 108 0.00107236 0.0112449
1067 117 0.0010285 0.00304135
4684 489 0.0015087 0.0207899
662 96 0.000455247 0.00410803
1108 111 0.000661327 0.00643183
602 65 0.000579679 0.00243968
1290 120 0.00110984 0.00628683
803 88 0.00101811 0.00332687
1350 164 0.00145697 0.0087721
3394 407 0.00139007 0.0145708
1065 101 0.00141712 0.00435523
4785 509 0.00144429 0.0186142
815 111 0.000458821 0.00309667
1214 108 0.000369704 0.00245515
1279 140 0.000457081 0.0028747
1225 106 0.000553111 0.0102893
1071 110 0.000664243 0.00288821
1734 154 0.0016053 0.00610019
4139 454 0.00150411 0.0162745
1204 120 0.00208014 0.0124925
3553 374 0.00224766 0.0136456
796 107 0.000391745 0.00433086
1185 109 0.000629863 0.00421733
1398 152 0.000694041 0.00859898
1266 130 0.000811731 0.00349589
922 100 0.000807126 0.00293486
1316 104 0.000855537 0.00239095
3044 363 0.000770153 0.0121955
1148 122 0.00161652 0.00599389
2611 293 0.00157581 0.01518
812 105 0.000359011 0.00744797
1230 112 0.000394852 0.00675417
590 68 0.000572529 0.00295975
1237 118 0.000765611 0.00324131
3569 398 0.00103048 0.0184079
1575 211 0.00134329 0.0114307
948 102 0.00129545 0.00334017
3295 331 0.00134332 0.0175309
753 102 0.000294085 0.00788896
1167 121 0.000429051 0.00437579
495 62 0.00042563 0.00181865
1319 133 0.000568959 0.00480516
632 68 0.000611446 0.00170933
3809 529 0.000971851 0.0162314
2501 350 0.00118514 0.0152091
950 107 0.00147006 0.0114649
657 92 0.00203476 0.0048886
4901 507 0.00146836 0.0181988
946 127 0.00027277 0.00294276
1098 132 0.000573565 0.00385693
1321 129 0.000753037 0.00587329
479 63 0.000798176 0.00219993
3708 412 0.00106952 0.0138686
974 124 0.00135328 0.00641666
3379 421 0.00169032 0.0182016
978 116 0.00196912 0.00399116
3991 431 0.00185126 0.0165774
785 108 0.000366898 0.00199536
1127 121 0.000442189 0.00510995
483 60 0.000478713 0.00149732
1301 129 0.000843385 0.00332385
4171 460 0.00117605 0.0160422
1071 122 0.000818559 0.00369855
3966 413 0.00103869 0.0144772
934 102 0.00174029 0.00292566
4022 429 0.00125601 0.014397
838 111 0.000730255 0.00501605
1006 106 0.000574211 0.00290737
1293 127 0.000768665 0.00316122
5463 691 0.000965248 0.0267948
985 115 0.00636004 0.0134296
3844 407 0.00108906 0.0202535
1061 118 0.0012741 0.00348996
2383 260 0.00103624 0.0130387
820 111 0.000769616 0.0046467
1074 118 0.000615106 0.00380528
294 36 0.000558303 0.00163062
1271 117 0.000865893 0.00419971
3743 627 0.00156541 0.0228211
3880 495 0.00356301 0.0256925
944 104 0.000668628 0.00407576
4593 482 0.00255728 0.0222386
669 87 0.000396667 0.00298277
1125 112 0.000521836 0.00575545
3166 342 0.0012196 0.0179607
2119 210 0.00134685 0.0152727
2784 366 0.00298591 0.013109
3523 346 0.00100393 0.0146608
791 103 0.000918684 0.00404278
1164 110 0.000913712 0.00281868
642 75 0.000674647 0.00297914
2963 301 0.000980958 0.0171442
950 109 0.00144196 0.0067873
2056 200 0.00202672 0.0085522
2421 291 0.00185171 0.0156992
862 103 0.000649565 0.00742374
1281 127 0.000894031 0.00501617
789 69 0.000589638 0.00231221
3388 387 0.00100844 0.018062
1002 103 0.00189635 0.00426082
2010 191 0.00117006 0.00702188
2339 296 0.0012664 0.0144828
810 99 0.000547145 0.013679
1458 134 0.00117057 0.00523622
1302 130 0.000534371 0.00465379
1230 110 0.000892316 0.0050787
695 80 0.00110626 0.00274313
4209 461 0.00156057 0.0217904
1154 145 0.000888983 0.00507897
2206 284 0.00168586 0.0143514
2495 309 0.00263325 0.0146942
659 99 0.000540081 0.00816251
1316 154 0.000922904 0.00473796
3105 313 0.000938903 0.00998031
1378 132 0.00139022 0.00775782
1024 111 0.000998151 0.00315806
665 70 0.00105829 0.00222479
2584 315 0.0014105 0.0155592
952 146 0.00185792 0.0071148
4743 522 0.00205446 0.0278978
951 98 0.000946111 0.00340168
3860 432 0.00173061 0.0215426
574 76 0.000230558 0.00160515
1267 142 0.000483987 0.00274218
3026 317 0.000746202 0.011093
1248 123 0.00131474 0.00402188
1007 111 0.000964594 0.00424126
667 73 0.00103414 0.00290585
2966 260 0.00204407 0.0118247
4492 539 0.0026617 0.0194466
3225 326 0.00265605 0.0160009
2971 312 0.00187938 0.013065
1340 140 0.000683151 0.00495899
2621 290 0.00054055 0.00830617
1186 113 0.000676272 0.00350338
1286 125 0.000863013 0.00369424
689 67 0.000900303 0.00158622
640 99 0.000722222 0.00366981
1719 220 0.000871347 0.00645184
1232 155 0.00125014 0.00576896
1825 213 0.00124967 0.00608831
759 105 0.00119269 0.00244408
3579 371 0.00163225 0.0129126
3515 341 0.000860721 0.0114572
1678 197 0.000530373 0.00578108
1096 122 0.000686822 0.00406998
1134 102 0.000743611 0.00364017
1172 128 0.0010249 0.00329404
849 87 0.0010261 0.00295743
4238 428 0.00134736 0.0143646
745 73 0.00148613 0.00550723
5150 537 0.0020501 0.0246153
1035 120 0.00164429 0.00691667
4075 460 0.00298258 0.0210979
2663 296 0.000540025 0.00966225
1444 151 0.000623656 0.00659107
1183 126 0.000854873 0.0056235
1365 146 0.00127727 0.00532614
734 77 0.000660667 0.00182404
1212 125 0.000783749 0.00353055
3374 371 0.00155546 0.015145
981 146 0.00202197 0.00579692
2909 252 0.00202939 0.0097635
1070 102 0.00154008 0.00375146
920 117 0.00163581 0.00398568
3912 432 0.00232747 0.0191887
2625 300 0.000892223 0.0144325
1131 108 0.000876015 0.00476361
1317 138 0.000662555 0.00463523
1187 114 0.000758872 0.00436873
643 72 0.000819777 0.00240982
1322 141 0.00103776 0.00481522
3551 405 0.00134839 0.0134961
954 94 0.00153716 0.00917553
966 115 0.00158841 0.00444448
2927 437 0.00152528 0.0137855
881 108 0.00261447 0.0120637
4650 529 0.00165299 0.0257855
2600 286 0.000505682 0.00658742
1267 129 0.000511253 0.00391361
1206 123 0.0006263 0.0033048
651 72 0.000685189 0.00232784
1265 139 0.000855751 0.00425783
3721 398 0.00146288 0.0114076
828 77 0.00122453 0.00237075
982 110 0.00125663 0.00577324
3078 321 0.00177116 0.00803262
838 110 0.00154916 0.00301948
624 63 0.00157088 0.00191259
2652 306 0.000543737 0.00857651
1091 113 0.000790494 0.00479754
1338 145 0.000823928 0.00605594
1144 106 0.00105083 0.00374109
691 75 0.00108535 0.00253369
1276 137 0.00111336 0.00393881
724 76 0.00118999 0.00246234
3831 380 0.00173931 0.0117404
5813 673 0.00225534 0.0265287
2984 285 0.00307129 0.0144174
742 87 0.00307774 0.00411399
2791 341 0.00190183 0.0174255
1847 197 0.00259844 0.00734462
1336 146 0.000763253 0.00563981
1132 111 0.00108731 0.00641268
502 52 0.000823366 0.00223471
644 66 0.000846265 0.00252247
1259 136 0.000853381 0.00382273
1673 227 0.00105358 0.010537
1645 224 0.00196415 0.0148775
3066 306 0.0028182 0.0132358
2435 322 0.00220636 0.0156696
434 60 0.00101256 0.0108547
1251 121 0.000778565 0.00932267
1662 181 0.000874679 0.00612238
572 57 0.000678445 0.00376753
4326 501 0.00143544 0.021054
5383 659 0.00248235 0.0261386
1098 127 0.00151311 0.00511718
4196 445 0.0025743 0.0173895
1279 118 0.000398822 0.00390685
1679 182 0.000680061 0.0071879
1317 137 0.00101688 0.00959013
452 63 0.000911059 0.00317628
581 66 0.00102167 0.00229746
3276 275 0.00134966 0.0109671
2391 389 0.00199922 0.0182885
923 110 0.00200852 0.00393495
4460 503 0.00312048 0.023354
5155 718 0.00123956 0.0262167
1946 200 0.000946856 0.00995085
458 58 0.000927023 0.00249182
1135 108 0.000731704 0.00403911
609 67 0.000803312 0.00378098
4621 533 0.00135311 0.0266764
5276 600 0.00175681 0.0319502
998 113 0.00157204 0.00273738
3328 440 0.001835 0.0172701
1907 206 0.000578802 0.012214
478 56 0.000701684 0.00197293
1138 112 0.000675141 0.00371443
573 63 0.00073501 0.00210385
3403 388 0.001464 0.0135335
3754 452 0.00315759 0.0212907
899 119 0.00174646 0.00750589
4089 445 0.00283994 0.0183176
1915 197 0.000393957 0.00471858
1166 110 0.000546876 0.0047115
477 47 0.000714462 0.00187712
765 80 0.000999457 0.00372315
2460 277 0.0015661 0.01344
4529 508 0.00217701 0.0220467
2740 347 0.00183716 0.0149742
1948 199 0.000555404 0.00648148
1011 99 0.000516283 0.00343724
259 28 0.000642222 0.0015021
651 68 0.000863333 0.00268528
2892 321 0.00125782 0.00975229
5318 625 0.00194308 0.0188866
2558 281 0.00163586 0.0111096
1164 103 0.000445689 0.00437725
283 30 0.000480553 0.00157454
1214 116 0.000755302 0.00538177
1328 133 0.000852744 0.00641023
1495 144 0.000978469 0.00586147
549 63 0.00108344 0.00245272
1442 149 0.00158906 0.00590879
2240 277 0.00135507 0.0103289
710 98 0.00158072 0.00458008
4944 607 0.00159294 0.0244861
2729 303 0.00126808 0.0102417
1246 126 0.000340967 0.00518847
1180 116 0.00069596 0.00533934
439 47 0.00075755 0.0023372
681 73 0.000531346 0.00195031
1458 164 0.00069744 0.00519836
2663 405 0.00090639 0.0135882
3061 395 0.00301171 0.0186938
2606 300 0.00109828 0.0116289
455 49 0.000201038 0.00232883
1292 129 0.000763873 0.00539362
1185 113 0.000466154 0.00244127
2357 233 0.000792414 0.00619545
734 77 0.000848289 0.00341506
1434 160 0.0013986 0.00498952
2380 299 0.00196116 0.0136902
4710 547 0.00245222 0.0211037
2541 285 0.00136911 0.00720006
6664 646 0.00204437 0.0235773
2037 182 0.000491856 0.0055938
3112 391 0.000958614 0.0172967
1341 148 0.00151875 0.0102501
5657 702 0.00132162 0.0341483
1473 166 0.00128119 0.00731566
545 60 0.00124586 0.0135816
6748 699 0.00148138 0.0248587
2024 192 0.00101109 0.00839971
1195 148 0.00105462 0.00541896
2433 365 0.00133653 0.0143147
4542 554 0.00223219 0.0220442
1541 171 0.00154915 0.00660653
574 65 0.00112129 0.00297421
6982 745 0.00108271 0.0298526
2063 192 0.000435513 0.00691408
905 104 0.000641351 0.00359748
2215 246 0.000627338 0.00719196
4372 496 0.000802637 0.022852
1436 158 0.000982795 0.00527251
562 56 0.000775431 0.00203752
