#/home/michal/Dropbox/study/university/kth/thesis/data/features/annotations/0,015/featuredata_shot_uniform_2015-05-28_10-48-51.txt
1163 122 0.000864389 0.0089207
811 88 0.000542078 0.00292684
1264 122 0.000709282 0.00639632
4603 648 0.00077012 0.0228398
1311 137 0.000549566 0.00905608
1903 227 0.000976625 0.00797257
911 105 0.00099695 0.00638803
4468 483 0.00117959 0.0163408
995 109 0.000244763 0.00267247
733 74 0.00047644 0.00311328
1221 114 0.000551924 0.00257191
3656 429 0.00111344 0.0123285
1273 131 0.000949954 0.00421176
2134 273 0.00132738 0.0108401
866 110 0.000688981 0.00312691
3969 424 0.00156547 0.0115578
1237 113 0.000408743 0.00399714
789 79 0.000596696 0.0026287
1278 115 0.000731334 0.00661664
3556 332 0.000815423 0.0113787
2774 327 0.000849589 0.0137179
1439 168 0.000786923 0.0120978
3164 341 0.00159226 0.00832598
1386 134 0.000424498 0.00402257
1418 133 0.000525185 0.00387459
1204 113 0.00063769 0.00354691
3476 326 0.000982537 0.0137695
4675 477 0.00122315 0.0168973
4824 492 0.0011462 0.0181079
3352 590 0.00126766 0.0158871
1530 191 0.000807315 0.00654453
1084 133 0.000332992 0.00320926
1999 195 0.000574434 0.00896943
1211 126 0.000577842 0.00639916
1410 133 0.000742421 0.00336856
3350 307 0.00100148 0.00906418
3216 306 0.00107384 0.00824625
887 107 0.00107494 0.00273378
4308 463 0.00148578 0.0163225
1291 139 0.000393847 0.00573807
1280 119 0.000496245 0.0034842
1220 113 0.000603112 0.00516167
2800 432 0.00105928 0.0142429
5238 649 0.00116652 0.0200894
1022 126 0.00079531 0.00779384
3501 362 0.00100951 0.00973964
818 94 0.000330548 0.00484953
1219 130 0.000456684 0.00474374
811 76 0.000560283 0.00267772
1281 119 0.000894414 0.00358289
1414 135 0.00088719 0.00392838
5323 616 0.00141742 0.0166026
755 93 0.00137734 0.00873848
811 82 0.00157312 0.00773684
1014 132 0.00065786 0.00536208
1414 134 0.000830906 0.00581194
1319 124 0.000984266 0.0127136
2084 203 0.00103131 0.00616307
3038 384 0.00141748 0.017805
858 92 0.000719848 0.00523302
831 101 0.000648716 0.00317454
1205 121 0.000655522 0.00373635
1248 112 0.000900428 0.00415147
2037 201 0.00104184 0.00651063
4995 606 0.00122198 0.025495
1130 120 0.00146042 0.00390253
3761 400 0.00122677 0.0160707
2304 287 0.000731149 0.0120037
1387 121 0.000425655 0.00432472
1239 112 0.000727009 0.00422315
702 76 0.000668331 0.00215048
2293 306 0.000889948 0.0139791
2572 314 0.001707 0.0195752
144 22 0.00203002 0.00155961
718 103 0.000371461 0.0035955
1205 129 0.000556859 0.00500799
1209 122 0.000625167 0.00330167
542 68 0.000683724 0.0017492
1287 127 0.000673066 0.00700823
807 82 0.000627108 0.0050274
2777 314 0.00164589 0.0189127
3317 439 0.00212466 0.0255525
892 123 0.000873341 0.00560195
118 17 0.00211672 0.00947137
1860 185 0.00200385 0.0151631
743 97 0.000279182 0.00384944
1259 134 0.000522182 0.0028117
1227 118 0.000620321 0.00358434
930 108 0.000691299 0.00395399
3077 306 0.00141427 0.0153466
1205 114 0.000895341 0.00627993
140 22 0.0010116 0.00216056
951 98 0.00166867 0.00464128
802 103 0.000567289 0.00315963
1322 128 0.000522399 0.0036238
1247 121 0.000486599 0.00265745
940 106 0.000720898 0.00325135
3094 336 0.00116484 0.0174293
1202 116 0.00090072 0.00410224
127 19 0.000750137 0.00142933
943 110 0.00230443 0.0034483
742 97 0.000651925 0.00675409
1244 134 0.00063985 0.00390448
1268 114 0.000764439 0.00411994
811 88 0.000608501 0.00509764
2886 308 0.000917522 0.0148998
1408 129 0.00127138 0.00451541
133 17 0.000915152 0.00101521
1281 142 0.00106488 0.00463512
800 106 0.000401299 0.0105469
565 73 0.00122811 0.00287363
1217 127 0.000578692 0.00277694
1182 110 0.000818422 0.00297476
1319 130 0.000950272 0.00417747
699 67 0.00100583 0.00161541
1693 188 0.000955537 0.00412068
2619 351 0.00105225 0.0142121
2565 267 0.00269599 0.0137436
3484 380 0.00240767 0.0141186
4064 467 0.00290689 0.0266397
529 67 0.000346737 0.0022742
1119 111 0.000474958 0.00367844
1070 112 0.000675005 0.0121548
2096 212 0.000679274 0.00722673
956 105 0.0011237 0.0044917
661 66 0.000915012 0.00277837
1216 115 0.0010808 0.00433351
2936 381 0.00149385 0.0188658
1001 100 0.00114362 0.00689464
140 26 0.00169499 0.00129199
1040 117 0.0018156 0.00330388
738 104 0.000231829 0.00297284
1072 103 0.000765631 0.00459446
1026 98 0.000731548 0.00512868
1239 120 0.000926784 0.00923839
899 97 0.000688053 0.00390212
3250 428 0.00217946 0.0148242
1464 134 0.00325445 0.00544619
1178 119 0.00133248 0.0135179
112 19 0.00109418 0.00197747
3468 352 0.00158606 0.0131075
835 103 0.000509294 0.00439365
2445 233 0.000463569 0.00520479
1236 118 0.000464283 0.00241569
1040 107 0.000549753 0.00724787
959 91 0.000752729 0.00440315
4858 562 0.00109441 0.0231806
980 107 0.000598506 0.00387162
4926 640 0.00208808 0.024931
3322 358 0.00083878 0.0161939
738 97 0.000531171 0.00382138
3327 322 0.00140452 0.0188675
1302 120 0.000607013 0.00435618
1063 111 0.000723588 0.00446146
952 103 0.00113966 0.00523521
4363 534 0.00221004 0.0237281
3069 452 0.00170288 0.0152361
781 82 0.00070619 0.0022138
2521 292 0.0015046 0.0180959
836 98 0.000395736 0.0028818
2730 272 0.00172954 0.0142077
1396 139 0.00132146 0.00737627
1058 100 0.00107202 0.0109303
924 86 0.00126671 0.00346285
1853 169 0.00138465 0.0062493
2038 181 0.00116433 0.00750035
2577 289 0.00216427 0.0166453
786 98 0.000356595 0.00363503
2581 258 0.000985475 0.0130359
1311 123 0.000848435 0.00381131
1049 103 0.000796851 0.00427428
901 98 0.00122058 0.00388407
2306 211 0.000981842 0.00726774
4205 449 0.00146355 0.0241048
2644 306 0.00229508 0.0158233
764 102 0.000640012 0.00423789
2791 272 0.00106926 0.0129764
1303 126 0.000989129 0.00312802
1040 105 0.00074068 0.00797696
865 83 0.00122943 0.00410976
2139 176 0.0015149 0.0075209
3222 355 0.00178398 0.017006
2669 295 0.00198395 0.0143183
768 104 0.000450665 0.00379697
3005 301 0.000906432 0.0101423
1247 124 0.00107167 0.00515769
790 88 0.00144695 0.0084065
2123 182 0.00119047 0.00774203
5165 621 0.00286534 0.0339171
2156 265 0.000952381 0.0149487
732 100 0.000453046 0.0062384
2966 290 0.00071067 0.0153146
1266 117 0.000951191 0.00546914
768 81 0.000820896 0.00240008
1081 107 0.000963285 0.00344426
2485 224 0.00122467 0.00770823
2138 314 0.00130585 0.0164682
1375 156 0.00178578 0.00464054
770 96 0.000282851 0.00297026
2807 301 0.00102485 0.0148617
1389 145 0.000983667 0.0160178
735 81 0.00083864 0.00351789
1058 104 0.00120161 0.00376247
2349 219 0.0015431 0.00872387
3872 437 0.00181949 0.0182987
1138 132 0.00127089 0.00866435
839 111 0.000475382 0.0031606
3002 299 0.000775864 0.0152695
1275 109 0.00114895 0.00964986
1138 114 0.0011206 0.00490306
1114 136 0.00128612 0.00477895
3981 515 0.00204276 0.0202744
1020 124 0.001267 0.00869544
2263 294 0.00177862 0.0135768
900 124 0.00028142 0.00253719
3135 315 0.000791835 0.0105458
1324 129 0.000870667 0.0064698
814 83 0.000824441 0.00317397
1067 107 0.00081102 0.00605234
1854 228 0.00148742 0.0124947
2372 274 0.0018272 0.0131817
1445 154 0.00223063 0.00654163
1437 154 0.000640232 0.00597927
686 90 0.000752846 0.00430825
3351 322 0.00110432 0.0161508
1338 137 0.00182311 0.00748488
929 92 0.00117659 0.00360454
897 92 0.00133613 0.00284527
4053 491 0.00174887 0.0221517
915 100 0.00140478 0.00315866
1729 237 0.00131872 0.00934905
849 100 0.00173407 0.00289089
3316 355 0.00173361 0.0179585
913 124 0.000340353 0.00589673
1023 116 0.000457763 0.00366718
3004 280 0.000796969 0.00993772
1262 118 0.000977351 0.00775574
807 86 0.00132657 0.00937973
3001 416 0.00188567 0.0158339
986 113 0.00190751 0.00755053
4873 564 0.00319412 0.03103
1117 118 0.00173614 0.00613312
3452 366 0.00411794 0.0169242
856 114 0.000310323 0.00568202
1104 128 0.000721841 0.00488611
3408 314 0.00111329 0.0220822
1279 130 0.00150798 0.00480494
841 82 0.00132606 0.0042611
2899 263 0.00233917 0.0111768
3463 380 0.00299652 0.0276605
1113 118 0.00153975 0.00558736
3887 417 0.0024766 0.0212251
857 123 0.000595838 0.00491537
1012 104 0.000566732 0.0038557
3190 294 0.000941949 0.0094658
1984 184 0.0015781 0.00645859
481 65 0.00124056 0.00734832
2896 268 0.00190448 0.0124931
4116 486 0.00259135 0.0219534
1117 113 0.00113371 0.0146309
2946 325 0.00160937 0.0153033
841 113 0.000518487 0.00632695
842 86 0.00046025 0.00264746
2930 262 0.000798449 0.0121899
1377 146 0.000819825 0.00619503
848 82 0.000638888 0.00217805
3320 308 0.000936611 0.010245
4204 538 0.00203111 0.0209579
1109 123 0.00166319 0.0152983
3357 350 0.00207367 0.0141513
740 105 0.000477709 0.00242591
675 74 0.000334515 0.0017729
3077 277 0.000595257 0.00885521
1312 132 0.00068526 0.00705038
860 84 0.000803007 0.00352408
3265 292 0.00114645 0.0108897
2778 355 0.00166932 0.0164773
1122 120 0.00171082 0.0174867
2021 248 0.00217892 0.012183
753 99 0.000273343 0.00244883
1080 110 0.000385174 0.00318599
3387 311 0.000665343 0.0128423
1324 121 0.000927852 0.00517403
3347 287 0.00103265 0.0113723
4467 482 0.00254034 0.0315211
1087 129 0.0013792 0.00908914
4138 458 0.00254951 0.0216012
704 93 0.000746839 0.00343448
1349 157 0.000546406 0.00420028
3341 331 0.000801582 0.0125115
1261 120 0.000931307 0.00432182
3048 276 0.000980301 0.0185607
4355 476 0.0020335 0.0214729
1084 120 0.00129797 0.00363864
4864 552 0.00183671 0.0197802
844 100 0.00056 0.00336494
410 59 0.000592449 0.00472339
1027 95 0.000765441 0.00402405
1317 131 0.000893698 0.00544935
1273 121 0.00102561 0.00923977
1017 107 0.00126374 0.0044571
4306 463 0.00195087 0.0197127
1011 127 0.00124284 0.00917869
979 102 0.00179063 0.0041595
1665 160 0.00159679 0.00650808
1197 120 0.0027242 0.00579445
2230 315 0.00239932 0.0221971
860 102 0.000415911 0.00514545
869 80 0.000786823 0.00411844
406 53 0.000860618 0.00298663
970 103 0.00102273 0.00437598
1274 126 0.00256972 0.00517562
3116 403 0.00168417 0.0163871
960 114 0.00135157 0.0135597
1748 168 0.00203345 0.0127764
952 108 0.00179025 0.00478642
4934 547 0.00304625 0.0255018
946 116 0.000593716 0.00399876
994 90 0.000520928 0.0024199
1189 133 0.00061859 0.00485673
541 73 0.000663859 0.00325082
1266 124 0.00112649 0.00481076
3517 562 0.0015457 0.0278971
811 95 0.00169538 0.00609177
1836 170 0.00179632 0.0144676
1141 117 0.00179535 0.00912352
3864 403 0.0018617 0.0215444
840 113 0.000353062 0.00730163
515 64 0.000369534 0.00242322
1018 97 0.000842588 0.00438414
1185 104 0.000974841 0.0033483
1249 117 0.00106075 0.00426378
835 88 0.00116247 0.00393837
3037 328 0.00176553 0.0170704
961 112 0.00216244 0.00734355
1753 171 0.00146096 0.00766234
1161 130 0.00266284 0.00593833
3215 332 0.00238267 0.0184465
880 113 0.000428053 0.00362146
664 64 0.000485824 0.00319064
1867 179 0.00138246 0.00828549
1259 122 0.00102287 0.00844179
1428 153 0.00164298 0.00567458
809 90 0.00111474 0.0028914
2426 232 0.000980661 0.00915227
858 100 0.00174062 0.00304146
1680 162 0.00118532 0.00506284
2780 286 0.00137483 0.0191994
888 111 0.000686869 0.00917857
1356 149 0.00100871 0.00975796
1285 130 0.00148524 0.00475811
919 103 0.00131553 0.0086743
2548 249 0.00145509 0.00790317
931 111 0.00176795 0.00583623
1813 170 0.00153653 0.00584807
2589 312 0.00174346 0.0146932
80 12 0.00110255 0.00239394
845 117 0.000405555 0.0035705
1576 177 0.000589599 0.0049448
1323 142 0.000803087 0.00500202
1548 171 0.000940119 0.00615198
2913 323 0.00154792 0.0213235
1111 130 0.00147938 0.00745673
1930 192 0.00305982 0.00860734
2736 334 0.00161947 0.0167472
93 15 0.00207605 0.00111417
858 117 0.000256478 0.00319472
1536 160 0.000772283 0.008739
1264 145 0.00073781 0.0050474
1290 123 0.000814785 0.00641376
918 97 0.000890641 0.00767473
2320 235 0.00117682 0.0090813
919 105 0.00117079 0.00303389
2435 316 0.00150369 0.0118258
1140 117 0.0010062 0.00413388
4518 479 0.00199863 0.0150068
793 106 0.000288955 0.00302668
1465 155 0.000792425 0.0082001
1262 144 0.000937018 0.00843525
1303 117 0.0011736 0.0093713
1081 110 0.00130448 0.00468564
2171 218 0.00140798 0.0102457
1001 108 0.00146987 0.00501057
2113 260 0.00167528 0.0162881
1263 128 0.00236443 0.00644593
3833 410 0.00293932 0.0204632
784 109 0.000709661 0.00552252
1602 179 0.000849718 0.00713721
1121 116 0.000505426 0.00402179
1347 147 0.000599994 0.00515836
965 100 0.000961272 0.0058267
1765 196 0.00117296 0.00971744
962 107 0.00116917 0.00507327
1901 216 0.00168261 0.0133883
1168 125 0.00225335 0.0049787
2840 388 0.00214534 0.0182484
84 14 0.000890983 0.000847796
827 111 0.000373609 0.00616857
1602 165 0.000531221 0.00442433
1176 118 0.000802572 0.0045145
1349 127 0.000821596 0.00662393
864 101 0.00097535 0.00346742
2386 238 0.000906994 0.00654491
778 88 0.00128787 0.00372514
1945 234 0.00159813 0.010101
1206 117 0.0018208 0.00459274
2081 225 0.00153587 0.00968457
115 21 0.00125263 0.00276853
834 101 0.00031705 0.0039675
1302 143 0.000411562 0.00462876
1203 111 0.000464914 0.00346905
792 89 0.000642245 0.00239228
2651 299 0.00133581 0.0141607
304 64 0.00108548 0.00877879
1347 172 0.00148251 0.00881972
1176 130 0.00162804 0.00899643
883 122 0.000448126 0.00913385
1253 147 0.000410529 0.00411013
1289 119 0.000506872 0.00445178
911 99 0.000703026 0.00346616
2730 373 0.00102768 0.0151433
3974 458 0.0016389 0.0227824
2416 262 0.00126334 0.0120524
915 121 0.000964681 0.00517633
1652 178 0.000717766 0.00784002
1272 137 0.000733 0.00667144
3199 552 0.00156475 0.0211857
1218 174 0.000703334 0.0132098
2218 278 0.00117797 0.0158382
2687 324 0.00198177 0.0188886
920 119 0.00045757 0.00618372
920 93 0.000387694 0.00304924
1336 126 0.000506837 0.00430408
1268 125 0.000919738 0.00525907
2480 304 0.00124092 0.0116683
3986 486 0.00191424 0.0251693
2167 236 0.00139686 0.00826121
799 114 0.000432656 0.00430754
998 99 0.000601241 0.00357609
1116 113 0.000700576 0.00294451
1299 125 0.000596602 0.00285295
776 84 0.00064239 0.00581226
1681 176 0.00116104 0.00821653
3290 401 0.00203373 0.01704
986 108 0.00107236 0.0112449
1067 117 0.0010285 0.00304135
4684 489 0.0015087 0.0207899
662 96 0.000455247 0.00410803
1108 111 0.000661327 0.00643183
602 65 0.000579679 0.00243968
1290 120 0.00110984 0.00628683
803 88 0.00101811 0.00332687
1350 164 0.00145697 0.0087721
3394 407 0.00139007 0.0145708
1065 101 0.00141712 0.00435523
4785 509 0.00144429 0.0186142
815 111 0.000458821 0.00309667
1214 108 0.000369704 0.00245515
1279 140 0.000457081 0.0028747
1225 106 0.000553111 0.0102893
1071 110 0.000664243 0.00288821
1734 154 0.0016053 0.00610019
4139 454 0.00150411 0.0162745
1204 120 0.00208014 0.0124925
3553 374 0.00224766 0.0136456
796 107 0.000391745 0.00433086
1185 109 0.000629863 0.00421733
1398 152 0.000694041 0.00859898
1266 130 0.000811731 0.00349589
922 100 0.000807126 0.00293486
1316 104 0.000855537 0.00239095
3044 363 0.000770153 0.0121955
1148 122 0.00161652 0.00599389
2611 293 0.00157581 0.01518
812 105 0.000359011 0.00744797
1230 112 0.000394852 0.00675417
590 68 0.000572529 0.00295975
1237 118 0.000765611 0.00324131
3569 398 0.00103048 0.0184079
1575 211 0.00134329 0.0114307
948 102 0.00129545 0.00334017
3295 331 0.00134332 0.0175309
753 102 0.000294085 0.00788896
1167 121 0.000429051 0.00437579
495 62 0.00042563 0.00181865
1319 133 0.000568959 0.00480516
632 68 0.000611446 0.00170933
3809 529 0.000971851 0.0162314
2501 350 0.00118514 0.0152091
950 107 0.00147006 0.0114649
657 92 0.00203476 0.0048886
4901 507 0.00146836 0.0181988
946 127 0.00027277 0.00294276
1098 132 0.000573565 0.00385693
1321 129 0.000753037 0.00587329
479 63 0.000798176 0.00219993
3708 412 0.00106952 0.0138686
974 124 0.00135328 0.00641666
3379 421 0.00169032 0.0182016
978 116 0.00196912 0.00399116
3991 431 0.00185126 0.0165774
785 108 0.000366898 0.00199536
1127 121 0.000442189 0.00510995
483 60 0.000478713 0.00149732
1301 129 0.000843385 0.00332385
4171 460 0.00117605 0.0160422
1071 122 0.000818559 0.00369855
3966 413 0.00103869 0.0144772
934 102 0.00174029 0.00292566
4022 429 0.00125601 0.014397
838 111 0.000730255 0.00501605
1006 106 0.000574211 0.00290737
1293 127 0.000768665 0.00316122
5463 691 0.000965248 0.0267948
985 115 0.00636004 0.0134296
3844 407 0.00108906 0.0202535
1061 118 0.0012741 0.00348996
2383 260 0.00103624 0.0130387
820 111 0.000769616 0.0046467
1074 118 0.000615106 0.00380528
294 36 0.000558303 0.00163062
1271 117 0.000865893 0.00419971
3743 627 0.00156541 0.0228211
3880 495 0.00356301 0.0256925
944 104 0.000668628 0.00407576
4593 482 0.00255728 0.0222386
669 87 0.000396667 0.00298277
1125 112 0.000521836 0.00575545
3166 342 0.0012196 0.0179607
2119 210 0.00134685 0.0152727
2784 366 0.00298591 0.013109
3523 346 0.00100393 0.0146608
791 103 0.000918684 0.00404278
1164 110 0.000913712 0.00281868
642 75 0.000674647 0.00297914
2963 301 0.000980958 0.0171442
950 109 0.00144196 0.0067873
2056 200 0.00202672 0.0085522
2421 291 0.00185171 0.0156992
862 103 0.000649565 0.00742374
1281 127 0.000894031 0.00501617
789 69 0.000589638 0.00231221
3388 387 0.00100844 0.018062
1002 103 0.00189635 0.00426082
2010 191 0.00117006 0.00702188
2339 296 0.0012664 0.0144828
810 99 0.000547145 0.013679
1458 134 0.00117057 0.00523622
1302 130 0.000534371 0.00465379
1230 110 0.000892316 0.0050787
695 80 0.00110626 0.00274313
4209 461 0.00156057 0.0217904
1154 145 0.000888983 0.00507897
2206 284 0.00168586 0.0143514
2495 309 0.00263325 0.0146942
659 99 0.000540081 0.00816251
1316 154 0.000922904 0.00473796
3105 313 0.000938903 0.00998031
1378 132 0.00139022 0.00775782
1024 111 0.000998151 0.00315806
665 70 0.00105829 0.00222479
2584 315 0.0014105 0.0155592
952 146 0.00185792 0.0071148
4743 522 0.00205446 0.0278978
951 98 0.000946111 0.00340168
3860 432 0.00173061 0.0215426
574 76 0.000230558 0.00160515
1267 142 0.000483987 0.00274218
3026 317 0.000746202 0.011093
1248 123 0.00131474 0.00402188
1007 111 0.000964594 0.00424126
667 73 0.00103414 0.00290585
2966 260 0.00204407 0.0118247
4492 539 0.0026617 0.0194466
3225 326 0.00265605 0.0160009
2971 312 0.00187938 0.013065
1340 140 0.000683151 0.00495899
2621 290 0.00054055 0.00830617
1186 113 0.000676272 0.00350338
1286 125 0.000863013 0.00369424
689 67 0.000900303 0.00158622
640 99 0.000722222 0.00366981
1719 220 0.000871347 0.00645184
1232 155 0.00125014 0.00576896
1825 213 0.00124967 0.00608831
759 105 0.00119269 0.00244408
3579 371 0.00163225 0.0129126
3515 341 0.000860721 0.0114572
1678 197 0.000530373 0.00578108
1096 122 0.000686822 0.00406998
1134 102 0.000743611 0.00364017
1172 128 0.0010249 0.00329404
849 87 0.0010261 0.00295743
4238 428 0.00134736 0.0143646
745 73 0.00148613 0.00550723
5150 537 0.0020501 0.0246153
1035 120 0.00164429 0.00691667
4075 460 0.00298258 0.0210979
2663 296 0.000540025 0.00966225
1444 151 0.000623656 0.00659107
1183 126 0.000854873 0.0056235
1365 146 0.00127727 0.00532614
734 77 0.000660667 0.00182404
1212 125 0.000783749 0.00353055
3374 371 0.00155546 0.015145
981 146 0.00202197 0.00579692
2909 252 0.00202939 0.0097635
1070 102 0.00154008 0.00375146
920 117 0.00163581 0.00398568
3912 432 0.00232747 0.0191887
2625 300 0.000892223 0.0144325
1131 108 0.000876015 0.00476361
1317 138 0.000662555 0.00463523
1187 114 0.000758872 0.00436873
643 72 0.000819777 0.00240982
1322 141 0.00103776 0.00481522
3551 405 0.00134839 0.0134961
954 94 0.00153716 0.00917553
966 115 0.00158841 0.00444448
2927 437 0.00152528 0.0137855
881 108 0.00261447 0.0120637
4650 529 0.00165299 0.0257855
2600 286 0.000505682 0.00658742
1267 129 0.000511253 0.00391361
1206 123 0.0006263 0.0033048
651 72 0.000685189 0.00232784
1265 139 0.000855751 0.00425783
3721 398 0.00146288 0.0114076
828 77 0.00122453 0.00237075
982 110 0.00125663 0.00577324
3078 321 0.00177116 0.00803262
838 110 0.00154916 0.00301948
624 63 0.00157088 0.00191259
2652 306 0.000543737 0.00857651
1091 113 0.000790494 0.00479754
1338 145 0.000823928 0.00605594
1144 106 0.00105083 0.00374109
691 75 0.00108535 0.00253369
1276 137 0.00111336 0.00393881
724 76 0.00118999 0.00246234
3831 380 0.00173931 0.0117404
5813 673 0.00225534 0.0265287
2984 285 0.00307129 0.0144174
742 87 0.00307774 0.00411399
2791 341 0.00190183 0.0174255
1847 197 0.00259844 0.00734462
1336 146 0.000763253 0.00563981
1132 111 0.00108731 0.00641268
502 52 0.000823366 0.00223471
644 66 0.000846265 0.00252247
1259 136 0.000853381 0.00382273
1673 227 0.00105358 0.010537
1645 224 0.00196415 0.0148775
3066 306 0.0028182 0.0132358
2435 322 0.00220636 0.0156696
434 60 0.00101256 0.0108547
1251 121 0.000778565 0.00932267
1662 181 0.000874679 0.00612238
572 57 0.000678445 0.00376753
4326 501 0.00143544 0.021054
5383 659 0.00248235 0.0261386
1098 127 0.00151311 0.00511718
4196 445 0.0025743 0.0173895
1279 118 0.000398822 0.00390685
1679 182 0.000680061 0.0071879
1317 137 0.00101688 0.00959013
452 63 0.000911059 0.00317628
581 66 0.00102167 0.00229746
3276 275 0.00134966 0.0109671
2391 389 0.00199922 0.0182885
923 110 0.00200852 0.00393495
4460 503 0.00312048 0.023354
5155 718 0.00123956 0.0262167
1946 200 0.000946856 0.00995085
458 58 0.000927023 0.00249182
1135 108 0.000731704 0.00403911
609 67 0.000803312 0.00378098
4621 533 0.00135311 0.0266764
5276 600 0.00175681 0.0319502
998 113 0.00157204 0.00273738
3328 440 0.001835 0.0172701
1907 206 0.000578802 0.012214
478 56 0.000701684 0.00197293
1138 112 0.000675141 0.00371443
573 63 0.00073501 0.00210385
3403 388 0.001464 0.0135335
3754 452 0.00315759 0.0212907
899 119 0.00174646 0.00750589
4089 445 0.00283994 0.0183176
1915 197 0.000393957 0.00471858
1166 110 0.000546876 0.0047115
477 47 0.000714462 0.00187712
765 80 0.000999457 0.00372315
2460 277 0.0015661 0.01344
4529 508 0.00217701 0.0220467
2740 347 0.00183716 0.0149742
1948 199 0.000555404 0.00648148
1011 99 0.000516283 0.00343724
259 28 0.000642222 0.0015021
651 68 0.000863333 0.00268528
2892 321 0.00125782 0.00975229
5318 625 0.00194308 0.0188866
2558 281 0.00163586 0.0111096
1164 103 0.000445689 0.00437725
283 30 0.000480553 0.00157454
1214 116 0.000755302 0.00538177
1328 133 0.000852744 0.00641023
1495 144 0.000978469 0.00586147
549 63 0.00108344 0.00245272
1442 149 0.00158906 0.00590879
2240 277 0.00135507 0.0103289
710 98 0.00158072 0.00458008
4944 607 0.00159294 0.0244861
2729 303 0.00126808 0.0102417
1246 126 0.000340967 0.00518847
1180 116 0.00069596 0.00533934
439 47 0.00075755 0.0023372
681 73 0.000531346 0.00195031
1458 164 0.00069744 0.00519836
2663 405 0.00090639 0.0135882
3061 395 0.00301171 0.0186938
2606 300 0.00109828 0.0116289
455 49 0.000201038 0.00232883
1292 129 0.000763873 0.00539362
1185 113 0.000466154 0.00244127
2357 233 0.000792414 0.00619545
734 77 0.000848289 0.00341506
1434 160 0.0013986 0.00498952
2380 299 0.00196116 0.0136902
4710 547 0.00245222 0.0211037
2541 285 0.00136911 0.00720006
6664 646 0.00204437 0.0235773
2037 182 0.000491856 0.0055938
3112 391 0.000958614 0.0172967
1341 148 0.00151875 0.0102501
5657 702 0.00132162 0.0341483
1473 166 0.00128119 0.00731566
545 60 0.00124586 0.0135816
6748 699 0.00148138 0.0248587
2024 192 0.00101109 0.00839971
1195 148 0.00105462 0.00541896
2433 365 0.00133653 0.0143147
4542 554 0.00223219 0.0220442
1541 171 0.00154915 0.00660653
574 65 0.00112129 0.00297421
6982 745 0.00108271 0.0298526
2063 192 0.000435513 0.00691408
905 104 0.000641351 0.00359748
2215 246 0.000627338 0.00719196
4372 496 0.000802637 0.022852
1436 158 0.000982795 0.00527251
562 56 0.000775431 0.00203752
