#/home/michal/Dropbox/study/university/kth/thesis/data/features/annotations/0,02/featuredata_fpfh_uniform_2015-05-28_10-59-28.txt
692 111 0 0.0281238
491 86 0 0.0226341
716 115 0 0.0163409
2816 544 0 0.032847
797 128 0 0.0187863
1140 200 0 0.0154094
551 96 0 0.0163933
2640 452 0 0.025593
579 99 0 0.017158
432 77 0 0.0106142
696 112 0 0.00886023
2147 387 0 0.0239938
773 126 0 0.0151273
1268 240 0 0.0121886
532 105 0 0.0043799
2339 398 0 0.0190631
721 114 0 0.00704379
451 71 0 0.00972957
740 101 0 0.0115712
2050 305 0 0.019032
1637 280 0 0.0181644
862 149 0 0.0127418
1861 312 0 0.0276257
793 123 0 0.0157622
827 131 0 0.00858449
672 106 0 0.013889
2003 302 0 0.0326346
2745 436 0 0.0389524
2922 452 0 0.0357661
2111 481 0 0.0303444
892 159 0 0.00534753
651 117 0 0.0071987
1180 187 0 0.0116666
726 116 0 0.0067948
799 124 0 0.0155527
1907 294 0 0.0258056
1884 284 0 0.0216206
539 104 0 0.0108441
2546 422 0 0.020726
753 123 0 0.0201048
760 114 0 0.0054988
685 110 0 0.00715937
1754 385 0 0.0141702
3173 589 0 0.0418587
604 118 0 0.00476997
2070 344 0 0.0210326
485 93 0 0.00664112
720 117 0 0.0148586
466 71 0 0.0067374
746 107 0 0.015623
805 132 0 0.00652665
3181 558 0 0.035274
467 93 0 0.0140395
495 78 0 0.0113463
611 126 0 0.0103058
842 131 0 0.0157202
770 112 0 0.0159063
1214 187 0 0.0198678
1809 321 0 0.0305388
510 87 0 0.0114474
517 99 0 0.0065157
695 117 0 0.017689
722 102 0 0.00808263
1172 185 0 0.0202533
2981 537 0 0.0336138
649 111 0 0.0108171
2203 368 0 0.0429815
1379 261 0 0.0206157
812 118 0 0.0228299
708 106 0 0.0134099
421 71 0 0.0176145
1408 269 0 0.0200656
1533 282 0 0.0215406
87 19 0 0.00898705
482 100 0 0.0123489
709 119 0 0.0135738
698 117 0 0.0195901
339 71 0 0.0134462
727 117 0 0.0172524
469 82 0 0.0139347
1583 270 0 0.0284418
2025 387 0 0.0218137
545 114 0 0.00566003
80 17 0 0.00441304
1090 172 0 0.0188833
463 92 0 0.00528968
734 121 0 0.00653906
688 113 0 0.00556566
570 97 0 0.0146311
1805 282 0 0.0220011
709 110 0 0.0138364
99 21 0 0.00814956
562 92 0 0.00929585
500 98 0 0.00678152
761 119 0 0.0116452
701 106 0 0.0164033
562 97 0 0.011008
1845 306 0 0.0190195
705 111 0 0.00799939
81 20 0 0.00191982
572 108 0 0.00549553
457 95 0 0.0049812
720 123 0 0.0138513
710 105 0 0.00901665
507 81 0 0.00888006
1751 272 0 0.023751
821 126 0 0.00669686
85 16 0 0.0079274
778 137 0 0.00996845
517 105 0 0.012148
361 67 0 0.0117978
704 121 0 0.0167619
706 107 0 0.0113719
751 126 0 0.0185925
413 70 0 0.0128747
993 170 0 0.0191272
1632 323 0 0.0183822
1487 246 0 0.0176059
2052 344 0 0.0262304
2422 418 0 0.0401882
319 63 0 0.003245
646 106 0 0.00596278
646 107 0 0.0162989
1224 195 0 0.0403229
555 104 0 0.019084
401 60 0 0.0130355
700 108 0 0.0118207
1749 340 0 0.018358
583 89 0 0.015655
101 27 0 0.0108819
640 116 0 0.0136057
464 100 0 0.0131641
625 99 0 0.0133133
602 93 0 0.0160159
703 109 0 0.0153032
543 97 0 0.0177904
1969 379 0 0.0340563
850 127 0 0.00743527
698 110 0 0.0183824
80 20 0 0.00395074
2028 335 0 0.0229688
535 99 0 0.0106607
1443 219 0 0.0121001
697 115 0 0.00685613
601 97 0 0.0139858
560 87 0 0.0153808
2891 513 0 0.0406285
596 101 0 0.0174722
2988 568 0 0.0377189
1945 323 0 0.0281793
474 97 0 0.00549902
1927 306 0 0.0190403
711 115 0 0.0159907
622 105 0 0.00928028
574 97 0 0.00707886
2618 479 0 0.0276435
1818 397 0 0.0142094
479 78 0 0.0153651
1490 267 0 0.017472
530 92 0 0.00612507
1587 259 0 0.0140309
812 136 0 0.0186632
608 95 0 0.0150201
547 85 0 0.00645386
1118 173 0 0.0147242
1183 175 0 0.020372
1522 272 0 0.0298446
482 95 0 0.0158067
1457 242 0 0.0245766
732 122 0 0.0151571
592 101 0 0.0144539
535 88 0 0.0113651
1338 205 0 0.0217633
2514 416 0 0.0428731
1512 271 0 0.0105737
483 93 0 0.00477203
1627 256 0 0.039376
743 119 0 0.0144303
614 97 0 0.0140984
524 83 0 0.012879
1245 170 0 0.0199149
1872 320 0 0.0329374
1558 264 0 0.0216149
492 97 0 0.0145701
1765 286 0 0.0310463
701 117 0 0.0114339
476 79 0 0.00361173
1226 168 0 0.0130804
3096 560 0 0.0474045
1284 233 0 0.0205945
466 98 0 0.00574484
1745 276 0 0.0160257
727 115 0 0.0102658
464 75 0 0.00669599
598 102 0 0.00500459
1427 212 0 0.0145433
1329 278 0 0.0231686
810 150 0 0.0216782
500 90 0 0.00709686
1663 270 0 0.02969
794 135 0 0.0171146
442 77 0 0.0122742
606 102 0 0.015789
1357 212 0 0.0225114
2309 395 0 0.038011
704 126 0 0.0158804
526 101 0 0.0111494
1786 274 0 0.017419
717 106 0 0.0148042
661 115 0 0.0101613
671 121 0 0.0165234
2423 462 0 0.0305877
621 115 0 0.00393536
1376 258 0 0.0164339
559 115 0 0.0059809
1849 308 0 0.0241095
761 116 0 0.0141895
480 81 0 0.00731369
621 109 0 0.00975745
1059 192 0 0.0120918
1405 246 0 0.0123354
848 136 0 0.0101309
852 142 0 0.0172889
418 82 0 0.0111431
1935 300 0 0.0324696
788 129 0 0.00559108
534 89 0 0.00525432
527 85 0 0.0103824
2458 447 0 0.027992
569 90 0 0.012083
1080 207 0 0.0154167
535 92 0 0.0168191
1971 340 0 0.019788
568 120 0 0.0123034
614 104 0 0.011339
1739 258 0 0.0274311
738 111 0 0.0139169
468 80 0 0.00938261
1864 369 0 0.0144268
616 109 0 0.0219485
2922 512 0 0.0394252
659 109 0 0.0159907
2041 349 0 0.029207
539 105 0 0.0137409
673 122 0 0.00631458
2010 292 0 0.0374077
764 121 0 0.0154539
483 77 0 0.0100375
1669 255 0 0.0214607
2021 343 0 0.0217677
676 113 0 0.00603005
2298 389 0 0.0318822
561 115 0 0.014679
618 106 0 0.0173238
1841 287 0 0.0289075
1173 174 0 0.0239187
320 64 0 0.0120334
1651 251 0 0.0243869
2467 435 0 0.0298469
654 112 0 0.0137525
1759 310 0 0.0243215
528 105 0 0.0186063
487 82 0 0.00522295
1706 246 0 0.022467
790 143 0 0.0104731
507 79 0 0.00793015
1927 278 0 0.0185135
2544 486 0 0.0255156
668 117 0 0.0101785
1993 325 0 0.0190654
473 101 0 0.0120416
407 68 0 0.0104675
1816 262 0 0.0261901
766 122 0 0.0140771
510 79 0 0.0124513
1890 273 0 0.0305802
1657 307 0 0.0122998
655 120 0 0.0223814
1208 216 0 0.0197636
472 96 0 0.0204071
649 108 0 0.013258
1994 305 0 0.0179672
742 112 0 0.0130332
1914 273 0 0.0270397
2632 451 0 0.0311177
640 117 0 0.0142314
2459 426 0 0.0235662
465 91 0 0.0109036
817 143 0 0.0192253
1971 309 0 0.0302131
731 112 0 0.011956
1744 258 0 0.0134576
2530 422 0 0.0331157
642 112 0 0.014567
2854 509 0 0.0395988
544 99 0 0.0121639
261 59 0 0.00288581
573 92 0 0.00536376
786 122 0 0.00658683
724 116 0 0.00538751
604 98 0 0.00988837
2610 428 0 0.0262606
647 118 0 0.00540799
598 102 0 0.00499676
961 158 0 0.00991732
721 109 0 0.00964247
1306 279 0 0.0206297
548 100 0 0.0112571
507 77 0 0.00594895
255 48 0 0.00304903
579 97 0 0.012096
706 116 0 0.00782601
1892 364 0 0.0190586
597 104 0 0.00698663
1002 161 0 0.0073459
574 105 0 0.00600071
2960 519 0 0.0267759
599 116 0 0.0140619
558 84 0 0.0118216
679 131 0 0.015467
332 69 0 0.0144914
737 121 0 0.00834287
2180 487 0 0.034383
508 89 0 0.0168898
1070 163 0 0.011526
666 106 0 0.00623544
2275 381 0 0.0241419
540 107 0 0.00934566
321 61 0 0.0034382
582 97 0 0.00488337
705 98 0 0.00675952
709 108 0 0.00725903
499 83 0 0.00400717
1865 311 0 0.0292803
582 109 0 0.0172113
1020 158 0 0.010526
672 118 0 0.00476857
1846 315 0 0.0244778
564 105 0 0.00838149
376 59 0 0.0101812
1069 176 0 0.0153584
733 115 0 0.0127411
831 140 0 0.00769406
490 88 0 0.00604421
1425 216 0 0.0241109
539 92 0 0.0142395
947 149 0 0.0107446
1657 266 0 0.0114436
577 107 0 0.0182684
805 138 0 0.0106301
764 125 0 0.017019
554 94 0 0.0118442
1485 240 0 0.0170523
614 107 0 0.0124372
1035 160 0 0.0169179
1511 267 0 0.0198761
51 11 0 0.00194719
529 108 0 0.0065293
909 164 0 0.00676947
773 136 0 0.00975548
899 154 0 0.0137874
1731 293 0 0.0205237
713 124 0 0.0185985
1101 174 0 0.0248058
1632 289 0 0.0268182
61 14 0 0.00313165
548 112 0 0.0169674
904 154 0 0.0239846
755 139 0 0.0141465
728 122 0 0.0117665
556 95 0 0.0110189
1378 216 0 0.0184115
592 99 0 0.00952752
1449 279 0 0.0281535
673 110 0 0.0151229
2686 436 0 0.0301286
544 98 0 0.0104252
844 144 0 0.0134081
762 140 0 0.00830893
742 115 0 0.0221231
651 106 0 0.0127266
1280 214 0 0.013797
613 100 0 0.00614644
1259 231 0 0.00805237
723 120 0 0.00493545
2221 377 0 0.0117718
523 101 0 0.00939139
957 175 0 0.0195554
695 105 0 0.0150382
778 135 0 0.0169697
571 100 0 0.0134496
1061 183 0 0.0173524
590 102 0 0.0136671
1135 187 0 0.0187438
695 118 0 0.00728882
1739 341 0 0.0151269
65 14 0 0.00864925
535 101 0 0.0168581
944 157 0 0.0172199
693 104 0 0.0150168
780 122 0 0.0255723
518 93 0 0.0168335
1392 217 0 0.0318186
485 86 0 0.0132123
1154 202 0 0.0156639
697 110 0 0.00605298
1180 205 0 0.0130541
78 18 0 0.0107889
538 96 0 0.0175139
760 130 0 0.0155463
700 106 0 0.0142658
478 83 0 0.0126016
1605 267 0 0.0263936
199 61 0 0.0106911
814 146 0 0.0140361
697 127 0 0.00583086
566 113 0 0.00511631
762 144 0 0.0102572
742 108 0 0.0193633
537 92 0 0.00889436
1662 337 0 0.0190354
2340 405 0 0.0268241
1399 245 0 0.0171584
595 115 0 0.0201633
1013 170 0 0.0186948
733 128 0 0.0128793
2041 459 0 0.0381457
758 162 0 0.00652071
1329 240 0 0.0243126
1594 289 0 0.024097
595 116 0 0.0130059
535 90 0 0.00642582
783 114 0 0.0186746
721 122 0 0.0153144
1524 278 0 0.018204
2339 427 0 0.0311837
1290 224 0 0.0189659
543 106 0 0.0190912
607 95 0 0.0212103
692 106 0 0.0134251
728 114 0 0.0161063
469 80 0 0.0130891
1025 170 0 0.0158808
1957 351 0 0.0285523
609 104 0 0.0149651
635 110 0 0.0134031
2781 457 0 0.0310187
467 89 0 0.0118504
657 108 0 0.0169529
340 58 0 0.00967868
759 116 0 0.0143198
486 86 0 0.0115526
830 150 0 0.0153374
2082 380 0 0.0262102
632 96 0 0.0159287
2846 473 0 0.0251204
495 100 0 0.0140994
698 105 0 0.0124189
746 130 0 0.0050181
700 103 0 0.0136102
612 103 0 0.0160296
988 150 0 0.0135208
2433 412 0 0.0309461
702 115 0 0.00900009
2097 349 0 0.0168816
519 100 0 0.00492337
687 102 0 0.00624163
819 144 0 0.00849498
742 120 0 0.0148818
530 87 0 0.012098
771 99 0 0.00746336
1827 335 0 0.0273119
694 114 0 0.00833358
1538 260 0 0.0152457
528 101 0 0.0102308
703 105 0 0.0146855
372 66 0 0.00511782
736 116 0 0.0204614
2122 356 0 0.0324318
921 187 0 0.0165292
553 95 0 0.0137377
1974 316 0 0.0268267
488 101 0 0.0114057
680 116 0 0.0130825
315 56 0 0.00561717
766 121 0 0.00868585
377 65 0 0.00756056
2306 460 0 0.0328043
1568 317 0 0.0229269
630 106 0 0.00524152
414 82 0 0.00599327
2947 479 0 0.029647
635 123 0 0.0114918
657 119 0 0.00710139
773 123 0 0.0235851
296 61 0 0.00785959
2159 373 0 0.0224666
611 115 0 0.0231273
2024 366 0 0.0196523
610 110 0 0.00620968
2375 395 0 0.0171069
519 100 0 0.0118542
651 107 0 0.0144023
297 57 0 0.012395
738 122 0 0.0081718
2519 431 0 0.0332138
635 115 0 0.00582465
2324 373 0 0.0256475
554 100 0 0.00598881
2357 395 0 0.0260604
553 112 0 0.00483202
558 102 0 0.00793875
750 117 0 0.00889729
3248 610 0 0.030152
600 107 0 0.0136991
2241 370 0 0.0281992
633 113 0 0.0117973
1397 240 0 0.0215602
531 101 0 0.00642163
632 110 0 0.013698
188 34 0 0.010775
723 106 0 0.0102489
2382 528 0 0.0333017
2347 444 0 0.026007
575 98 0 0.00740142
2724 452 0 0.0303193
426 83 0 0.0157305
680 104 0 0.0158351
1945 307 0 0.0247328
1221 195 0 0.00893246
1668 309 0 0.0163008
2058 318 0 0.0351059
506 97 0 0.00742931
669 104 0 0.00725808
403 73 0 0.0113625
1766 267 0 0.0253583
568 100 0 0.021261
1185 180 0 0.0172257
1431 245 0 0.0203057
519 101 0 0.0158135
729 120 0 0.0138966
453 65 0 0.00950656
2040 349 0 0.0203515
597 96 0 0.0065142
1139 178 0 0.0171477
1413 251 0 0.0212741
525 90 0 0.0131367
853 130 0 0.0162971
767 128 0 0.0178393
691 108 0 0.0193675
424 77 0 0.0135287
2501 425 0 0.0315
717 135 0 0.0170253
1344 244 0 0.0129006
1456 265 0 0.0114903
460 95 0 0.00659202
817 144 0 0.0139601
1843 298 0 0.0132995
807 131 0 0.00766668
607 102 0 0.0109191
383 66 0 0.0180781
1542 288 0 0.0187157
591 132 0 0.0172103
2787 472 0 0.0324414
556 92 0 0.0191806
2302 388 0 0.0300891
407 77 0 0.0104701
761 132 0 0.0141456
1794 293 0 0.0269145
732 117 0 0.012519
605 108 0 0.02412
394 70 0 0.00629716
1693 248 0 0.0180166
2698 468 0 0.0227563
1897 303 0 0.020318
1765 297 0 0.0216412
823 133 0 0.0157846
1591 274 0 0.0159654
681 110 0 0.0177863
747 120 0 0.0215676
402 65 0 0.00303447
384 91 0 0.0107963
1044 208 0 0.017608
769 146 0 0.0169405
1076 193 0 0.00853051
469 100 0 0.0163347
2102 347 0 0.0275286
2078 325 0 0.0191174
1033 187 0 0.014026
659 117 0 0.0185321
653 99 0 0.0122109
687 122 0 0.0117066
502 84 0 0.0134758
2496 394 0 0.0348592
426 67 0 0.019232
2991 485 0 0.0402075
603 117 0 0.00652998
2440 423 0 0.0201251
1589 263 0 0.017052
858 138 0 0.0183894
713 118 0 0.012644
790 135 0 0.0119358
437 75 0 0.0174717
726 131 0 0.0150788
1993 337 0 0.0296278
653 139 0 0.0194204
1702 241 0 0.0271762
636 100 0 0.013005
555 104 0 0.0148186
2328 400 0 0.0258527
1553 282 0 0.0256063
671 107 0 0.0149418
797 127 0 0.00635354
675 110 0 0.0046705
398 69 0 0.0100228
773 129 0 0.00443146
2115 369 0 0.0232375
564 89 0 0.0152476
637 110 0 0.0255939
1775 387 0 0.0210346
535 99 0 0.026497
2789 487 0 0.0349518
1546 268 0 0.0271831
752 119 0 0.0205303
719 119 0 0.0191914
385 67 0 0.0122443
763 124 0 0.0191192
2159 370 0 0.030447
486 73 0 0.00984613
624 103 0 0.0191946
1805 310 0 0.0311736
514 106 0 0.006329
360 57 0 0.0139031
1595 285 0 0.0254642
649 106 0 0.012985
795 134 0 0.0212405
669 104 0 0.0190637
412 72 0 0.02041
771 129 0 0.0200307
419 71 0 0.0108943
2259 361 0 0.0325313
3447 617 0 0.0313274
1776 270 0 0.0282455
443 88 0 0.0225885
1632 300 0 0.0197642
1074 180 0 0.0148856
821 139 0 0.0274794
635 104 0 0.0222666
281 48 0 0.0118212
383 63 0 0.0130873
762 124 0 0.0217416
1008 192 0 0.00902968
970 192 0 0.0141342
1816 289 0 0.0120409
1438 260 0 0.019436
273 56 0 0.0120154
745 118 0 0.0154594
1005 174 0 0.0192242
340 55 0 0.00813824
2549 451 0 0.0243874
3254 579 0 0.0455208
635 116 0 0.00568194
2466 416 0 0.030044
734 123 0 0.0159705
1010 158 0 0.0217895
771 124 0 0.0123965
277 57 0 0.0104402
339 64 0 0.0101777
1897 264 0 0.0247467
1465 326 0 0.016582
560 100 0 0.0117667
2641 451 0 0.0442603
3322 675 0 0.0515125
1150 189 0 0.0194143
284 56 0 0.0154333
665 103 0 0.0196897
349 63 0 0.0127014
2728 479 0 0.0406247
3151 551 0 0.0436507
594 111 0 0.0137097
1966 369 0 0.0220011
1130 192 0 0.0159636
293 56 0 0.00334504
676 103 0 0.00677716
343 62 0 0.00716196
2000 364 0 0.0197981
2238 401 0 0.0325802
531 114 0 0.0119384
2443 420 0 0.0325888
1133 182 0 0.0137418
666 107 0 0.00803341
272 46 0 0.00526413
437 75 0 0.00434139
1475 246 0 0.0129722
2675 463 0 0.0363259
1630 297 0 0.0233155
1153 193 0 0.0103395
565 88 0 0.00433881
147 26 0 0.00816012
374 66 0 0.0115923
1676 291 0 0.0283869
3141 550 0 0.0371714
1495 272 0 0.0169975
638 97 0 0.0133489
158 28 0 0.0095507
710 110 0 0.0141999
796 127 0 0.0123156
867 136 0 0.0137086
340 59 0 0.0106664
874 141 0 0.0121633
1309 236 0 0.0218867
432 89 0 0.0211247
2938 513 0 0.0386022
1609 266 0 0.0174483
771 121 0 0.0141702
683 104 0 0.00565367
252 42 0 0.00299861
396 72 0 0.00753875
901 158 0 0.00825319
1604 338 0 0.0304233
1864 345 0 0.0255771
1548 278 0 0.0264822
275 46 0 0.00889986
752 123 0 0.0169788
676 110 0 0.0164575
1393 222 0 0.0205522
435 75 0 0.00970114
902 150 0 0.0206179
1404 263 0 0.0505988
2805 486 0 0.0379135
1501 255 0 0.0204825
3853 590 0 0.0528927
1153 171 0 0.0223532
1864 343 0 0.0249955
826 134 0 0.0189385
3300 601 0 0.028929
867 150 0 0.0141468
354 58 0 0.0127495
3993 643 0 0.0545553
1166 184 0 0.0213461
749 139 0 0.017935
1452 323 0 0.0252065
2726 494 0 0.0353845
901 156 0 0.0160493
357 66 0 0.011079
4029 660 0 0.0462527
1199 180 0 0.0204177
579 97 0 0.0142685
1303 229 0 0.0177823
2626 448 0 0.0307454
824 144 0 0.0129539
350 54 0 0.0119272
#/home/michal/Dropbox/study/university/kth/thesis/data/features/annotations/0,02/featuredata_fpfh_susan_2015-05-28_11-02-56.txt
692 21 0 0.0136147
491 25 0 0.00247598
716 11 0 0.00179741
2816 50 0 0.00342988
797 25 0 0.00388451
1140 18 0 0.00171471
551 14 0 0.00128415
2640 51 0 0.00447848
579 17 0 0.00398294
432 17 0 0.00158048
696 6 0 0.00250877
2147 62 0 0.00412608
773 27 0 0.00208782
1268 34 0 0.00222376
532 27 0 0.00369615
2339 66 0 0.00398948
721 33 0 0.00284954
451 19 0 0.00151706
740 5 0 0.00109641
2050 2 0 0.00113846
1637 22 0 0.00214007
862 48 0 0.00241589
1861 57 0 0.00444393
793 31 0 0.00246702
827 29 0 0.00291877
672 22 0 0.00196969
2003 9 0 0.00880269
2745 31 0 0.0199738
2922 57 0 0.00968434
2111 57 0 0.0173584
892 28 0 0.00509877
651 28 0 0.00395695
1180 37 0 0.00578453
726 18 0 0.00282076
799 7 0 0.00133128
1907 8 0 0.00221065
1884 29 0 0.00332909
539 16 0 0.00193224
2546 78 0 0.00778312
753 31 0 0.00499009
760 28 0 0.00354151
685 15 0 0.00237801
1754 21 0 0.00943273
3173 36 0 0.00701766
604 10 0 0.00415582
2070 34 0 0.00872834
485 13 0 0.00781538
720 26 0 0.00621615
466 21 0 0.00727638
746 4 0 0.00418188
805 8 0 0.00157974
3181 36 0 0.00900633
467 16 0 0.00361888
495 19 0 0.00175974
611 1 0 0.000896501
842 30 0 0.00260265
770 12 0 0.00197362
1214 7 0 0.00164752
1809 19 0 0.00229023
510 10 0 0.00180858
517 16 0 0.00270126
695 17 0 0.00250013
722 9 0 0.0020847
1172 11 0 0.00285929
2981 49 0 0.00615436
649 19 0 0.00412187
2203 43 0 0.00413171
1379 22 0 0.00291546
812 28 0 0.0133687
708 19 0 0.00618685
421 5 0 0.00592526
1408 8 0 0.00189383
1533 26 0 0.00390537
87 5 0 0.00176279
482 20 0 0.00364156
709 17 0 0.00471074
698 26 0 0.00560929
339 17 0 0.00197811
727 19 0 0.021428
469 9 0 0.0143282
1583 8 0 0.00159297
2025 27 0 0.00346358
545 22 0 0.0027177
80 6 0 0.00126662
1090 19 0 0.00365018
463 12 0 0.00160439
734 28 0 0.00320882
688 18 0 0.00394973
570 4 0 0.00106774
1805 8 0 0.00130393
709 6 0 0.00109724
99 3 0 0.000760761
562 9 0 0.001351
500 15 0 0.00153576
761 31 0 0.00343705
701 13 0 0.00242488
562 16 0 0.00882553
1845 14 0 0.00507881
705 13 0 0.00794877
81 6 0 0.00353396
572 4 0 0.00964327
457 15 0 0.00138208
720 29 0 0.00249322
710 13 0 0.00167747
507 17 0 0.00170496
1751 16 0 0.0019081
821 13 0 0.00125664
85 5 0 0.000697144
778 6 0 0.0010367
517 13 0 0.00143204
361 11 0 0.00660255
704 30 0 0.0126928
706 22 0 0.00427865
751 18 0 0.0157983
413 6 0 0.00918702
993 18 0 0.00667416
1632 32 0 0.00360069
1487 31 0 0.00847003
2052 18 0 0.00325937
2422 66 0 0.0146255
319 9 0 0.00147069
646 21 0 0.00638045
646 23 0 0.00316972
1224 44 0 0.00389718
555 23 0 0.00206657
401 11 0 0.00135763
700 10 0 0.00147585
1749 3 0 0.00283393
583 6 0 0.00664986
101 2 0 0.00155954
640 17 0 0.0040284
464 18 0 0.00207188
625 18 0 0.00686179
602 21 0 0.00271175
703 14 0 0.00619209
543 12 0 0.00658949
1969 25 0 0.00757536
850 20 0 0.00311112
698 10 0 0.00432512
80 3 0 0.00158817
2028 51 0 0.00674893
535 6 0 0.00221878
1443 29 0 0.0110316
697 7 0 0.00391775
601 11 0 0.00432793
560 22 0 0.00307827
2891 40 0 0.00910175
596 23 0 0.00502209
2988 41 0 0.0100729
1945 9 0 0.00956021
474 18 0 0.00243158
1927 31 0 0.00832073
711 8 0 0.00182004
622 17 0 0.00392753
574 19 0 0.0112043
2618 19 0 0.00498273
1818 42 0 0.0111536
479 22 0 0.00174288
1490 30 0 0.00305723
530 15 0 0.00114989
1587 8 0 0.00134738
812 6 0 0.00150536
608 5 0 0.000896874
547 8 0 0.00127693
1118 25 0 0.00292411
1183 2 0 0.000611085
1522 33 0 0.00222833
482 18 0 0.00126986
1457 7 0 0.00155035
732 7 0 0.0012163
592 15 0 0.00237147
535 20 0 0.00187641
1338 10 0 0.000977701
2514 39 0 0.00303568
1512 20 0 0.00162424
483 15 0 0.00134862
1627 19 0 0.00252411
743 12 0 0.00122916
614 21 0 0.00193763
524 8 0 0.00216924
1245 3 0 0.000841524
1872 23 0 0.00232672
1558 31 0 0.00246857
492 17 0 0.00193113
1765 38 0 0.00411464
701 19 0 0.0108609
476 16 0 0.00276876
1226 3 0 0.00238442
3096 40 0 0.00964713
1284 17 0 0.00465914
466 21 0 0.004242
1745 39 0 0.00984017
727 11 0 0.00221823
464 17 0 0.00424414
598 4 0 0.00216666
1427 4 0 0.00284738
1329 50 0 0.0128608
810 13 0 0.00623303
500 18 0 0.00429656
1663 13 0 0.00931446
794 18 0 0.00374864
442 16 0 0.00209424
606 5 0 0.00326724
1357 5 0 0.00203258
2309 30 0 0.00868612
704 13 0 0.00319481
526 12 0 0.0034771
1786 26 0 0.0169148
717 2 0 0.00233273
661 6 0 0.00215306
671 2 0 0.00168004
2423 40 0 0.00834918
621 13 0 0.00231016
1376 23 0 0.0147521
559 18 0 0.00241142
1849 36 0 0.00934306
761 5 0 0.010261
480 21 0 0.0069387
621 5 0 0.00220433
1059 32 0 0.00622448
1405 12 0 0.00244317
848 17 0 0.00364786
852 20 0 0.00463219
418 20 0 0.00790963
1935 27 0 0.0075893
788 21 0 0.00488931
534 12 0 0.00538205
527 18 0 0.00413264
2458 57 0 0.0125749
569 19 0 0.00328984
1080 36 0 0.00508649
535 9 0 0.00427676
1971 70 0 0.0154256
568 22 0 0.00430398
614 20 0 0.00542185
1739 42 0 0.00720575
738 6 0 0.00650213
468 18 0 0.00729544
1864 19 0 0.00988396
616 26 0 0.00828689
2922 38 0 0.00993503
659 14 0 0.00849348
2041 31 0 0.0082673
539 14 0 0.00402032
673 18 0 0.00589868
2010 52 0 0.0125688
764 10 0 0.00218633
483 13 0 0.00432758
1669 23 0 0.00500873
2021 17 0 0.00680571
676 27 0 0.00946178
2298 41 0 0.0101146
561 17 0 0.00343202
618 18 0 0.0044058
1841 24 0 0.00739342
1173 56 0 0.00713785
320 11 0 0.002927
1651 9 0 0.00313527
2467 60 0 0.00992579
654 12 0 0.00385708
1759 55 0 0.0148837
528 19 0 0.00249216
487 22 0 0.00536435
1706 47 0 0.0116104
790 22 0 0.00367744
507 11 0 0.00468423
1927 7 0 0.00310194
2544 29 0 0.00775435
668 21 0 0.00336358
1993 33 0 0.00958526
473 3 0 0.0018845
407 13 0 0.00252545
1816 17 0 0.00553539
766 21 0 0.00557682
510 18 0 0.00410919
1890 31 0 0.0078158
1657 13 0 0.00330805
655 23 0 0.00555433
1208 7 0 0.00296238
472 4 0 0.0019196
649 21 0 0.00520527
1994 51 0 0.0114326
742 24 0 0.0066938
1914 4 0 0.00233495
2632 36 0 0.0121362
640 23 0 0.00498033
2459 72 0 0.0138935
465 3 0 0.00176352
817 26 0 0.00416238
1971 47 0 0.0117507
731 34 0 0.00826574
1744 3 0 0.00244447
2530 72 0 0.00976148
642 16 0 0.00244451
2854 65 0 0.0132697
544 20 0 0.00243615
261 11 0 0.00154011
573 28 0 0.0031984
786 27 0 0.00292043
724 14 0 0.00452255
604 19 0 0.00523821
2610 22 0 0.00752113
647 21 0 0.00704194
598 13 0 0.00179937
961 3 0 0.00210221
721 6 0 0.0016881
1306 24 0 0.00541234
548 19 0 0.00332329
507 17 0 0.00523325
255 10 0 0.00244663
579 27 0 0.00544636
706 11 0 0.00370271
1892 7 0 0.00403188
597 12 0 0.00296934
1002 16 0 0.00214583
574 25 0 0.00549717
2960 45 0 0.0116472
599 7 0 0.00288963
558 19 0 0.00673671
679 28 0 0.00635495
332 17 0 0.00239132
737 14 0 0.00452114
2180 13 0 0.0059287
508 10 0 0.00191543
1070 7 0 0.00276809
666 13 0 0.00501801
2275 47 0 0.0121212
540 17 0 0.00220017
321 11 0 0.0039079
582 17 0 0.00493227
705 24 0 0.00500429
709 13 0 0.00988934
499 21 0 0.00252281
1865 11 0 0.00481841
582 9 0 0.00768245
1020 10 0 0.00255589
672 17 0 0.00492307
1846 12 0 0.00264522
564 14 0 0.00490628
376 9 0 0.00332643
1069 28 0 0.00398609
733 18 0 0.00841973
831 34 0 0.00641783
490 9 0 0.00156881
1425 5 0 0.00116598
539 7 0 0.00119725
947 13 0 0.00148133
1657 10 0 0.00202889
577 19 0 0.00167382
805 22 0 0.00216127
764 14 0 0.00166979
554 16 0 0.00180519
1485 5 0 0.00119552
614 10 0 0.0011875
1035 18 0 0.00160671
1511 37 0 0.00308781
51 2 0 0.00051394
529 24 0 0.00168221
909 27 0 0.00245809
773 5 0 0.00112927
1731 2 0.0102295 0.00379173
713 3 0.0102295 0.00217078
1101 5 0.0102295 0.00228152
1632 1 0.0102295 0.0036461
61 4 0.0102295 0.000972797
548 16 0.0102295 0.00572146
904 33 0.0102295 0.00755473
755 35 0.0102295 0.00796733
728 21 0.0102295 0.00610871
556 29 0.0102295 0.00629461
1378 2 0.0102295 0.00190073
592 7 0.0102295 0.0116301
1449 37 0.0102295 0.00772291
673 19 0.0102295 0.00215271
2686 79 0.0102295 0.0050602
544 11 0.0102295 0.000998758
844 34 0.0102295 0.00863364
762 27 0.0102295 0.00439136
742 18 0.0102295 0.00255172
651 17 0.0102295 0.00212058
1280 1 0.0102295 0.00629038
613 13 0.0102295 0.00175394
1259 24 0.0102295 0.00270555
723 27 0.0102295 0.00290837
2221 62 0.0102295 0.00707518
523 2 0.0102295 0.000888121
957 34 0.0102295 0.00489768
695 33 0.0102295 0.00406423
778 26 0.0102295 0.00416966
571 13 0.0102295 0.00441322
1061 1 0.0102295 0.00220355
590 10 0.0331575 0.00434809
1135 28 0.0331575 0.00605911
695 8 0.0331575 0.00514203
1739 39 0.0331575 0.0137195
65 4 0.0331575 0.000843283
535 11 0.0331575 0.00139281
944 24 0.0331575 0.00249493
693 28 0.0331575 0.00328538
780 11 0.0331575 0.00192959
518 5 0.0331575 0.00149233
1392 6 0.020966 0.00189799
485 11 0.020966 0.00222248
1154 30 0.020966 0.00378266
697 4 0.020966 0.00232426
1180 16 0.020966 0.0048809
78 4 0.020966 0.00241627
538 3 0.020966 0.00218538
760 31 0.020966 0.00809432
700 19 0.020966 0.0039355
478 17 0.020966 0.00246841
1605 2 0.020966 0.00358533
199 5 0.020966 0.00431541
814 32 0.020966 0.00494167
697 7 0.020966 0.00316853
566 5 0.020966 0.00430022
762 33 0.020966 0.00730054
742 22 0.020966 0.00417029
537 9 0.020966 0.00191178
1662 5 0.020966 0.00268973
2340 21 0.020966 0.0069207
1399 22 0.020966 0.0053299
595 4 0.020966 0.00179937
1013 24 0.020966 0.021654
733 5 0.020966 0.00118533
2041 4 0.020966 0.00239531
758 6 0.020966 0.000911068
1329 7 0.020966 0.00298126
1594 3 0.0135747 0.000966281
595 2 0.0135747 0.000824546
535 14 0.0135747 0.0016561
783 27 0.0135747 0.00304368
721 15 0.0135747 0.00473571
1524 21 0.0135747 0.00335291
2339 44 0.0135747 0.00544652
1290 4 0.0135747 0.00140322
543 10 0.0135747 0.0012809
607 14 0.0135747 0.00237935
692 23 0.0135747 0.00477996
728 24 0.0135747 0.00684411
469 16 0.0135747 0.00177081
1025 2 0.0135747 0.00173148
1957 19 0.0135747 0.0126263
609 2 0.0135747 0.0108766
635 17 0.0135747 0.00503005
2781 57 0.0135747 0.0143823
467 5 0.0135747 0.0160386
657 12 0.0135747 0.0070209
340 17 0.0135747 0.00797976
759 6 0.0135747 0.00612088
486 19 0.0135747 0.00986394
830 6 0.0135747 0.0033185
2082 33 0.0135747 0.0135183
632 20 0.0135747 0.0134721
2846 44 0.0135747 0.0200762
495 5 0.0135747 0.0136794
698 25 0.0135747 0.0204118
746 35 0.0135747 0.0105474
700 14 0.0135747 0.00175333
612 23 0.0135747 0.00175952
2433 29 0.0121448 0.0104046
702 7 0.0121448 0.00173521
2097 54 0.0121448 0.00492522
519 5 0.0121448 0.00479426
687 20 0.0121448 0.00238772
819 40 0.0121448 0.00286617
742 20 0.0121448 0.00468064
530 8 0.0121448 0.00150239
771 5 0.0121448 0.00112415
1827 27 0.0121448 0.00248802
694 18 0.0121448 0.00343331
1538 46 0.0121448 0.00357491
528 9 0.0121448 0.000836599
703 24 0.0121448 0.002486
372 2 0.0121448 0.000629832
736 20 0.0121448 0.00224669
2122 4 0.0138995 0.00109529
921 16 0.0138995 0.00531775
553 20 0.0138995 0.00465416
1974 28 0.0138995 0.00347045
488 2 0.0138995 0.00191204
680 32 0.0138995 0.00237656
315 2 0.0138995 0.000639815
766 17 0.0138995 0.0019466
377 5 0.0138995 0.00225319
2306 6 0.0138995 0.00125639
1568 45 0.0138995 0.00273015
630 7 0.0138995 0.000946578
414 14 0.0138995 0.00127248
2947 53 0.0138995 0.00448933
635 6 0.0138995 0.000963014
657 28 0.0138995 0.00305819
773 11 0.0138995 0.0014218
296 16 0.0138995 0.0017079
2159 33 0.0138995 0.00418835
611 14 0.0138995 0.00138416
2024 26 0.0138995 0.00287851
610 22 0.0138995 0.00215774
2375 14 0.0138995 0.00200929
519 8 0.0138995 0.0018961
651 28 0.0138995 0.00173671
297 8 0.0138995 0.00110344
738 12 0.0138995 0.00151402
2519 71 0.0138995 0.0174566
635 4 0.0138995 0.00119458
2324 40 0.0138995 0.00358137
554 20 0.0138995 0.00167919
2357 29 0.0138995 0.0073589
553 5 0.0138995 0.00128903
558 26 0.0138995 0.00762672
750 5 0.0138995 0.00210076
3248 58 0.0138995 0.0139581
600 24 0.0138995 0.00734231
2241 45 0.0138995 0.00788506
633 24 0.0138995 0.00594416
1397 22 0.0138995 0.0156081
531 4 0.0138995 0.0075225
632 19 0.0138995 0.00212734
188 7 0.0138995 0.00596476
723 14 0.0138995 0.00406609
2382 12 0.0138995 0.00270304
2347 36 0.0138995 0.00875489
575 14 0.0138995 0.00569262
2724 72 0.0138995 0.0135845
1945 13 0.0171725 0.00647401
1221 1 0.0171725 0.00189625
1668 5 0.0171725 0.00208718
2058 42 0.0171725 0.0110453
506 9 0.0171725 0.0012431
669 17 0.0171725 0.00350251
403 9 0.0171725 0.00115134
1766 1 0.0171725 0.0147759
568 27 0.0171725 0.00245727
1185 23 0.0171725 0.00212194
1431 14 0.0171725 0.00149178
519 11 0.0171725 0.00248116
729 8 0.0171725 0.00387454
453 3 0.0171725 0.000998247
2040 32 0.0171725 0.00464135
597 29 0.0171725 0.00259821
1139 17 0.0171725 0.00185564
1413 24 0.0171725 0.00199743
525 9 0.0171725 0.00132114
853 20 0.0171725 0.00303492
767 28 0.0171725 0.00244128
691 11 0.0171725 0.00150114
424 3 0.0171725 0.000642976
2501 46 0.0171725 0.00360658
717 20 0.0171725 0.00158673
1344 26 0.0171725 0.00225542
1456 11 0.0171725 0.00161431
460 11 0.0171725 0.00284491
817 21 0.0171725 0.00218465
1843 48 0.0171725 0.00990923
807 11 0.0171725 0.00176764
607 28 0.0171725 0.00213351
383 5 0.0171725 0.00073762
1542 13 0.0171725 0.00180016
591 28 0.0171725 0.00168592
2787 23 0.0171725 0.0032272
556 19 0.0171725 0.00214318
2302 22 0.0171725 0.00290879
407 10 0.0171725 0.00296265
761 22 0.0171725 0.00213812
1794 28 0.0171725 0.0032195
732 7 0.0171725 0.00141723
605 24 0.0171725 0.00170963
394 6 0.0171725 0.000949494
1693 2 0.0171725 0.00101704
2698 56 0.0171725 0.0120393
1897 35 0.0171725 0.00906013
1765 25 0.0171725 0.0132574
823 29 0.0171725 0.00568199
1591 28 0.0171725 0.00424954
681 7 0.0171725 0.00339725
747 34 0.0171725 0.00702987
402 7 0.0171725 0.00201259
384 3 0.0171725 0.00147095
1044 2 0.0171725 0.012625
769 31 0.0171725 0.00278348
1076 25 0.0171725 0.00463937
469 18 0.0171725 0.00370464
2102 47 0.0171725 0.0106202
2078 43 0.0171725 0.00727009
1033 34 0.0171725 0.0165545
659 29 0.0171725 0.00856399
653 14 0.0171725 0.00899682
687 28 0.0171725 0.0107976
502 4 0.0171725 0.0126522
2496 27 0.0171725 0.0156934
426 5 0.0171725 0.0146393
2991 46 0.0171725 0.0197665
603 23 0.0171725 0.00880731
2440 34 0.0171725 0.0200128
1589 28 0.0171725 0.016765
858 21 0.0171725 0.01584
713 28 0.0171725 0.0154618
790 11 0.0171725 0.0184475
437 4 0.0171725 0.00808701
726 3 0.0171725 0.0142016
1993 42 0.0171725 0.013176
653 20 0.0171725 0.0118595
1702 6 0.0171725 0.0116068
636 16 0.0171725 0.00847952
555 23 0.0171725 0.011628
2328 18 0.0171725 0.00751005
1553 47 0.0171725 0.00599922
671 25 0.0171725 0.0193458
797 34 0.0171725 0.0196183
675 17 0.0171725 0.0108656
398 2 0.0171725 0.00867334
773 6 0.0171725 0.0161559
2115 28 0.0171725 0.0223025
564 10 0.0171725 0.00783567
637 12 0.0171725 0.00788827
1775 20 0.0171725 0.00887602
535 28 0.0171725 0.0188776
2789 39 0.0171725 0.018666
1546 38 0.0171725 0.0143277
752 30 0.0171725 0.00732843
719 31 0.0171725 0.019892
385 3 0.0171725 0.00599047
763 6 0.0171725 0.00121124
2159 37 0.0171725 0.00661379
486 13 0.0171725 0.00147508
624 22 0.0171725 0.00160015
1805 13 0.0171725 0.00185214
514 24 0.0171725 0.00182956
360 3 0.0171725 0.000591733
1595 27 0.0171725 0.00293056
649 18 0.0171725 0.00180634
795 29 0.0171725 0.00193993
669 17 0.0171725 0.00172806
412 7 0.0171725 0.000760727
771 4 0.0171725 0.000726105
419 4 0.0171725 0.0018723
2259 64 0.0171725 0.00523713
3447 38 0.0171725 0.00379044
1776 21 0.0171725 0.00241998
443 10 0.0171725 0.00126804
1632 7 0.0171725 0.00118351
1074 38 0.0171725 0.00265297
821 32 0.0171725 0.00267944
635 15 0.0171725 0.00616271
281 8 0.0171725 0.00536154
383 4 0.0171725 0.00193839
762 2 0.0171725 0.00478727
1008 17 0.0171725 0.0148636
970 6 0.0171725 0.00164221
1816 32 0.0171725 0.00918047
1438 21 0.0171725 0.00730278
273 12 0.0171725 0.00190093
745 9 0.0171725 0.00400662
1005 21 0.0171725 0.00581715
340 5 0.0171725 0.00124064
2549 44 0.0171725 0.00919375
3254 29 0.0171725 0.00516319
635 18 0.0171725 0.00579002
2466 24 0.0171725 0.00453981
734 6 0.0171725 0.00360629
1010 9 0.0171725 0.00489385
771 32 0.0171725 0.00276488
277 15 0.0171725 0.00689895
339 2 0.0171725 0.000550774
1897 1 0.0171725 0.00309234
1465 46 0.0171725 0.0231935
560 16 0.0171725 0.017957
2641 36 0.0171725 0.0181569
3322 97 0.0171725 0.0256133
1150 23 0.0171725 0.0164425
284 14 0.0171725 0.0133114
665 16 0.0171725 0.01659
349 4 0.0171725 0.0104346
2728 40 0.0171725 0.0245923
3151 27 0.0171725 0.0116764
594 22 0.0171725 0.00483302
1966 2 0.0171725 0.00241094
1130 27 0.0171725 0.00558343
293 15 0.0171725 0.00165035
676 20 0.0171725 0.00553824
343 4 0.0171725 0.00352003
2000 39 0.0171725 0.0085617
2238 34 0.0171725 0.0122686
531 15 0.0171725 0.0112305
2443 68 0.0171725 0.0226672
1133 5 0.0171725 0.0120189
666 12 0.0171725 0.0140526
272 9 0.0171725 0.0120564
437 3 0.0171725 0.00698548
1475 8 0.0171725 0.0136055
2675 47 0.0171725 0.0128554
1630 21 0.0171725 0.012158
1153 30 0.0171725 0.0215754
565 15 0.0171725 0.0157901
147 8 0.0171725 0.00999195
374 4 0.0171725 0.0124146
1676 30 0.0171725 0.0161591
3141 65 0.0171725 0.0210081
1495 29 0.0171725 0.0162486
638 14 0.0171725 0.0144736
158 4 0.0171725 0.00905908
710 4 0.0171725 0.00816213
796 25 0.0171725 0.0158101
867 39 0.0171725 0.0118488
340 5 0.0171725 0.00676381
874 28 0.0171725 0.0212278
1309 8 0.0171725 0.0138747
432 17 0.0171725 0.0109779
2938 58 0.0171725 0.0122877
1609 16 0.0171725 0.00557611
771 28 0.0171725 0.00896301
683 19 0.0171725 0.0127023
252 9 0.0171725 0.00476182
396 5 0.0171725 0.0040229
901 30 0.0171725 0.00570471
1604 20 0.0171725 0.00762925
1864 44 0.0171725 0.0185653
1548 30 0.0171725 0.00388689
275 7 0.0171725 0.00701855
752 34 0.0171725 0.00779763
676 15 0.0171725 0.00571475
1393 34 0.0171725 0.00763845
435 6 0.0171725 0.00172731
902 33 0.0171725 0.0130395
1404 10 0.0171725 0.00263799
2805 66 0.0171725 0.00692734
1501 17 0.0171725 0.0149432
3853 87 0.0171725 0.0314201
1153 26 0.0171725 0.011674
1864 19 0.0171725 0.00716892
826 26 0.0171725 0.00873656
3300 83 0.0171725 0.0157817
867 11 0.0171725 0.0016677
354 18 0.0171725 0.00346217
3993 107 0.0171725 0.0184197
1166 30 0.0171725 0.00454239
749 39 0.0171725 0.00594419
1452 19 0.0171725 0.00440458
2726 48 0.0171725 0.00998948
901 7 0.0171725 0.00237666
357 16 0.0171725 0.00661909
4029 83 0.0171725 0.0174466
1199 37 0.0171725 0.0121172
579 27 0.0171725 0.00450641
1303 5 0.0171725 0.00197164
2626 32 0.0171725 0.0173715
824 7 0.0171725 0.000888001
350 22 0.0171725 0.00140419
#/home/michal/Dropbox/study/university/kth/thesis/data/features/annotations/0,02/featuredata_fpfh_sift_2015-05-28_11-05-08.txt
692 8 0 0.0130101
491 3 0 0.00100237
716 3 0 0.000739597
2816 38 0 0.00266982
797 7 0 0.00119446
1140 14 0 0.00151528
551 8 0 0.00096185
2640 29 0 0.00301857
579 4 0 0.000806216
432 3 0 0.00063902
696 3 0 0.000790985
2147 19 0 0.00218156
773 9 0 0.00116741
1268 11 0 0.00106299
532 8 0 0.000961841
2339 18 0 0.00219213
721 4 0 0.000835434
451 5 0 0.00089247
740 4 0 0.00113511
2050 25 0 0.00331262
1637 21 0 0.00196254
862 12 0 0.00123736
1861 22 0 0.00199728
793 7 0 0.000988918
827 9 0 0.00134516
672 2 0 0.000782236
2003 21 0 0.00307066
2745 26 0 0.0026507
2922 27 0 0.00376105
2111 30 0 0.00198128
892 16 0 0.00123877
651 8 0 0.00122817
1180 13 0 0.00138913
726 5 0 0.000983548
799 7 0 0.00134847
1907 22 0 0.00244678
1884 25 0 0.00260922
539 11 0 0.0010594
2546 33 0 0.00292559
753 8 0 0.00276918
760 4 0 0.000914373
685 5 0 0.00117007
1754 29 0 0.0020707
3173 26 0 0.00346541
604 4 0 0.000937051
2070 19 0 0.00223718
485 10 0 0.0102368
720 4 0 0.0039616
466 5 0 0.00084783
746 6 0 0.000999175
805 5 0 0.000764605
3181 38 0 0.00400214
467 9 0 0.0010338
495 4 0 0.000700887
611 9 0 0.000993618
842 6 0 0.00102874
770 6 0 0.00109181
1214 11 0 0.00143304
1809 19 0 0.00225078
510 6 0 0.000844414
517 4 0 0.000851704
695 4 0 0.000831218
722 4 0 0.000850106
1172 10 0 0.00147655
2981 29 0 0.0039384
649 10 0 0.00150758
2203 23 0 0.00237077
1379 24 0 0.00163247
812 7 0 0.000950917
708 7 0 0.00101902
421 3 0 0.00071769
1408 18 0 0.00158788
1533 25 0 0.00194778
482 8 0.00874047 0.000989406
709 7 0.00874047 0.00207562
698 6 0.00874047 0.00129054
339 5 0.00874047 0.000802855
727 7 0.00874047 0.00110444
469 5 0.00874047 0.000829167
1583 18 0.00874047 0.00228826
2025 31 0.00874047 0.00248979
545 7 0.00874047 0.00105779
1090 14 0.012531 0.00162224
463 8 0.012531 0.00099368
734 8 0.012531 0.00124445
688 4 0.012531 0.000866008
570 8 0.012531 0.00106187
1805 25 0.012531 0.00228426
709 11 0.012531 0.00157973
99 1 0.012531 0.000490525
562 4 0.012531 0.00081177
500 9 0.012531 0.00133735
761 7 0.012531 0.000937469
701 4 0.012531 0.000914384
562 8 0.012531 0.00103131
1845 20 0.012531 0.00270739
705 8 0.012531 0.00124929
81 2 0.012531 0.000557825
572 7 0.012531 0.000968817
457 6 0.012531 0.00082866
720 7 0.012531 0.00107354
710 7 0.012531 0.00233748
507 7 0.012531 0.00127999
1751 15 0.012531 0.00172595
821 5 0.012531 0.00096367
778 7 0.00929894 0.00100024
517 6 0.00929894 0.00254883
361 5 0.00929894 0.000819159
704 7 0.00929894 0.00137133
706 6 0.00929894 0.00144873
751 5 0.00929894 0.000902237
413 5 0.00929894 0.000820886
993 8 0.00929894 0.0011225
1632 15 0.00929894 0.00148181
1487 18 0.00929894 0.0027754
2052 24 0.00929894 0.00252891
2422 27 0.00929894 0.00348982
319 5 0.00929894 0.00105523
646 6 0.00929894 0.00209958
646 6 0.00929894 0.00274366
1224 17 0.00929894 0.00224448
555 6 0.00929894 0.00109751
401 4 0.00929894 0.000954088
700 5 0.00929894 0.00102711
1749 34 0.00929894 0.00272882
583 3 0.00929894 0.00072592
101 1 0.00929894 0.000536342
640 5 0.00929894 0.000941054
464 5 0.00929894 0.000751894
625 6 0.00929894 0.00105548
602 6 0.00929894 0.000943252
703 3 0.00929894 0.00254823
543 9 0.00929894 0.000994373
1969 27 0.00929894 0.0017098
850 12 0.00929894 0.0013908
698 5 0.00929894 0.00120073
2028 21 0.0116346 0.0020711
535 6 0.0116346 0.000943117
1443 9 0.0116346 0.00130634
697 6 0.0116346 0.00119651
601 8 0.0116346 0.000989279
560 4 0.0116346 0.000878444
2891 25 0.0116346 0.00230199
596 6 0.0116346 0.000918539
2988 31 0.0116346 0.00239045
1945 23 0.0116346 0.00269494
474 5 0.0116346 0.000844676
1927 15 0.0116346 0.00189123
711 2 0.0116346 0.000770638
622 1 0.0116346 0.000629795
574 6 0.0116346 0.0013181
2618 31 0.0116346 0.00235856
1818 25 0.0116346 0.00191175
479 3 0.0116346 0.00074083
1490 18 0.0116346 0.00226341
530 6 0.0116346 0.000958559
1587 11 0.0116346 0.00327647
812 7 0.0116346 0.00122526
608 3 0.0116346 0.00090035
547 7 0.0116346 0.00104807
1118 12 0.0116346 0.0028225
1183 5 0.0116346 0.000996601
1522 22 0.0116346 0.0017392
482 9 0.0116346 0.00105161
1457 12 0.0116346 0.00172552
732 6 0.0116346 0.00101733
592 7 0.0116346 0.00110273
535 5 0.0116346 0.00202684
1338 12 0.0116346 0.00157794
2514 24 0.0116346 0.00254428
1512 28 0.0116346 0.00196422
483 6 0.0116346 0.000919167
1627 13 0.0116346 0.00155837
743 3 0.0116346 0.000950623
614 6 0.0116346 0.00115508
524 5 0.0116346 0.000906661
1245 8 0.0116346 0.00436047
1872 21 0.0116346 0.00261251
1558 24 0.0116346 0.00205257
492 9 0.0116346 0.00101623
1765 14 0.0116346 0.00409241
701 6 0.0116346 0.00125992
476 5 0.0116346 0.000975061
1226 6 0.0116346 0.00128336
3096 40 0.0116346 0.00412883
1284 16 0.0116346 0.00131541
466 6 0.0116346 0.000953902
1745 15 0.0116346 0.00211596
727 4 0.0116346 0.000954256
464 6 0.0116346 0.000950038
598 8 0.0116346 0.00125881
1427 11 0.0116346 0.00251245
1329 26 0.0116346 0.00158182
810 14 0.0116346 0.0014904
500 9 0.0116346 0.00117829
1663 11 0.0116346 0.00185745
794 3 0.0116346 0.000815639
442 2 0.0116346 0.000764622
606 6 0.0116346 0.000798679
1357 9 0.0116346 0.0017023
2309 27 0.0116346 0.00248056
704 6 0.0116346 0.00131203
526 10 0.0116346 0.00115137
1786 7 0.0116346 0.00171986
717 6 0.0116346 0.00118342
661 3 0.0116346 0.000840851
671 7 0.0116346 0.000967775
2423 26 0.0116346 0.00296118
621 11 0.0116346 0.00126174
1376 20 0.0116346 0.0016391
559 9 0.0116346 0.000983523
1849 15 0.0116346 0.00221894
761 5 0.0116346 0.00109496
480 7 0.0116346 0.00091579
621 5 0.0116346 0.00114987
1059 17 0.0116346 0.00145035
1405 18 0.0116346 0.00160828
848 14 0.0116346 0.00125486
852 12 0.0116346 0.00111552
418 5 0.0116346 0.000890482
1935 14 0.0116346 0.00217764
788 9 0.0116346 0.00104809
534 6 0.0116346 0.00119794
527 3 0.0116346 0.000874952
2458 29 0.0116346 0.00283747
569 7 0.0116346 0.00106417
1080 18 0.0116346 0.00158847
535 4 0.0116346 0.00103599
1971 17 0.0116346 0.00217944
568 9 0.0116346 0.00163575
614 8 0.0116346 0.00119738
1739 13 0.0116346 0.00211174
738 5 0.0116346 0.00115118
468 6 0.0116346 0.000982833
1864 26 0.0116346 0.00205278
616 7 0.0116346 0.00099475
2922 29 0.0116346 0.00291528
659 13 0.0116346 0.00166149
2041 23 0.0116346 0.0025172
539 9 0.0116346 0.00271904
673 11 0.0116346 0.00156555
2010 14 0.0116346 0.00201374
764 4 0.0116346 0.00105885
483 3 0.0116346 0.000883525
1669 16 0.0116346 0.00200292
2021 19 0.0116346 0.00242491
676 8 0.0116346 0.0013438
2298 24 0.0116346 0.00228437
561 9 0.0116346 0.000918609
618 9 0.0116346 0.00108108
1841 11 0.0116346 0.00177761
1173 14 0.0116346 0.00183598
320 3 0.0116346 0.000637126
1651 15 0.0116346 0.00223931
2467 21 0.0116346 0.00202426
654 6 0.0116346 0.00124338
1759 16 0.0116346 0.0074957
528 7 0.0116346 0.0010464
487 3 0.0116346 0.000756546
1706 13 0.0116346 0.00229636
790 6 0.0116346 0.00558097
507 4 0.0116346 0.000872574
1927 14 0.0116346 0.00198157
2544 16 0.0116346 0.0019755
668 8 0.0116346 0.00124227
1993 16 0.0116346 0.00211972
473 8 0.0116346 0.000990956
407 5 0.0116346 0.00169751
1816 16 0.0116346 0.00224321
766 6 0.0116346 0.000945789
510 4 0.0116346 0.000892501
1890 14 0.0116346 0.00214112
1657 19 0.0116346 0.00169476
655 6 0.0116346 0.0011279
1208 17 0.0116346 0.00144343
472 7 0.0116346 0.000877278
649 3 0.0116346 0.000864165
1994 19 0.0116346 0.00355118
742 4 0.0116346 0.00109143
1914 12 0.0116346 0.00174309
2632 25 0.0116346 0.00230918
640 8 0.0116346 0.00115419
2459 27 0.0116346 0.00256187
465 5 0.0116346 0.000873604
817 9 0.0116346 0.00108137
1971 15 0.0116346 0.00232254
731 4 0.0116346 0.000929554
1744 14 0.0116346 0.00221014
2530 29 0.0116346 0.00312188
642 4 0.0116346 0.000965517
2854 29 0.0116346 0.00258047
544 5 0.0116346 0.000935195
261 4 0.0116346 0.00114001
573 5 0.0116346 0.00111534
786 7 0.0116346 0.000971861
724 5 0.0116346 0.00122278
604 9 0.0116346 0.00121179
2610 28 0.0116346 0.00270664
647 8 0.0116346 0.000961
598 8 0.0116346 0.00238715
961 7 0.0116346 0.00174232
721 8 0.0116346 0.00170816
1306 19 0.0116346 0.00160103
548 8 0.0116346 0.00106
507 5 0.0116346 0.000958218
255 2 0.0116346 0.000643284
579 3 0.0116346 0.000734192
706 5 0.0116346 0.00104307
1892 18 0.0116346 0.00200697
597 8 0.0116346 0.00123169
1002 7 0.0116346 0.00122663
574 8 0.0116346 0.00103382
2960 23 0.0116346 0.0104901
599 7 0.0116346 0.00178174
558 3 0.0116346 0.00211976
679 8 0.0116346 0.00314855
332 4 0.0116346 0.00213175
737 5 0.0116346 0.00288441
2180 34 0.0116346 0.00619275
508 7 0.0116346 0.00138028
1070 8 0.0116346 0.0031466
666 8 0.0116346 0.0056499
2275 20 0.0116346 0.00568458
540 7 0.0116346 0.00103789
321 6 0.0116346 0.00380239
582 2 0.0116346 0.00296041
705 6 0.0116346 0.00188815
709 7 0.0116346 0.00205728
499 7 0.0116346 0.00171538
1865 14 0.0116346 0.00611741
582 3 0.0116346 0.00138593
1020 6 0.0116346 0.00262448
672 7 0.0116346 0.00363654
1846 19 0.0116346 0.00330496
564 7 0.0116346 0.00260821
376 3 0.0116346 0.00142089
1069 8 0.0116346 0.0032144
733 7 0.0116346 0.00214617
831 13 0.0116346 0.004472
490 8 0.0116346 0.0107032
1425 9 0.0116346 0.00401707
539 6 0.0116346 0.00251952
947 3 0.0116346 0.00319027
1657 15 0.0116346 0.00659028
577 7 0.0116346 0.00272461
805 6 0.0116346 0.00325806
764 7 0.0116346 0.002487
554 6 0.0116346 0.00304227
1485 15 0.0116346 0.00508402
614 7 0.0116346 0.00197454
1035 7 0.0116346 0.00327325
1511 21 0.0116346 0.00773984
529 7 0.0273808 0.00285556
909 6 0.0273808 0.0025874
773 8 0.0273808 0.00197954
899 5 0.0273808 0.00353999
1731 17 0.0273808 0.00515561
713 3 0.0273808 0.00255044
1101 6 0.0273808 0.00199442
1632 15 0.0273808 0.00291099
548 6 0.0298762 0.00218129
904 3 0.0298762 0.00269503
755 9 0.0298762 0.00238943
728 6 0.0298762 0.00183323
556 7 0.0298762 0.00166016
1378 12 0.0298762 0.00404563
592 10 0.0298762 0.00287498
1449 16 0.0298762 0.00536825
673 6 0.0298762 0.00554055
2686 22 0.0298762 0.00463011
544 4 0.0298762 0.00249676
844 8 0.0298762 0.00348754
762 7 0.0298762 0.00294616
742 5 0.0298762 0.00738875
651 5 0.0298762 0.00162365
1280 15 0.0298762 0.00311057
613 8 0.0298762 0.00320267
1259 17 0.0298762 0.00609929
723 7 0.0298762 0.0031348
2221 31 0.0298762 0.00720958
523 3 0.0298762 0.00294498
957 7 0.0298762 0.00293857
695 6 0.0298762 0.00236773
778 4 0.0298762 0.00210941
571 5 0.0298762 0.00192979
1061 10 0.0298762 0.00207437
590 5 0.0298762 0.00251615
1135 14 0.0298762 0.00409208
695 10 0.0298762 0.00376764
1739 25 0.0298762 0.00530367
535 6 0.0355392 0.00256285
944 7 0.0355392 0.0049651
693 8 0.0355392 0.00282266
780 3 0.0355392 0.00212699
518 6 0.0355392 0.00303951
1392 14 0.0355392 0.00470484
485 3 0.0355392 0.00137384
1154 11 0.0355392 0.00276437
697 8 0.0355392 0.00369932
1180 16 0.0355392 0.0042306
538 6 0.03746 0.00247137
760 9 0.03746 0.00462916
700 6 0.03746 0.00531356
478 9 0.03746 0.00199753
1605 12 0.03746 0.00357248
199 7 0.03746 0.00165417
814 12 0.03746 0.00470986
697 7 0.03746 0.00320996
566 9 0.03746 0.00261548
762 7 0.03746 0.00286821
742 6 0.03746 0.00253743
537 10 0.03746 0.00600937
1662 22 0.03746 0.00197455
2340 30 0.03746 0.0041545
1399 16 0.03746 0.00225433
595 3 0.03746 0.000917568
1013 12 0.03746 0.00165358
733 6 0.03746 0.0011099
2041 19 0.03746 0.0022042
758 12 0.03746 0.00148476
1329 9 0.03746 0.00148989
1594 17 0.03746 0.00223052
595 6 0.03746 0.00162354
535 5 0.03746 0.00185405
783 10 0.03746 0.0013974
721 10 0.03746 0.00369999
1524 17 0.03746 0.00658452
2339 21 0.03746 0.00591673
1290 12 0.03746 0.00202971
543 5 0.03746 0.00395463
607 7 0.03746 0.00211101
692 8 0.03746 0.00276948
728 4 0.03746 0.00227567
469 4 0.03746 0.00254563
1025 7 0.03746 0.00412202
1957 24 0.03746 0.00255983
609 5 0.03746 0.00120711
635 10 0.03746 0.00162266
2781 26 0.03746 0.00474812
467 8 0.03746 0.00105542
657 4 0.03746 0.00129502
340 2 0.03746 0.00118037
759 7 0.03746 0.00159125
486 5 0.03746 0.00132208
830 11 0.03746 0.00172074
2082 26 0.03746 0.00694989
632 8 0.03746 0.0035966
2846 22 0.03746 0.00644128
495 9 0.03746 0.00197825
698 9 0.03746 0.0032504
746 11 0.03746 0.00474694
700 4 0.03746 0.00241215
612 4 0.03746 0.00206594
988 9 0.03746 0.00396267
2433 18 0.03746 0.00724537
702 8 0.03746 0.00360856
2097 19 0.03746 0.00343502
519 9 0.03746 0.00381589
687 9 0.03746 0.00279962
819 10 0.03746 0.00286178
742 4 0.03746 0.00687452
530 5 0.03746 0.00638961
771 9 0.03746 0.00673989
1827 18 0.03746 0.00683889
694 6 0.03746 0.0069567
1538 13 0.03746 0.00783957
528 7 0.03746 0.00609247
703 6 0.03746 0.00630162
372 3 0.03746 0.00624192
736 5 0.03746 0.00707794
2122 17 0.03746 0.00588146
921 11 0.03746 0.00608825
553 4 0.03746 0.00819059
1974 17 0.03746 0.0108943
488 9 0.03746 0.00990582
680 7 0.03746 0.00198021
315 5 0.03746 0.00394798
766 8 0.03746 0.00459429
377 3 0.03746 0.00205731
2306 37 0.03746 0.00544778
1568 22 0.03746 0.00374396
630 6 0.03746 0.00920432
414 6 0.03746 0.00401964
2947 20 0.03746 0.00719887
635 6 0.03746 0.00207742
657 6 0.03746 0.00244916
773 6 0.03746 0.00355115
296 3 0.03746 0.00100229
2159 25 0.03746 0.00729929
611 6 0.03746 0.00388662
2024 22 0.03746 0.0084872
610 4 0.03746 0.00286848
2375 20 0.03746 0.00561951
519 10 0.03746 0.00606866
651 4 0.03746 0.00101325
297 4 0.03746 0.0023244
738 3 0.03746 0.00201385
2519 30 0.03746 0.00811376
635 5 0.03746 0.00183272
2324 22 0.03746 0.00948801
554 3 0.03746 0.00259185
2357 21 0.03746 0.0061767
553 4 0.03746 0.00194133
558 5 0.03746 0.00162139
750 4 0.03746 0.00301108
3248 39 0.03746 0.00557902
600 3 0.03746 0.000954073
2241 21 0.03746 0.00955012
633 8 0.03746 0.00160029
1397 17 0.03746 0.00498782
531 8 0.03746 0.00277653
632 6 0.03746 0.00159673
188 3 0.03746 0.00236604
723 8 0.03746 0.00161879
2382 46 0.03746 0.00881361
2347 21 0.03746 0.00647182
575 6 0.03746 0.00154972
2724 21 0.03746 0.00732485
426 1 0.03746 0.000502575
1945 24 0.0240016 0.00606315
1221 3 0.0240016 0.00196467
2058 23 0.051767 0.0100886
506 3 0.051767 0.000999136
669 5 0.051767 0.0049028
403 6 0.051767 0.0043069
1766 14 0.051767 0.00330911
568 8 0.051767 0.00489881
1185 9 0.051767 0.00551841
1431 15 0.051767 0.00362119
519 3 0.051767 0.00218348
729 4 0.051767 0.00142792
453 3 0.051767 0.00125008
2040 21 0.051767 0.00542718
597 6 0.051767 0.00414605
1139 9 0.051767 0.00294284
1413 17 0.051767 0.00432205
525 8 0.051767 0.00271751
853 12 0.051767 0.00434011
767 9 0.051767 0.003164
691 5 0.051767 0.00242001
424 4 0.051767 0.00359659
2501 26 0.051767 0.00959974
717 8 0.051767 0.00283846
1344 19 0.051767 0.00568914
1456 19 0.051767 0.0068012
460 5 0.051767 0.00226563
817 10 0.051767 0.00364978
1843 18 0.051767 0.008014
807 4 0.051767 0.00104578
607 7 0.051767 0.00290602
383 5 0.051767 0.00229451
1542 16 0.051767 0.00285678
591 12 0.051767 0.00230894
2787 23 0.051767 0.00494693
556 6 0.051767 0.00356984
2302 28 0.051767 0.00623344
407 3 0.051767 0.00198722
761 7 0.051767 0.00249852
1794 16 0.051767 0.00600993
732 8 0.051767 0.00341259
605 5 0.051767 0.00249101
394 4 0.051767 0.0020131
1693 15 0.051767 0.005163
2698 33 0.051767 0.00594019
1897 11 0.051767 0.00433496
1765 17 0.051767 0.00531339
823 7 0.051767 0.00121084
1591 19 0.051767 0.00266087
681 5 0.051767 0.0019832
747 10 0.051767 0.00278628
402 5 0.051767 0.00221466
384 4 0.051767 0.000782129
1044 4 0.051767 0.00205663
769 8 0.051767 0.00242532
1076 18 0.051767 0.0040822
469 5 0.051767 0.000822236
2102 19 0.051767 0.00499213
2078 25 0.051767 0.00762116
1033 9 0.051767 0.00380232
659 5 0.051767 0.000906323
653 3 0.051767 0.00372354
687 6 0.051767 0.00128635
502 5 0.051767 0.00121074
2496 17 0.051767 0.00570346
426 2 0.051767 0.00169609
2991 18 0.051767 0.00694036
603 8 0.051767 0.00255569
2440 26 0.051767 0.00634604
1589 19 0.051767 0.00547188
858 7 0.051767 0.00314529
713 7 0.051767 0.00160597
790 5 0.051767 0.00225837
437 8 0.051767 0.00341378
726 3 0.051767 0.00119299
1993 21 0.051767 0.00647795
653 12 0.051767 0.00144356
1702 16 0.051767 0.0058166
636 8 0.051767 0.00473587
555 8 0.051767 0.00278447
2328 19 0.051767 0.00609278
1553 19 0.051767 0.0033713
671 6 0.051767 0.0029147
797 7 0.051767 0.00169606
675 3 0.051767 0.00149665
398 6 0.051767 0.00243238
773 7 0.051767 0.0034371
2115 19 0.051767 0.00586509
564 8 0.051767 0.00242083
637 7 0.051767 0.00274972
1775 26 0.051767 0.00315001
535 9 0.051767 0.00409522
2789 27 0.051767 0.00898935
1546 15 0.051767 0.00428121
752 7 0.051767 0.00161279
719 8 0.051767 0.00152227
385 4 0.051767 0.00224659
763 6 0.051767 0.00198267
2159 22 0.051767 0.00699539
486 4 0.051767 0.00223151
624 5 0.051767 0.00282826
1805 15 0.051767 0.00478106
514 5 0.051767 0.00336105
360 4 0.051767 0.00159988
1595 16 0.051767 0.00609377
649 5 0.051767 0.00284988
795 8 0.051767 0.00209943
669 5 0.051767 0.00455425
412 6 0.051767 0.00233024
771 5 0.051767 0.0031581
419 7 0.051767 0.00344536
2259 23 0.051767 0.00749052
3447 31 0.051767 0.007697
1776 17 0.051767 0.0136902
443 7 0.051767 0.0015185
1632 19 0.051767 0.00497217
1074 8 0.051767 0.00573945
821 6 0.051767 0.001937
635 5 0.051767 0.00224674
281 3 0.051767 0.00114053
383 4 0.051767 0.00266605
762 6 0.051767 0.00291922
1008 8 0.051767 0.00811119
970 12 0.051767 0.00113745
1816 10 0.051767 0.00175578
1438 20 0.051767 0.00194721
273 5 0.051767 0.000707368
745 6 0.051767 0.00171276
1005 10 0.051767 0.00159738
340 4 0.051767 0.000648906
2549 25 0.051767 0.00217709
3254 36 0.051767 0.00326113
635 11 0.051767 0.00140952
2466 23 0.051767 0.00252709
734 5 0.051767 0.00109117
1010 6 0.051767 0.00124189
771 8 0.051767 0.000999147
277 3 0.051767 0.000971964
339 1 0.051767 0.000619753
1897 19 0.051767 0.00227501
1465 22 0.051767 0.0018424
560 9 0.051767 0.0012137
2641 22 0.051767 0.00434272
3322 41 0.051767 0.00346008
1150 9 0.051767 0.00113271
284 3 0.051767 0.000621797
665 3 0.051767 0.000697463
349 1 0.051767 0.000486036
2728 38 0.051767 0.00279584
3151 26 0.051767 0.00393909
594 9 0.051767 0.00125398
1966 28 0.051767 0.00191743
1130 11 0.051767 0.0016894
293 3 0.051767 0.000656048
676 4 0.051767 0.000750899
343 2 0.051767 0.000471332
2000 19 0.051767 0.00192313
2238 17 0.051767 0.00313717
531 8 0.051767 0.000975275
2443 22 0.051767 0.00224208
1133 7 0.051767 0.00127098
666 4 0.051767 0.00102158
272 2 0.051767 0.000612968
437 2 0.051767 0.000602506
1475 19 0.051767 0.00178517
2675 27 0.051767 0.00238516
1630 18 0.051767 0.00150338
1153 5 0.051767 0.0010983
565 5 0.051767 0.00149588
374 2 0.00886691 0.000878614
1676 20 0.00886691 0.00180208
3141 36 0.00886691 0.00298998
1495 21 0.00886691 0.00165211
638 5 0.00886691 0.00114297
710 4 0.0138188 0.000824618
796 5 0.0138188 0.000775143
867 6 0.0138188 0.000946636
340 2 0.0138188 0.000640495
874 9 0.0138188 0.00114581
1309 24 0.0138188 0.00174525
432 6 0.0138188 0.000647552
2938 29 0.0138188 0.00283045
1609 22 0.0138188 0.00179443
771 4 0.0138188 0.000871766
683 5 0.0138188 0.000963044
252 2 0.0138188 0.000645577
396 7 0.0138188 0.0017387
901 10 0.0138188 0.00147529
1604 33 0.0138188 0.00222608
1864 20 0.0138188 0.00145697
1548 18 0.0138188 0.0017107
275 1 0.0138188 0.000496624
752 7 0.0138188 0.000892491
676 5 0.0138188 0.000987493
1393 9 0.0138188 0.00135185
435 3 0.0138188 0.000562645
902 9 0.0138188 0.00114594
1404 18 0.0138188 0.00165849
2805 30 0.0138188 0.00279275
1501 13 0.0138188 0.00146187
3853 36 0.0138188 0.00413581
1153 6 0.0138188 0.00107744
1864 18 0.0138188 0.00182186
826 7 0.0138188 0.000897306
3300 36 0.0138188 0.00378591
867 8 0.0138188 0.000981218
354 1 0.0138188 0.000451448
3993 40 0.0138188 0.00482171
1166 8 0.0138188 0.00130589
749 5 0.0138188 0.001023
1452 24 0.0138188 0.00187367
2726 24 0.0138188 0.00249189
901 8 0.0138188 0.00104224
4029 42 0.00991286 0.00411497
1199 6 0.00991286 0.000899842
579 6 0.00991286 0.000693517
1303 13 0.00991286 0.00101964
2626 28 0.00991286 0.00245142
824 11 0.00991286 0.00142368
350 3 0.00991286 0.000670555
#/home/michal/Dropbox/study/university/kth/thesis/data/features/annotations/0,02/featuredata_fpfh_iss_2015-05-28_11-01-26.txt
692 17 0 0.0127853
491 11 0 0.00281664
716 14 0 0.00469413
2816 69 0 0.0168408
797 17 0 0.00610009
1140 26 0 0.0127281
551 23 0 0.00243909
2640 62 0 0.0181237
579 16 0 0.0173641
432 6 0 0.0122798
696 13 0 0.00316239
2147 55 0 0.0130288
773 17 0 0.00322723
1268 30 0 0.00669944
532 18 0 0.00338144
2339 66 0 0.0127501
721 15 0 0.00393954
451 10 0 0.00351864
740 17 0 0.00565692
2050 65 0 0.0123089
1637 44 0 0.008124
862 24 0 0.00655433
1861 38 0 0.0099571
793 15 0 0.00361865
827 18 0 0.0027293
672 15 0 0.00272277
2003 55 0 0.0282735
2745 58 0 0.0210981
2922 66 0 0.0149773
2111 46 0 0.0105697
892 26 0 0.00916403
651 13 0 0.00280422
1180 17 0 0.00394046
726 15 0 0.00305199
799 16 0 0.00451693
1907 60 0 0.0117004
1884 58 0 0.0164098
539 17 0 0.00844011
2546 64 0 0.0149747
753 15 0 0.00445368
760 17 0 0.0120329
685 13 0 0.00298396
1754 39 0 0.0146069
3173 70 0 0.0155472
604 16 0 0.00855322
2070 47 0 0.00986286
485 8 0 0.00266669
720 14 0 0.00455622
466 10 0 0.00292109
746 13 0 0.00823769
805 24 0 0.00525257
3181 77 0 0.0146812
467 18 0 0.0054913
495 7 0 0.00283711
611 10 0 0.00355681
842 20 0 0.00831659
770 17 0 0.00440247
1214 32 0 0.00789619
1809 65 0 0.0108943
510 10 0 0.00146382
517 10 0 0.00129596
695 15 0 0.0032505
722 17 0 0.00281327
1172 31 0 0.00316974
2981 71 0 0.00866202
649 18 0 0.00487868
2203 60 0 0.00578152
1379 29 0 0.00375116
812 11 0 0.00182049
708 16 0 0.00207023
421 8 0 0.00124975
1408 43 0 0.00842346
1533 51 0 0.0079981
87 4 0 0.00161603
482 8 0 0.00179265
709 14 0 0.00238988
698 12 0 0.00194009
339 6 0 0.00106137
727 13 0 0.00225126
469 11 0 0.00142805
1583 57 0 0.00688635
2025 42 0 0.00475672
545 15 0 0.00348727
80 4 0 0.00365659
1090 22 0 0.00261313
463 9 0 0.00122065
734 14 0 0.00377303
688 17 0 0.00595396
570 14 0 0.00682581
1805 55 0 0.0169162
709 19 0 0.00477711
99 6 0 0.00309719
562 12 0 0.0134124
500 10 0 0.00167345
761 17 0 0.0041435
701 15 0 0.00613477
562 10 0 0.00297127
1845 57 0 0.0118769
705 14 0 0.00238464
81 2 0 0.00199263
572 11 0 0.00293755
457 9 0 0.00349959
720 12 0 0.00340395
710 14 0 0.0132978
507 16 0 0.0127143
1751 50 0 0.0170832
821 20 0 0.00214248
85 2 0 0.00138648
778 20 0 0.00446317
517 9 0 0.00207712
361 7 0 0.00128916
704 12 0 0.00401994
706 12 0 0.00314395
751 16 0 0.00294113
413 10 0 0.00235455
993 23 0 0.00554019
1632 39 0 0.015177
1487 28 0 0.00466437
2052 66 0 0.0184975
2422 45 0 0.0186058
319 8 0 0.00549242
646 13 0 0.00350768
646 11 0 0.0149039
1224 25 0 0.0105551
555 11 0 0.00330338
401 10 0 0.00296049
700 22 0 0.0122692
1749 45 0 0.00789595
583 15 0 0.00331544
101 5 0 0.00171108
640 14 0 0.00524609
464 10 0 0.00766462
625 13 0 0.00358425
602 15 0 0.00440063
703 15 0 0.00241934
543 14 0 0.00439811
1969 45 0 0.0215971
850 16 0 0.0103639
698 22 0 0.00681845
80 1 0 0.000893587
2028 43 0 0.0108337
535 12 0 0.00323248
1443 26 0 0.00603137
697 14 0 0.00414385
601 14 0 0.00423577
560 17 0 0.00252206
2891 70 0 0.0176287
596 11 0 0.00506424
2988 77 0 0.0131478
1945 46 0 0.00903238
474 7 0 0.0126186
1927 40 0 0.0132153
711 16 0 0.00907314
622 15 0 0.00350985
574 17 0 0.00372567
2618 65 0 0.021284
1818 48 0 0.00789102
479 11 0 0.0033734
1490 35 0 0.0054278
530 11 0 0.00270489
1587 33 0 0.0107269
812 16 0 0.00435845
608 12 0 0.0093338
547 14 0 0.00803395
1118 28 0 0.00351517
1183 32 0 0.00888814
1522 37 0 0.00669307
482 12 0 0.00403533
1457 32 0 0.021083
732 15 0 0.00913356
592 12 0 0.00453106
535 14 0 0.00264416
1338 42 0 0.0100354
2514 67 0 0.016667
1512 40 0 0.00955928
483 9 0 0.00189079
1627 36 0 0.00810319
743 16 0 0.00460968
614 14 0 0.00633848
524 11 0 0.00322237
1245 34 0 0.00888323
1872 60 0 0.0158386
1558 36 0 0.00550135
492 9 0 0.00457101
1765 37 0 0.00886331
701 13 0 0.00289502
476 13 0 0.00461526
1226 35 0 0.0111653
3096 73 0 0.015101
1284 27 0 0.00424736
466 10 0 0.00889325
1745 33 0 0.0144681
727 11 0 0.00319692
464 9 0 0.00337004
598 14 0 0.00890712
1427 44 0 0.0104412
1329 40 0 0.009586
810 14 0 0.00815371
500 13 0 0.00274767
1663 37 0 0.0157568
794 18 0 0.0104136
442 12 0 0.00642936
606 12 0 0.00367445
1357 43 0 0.00990272
2309 52 0 0.00967604
704 25 0 0.00344699
526 11 0 0.0044526
1786 36 0 0.020455
717 16 0 0.00316974
661 14 0 0.00851332
671 18 0 0.00376061
2423 46 0 0.00565971
621 13 0 0.00333856
1376 30 0 0.00475974
559 11 0 0.00250689
1849 35 0 0.0110171
761 16 0 0.00865404
480 18 0 0.00748704
621 14 0 0.00583602
1059 24 0 0.00455557
1405 31 0 0.0176132
848 19 0 0.0141019
852 23 0 0.00700859
418 9 0 0.00264919
1935 43 0 0.0115739
788 17 0 0.00409622
534 12 0 0.00355344
527 11 0 0.00443435
2458 65 0 0.0285347
569 15 0 0.0110098
1080 26 0 0.00712967
535 21 0 0.00379557
1971 43 0 0.0134266
568 9 0 0.00300995
614 11 0 0.00342165
1739 36 0 0.0212255
738 19 0 0.0129203
468 9 0 0.0040297
1864 43 0 0.0130115
616 15 0 0.0148704
2922 68 0 0.0180145
659 19 0 0.00423797
2041 47 0 0.010215
539 12 0 0.00528693
673 16 0 0.00332008
2010 41 0 0.0113498
764 22 0 0.00439508
483 8 0 0.0112249
1669 47 0 0.0107447
2021 57 0 0.0251091
676 27 0 0.0052477
2298 59 0 0.0206111
561 11 0 0.00348605
618 15 0 0.00385517
1841 37 0 0.0146706
1173 23 0 0.00736556
320 12 0 0.00243009
1651 51 0 0.0120985
2467 43 0 0.0165252
654 16 0 0.0125292
1759 42 0 0.0177043
528 10 0 0.00352451
487 13 0 0.0106067
1706 28 0 0.00861603
790 19 0 0.00663756
507 11 0 0.00402533
1927 60 0 0.0242043
2544 59 0 0.0122027
668 23 0 0.00318049
1993 46 0 0.00819577
473 14 0 0.00241653
407 10 0 0.00162033
1816 36 0 0.00563178
766 16 0 0.00983771
510 14 0 0.00973177
1890 58 0 0.0159538
1657 42 0 0.0200719
655 19 0 0.0175354
1208 34 0 0.0231537
472 9 0 0.0112178
649 14 0 0.00820453
1994 48 0 0.0192069
742 13 0 0.00534306
1914 58 0 0.0134701
2632 60 0 0.00866167
640 21 0 0.00430926
2459 48 0 0.0181141
465 11 0 0.00641627
817 23 0 0.0184131
1971 35 0 0.0194718
731 15 0 0.0102752
1744 50 0 0.0116662
2530 55 0 0.0208376
642 17 0 0.00260275
2854 56 0 0.0223832
544 11 0 0.00433675
261 9 0 0.00180674
573 12 0 0.00377231
786 21 0 0.00621984
724 13 0 0.00307199
604 16 0 0.00325531
2610 56 0 0.0160469
647 21 0 0.00649383
598 18 0 0.00629221
961 20 0 0.00858152
721 23 0 0.0142049
1306 40 0 0.00475904
548 9 0 0.00375034
507 12 0 0.0165435
255 7 0 0.00187583
579 12 0 0.00381862
706 9 0 0.0035628
1892 61 0 0.0178865
597 24 0 0.00356757
1002 26 0 0.00404347
574 22 0 0.00372901
2960 73 0 0.0179915
599 7 0 0.00546297
558 13 0 0.00715766
679 14 0 0.00244301
332 9 0 0.00164255
737 14 0 0.00844799
2180 53 0 0.00944016
508 12 0 0.0034486
1070 28 0 0.00681754
666 26 0 0.00469592
2275 57 0 0.0120107
540 11 0 0.00526086
321 6 0 0.00184106
582 14 0 0.0088881
705 16 0 0.0146192
709 12 0 0.0155524
499 12 0 0.00222218
1865 50 0 0.0101405
582 14 0 0.00477967
1020 29 0 0.0117604
672 20 0 0.00373834
1846 55 0 0.0129612
564 9 0 0.00531195
376 7 0 0.00305707
1069 22 0 0.00432023
733 14 0 0.00679361
831 19 0 0.0071217
490 14 0 0.00204651
1425 38 0 0.0117777
539 14 0 0.00371709
947 23 0 0.00444443
1657 44 0 0.00511341
577 13 0 0.00377296
805 12 0 0.00455746
764 14 0 0.00652354
554 15 0 0.0031486
1485 47 0 0.0132011
614 14 0 0.00371206
1035 29 0 0.0120474
1511 41 0 0.00858182
51 2 0 0.00254311
529 7 0 0.0139903
909 18 0 0.00546754
773 21 0 0.00390318
899 24 0 0.00480715
1731 49 0 0.00856878
713 22 0 0.00429778
1101 25 0 0.00515342
1632 47 0 0.00898025
61 2 0 0.00105023
548 7 0 0.00286331
904 22 0 0.012605
755 16 0 0.00391064
728 13 0 0.00444961
556 16 0 0.00531014
1378 42 0 0.0129846
592 16 0 0.00257137
1449 37 0 0.0157643
673 19 0 0.00930533
2686 58 0 0.0177491
544 11 0 0.00285435
844 13 0 0.00412009
762 16 0 0.00397123
742 15 0 0.0160561
651 14 0 0.00634222
1280 34 0 0.0144157
613 15 0 0.00675434
1259 30 0 0.0137964
723 19 0 0.00445344
2221 44 0 0.00587023
523 7 0 0.00325987
957 21 0 0.00292684
695 13 0 0.00219419
778 12 0 0.00191325
571 18 0 0.00214515
1061 26 0 0.00286842
590 13 0 0.0018558
1135 23 0 0.0051656
695 20 0 0.00248709
1739 53 0 0.00576477
65 4 0 0.000664612
535 11 0 0.00170402
944 18 0 0.00307211
693 11 0 0.00202584
780 12 0 0.00341405
518 17 0 0.00186131
1392 34 0 0.00437652
485 12 0 0.00192626
1154 29 0 0.00321708
697 20 0 0.0103438
1180 34 0 0.00695594
78 3 0 0.000703055
538 11 0 0.00228667
760 11 0 0.00171747
700 16 0 0.00435325
478 10 0 0.00142035
1605 32 0 0.00578478
199 5 0 0.000908948
814 27 0 0.00342575
697 17 0 0.00210275
566 8 0 0.00232271
762 14 0 0.00213526
742 14 0 0.00968208
537 16 0 0.00377875
1662 53 0 0.00429777
2340 60 0 0.00675865
1399 39 0 0.00591217
595 8 0 0.00153622
1013 26 0 0.0111026
733 24 0 0.0049237
2041 58 0 0.00850304
758 22 0 0.00246114
1329 30 0 0.00487231
1594 44 0 0.00394264
595 8 0 0.00516295
535 8 0 0.0015772
783 13 0 0.00256827
721 14 0 0.00189139
1524 36 0 0.00559297
2339 41 0 0.00698883
1290 24 0 0.00442517
543 9 0 0.00263748
607 11 0 0.00325544
692 10 0 0.00433405
728 16 0 0.0112506
469 12 0 0.00930976
1025 24 0 0.00726704
1957 53 0 0.00794859
609 17 0 0.00340516
635 22 0 0.00999283
2781 71 0 0.0256538
467 11 0 0.0081996
657 15 0 0.00250439
340 10 0 0.00295842
759 17 0 0.00392268
486 13 0 0.00537707
830 24 0 0.0052723
2082 48 0 0.0134843
632 18 0 0.00382629
2846 70 0 0.0152508
495 9 0 0.00249119
698 11 0 0.0119033
746 15 0 0.00639714
700 14 0 0.00332958
612 9 0 0.00262335
988 28 0 0.0187896
2433 63 0 0.0178134
702 19 0 0.0097671
2097 46 0 0.00733548
519 16 0 0.00173952
687 12 0 0.00625735
819 14 0 0.00659485
742 18 0 0.00355249
530 11 0 0.00311747
771 16 0 0.00458396
1827 44 0 0.00974008
694 25 0 0.00901929
1538 37 0 0.0042076
528 14 0 0.00162682
703 12 0 0.00296673
372 9 0 0.00311993
736 14 0 0.00504157
2122 68 0 0.0143
921 22 0 0.00755119
553 18 0 0.00560328
1974 41 0 0.00885472
488 10 0 0.00265969
680 9 0 0.00315853
315 8 0 0.00154545
766 10 0 0.0034391
377 6 0 0.00288095
2306 55 0 0.0101262
1568 52 0 0.00556041
630 15 0 0.00391461
414 11 0 0.00223549
2947 70 0 0.0204272
635 9 0 0.00840807
657 11 0 0.00811051
773 13 0 0.00250675
296 6 0 0.00101315
2159 58 0 0.00530569
611 11 0 0.00556981
2024 48 0 0.00916899
610 19 0 0.00218912
2375 58 0 0.0118923
519 9 0 0.00180888
651 12 0 0.00179285
297 5 0 0.00128234
738 14 0 0.00205919
2519 56 0 0.00711012
635 6 0 0.00488335
2324 53 0 0.00803617
554 21 0 0.00257519
2357 51 0 0.00634873
553 10 0 0.00132834
558 7 0 0.00155197
750 15 0 0.00220152
3248 91 0 0.00907086
600 10 0 0.00545909
2241 54 0 0.00927315
633 24 0 0.00242787
1397 44 0 0.00421981
531 12 0 0.00145973
632 10 0 0.0020174
188 6 0 0.000938116
723 15 0 0.0042278
2382 63 0 0.0095104
2347 59 0 0.00651596
575 17 0 0.00244858
2724 59 0 0.0221946
426 8 0 0.003781
680 11 0 0.0046204
1945 41 0 0.0229825
1221 25 0 0.00406193
1668 45 0 0.0149285
2058 39 0 0.0126009
506 7 0 0.00296479
669 13 0 0.00397161
403 9 0 0.00402818
1766 56 0 0.00930207
568 13 0 0.00265073
1185 24 0 0.0112376
1431 37 0 0.00581274
519 9 0 0.00242717
729 16 0 0.00312837
453 15 0 0.00327442
2040 41 0 0.0115857
597 9 0 0.00289779
1139 29 0 0.00770919
1413 37 0 0.00849426
525 8 0 0.00205016
853 15 0 0.00448297
767 12 0 0.00366406
691 13 0 0.00794157
424 10 0 0.0016878
2501 65 0 0.00846909
717 19 0 0.0028638
1344 35 0 0.00494726
1456 36 0 0.0039746
460 8 0 0.00124119
817 15 0 0.00527478
1843 42 0 0.00822511
807 23 0 0.00493451
607 11 0 0.00226459
383 10 0 0.00611591
1542 47 0 0.00476174
591 14 0 0.00159116
2787 63 0 0.00692221
556 16 0 0.00220429
2302 66 0 0.0120305
407 12 0 0.00523983
761 14 0 0.00413551
1794 38 0 0.00895659
732 15 0 0.01545
605 15 0 0.0132524
394 11 0 0.00255772
1693 54 0 0.0148602
2698 51 0 0.018673
1897 36 0 0.0176833
1765 48 0 0.00664609
823 18 0 0.00288226
1591 32 0 0.00844194
681 13 0 0.0114842
747 19 0 0.0134414
402 10 0 0.00253129
384 11 0 0.00343286
1044 30 0 0.00928258
769 16 0 0.010005
1076 26 0 0.0101928
469 15 0 0.00278746
2102 57 0 0.0228223
2078 31 0 0.00993731
1033 30 0 0.0182564
659 12 0 0.00319409
653 16 0 0.00546918
687 11 0 0.00670529
502 11 0 0.00397525
2496 51 0 0.00802628
426 10 0 0.00144474
2991 54 0 0.00683368
603 13 0 0.00198738
2440 66 0 0.00923044
1589 34 0 0.0153556
858 17 0 0.0150372
713 14 0 0.00460446
790 18 0 0.00469088
437 9 0 0.00227434
726 16 0 0.0100923
1993 45 0 0.00717872
653 17 0 0.00568157
1702 54 0 0.0150067
636 17 0 0.00948425
555 22 0 0.0101839
2328 60 0 0.00994414
1553 42 0 0.0160195
671 11 0 0.00322063
797 16 0 0.00653035
675 15 0 0.00413708
398 14 0 0.00829011
773 26 0 0.00465857
2115 49 0 0.0105244
564 15 0 0.0032949
637 20 0 0.00480701
1775 49 0 0.00979134
535 15 0 0.00363649
2789 60 0 0.024853
1546 41 0 0.0142808
752 15 0 0.00351468
719 9 0 0.00346246
385 11 0 0.00244395
763 18 0 0.00562146
2159 45 0 0.0135072
486 13 0 0.0038237
624 19 0 0.00403369
1805 50 0 0.0168969
514 17 0 0.0104704
360 6 0 0.0013559
1595 38 0 0.00765528
649 17 0 0.00429957
795 11 0 0.00339547
669 12 0 0.00392893
412 11 0 0.00280418
771 17 0 0.00281822
419 16 0 0.00255422
2259 51 0 0.0201286
3447 83 0 0.0217353
1776 31 0 0.00812479
443 11 0 0.00732494
1632 42 0 0.00408828
1074 26 0 0.0025376
821 16 0 0.00824767
635 14 0 0.00445211
281 6 0 0.00103793
383 12 0 0.00423239
762 18 0 0.00290692
1008 32 0 0.00397213
970 24 0 0.00244143
1816 59 0 0.00625658
1438 37 0 0.00572921
273 7 0 0.00114102
745 16 0 0.00736365
1005 18 0 0.00630494
340 9 0 0.00126819
2549 56 0 0.00927787
3254 75 0 0.013426
635 22 0 0.00773048
2466 59 0 0.0121424
734 17 0 0.00370587
1010 16 0 0.0026148
771 14 0 0.00236856
277 8 0 0.00113862
339 14 0 0.00156595
1897 62 0 0.00957852
1465 43 0 0.00343979
560 21 0 0.00243918
2641 66 0 0.0100971
3322 111 0 0.0112284
1150 19 0 0.0052152
284 7 0 0.00104391
665 16 0 0.00608232
349 10 0 0.00137934
2728 63 0 0.00706093
3151 69 0 0.0120376
594 18 0 0.0110805
1966 45 0 0.0120269
1130 20 0 0.0185646
293 8 0 0.00165675
676 13 0 0.0123374
343 9 0 0.00199894
2000 44 0 0.0122748
2238 53 0 0.00793755
531 20 0 0.0136624
2443 62 0 0.0105597
1133 18 0 0.00460453
666 13 0 0.00534841
272 5 0 0.00357294
437 11 0 0.00414643
1475 41 0 0.0143711
2675 65 0 0.0161335
1630 45 0 0.0118029
1153 18 0 0.00389947
565 14 0 0.00870476
147 3 0 0.00221733
374 10 0 0.00909841
1676 43 0 0.00902867
3141 76 0 0.0189497
1495 41 0 0.00560373
638 15 0 0.00360763
158 2 0 0.0019918
710 17 0 0.00440422
796 17 0 0.0058502
867 15 0 0.00480694
340 11 0 0.00313792
874 18 0 0.00295453
1309 28 0 0.00579044
432 11 0 0.00307696
2938 65 0 0.0154288
1609 45 0 0.0131795
771 14 0 0.0047202
683 15 0 0.00698691
252 6 0 0.00163815
396 11 0 0.00278882
901 23 0 0.00815442
1604 43 0 0.0126601
1864 58 0 0.010035
1548 40 0 0.00481232
275 6 0 0.00489596
752 13 0 0.00501072
676 13 0 0.00301884
1393 28 0 0.0141653
435 9 0 0.00217528
902 23 0 0.00977689
1404 45 0 0.0093938
2805 62 0 0.0206828
1501 40 0 0.00627846
3853 96 0 0.0214615
1153 24 0 0.0049516
1864 47 0 0.0108376
826 22 0 0.00483637
3300 72 0 0.0217464
867 14 0 0.0093512
354 6 0 0.0030255
3993 109 0 0.0249358
1166 29 0 0.00720375
749 14 0 0.016994
1452 46 0 0.0102782
2726 70 0 0.0153495
901 19 0 0.00362904
357 7 0 0.0019786
4029 101 0 0.0251872
1199 26 0 0.0095755
579 21 0 0.00259443
1303 30 0 0.00387453
2626 61 0 0.0156828
824 12 0 0.00312686
350 6 0 0.00158569
