#/home/michal/Dropbox/study/university/kth/thesis/data/features/annotations/0,02/featuredata_shot_susan_2015-05-28_11-02-13.txt
692 21 0.0260071 0.00706606
491 25 0.0155818 0.000902591
716 11 0.00981085 0.000933713
2816 50 0.0174809 0.00246713
797 25 0.0101075 0.00122941
1140 18 0.010082 0.00128253
551 14 0.00828231 0.000902993
2640 51 0.0180647 0.00374558
579 17 0.0228174 0.00189221
432 17 0.0202869 0.00180679
696 6 0.0260638 0.00227812
2147 62 0.044315 0.00828268
773 27 0.0271082 0.0025606
1268 34 0.0326792 0.00879369
532 27 0.0195518 0.00146626
2339 66 0.0484053 0.0123051
721 33 0.0218641 0.00176852
451 19 0.0191882 0.00235158
740 5 0.0245712 0.00211642
1637 22 0.0263196 0.00262292
862 48 0.0174121 0.00230952
1861 57 0.0364067 0.00379507
793 31 0.0293299 0.00303477
827 29 0.0297377 0.00304637
672 22 0.0261175 0.0137388
2003 9 0.0320151 0.0125663
2745 31 0.0200828 0.00253591
2922 57 0.0256169 0.00320719
2111 57 0.0180925 0.00352089
892 28 0.0150739 0.00163556
651 28 0.0138699 0.00167438
1180 37 0.021278 0.00508861
726 18 0.0144498 0.00127563
799 7 0.0142001 0.0012224
1907 8 0.0327401 0.00503175
1884 29 0.0369171 0.0100076
539 16 0.0224665 0.00914456
2546 78 0.0369994 0.0202528
753 31 0.00912565 0.00803872
760 28 0.0238964 0.0161005
685 15 0.00982316 0.00569219
1754 21 0.0120229 0.00641038
3173 36 0.0207962 0.00803473
604 10 0.00879823 0.00588102
2070 34 0.0168297 0.00729913
485 13 0.00859403 0.00799648
720 26 0.0124193 0.00980515
466 21 0.0337564 0.0182971
746 4 0.0378773 0.0175985
805 8 0.0154127 0.0136453
3181 36 0.0556468 0.00657099
467 16 0.0243437 0.00238252
495 19 0.0250703 0.002419
611 1 0.0184999 0.00206389
842 30 0.0282936 0.00309223
770 12 0.0242782 0.00268564
1214 7 0.0246855 0.00213613
1809 19 0.0323674 0.00416393
510 10 0.0202336 0.00185467
517 16 0.0224562 0.00235579
695 17 0.0269015 0.00264534
722 9 0.0255495 0.0153398
1172 11 0.0199629 0.0144645
2981 49 0.0182057 0.0058789
649 19 0.0147799 0.0021936
2203 43 0.0310143 0.00271564
1379 22 0.0151714 0.00165939
812 28 0.0148741 0.00150127
708 19 0.0121643 0.000980605
421 5 0.00821032 0.000690124
1408 8 0.0120749 0.0013895
1533 26 0.0132932 0.0044448
87 5 0.00860089 0.000709388
482 20 0.0153453 0.00137378
709 17 0.0170026 0.00142946
698 26 0.0206375 0.00246518
339 17 0.031046 0.00212384
727 19 0.0321098 0.00338007
469 9 0.0259963 0.00142825
1583 8 0.0375057 0.00350407
2025 27 0.0445008 0.00631454
545 22 0.0303754 0.00189041
80 6 0.0255478 0.00189809
1090 19 0.0313237 0.00340613
463 12 0.0197695 0.00492903
734 28 0.0228768 0.00316815
688 18 0.0268355 0.00319355
570 4 0.0200155 0.00224253
1805 8 0.0327613 0.00381831
709 6 0.0207776 0.00179244
99 3 0.0164389 0.00724313
562 9 0.0220616 0.00167072
500 15 0.0224895 0.0022901
761 31 0.0301892 0.00301746
701 13 0.0302313 0.00442291
562 16 0.0280533 0.00244398
1845 14 0.0368171 0.00426471
705 13 0.0248451 0.00251907
81 6 0.0174547 0.00538386
572 4 0.0275941 0.00655941
457 15 0.0227517 0.0101877
720 29 0.0299413 0.00137291
710 13 0.0247475 0.00261323
507 17 0.0201536 0.0153462
1751 16 0.0268965 0.0117406
821 13 0.0225754 0.00183912
85 5 0.0229696 0.00215906
778 6 0.0251062 0.00293523
517 13 0.0271457 0.00232283
361 11 0.0279243 0.00174176
704 30 0.0385693 0.00624872
706 22 0.0257173 0.00290037
751 18 0.020638 0.00225767
413 6 0.0215564 0.00200693
993 18 0.0394071 0.00381089
1632 32 0.0426678 0.00396239
1487 31 0.0411273 0.00384268
2052 18 0.0488902 0.0043688
2422 66 0.0514162 0.0136336
319 9 0.0229645 0.00324316
646 21 0.0309989 0.00237333
646 23 0.0316168 0.00277812
1224 44 0.0458669 0.0041212
555 23 0.0255724 0.00171994
401 11 0.0248334 0.00722077
700 10 0.0263511 0.00213839
1749 3 0.0449381 0.00371527
583 6 0.0300554 0.00243992
101 2 0.0244059 0.00995198
640 17 0.0268956 0.00290819
464 18 0.0236269 0.00401387
625 18 0.031368 0.00357305
602 21 0.0332967 0.00328166
703 14 0.0317169 0.00268234
543 12 0.0207759 0.00164255
1969 25 0.0345471 0.00283491
850 20 0.021842 0.00187764
698 10 0.0309433 0.00905379
80 3 0.0242253 0.00160616
2028 51 0.0487092 0.00477515
535 6 0.0243329 0.00246614
1443 29 0.0339653 0.00400632
697 7 0.0246328 0.00443914
601 11 0.0240602 0.00237713
560 22 0.0281001 0.00261844
2891 40 0.0584566 0.00575784
596 23 0.0283986 0.00172193
2988 41 0.0531486 0.00637596
1945 9 0.0425099 0.00678876
474 18 0.023691 0.00249985
1927 31 0.042527 0.0045684
711 8 0.0302741 0.00235375
622 17 0.0279182 0.00143542
574 19 0.0293202 0.00854771
2618 19 0.058557 0.011098
1818 42 0.0428527 0.00441135
479 22 0.0269228 0.00238712
1490 30 0.0355616 0.00482637
530 15 0.0193211 0.00226443
1587 8 0.0391686 0.00334858
812 6 0.0294973 0.00840635
608 5 0.0220178 0.0081994
547 8 0.0203183 0.00264705
1118 25 0.030179 0.00340457
1183 2 0.0272834 0.0114844
1522 33 0.0273138 0.00296274
482 18 0.0218088 0.00263775
1457 7 0.042548 0.00453181
732 7 0.0227476 0.00218813
592 15 0.0235586 0.00193037
535 20 0.0257194 0.00177145
1338 10 0.0314909 0.00619396
2514 39 0.0422616 0.00553263
1512 20 0.0317246 0.00355313
483 15 0.02164 0.00215704
1627 19 0.0385662 0.00395934
743 12 0.0245963 0.00395636
614 21 0.0232006 0.00206819
524 8 0.0204064 0.00224778
1245 3 0.03042 0.00354965
1872 23 0.0325571 0.0037708
1558 31 0.0307303 0.00475928
492 17 0.0167507 0.00294456
1765 38 0.0418024 0.00398885
701 19 0.024111 0.00283227
476 16 0.0168132 0.00884608
1226 3 0.0202916 0.00551185
3096 40 0.0524116 0.0065189
1284 17 0.0318788 0.0127527
466 21 0.0152146 0.00325666
1745 39 0.0332268 0.00429148
727 11 0.0238345 0.00260505
464 17 0.0240792 0.00250879
598 4 0.026034 0.00236225
1427 4 0.0348472 0.00201526
1329 50 0.0289508 0.00588024
810 13 0.0305338 0.00266139
500 18 0.021007 0.0025406
1663 13 0.036657 0.00244168
794 18 0.0272549 0.00279977
442 16 0.0235659 0.00197138
606 5 0.0261072 0.00303273
1357 5 0.0318764 0.00433866
2309 30 0.0352549 0.00519821
704 13 0.023375 0.00243471
526 12 0.0218695 0.00204889
1786 26 0.0402009 0.00420726
717 2 0.0221034 0.00173335
661 6 0.0243904 0.00220254
671 2 0.0258411 0.0012123
2423 40 0.0440756 0.0105983
621 13 0.0163335 0.00521715
1376 23 0.0284178 0.00392935
559 18 0.0203168 0.0111826
1849 36 0.0402424 0.00970986
761 5 0.0285816 0.00265828
480 21 0.0277453 0.00197581
621 5 0.0267524 0.00223289
1059 32 0.033092 0.00382945
1405 12 0.0318955 0.00357138
848 17 0.0269057 0.00374474
852 20 0.0378155 0.00513154
418 20 0.0237848 0.00177738
1935 27 0.0376953 0.0051412
788 21 0.0369552 0.00304831
534 12 0.0288349 0.00243546
527 18 0.0322633 0.0024736
2458 57 0.047658 0.00527879
569 19 0.034526 0.00313838
1080 36 0.0423657 0.00379536
535 9 0.0314806 0.00224606
1971 70 0.0519414 0.00514078
568 22 0.0229573 0.00260404
614 20 0.0284124 0.0027528
1739 42 0.0465662 0.00452793
738 6 0.0294599 0.00263883
468 18 0.0267133 0.00247759
1864 19 0.0480989 0.00383169
616 26 0.0271362 0.0029052
2922 38 0.0569624 0.00613084
659 14 0.0322225 0.00237131
2041 31 0.0444302 0.00480724
539 14 0.0242433 0.00293417
673 18 0.0271602 0.0034635
2010 52 0.045267 0.00534252
764 10 0.0299416 0.00403945
483 13 0.0251816 0.00247418
1669 23 0.0336645 0.00309774
2021 17 0.0422629 0.00432307
676 27 0.031988 0.00814806
2298 41 0.0468394 0.00509124
561 17 0.0245709 0.00208336
618 18 0.0222896 0.00273081
1841 24 0.0466632 0.00437742
1173 56 0.0397858 0.00327807
320 11 0.0227117 0.00526733
1651 9 0.0270899 0.00265753
2467 60 0.0519454 0.00643388
654 12 0.0226015 0.00183033
1759 55 0.0455115 0.00520667
528 19 0.0247252 0.00283188
487 22 0.0273502 0.00250515
1706 47 0.0568307 0.00530863
790 22 0.0272722 0.00806968
507 11 0.0196259 0.00377016
1927 7 0.0385771 0.00392107
2544 29 0.0499566 0.00558882
668 21 0.0265851 0.00164029
1993 33 0.0431338 0.00457249
473 3 0.0252015 0.00172044
407 13 0.023236 0.00224825
1816 17 0.0409612 0.00396096
766 21 0.030572 0.00964256
510 18 0.02059 0.0150659
1890 31 0.0372373 0.00825083
1657 13 0.0389739 0.00375143
655 23 0.0294079 0.00272479
1208 7 0.0354722 0.00309719
472 4 0.0246978 0.00193155
649 21 0.0291923 0.00337646
1994 51 0.0448595 0.00541571
742 24 0.0270294 0.00287326
1914 4 0.0399142 0.0040029
2632 36 0.047718 0.0064726
640 23 0.0243631 0.00215459
2459 72 0.048089 0.0064017
465 3 0.0247956 0.00196875
817 26 0.0332405 0.00837663
1971 47 0.0404263 0.00507153
731 34 0.0254921 0.0032113
1744 3 0.0338124 0.00264472
2530 72 0.0424045 0.00670789
642 16 0.0230384 0.00231077
2854 65 0.0514394 0.006492
544 20 0.0284531 0.00290867
261 11 0.0261007 0.00154446
573 28 0.0322068 0.00541033
786 27 0.0340488 0.0143108
724 14 0.0278886 0.00276658
604 19 0.0236549 0.0101027
2610 22 0.0542141 0.0053075
647 21 0.0350437 0.00293718
598 13 0.0337668 0.00218726
961 3 0.0361225 0.00379132
721 6 0.0351618 0.00247318
1306 24 0.043564 0.00385287
548 19 0.0306813 0.00199035
507 17 0.0279346 0.002521
255 10 0.027881 0.00155802
579 27 0.0291382 0.00265543
706 11 0.0253875 0.00825268
1892 7 0.0371271 0.00382854
597 12 0.0349927 0.00749337
1002 16 0.0320577 0.0101223
574 25 0.0132548 0.00125363
2960 45 0.0201459 0.00333355
599 7 0.0100538 0.000959101
558 19 0.010251 0.000915476
679 28 0.0110466 0.00107005
332 17 0.0126867 0.0104859
737 14 0.0159465 0.000905144
2180 13 0.0142506 0.00145339
508 10 0.00894235 0.000947206
1070 7 0.0119488 0.00261847
666 13 0.0102708 0.000811352
2275 47 0.0164295 0.00178348
540 17 0.0102213 0.0012136
321 11 0.00911162 0.00128799
582 17 0.0106865 0.000801026
705 24 0.0114434 0.00887444
709 13 0.029916 0.00433296
499 21 0.032569 0.00237878
1865 11 0.0493227 0.0104532
582 9 0.026644 0.00222205
1020 10 0.0396565 0.00802064
672 17 0.0312655 0.00192727
1846 12 0.0442537 0.00389932
564 14 0.0287156 0.00362732
376 9 0.0218534 0.00120752
1069 28 0.0419736 0.0198895
733 18 0.0261598 0.0176656
831 34 0.0136806 0.00601171
490 9 0.0248851 0.00514849
1425 5 0.0369104 0.00340338
539 7 0.0293983 0.00216814
947 13 0.0338609 0.00481168
1657 10 0.0431168 0.0035249
577 19 0.0255922 0.00285986
805 22 0.0316714 0.0028748
764 14 0.0278484 0.00220619
554 16 0.0255341 0.00213
1485 5 0.0373172 0.00348503
614 10 0.026758 0.00282273
1035 18 0.0249672 0.00275512
1511 37 0.0362878 0.00611501
51 2 0.0177731 0.00135152
529 24 0.0232774 0.0026809
909 27 0.0272887 0.00391508
773 5 0.0229058 0.00324728
1731 2 0.0358483 0.0037063
713 3 0.0291477 0.00201242
1101 5 0.0304415 0.00382149
1632 1 0.0341301 0.00364281
61 4 0.0217643 0.00251021
548 16 0.0228363 0.00214797
904 33 0.0399571 0.00658112
755 35 0.0307082 0.00789637
728 21 0.0238397 0.0102022
556 29 0.0123799 0.0098453
1378 2 0.0136915 0.00915775
592 7 0.0179472 0.00723765
1449 37 0.0176693 0.00142734
673 19 0.0104263 0.00102229
2686 79 0.0187379 0.00258592
544 11 0.00952885 0.000850952
844 34 0.011543 0.00117784
762 27 0.0111457 0.00109661
742 18 0.0104379 0.00102425
651 17 0.0101952 0.000943339
1280 1 0.0118471 0.00109234
613 13 0.00954422 0.000891031
1259 24 0.0120946 0.00125404
723 27 0.0110902 0.00126689
2221 62 0.0175411 0.00201536
523 2 0.00949412 0.000711067
957 34 0.0128959 0.0012185
695 33 0.0112278 0.00277165
778 26 0.010881 0.00107728
571 13 0.0101471 0.00363615
1061 1 0.0113436 0.000991538
1135 28 0.0118913 0.00121333
695 8 0.0106891 0.000863814
1739 39 0.0141546 0.00208095
65 4 0.00828063 0.000589447
535 11 0.00965061 0.000816987
944 24 0.0127058 0.00124605
693 28 0.0111829 0.00109715
780 11 0.011019 0.00094954
518 5 0.00990492 0.000760644
485 11 0.00915923 0.000802508
1154 30 0.0122049 0.00243259
697 4 0.0104014 0.000822023
1180 16 0.0119653 0.00399355
78 4 0.00844478 0.000588875
538 3 0.00781895 0.00071881
760 31 0.0100758 0.00261114
700 19 0.00896959 0.000974673
478 17 0.00802322 0.000881243
1605 2 0.0115951 0.00124841
199 5 0.00681205 0.000665464
814 32 0.00961296 0.00117076
697 7 0.00852671 0.000890729
566 5 0.00756967 0.000779559
762 33 0.00951345 0.00113747
742 22 0.00839563 0.0010327
537 9 0.0075665 0.00081071
1662 5 0.0103281 0.00131386
2340 21 0.0146198 0.00695211
1399 22 0.0105721 0.00296416
595 4 0.00733837 0.000773614
1013 24 0.00927077 0.0013222
733 5 0.00761957 0.000869748
2041 4 0.0107908 0.00142217
758 6 0.00784011 0.000963155
1329 7 0.00961127 0.00117883
595 2 0.00698542 0.000758269
535 14 0.00795274 0.000861673
783 27 0.00948289 0.00111799
721 15 0.00830877 0.00120806
1524 21 0.0107619 0.00135432
2339 44 0.0141854 0.00286011
1290 4 0.00972444 0.00119557
543 10 0.00898655 0.000800038
607 14 0.0101151 0.000893082
692 23 0.0107351 0.00104691
728 24 0.0100598 0.00102849
469 16 0.0091615 0.000836811
1025 2 0.0108558 0.00101519
1957 19 0.0141372 0.00182745
609 2 0.00924437 0.000778991
635 17 0.0103555 0.000941885
2781 57 0.0209949 0.00469479
467 5 0.00834943 0.00169106
657 12 0.0103612 0.000936401
340 17 0.00820532 0.000874878
759 6 0.00971531 0.000870378
486 19 0.00885279 0.000859569
830 6 0.00953631 0.00109064
2082 33 0.0151646 0.00168978
632 20 0.0098948 0.000945611
2846 44 0.017778 0.00212826
495 5 0.00786412 0.000761805
698 25 0.0102728 0.00107082
746 35 0.0101371 0.00112976
700 14 0.00966489 0.000937615
612 23 0.00932162 0.000964719
2433 29 0.0162391 0.00187095
702 7 0.00983101 0.000866211
2097 54 0.015151 0.00188693
687 20 0.00969391 0.00141241
819 40 0.0108514 0.00123428
742 20 0.00958745 0.00110448
530 8 0.00868748 0.000775025
771 5 0.00923976 0.000879595
1827 27 0.0136507 0.00154525
694 18 0.0100352 0.000984653
1538 46 0.0133146 0.00160494
528 9 0.00743163 0.000798693
703 24 0.00922014 0.00243348
372 2 0.00733389 0.000646531
736 20 0.00934698 0.00103033
921 16 0.00828251 0.00117527
553 20 0.00891242 0.000921923
1974 28 0.0140665 0.00190297
488 2 0.00842858 0.00072226
680 32 0.0105278 0.00102203
315 2 0.00871567 0.000668083
766 17 0.0103355 0.00098314
377 5 0.00911563 0.000737384
2306 6 0.0140349 0.00161689
1568 45 0.0129835 0.00180842
630 7 0.00981593 0.00106653
414 14 0.00962554 0.000830839
2947 53 0.0196555 0.00430882
635 6 0.00911119 0.000822703
657 28 0.00999819 0.00110133
773 11 0.00966676 0.000915073
296 16 0.00848988 0.000751345
2159 33 0.0153243 0.00414665
611 14 0.00953874 0.000927344
2024 26 0.0152736 0.00148479
610 22 0.0104095 0.00251507
2375 14 0.0150141 0.00287698
519 8 0.00799835 0.00214034
651 28 0.0100096 0.00104261
297 8 0.00788814 0.000675179
738 12 0.00964543 0.000941722
2519 71 0.0178745 0.00338135
635 4 0.00945283 0.000813094
2324 40 0.0165122 0.00202373
554 20 0.00981929 0.00126663
2357 29 0.0152282 0.00288382
553 5 0.00744076 0.000764903
558 26 0.00880859 0.000988554
750 5 0.00908005 0.000840626
3248 58 0.0180418 0.00303779
600 24 0.00869203 0.00134931
2241 45 0.015495 0.00190042
633 24 0.00901683 0.00114605
1397 22 0.0107094 0.00177109
531 4 0.00730856 0.000741666
632 19 0.00898235 0.00397425
188 7 0.0066428 0.000686589
723 14 0.0087955 0.000895456
2382 12 0.0130873 0.00184207
2347 36 0.0161291 0.00189867
575 14 0.00941098 0.000925614
2724 72 0.0182077 0.00255309
1945 13 0.0110015 0.00149043
1221 1 0.00760803 0.00103352
1668 5 0.00944451 0.00703489
2058 42 0.0151393 0.0032599
506 9 0.0080454 0.00104495
669 17 0.00872892 0.00175816
403 9 0.00705309 0.00122294
1766 1 0.0123119 0.00126557
568 27 0.00895059 0.00103196
1185 23 0.0101172 0.00117244
1431 14 0.0105133 0.00118027
519 11 0.00733386 0.000800282
729 8 0.0081862 0.00086923
453 3 0.00676872 0.000682129
2040 32 0.013876 0.00310372
597 29 0.00838248 0.000992957
1139 17 0.00933148 0.00115143
1413 24 0.0101486 0.00130801
525 9 0.00895995 0.00107567
853 20 0.0104167 0.00172804
767 28 0.0106175 0.00108833
691 11 0.0103083 0.00243934
424 3 0.00778043 0.000696871
2501 46 0.0168076 0.00355012
717 20 0.0103615 0.00101785
1344 26 0.0118686 0.00137164
1456 11 0.0112443 0.00122077
460 11 0.00956535 0.000813395
817 21 0.0115547 0.00108376
1843 48 0.015436 0.00172151
807 11 0.0110449 0.000963312
607 28 0.0110354 0.00108369
383 5 0.00918918 0.000714729
1542 13 0.0129835 0.00211577
591 28 0.0105291 0.00649564
2787 23 0.0198432 0.00387571
556 19 0.0104444 0.000919183
2302 22 0.0164509 0.0017057
407 10 0.00856773 0.000746708
761 22 0.0106421 0.00104082
1794 28 0.0149098 0.00161845
732 7 0.0102346 0.000929786
605 24 0.0101623 0.00123695
394 6 0.00882918 0.000738512
1693 2 0.012589 0.00126921
2698 56 0.0184907 0.00402373
1897 35 0.0146413 0.00170718
1765 25 0.0142344 0.00162737
823 29 0.0118984 0.00112944
1591 28 0.0168082 0.00181037
681 7 0.0109328 0.00072662
747 34 0.0116583 0.00100679
402 7 0.00949534 0.000885355
384 3 0.00930959 0.000588207
1044 2 0.010951 0.000827166
769 31 0.0114382 0.00119223
1076 25 0.0113859 0.00112484
469 18 0.0104455 0.000879687
2102 47 0.0160593 0.00177096
2078 43 0.0163093 0.00168957
1033 34 0.0120559 0.00134791
659 29 0.0116297 0.00678577
653 14 0.0112439 0.00192445
687 28 0.0112261 0.000949145
502 4 0.0096199 0.000651148
2496 27 0.0164226 0.00190935
426 5 0.00944136 0.000596344
2991 46 0.0198273 0.00273727
603 23 0.0112213 0.00268829
2440 34 0.0175269 0.0127463
1589 28 0.0430284 0.00622722
858 21 0.0356996 0.00311806
713 28 0.0359757 0.00282708
790 11 0.0334901 0.00191025
437 4 0.0270103 0.00167073
726 3 0.0316103 0.00183738
1993 42 0.0499367 0.00496364
653 20 0.0297444 0.00153006
1702 6 0.0399326 0.00368325
636 16 0.0314414 0.00353435
555 23 0.0330182 0.00269054
2328 18 0.0506953 0.00507015
1553 47 0.0268061 0.00197221
671 25 0.0155169 0.00110948
797 34 0.0160079 0.00131219
675 17 0.014908 0.00144092
398 2 0.013539 0.000825719
773 6 0.0167756 0.00113529
2115 28 0.0274324 0.00280063
564 10 0.0179934 0.00118748
637 12 0.0213431 0.00376544
1775 20 0.0453489 0.00472527
535 28 0.0335751 0.00422954
2789 39 0.0529024 0.00547774
1546 38 0.0394061 0.00358615
752 30 0.0334321 0.00282054
719 31 0.0337903 0.00364622
385 3 0.0246262 0.00170796
763 6 0.0274151 0.00168102
2159 37 0.0492046 0.00506993
486 13 0.0274676 0.00244785
624 22 0.0315471 0.00219375
1805 13 0.0410067 0.00320749
514 24 0.0279314 0.00282073
360 3 0.0279797 0.00282945
1595 27 0.0415641 0.00305109
649 18 0.0343904 0.00249569
795 29 0.0392552 0.00316734
669 17 0.0345579 0.0016684
412 7 0.0314143 0.00180338
771 4 0.0338663 0.00217529
419 4 0.0288285 0.00115447
2259 64 0.054628 0.0055794
3447 38 0.064115 0.00642579
1776 21 0.0483465 0.0100058
443 10 0.0320649 0.00254337
1632 7 0.0425279 0.00364862
1074 38 0.0429216 0.00331505
821 32 0.0318346 0.0039397
635 15 0.0274538 0.00281072
281 8 0.0220272 0.0016809
383 4 0.0228874 0.00442617
762 2 0.027992 0.00215024
1008 17 0.0294152 0.00307607
970 6 0.0299608 0.00264956
1816 32 0.0401148 0.00434314
1438 21 0.031723 0.0102231
273 12 0.0150576 0.00967423
745 9 0.00867765 0.00913408
1005 21 0.0268803 0.00323695
340 5 0.0211817 0.00190265
2549 44 0.0498532 0.00541899
3254 29 0.0541467 0.00661198
635 18 0.0267043 0.00268162
2466 24 0.0442828 0.00518563
734 6 0.0281115 0.00333612
1010 9 0.0306544 0.00303654
771 32 0.0315776 0.00314744
277 15 0.023039 0.00202139
339 2 0.0232831 0.00183729
1465 46 0.0323467 0.00335927
560 16 0.0264946 0.00247305
2641 36 0.0489806 0.00599094
3322 97 0.0564142 0.00785699
1150 23 0.0313702 0.00220459
284 14 0.0191853 0.00118474
665 16 0.0262378 0.00270992
349 4 0.0206965 0.0011445
2728 40 0.0480022 0.00465279
3151 27 0.0553368 0.00618432
594 22 0.0280749 0.00654449
1130 27 0.0288645 0.00348995
293 15 0.0213123 0.00219271
676 20 0.0267802 0.00306024
343 4 0.021307 0.00165968
2000 39 0.0377709 0.00431946
2238 34 0.0434836 0.00538935
531 15 0.0253163 0.00238972
2443 68 0.0468034 0.00614206
1133 5 0.0280911 0.00364934
666 12 0.0210154 0.00191944
272 9 0.0165458 0.00101798
437 3 0.0201125 0.0060116
1475 8 0.0291418 0.00336542
2675 47 0.0499439 0.00851155
1630 21 0.0298686 0.00354278
1153 30 0.029085 0.015844
565 15 0.0203345 0.00681348
147 8 0.0160237 0.00167601
374 4 0.0184529 0.00495979
1676 30 0.0347145 0.00442657
3141 65 0.0550844 0.00713411
1495 29 0.0311476 0.00399037
638 14 0.0301263 0.00259173
710 4 0.0308053 0.00232919
796 25 0.0352424 0.00296921
867 39 0.0353961 0.00382104
340 5 0.022886 0.00190915
874 28 0.0339518 0.00278743
1309 8 0.034238 0.00900595
432 17 0.0253866 0.00205178
2938 58 0.0601463 0.00759132
1609 16 0.0387452 0.00308087
771 28 0.0255435 0.00325862
683 19 0.0201022 0.00205558
252 9 0.0149394 0.00111381
396 5 0.0180145 0.00261066
901 30 0.0305047 0.00330332
1604 20 0.0310339 0.00481832
1864 44 0.0372616 0.00394017
1548 30 0.0329849 0.00441544
275 7 0.0221271 0.00166546
752 34 0.0299263 0.00294166
676 15 0.0279811 0.00784406
1393 34 0.0331131 0.00465891
435 6 0.0247434 0.00193437
902 33 0.0331079 0.0124022
1404 10 0.029582 0.00334354
2805 66 0.0569569 0.0069858
1501 17 0.0352763 0.00365268
3853 87 0.0651348 0.00910284
1153 26 0.025725 0.00492852
1864 19 0.0355526 0.0039315
826 26 0.028442 0.0030944
3300 83 0.0593199 0.00826682
867 11 0.0222638 0.00233594
354 18 0.0197907 0.00239767
3993 107 0.0624295 0.0112286
1166 30 0.0258396 0.00342256
749 39 0.0262055 0.00282665
1452 19 0.0248156 0.00226759
2726 48 0.0505045 0.00571218
901 7 0.0309706 0.00230078
357 16 0.0215328 0.00152164
4029 83 0.0633517 0.00841217
1199 37 0.0301858 0.00439249
579 27 0.0216272 0.00201608
1303 5 0.0278823 0.0110973
2626 32 0.049264 0.0088556
824 7 0.021823 0.00192119
350 22 0.0199672 0.00231777
