obj_search:
  camera_z: 1.7
  ceiling_z: 2.27
  floor_z: 0
  object_query: {K: 5}
  processed_data_dir: /home/michal/Downloads/pcddata/processed/
  raw_data_dir: /media/michal/Pauli/masterdata/raw/
object_query: {K: 10, cluster_maxsize: 500, cluster_minsize: 12, cluster_tolerance: 0.2,
  clusters_to_results: true, extract_mult: 1.3, match: nonPlanes<pfhrgb_uniform, n_max_points: 400,
  output_dir: 'NULL', query_features: '/home/michal/Downloads/pcddata/processed/query/queryobjects/0,015/pillow/features/rgb_0003_label_pillow<pfhrgb_uniform_2015-05-28_10-50-41.pcd',
  results_out: '/home/michal/Downloads/pcddata/processed/query/k10_mx400_t0,2/ds0,015_mp9000',
  subdirs: 4, target_features: '/home/michal/Downloads/pcddata/processed/paramtest/ds0,015_mp9000',
  x_step_hough: 0.05, y_step_hough: 0.05, z_step_hough: 0.05}
rosdistro: 'indigo

  '
roslaunch:
  uris: {host_tycho__45140: 'http://tycho:45140/', host_tycho__55482: 'http://tycho:55482/'}
rosversion: '1.11.10

  '
run_id: 16bb5384-074a-11e5-9b61-3c970e77227e
BEGIN_DATA
# fname t_query t_hough t_cluster cluster_n cluster_scores cluster_points cluster_inobb n_hough_tot nonzero_hough hough_votes boxpts boxvotes maxpts maxvotes maxboxpts maxboxvotes hough_hist box_hist max_hist boxmax_hist
/home/michal/Downloads/pcddata/processed/paramtest/ds0,015_mp9000/annotated/rares/20140820/patrol_run_2/room_1/features/nonPlanes<pfhrgb_uniform_2015-05-29_09-15-27.pcd 0.262874 0.00127368 0.00307004 6 307,137,83,68,29,18 51,50,15,13,16,12 -1 449955 411 1330 -1 -1 400 1319 -1 -1 449544,193,76,40,29,12,10,13,3,6,6,3,2,1,2,5,1,1,2,1,1,0,1,0,0,0,0,1,0,0,0,0,0,1,0,0,0,1 -1 0,182,76,40,29,12,10,13,3,6,6,3,2,1,2,5,1,1,2,1,1,0,1,0,0,0,0,1,0,0,0,0,0,1,0,0,0,1 -1
/home/michal/Downloads/pcddata/processed/paramtest/ds0,015_mp9000/annotated/rares/20140820/patrol_run_4/room_0/features/nonPlanes<pfhrgb_uniform_2015-05-29_09-15-52.pcd 0.184789 0.00083407 0.00194087 7 206,197,195,96,94,53,51 70,40,28,34,25,28,14 -1 424446 455 1330 -1 -1 400 1275 -1 -1 423991,213,80,54,24,22,14,15,10,4,4,4,2,0,1,2,1,0,0,1,1,1,0,0,0,0,0,0,2 -1 0,158,80,54,24,22,14,15,10,4,4,4,2,0,1,2,1,0,0,1,1,1,0,0,0,0,0,0,2 -1
/home/michal/Downloads/pcddata/processed/paramtest/ds0,015_mp9000/annotated/rares/20140828/patrol_run_19/room_3/features/nonPlanes<pfhrgb_uniform_2015-05-29_09-16-18.pcd 0.244114 0.00107451 0.00281996 6 228,162,138,118,68,61 76,38,18,31,20,16 -1 441870 422 1330 -1 -1 400 1308 -1 -1 441448,187,79,42,25,19,19,10,5,13,3,3,4,3,2,2,2,1,0,1,0,0,0,1,1 -1 0,165,79,42,25,19,19,10,5,13,3,3,4,3,2,2,2,1,0,1,0,0,0,1,1 -1
/home/michal/Downloads/pcddata/processed/paramtest/ds0,015_mp9000/annotated/rares/20140829/patrol_run_20/room_3/features/nonPlanes<pfhrgb_uniform_2015-05-29_09-16-42.pcd 0.178164 0.000818845 0.00212481 10 121,112,100,79,79,76,67,56,56,34 30,22,18,16,14,19,17,17,14,12 -1 461736 395 1330 -1 -1 395 1330 -1 -1 461341,180,64,47,20,20,12,13,5,4,5,1,5,3,4,1,1,2,0,0,5,1,0,0,0,0,0,1,0,0,0,0,0,1 -1 0,180,64,47,20,20,12,13,5,4,5,1,5,3,4,1,1,2,0,0,5,1,0,0,0,0,0,1,0,0,0,0,0,1 -1
/home/michal/Downloads/pcddata/processed/paramtest/ds0,015_mp9000/annotated/rares/20140829/patrol_run_26/room_2/features/nonPlanes<pfhrgb_uniform_2015-05-29_09-17-06.pcd 0.175164 0.000882981 0.00178436 8 252,230,164,91,76,51,31,18 46,37,57,38,24,16,18,13 -1 404481 512 1330 -1 -1 400 1218 -1 -1 403969,255,101,48,34,24,13,7,6,7,4,1,4,0,2,4,0,0,0,0,0,0,0,0,2 -1 0,143,101,48,34,24,13,7,6,7,4,1,4,0,2,4,0,0,0,0,0,0,0,0,2 -1
/home/michal/Downloads/pcddata/processed/paramtest/ds0,015_mp9000/annotated/rares/20140901/patrol_run_27/room_2/features/nonPlanes<pfhrgb_uniform_2015-05-29_09-17-31.pcd 0.169201 0.00080213 0.0019068 8 328,233,193,103,60,46,20,19 30,53,47,24,19,13,13,17 -1 424710 392 1330 -1 -1 392 1330 -1 -1 424318,193,62,40,23,17,11,6,6,3,3,3,5,2,3,1,0,1,4,1,0,1,0,2,0,0,0,1,0,0,1,1,2 -1 0,193,62,40,23,17,11,6,6,3,3,3,5,2,3,1,0,1,4,1,0,1,0,2,0,0,0,1,0,0,1,1,2 -1
/home/michal/Downloads/pcddata/processed/paramtest/ds0,015_mp9000/annotated/rares/20140901/patrol_run_31/room_2/features/nonPlanes<pfhrgb_uniform_2015-05-29_09-17-57.pcd 0.175359 0.000880191 0.00228736 7 343,80,56,46,30,24,21 36,30,20,12,14,12,13 -1 456456 403 1330 -1 -1 400 1327 -1 -1 456053,193,76,35,25,15,10,7,5,8,3,4,3,6,1,1,1,1,2,1,0,2,1,0,1,0,0,1,0,0,0,0,0,0,0,0,0,0,0,0,0,0,0,0,0,0,0,0,0,0,0,0,0,0,0,0,0,0,0,0,0,0,0,0,1 -1 0,190,76,35,25,15,10,7,5,8,3,4,3,6,1,1,1,1,2,1,0,2,1,0,1,0,0,1,0,0,0,0,0,0,0,0,0,0,0,0,0,0,0,0,0,0,0,0,0,0,0,0,0,0,0,0,0,0,0,0,0,0,0,0,1 -1
/home/michal/Downloads/pcddata/processed/paramtest/ds0,015_mp9000/annotated/rares/20140901/patrol_run_32/room_2/features/nonPlanes<pfhrgb_uniform_2015-05-29_09-18-18.pcd 0.216051 0.000772908 0.00302137 8 264,159,138,70,67,47,40,18 61,27,42,16,16,21,12,13 -1 449592 466 1330 -1 -1 400 1264 -1 -1 449126,220,86,54,28,21,14,10,6,8,3,2,2,3,1,1,1,2,1,0,1,0,0,0,0,1,0,0,1 -1 0,154,86,54,28,21,14,10,6,8,3,2,2,3,1,1,1,2,1,0,1,0,0,0,0,1,0,0,1 -1
/home/michal/Downloads/pcddata/processed/paramtest/ds0,015_mp9000/annotated/rares/20140901/patrol_run_33/room_1/features/nonPlanes<pfhrgb_uniform_2015-05-29_09-18-38.pcd 0.116024 0.000749221 0.00138205 7 512,159,89,85,82,62,46 91,24,14,20,17,13,25 -1 451044 294 1330 -1 -1 294 1330 -1 -1 450750,112,48,34,24,10,9,11,8,4,4,4,4,4,2,1,0,1,1,1,1,0,0,1,1,0,1,0,0,2,1,2,1,0,0,0,0,0,0,0,1,0,0,0,0,0,0,1 -1 0,112,48,34,24,10,9,11,8,4,4,4,4,4,2,1,0,1,1,1,1,0,0,1,1,0,1,0,0,2,1,2,1,0,0,0,0,0,0,0,1,0,0,0,0,0,0,1 -1
/home/michal/Downloads/pcddata/processed/paramtest/ds0,015_mp9000/annotated/rares/20140902/patrol_run_35/room_2/features/nonPlanes<pfhrgb_uniform_2015-05-29_09-18-59.pcd 0.189696 0.000806467 0.00184042 7 268,135,131,63,37,28,26 70,25,20,20,12,15,16 -1 451044 437 1330 -1 -1 400 1293 -1 -1 450607,199,90,55,14,23,12,8,3,4,10,3,2,3,0,2,1,1,1,1,0,0,0,0,1,2,0,0,1,1 -1 0,162,90,55,14,23,12,8,3,4,10,3,2,3,0,2,1,1,1,1,0,0,0,0,1,2,0,0,1,1 -1
/home/michal/Downloads/pcddata/processed/paramtest/ds0,015_mp9000/annotated/rares/20140902/patrol_run_38/room_0/features/nonPlanes<pfhrgb_uniform_2015-05-29_09-19-19.pcd 0.185976 0.000772801 0.00173582 11 160,138,114,106,55,54,51,35,34,25,25 18,39,24,29,17,28,14,13,16,12,12 -1 427977 426 1330 -1 -1 400 1304 -1 -1 427551,196,90,43,20,19,12,6,9,6,2,3,5,0,3,0,1,1,2,2,2,1,0,0,0,0,0,0,2,0,0,1 -1 0,170,90,43,20,19,12,6,9,6,2,3,5,0,3,0,1,1,2,2,2,1,0,0,0,0,0,0,2,0,0,1 -1
/home/michal/Downloads/pcddata/processed/paramtest/ds0,015_mp9000/annotated/rares/20140903/patrol_run_1/room_4/features/nonPlanes<pfhrgb_uniform_2015-05-29_09-19-38.pcd 0.211186 0.000820666 0.00193876 7 312,186,99,93,50,31,25 50,34,35,27,23,15,15 -1 470184 410 1330 -1 -1 400 1320 -1 -1 469774,188,80,40,24,12,14,8,8,6,4,4,7,4,1,0,2,2,0,1,0,2,0,0,0,0,0,0,1,1,1 -1 0,178,80,40,24,12,14,8,8,6,4,4,7,4,1,0,2,2,0,1,0,2,0,0,0,0,0,0,1,1,1 -1
/home/michal/Downloads/pcddata/processed/paramtest/ds0,015_mp9000/annotated/rares/20140903/patrol_run_10/room_2/features/nonPlanes<pfhrgb_uniform_2015-05-29_09-20-12.pcd 0.202102 0.000709858 0.00178955 7 206,150,99,84,84,62,37 31,31,33,36,22,16,21 -1 453024 459 1330 -1 -1 400 1271 -1 -1 452565,217,92,54,28,20,13,8,5,4,1,0,3,2,0,2,0,1,3,0,0,0,0,3,0,0,1,0,0,0,0,1,0,0,0,0,0,0,0,0,0,0,0,0,0,0,1 -1 0,158,92,54,28,20,13,8,5,4,1,0,3,2,0,2,0,1,3,0,0,0,0,3,0,0,1,0,0,0,0,1,0,0,0,0,0,0,0,0,0,0,0,0,0,0,1 -1
/home/michal/Downloads/pcddata/processed/paramtest/ds0,015_mp9000/annotated/rares/20140903/patrol_run_12/room_2/features/nonPlanes<pfhrgb_uniform_2015-05-29_09-20-32.pcd 0.195275 0.000763139 0.00274268 5 189,138,93,69,25 38,25,34,22,12 -1 434214 452 1330 -1 -1 400 1278 -1 -1 433762,193,91,63,24,24,17,11,6,8,2,3,3,0,0,1,0,2,1,0,0,1,0,0,0,0,0,0,0,1,0,0,0,0,0,0,0,0,0,0,0,0,0,0,0,1 -1 0,141,91,63,24,24,17,11,6,8,2,3,3,0,0,1,0,2,1,0,0,1,0,0,0,0,0,0,0,1,0,0,0,0,0,0,0,0,0,0,0,0,0,0,0,1 -1
/home/michal/Downloads/pcddata/processed/paramtest/ds0,015_mp9000/annotated/rares/20140903/patrol_run_14/room_1/features/nonPlanes<pfhrgb_uniform_2015-05-29_09-20-57.pcd 0.165015 0.000624538 0.00189753 7 260,234,134,95,54,51,38 40,34,31,33,18,26,19 -1 434313 432 1330 -1 -1 400 1298 -1 -1 433881,208,73,51,26,24,5,10,1,2,5,2,5,4,5,0,3,3,0,2,1,0,1,0,0,0,0,0,0,0,0,0,0,0,0,0,0,0,0,0,1 -1 0,176,73,51,26,24,5,10,1,2,5,2,5,4,5,0,3,3,0,2,1,0,1,0,0,0,0,0,0,0,0,0,0,0,0,0,0,0,0,0,1 -1
/home/michal/Downloads/pcddata/processed/paramtest/ds0,015_mp9000/annotated/rares/20140903/patrol_run_2/room_4/features/nonPlanes<pfhrgb_uniform_2015-05-29_09-21-24.pcd 0.203815 0.000850841 0.00222043 8 212,147,147,97,87,42,30,29 45,43,23,19,34,15,12,14 -1 462264 449 1330 -1 -1 400 1281 -1 -1 461815,196,98,54,32,13,8,11,10,5,3,4,3,1,1,2,2,0,0,1,1,0,1,1,1,0,1 -1 0,147,98,54,32,13,8,11,10,5,3,4,3,1,1,2,2,0,0,1,1,0,1,1,1,0,1 -1
/home/michal/Downloads/pcddata/processed/paramtest/ds0,015_mp9000/annotated/rares/20140903/patrol_run_9/room_2/features/nonPlanes<pfhrgb_uniform_2015-05-29_09-21-55.pcd 0.195292 0.000820853 0.00225679 8 155,90,86,84,80,45,45,37 29,14,18,27,29,21,12,16 -1 491568 408 1330 -1 -1 400 1322 -1 -1 491160,196,63,49,25,18,9,9,10,5,3,2,2,3,3,0,1,0,0,1,2,1,0,0,0,2,0,0,0,0,2,0,0,2 -1 0,188,63,49,25,18,9,9,10,5,3,2,2,3,3,0,1,0,0,1,2,1,0,0,0,2,0,0,0,0,2,0,0,2 -1
/home/michal/Downloads/pcddata/processed/paramtest/ds0,015_mp9000/annotated/rares/20140904/patrol_run_15/room_2/features/nonPlanes<pfhrgb_uniform_2015-05-29_09-22-17.pcd 0.194198 0.000701045 0.00249829 5 398,167,85,50,26 56,60,32,20,19 -1 517902 424 1330 -1 -1 400 1306 -1 -1 517478,193,88,45,21,19,3,9,11,5,6,4,4,4,3,3,1,0,0,0,1,0,0,1,0,2,0,0,0,0,0,0,0,1 -1 0,169,88,45,21,19,3,9,11,5,6,4,4,4,3,3,1,0,0,0,1,0,0,1,0,2,0,0,0,0,0,0,0,1 -1
/home/michal/Downloads/pcddata/processed/paramtest/ds0,015_mp9000/annotated/rares/20140905/patrol_run_17/room_2/features/nonPlanes<pfhrgb_uniform_2015-05-29_09-22-41.pcd 0.198805 0.000857686 0.0026942 7 170,148,104,81,70,60,58 61,27,21,19,19,13,18 -1 446160 381 1330 -1 -1 381 1330 -1 -1 445779,153,84,45,23,14,14,5,8,7,2,2,2,3,5,2,4,2,1,0,0,1,0,0,0,0,1,0,1,1,0,0,0,0,0,0,0,0,0,0,0,1 -1 0,153,84,45,23,14,14,5,8,7,2,2,2,3,5,2,4,2,1,0,0,1,0,0,0,0,1,0,1,1,0,0,0,0,0,0,0,0,0,0,0,1 -1
/home/michal/Downloads/pcddata/processed/paramtest/ds0,015_mp9000/annotated/rares/20140905/patrol_run_19/room_1/features/nonPlanes<pfhrgb_uniform_2015-05-29_09-23-06.pcd 0.188145 0.000711923 0.0027983 8 187,139,96,72,58,44,41,36 52,26,17,18,18,24,16,17 -1 453024 397 1330 -1 -1 397 1330 -1 -1 452627,170,75,39,38,16,19,3,9,5,4,1,1,2,1,2,0,1,1,1,0,2,0,0,3,1,0,2,0,1 -1 0,170,75,39,38,16,19,3,9,5,4,1,1,2,1,2,0,1,1,1,0,2,0,0,3,1,0,2,0,1 -1
/home/michal/Downloads/pcddata/processed/paramtest/ds0,015_mp9000/annotated/rares/20140905/patrol_run_21/room_2/features/nonPlanes<pfhrgb_uniform_2015-05-29_09-23-30.pcd 0.231007 0.000728186 0.00209918 4 103,67,63,27 20,15,13,18 -1 419265 327 1330 -1 -1 327 1330 -1 -1 418938,138,58,30,28,14,7,9,5,4,2,4,1,2,3,2,2,2,5,2,0,1,1,0,0,1,0,1,1,0,1,1,0,0,1,0,0,1 -1 0,138,58,30,28,14,7,9,5,4,2,4,1,2,3,2,2,2,5,2,0,1,1,0,0,1,0,1,1,0,1,1,0,0,1,0,0,1 -1
/home/michal/Downloads/pcddata/processed/paramtest/ds0,015_mp9000/annotated/rares/20140905/patrol_run_23/room_2/features/nonPlanes<pfhrgb_uniform_2015-05-29_09-23-50.pcd 0.220931 0.000859865 0.0025657 8 138,127,125,103,102,55,22,20 43,30,12,19,12,14,13,14 -1 463320 365 1330 -1 -1 365 1330 -1 -1 462955,142,73,41,23,18,16,11,8,7,5,1,2,4,0,1,1,1,1,1,2,1,2,0,1,1,0,0,0,1,0,0,1 -1 0,142,73,41,23,18,16,11,8,7,5,1,2,4,0,1,1,1,1,1,2,1,2,0,1,1,0,0,0,1,0,0,1 -1
/home/michal/Downloads/pcddata/processed/paramtest/ds0,015_mp9000/annotated/rares/20140905/patrol_run_25/room_1/features/nonPlanes<pfhrgb_uniform_2015-05-29_09-24-16.pcd 0.175536 0.000731217 0.0016125 8 237,105,88,83,82,56,43,41 47,26,30,13,13,14,14,18 -1 407286 343 1330 -1 -1 343 1330 -1 -1 406943,142,59,34,23,14,14,10,9,5,3,2,9,3,2,2,2,0,1,0,2,0,1,0,1,0,2,1,0,0,0,1,1 -1 0,142,59,34,23,14,14,10,9,5,3,2,9,3,2,2,2,0,1,0,2,0,1,0,1,0,2,1,0,0,0,1,1 -1
/home/michal/Downloads/pcddata/processed/paramtest/ds0,015_mp9000/annotated/rares/20140905/patrol_run_27/room_2/features/nonPlanes<pfhrgb_uniform_2015-05-29_09-24-37.pcd 0.188264 0.000844316 0.00202928 10 159,120,112,71,37,36,33,25,24,21 24,30,29,13,13,12,12,15,14,17 -1 470448 404 1330 -1 -1 400 1326 -1 -1 470044,180,73,38,34,22,10,6,8,5,4,6,4,3,1,0,0,1,1,0,1,0,2,0,2,1,1,0,1 -1 0,176,73,38,34,22,10,6,8,5,4,6,4,3,1,0,0,1,1,0,1,0,2,0,2,1,1,0,1 -1
/home/michal/Downloads/pcddata/processed/paramtest/ds0,015_mp9000/annotated/rares/20140905/patrol_run_29/room_2/features/nonPlanes<pfhrgb_uniform_2015-05-29_09-24-58.pcd 0.205986 0.000822975 0.00261017 9 209,154,128,80,79,76,61,34,25 26,43,25,16,18,20,19,13,12 -1 433290 395 1330 -1 -1 395 1330 -1 -1 432895,173,73,34,30,21,19,8,7,5,5,3,1,3,0,1,3,1,1,2,0,1,0,2,0,0,1,0,0,0,0,0,0,0,0,0,0,0,0,0,0,0,0,0,0,0,0,0,0,0,1 -1 0,173,73,34,30,21,19,8,7,5,5,3,1,3,0,1,3,1,1,2,0,1,0,2,0,0,1,0,0,0,0,0,0,0,0,0,0,0,0,0,0,0,0,0,0,0,0,0,0,0,1 -1
/home/michal/Downloads/pcddata/processed/paramtest/ds0,015_mp9000/annotated/rares/20140905/patrol_run_30/room_1/features/nonPlanes<pfhrgb_uniform_2015-05-29_09-25-20.pcd 0.199922 0.000846044 0.00251201 9 417,104,87,66,38,37,34,32,26 76,27,19,32,17,13,15,13,13 -1 446622 394 1330 -1 -1 394 1330 -1 -1 446228,183,62,37,29,23,7,13,7,7,1,2,4,5,3,1,2,2,0,1,1,0,1,0,0,0,1,0,0,0,0,0,0,0,1,0,0,0,0,0,1 -1 0,183,62,37,29,23,7,13,7,7,1,2,4,5,3,1,2,2,0,1,1,0,1,0,0,0,1,0,0,0,0,0,0,0,1,0,0,0,0,0,1 -1
/home/michal/Downloads/pcddata/processed/paramtest/ds0,015_mp9000/annotated/rares/20140905/patrol_run_30/room_7/features/nonPlanes<pfhrgb_uniform_2015-05-29_09-25-44.pcd 0.142671 0.000844217 0.00184866 11 179,137,94,82,78,76,57,46,44,28,28 23,28,27,20,14,35,22,24,16,14,13 -1 458865 453 1330 -1 -1 400 1277 -1 -1 458412,208,96,46,27,18,13,8,7,8,3,5,1,2,0,2,1,1,2,0,3,0,1,0,0,0,0,0,1 -1 0,155,96,46,27,18,13,8,7,8,3,5,1,2,0,2,1,1,2,0,3,0,1,0,0,0,0,0,1 -1
/home/michal/Downloads/pcddata/processed/paramtest/ds0,015_mp9000/annotated/rares/20140908/patrol_run_32/room_2/features/nonPlanes<pfhrgb_uniform_2015-05-29_09-26-07.pcd 0.165036 0.000811104 0.00204224 7 413,83,81,42,28,27,26 54,18,17,17,16,16,16 -1 453024 353 1330 -1 -1 353 1330 -1 -1 452671,155,73,33,17,15,13,4,5,7,2,3,2,3,2,1,1,3,1,1,1,1,2,0,2,0,0,2,0,0,0,1,2,1 -1 0,155,73,33,17,15,13,4,5,7,2,3,2,3,2,1,1,3,1,1,1,1,2,0,2,0,0,2,0,0,0,1,2,1 -1
/home/michal/Downloads/pcddata/processed/paramtest/ds0,015_mp9000/annotated/rares/20140908/patrol_run_34/room_2/features/nonPlanes<pfhrgb_uniform_2015-05-29_09-26-34.pcd 0.186918 0.00080753 0.00239706 8 249,190,173,146,54,48,38,28 54,30,30,36,20,13,17,12 -1 423720 387 1330 -1 -1 387 1330 -1 -1 423333,173,65,40,26,16,12,8,10,6,3,4,7,2,3,3,0,3,2,0,0,0,2,1,0,0,0,0,0,0,0,0,0,0,0,0,1 -1 0,173,65,40,26,16,12,8,10,6,3,4,7,2,3,3,0,3,2,0,0,0,2,1,0,0,0,0,0,0,0,0,0,0,0,0,1 -1
/home/michal/Downloads/pcddata/processed/paramtest/ds0,015_mp9000/annotated/rares/20140908/patrol_run_36/room_3/features/nonPlanes<pfhrgb_uniform_2015-05-29_09-27-02.pcd 0.189875 0.000674999 0.00195994 8 214,155,100,98,88,67,43,40 44,17,38,14,21,31,20,24 -1 423654 376 1330 -1 -1 376 1330 -1 -1 423278,176,59,39,26,22,10,8,7,5,3,1,1,3,0,1,3,0,1,2,1,1,1,0,1,0,0,0,1,0,0,0,1,0,0,0,2,0,0,0,0,0,0,0,0,0,0,0,0,0,0,0,0,0,0,0,0,0,1 -1 0,176,59,39,26,22,10,8,7,5,3,1,1,3,0,1,3,0,1,2,1,1,1,0,1,0,0,0,1,0,0,0,1,0,0,0,2,0,0,0,0,0,0,0,0,0,0,0,0,0,0,0,0,0,0,0,0,0,1 -1
/home/michal/Downloads/pcddata/processed/paramtest/ds0,015_mp9000/annotated/rares/20140908/patrol_run_38/room_2/features/nonPlanes<pfhrgb_uniform_2015-05-29_09-27-29.pcd 0.19554 0.00108107 0.0018464 10 236,149,128,88,82,58,48,45,33,25 43,30,13,18,19,14,15,15,14,16 -1 433356 391 1330 -1 -1 391 1330 -1 -1 432965,177,77,45,17,18,10,7,7,6,1,5,2,4,1,2,4,0,1,0,1,0,0,0,0,0,0,0,2,1,1,1,0,0,0,0,0,0,0,0,0,0,0,0,0,0,0,0,0,0,0,0,0,0,1 -1 0,177,77,45,17,18,10,7,7,6,1,5,2,4,1,2,4,0,1,0,1,0,0,0,0,0,0,0,2,1,1,1,0,0,0,0,0,0,0,0,0,0,0,0,0,0,0,0,0,0,0,0,0,0,1 -1
/home/michal/Downloads/pcddata/processed/paramtest/ds0,015_mp9000/annotated/rares/20140908/patrol_run_39/room_3/features/nonPlanes<pfhrgb_uniform_2015-05-29_09-27-53.pcd 0.18709 0.000883762 0.00178175 7 418,82,51,50,46,40,32 45,27,23,24,21,13,21 -1 414678 403 1330 -1 -1 400 1327 -1 -1 414275,185,82,39,22,14,11,11,5,3,10,4,3,1,1,0,3,1,1,0,0,0,0,1,2,2,0,0,1,0,0,0,0,0,0,0,0,0,0,0,0,0,0,0,0,0,0,0,0,0,0,0,0,0,0,0,0,1 -1 0,182,82,39,22,14,11,11,5,3,10,4,3,1,1,0,3,1,1,0,0,0,0,1,2,2,0,0,1,0,0,0,0,0,0,0,0,0,0,0,0,0,0,0,0,0,0,0,0,0,0,0,0,0,0,0,0,1 -1
/home/michal/Downloads/pcddata/processed/paramtest/ds0,015_mp9000/annotated/rares/20140908/patrol_run_41/room_3/features/nonPlanes<pfhrgb_uniform_2015-05-29_09-28-20.pcd 0.201959 0.00116899 0.00291523 8 230,219,154,75,49,32,23,17 46,43,23,22,18,13,14,12 -1 455400 382 1330 -1 -1 382 1330 -1 -1 455018,175,75,37,17,20,8,9,5,4,5,4,6,3,2,0,2,1,0,0,0,1,0,0,1,1,1,0,1,1,0,1,0,0,0,0,1,1 -1 0,175,75,37,17,20,8,9,5,4,5,4,6,3,2,0,2,1,0,0,0,1,0,0,1,1,1,0,1,1,0,1,0,0,0,0,1,1 -1
/home/michal/Downloads/pcddata/processed/paramtest/ds0,015_mp9000/annotated/rares/20140908/patrol_run_43/room_3/features/nonPlanes<pfhrgb_uniform_2015-05-29_09-28-45.pcd 0.189563 0.000655003 0.00230751 6 371,118,64,60,36,34 47,17,12,17,18,12 -1 414018 329 1330 -1 -1 329 1330 -1 -1 413689,145,53,28,25,11,7,10,8,6,5,5,2,3,0,7,1,3,2,0,0,1,1,0,0,1,0,1,0,1,0,0,0,0,1,0,0,0,2 -1 0,145,53,28,25,11,7,10,8,6,5,5,2,3,0,7,1,3,2,0,0,1,1,0,0,1,0,1,0,1,0,0,0,0,1,0,0,0,2 -1
/home/michal/Downloads/pcddata/processed/paramtest/ds0,015_mp9000/annotated/rares/20140908/patrol_run_45/room_2/features/nonPlanes<pfhrgb_uniform_2015-05-29_09-29-11.pcd 0.187711 0.000838787 0.00259094 8 262,178,137,115,81,72,41,22 81,42,19,32,19,29,14,13 -1 442200 418 1330 -1 -1 400 1312 -1 -1 441782,190,59,50,28,23,17,15,3,12,5,0,4,1,2,1,1,1,1,3,1,0,0,0,1 -1 0,172,59,50,28,23,17,15,3,12,5,0,4,1,2,1,1,1,1,3,1,0,0,0,1 -1
/home/michal/Downloads/pcddata/processed/paramtest/ds0,015_mp9000/annotated/rares/20140908/patrol_run_47/room_3/features/nonPlanes<pfhrgb_uniform_2015-05-29_09-29-40.pcd 0.183933 0.000816092 0.00203091 8 424,122,74,63,54,39,25,20 104,33,18,27,16,14,14,12 -1 465300 486 1330 -1 -1 400 1244 -1 -1 464814,222,103,44,33,22,16,18,4,5,4,4,6,0,4,0,0,1 -1 0,136,103,44,33,22,16,18,4,5,4,4,6,0,4,0,0,1 -1
/home/michal/Downloads/pcddata/processed/paramtest/ds0,015_mp9000/annotated/rares/20140909/patrol_run_49/room_3/features/nonPlanes<pfhrgb_uniform_2015-05-29_09-30-08.pcd 0.187985 0.000805164 0.00277677 7 365,130,90,67,63,54,32 92,24,29,12,17,14,12 -1 437778 393 1330 -1 -1 393 1330 -1 -1 437385,183,73,44,18,17,11,5,8,4,6,4,1,1,2,4,1,1,1,2,0,2,1,0,0,1,0,0,0,0,0,1,1,0,0,0,0,0,0,0,0,0,0,0,0,0,0,0,0,0,0,0,0,1 -1 0,183,73,44,18,17,11,5,8,4,6,4,1,1,2,4,1,1,1,2,0,2,1,0,0,1,0,0,0,0,0,1,1,0,0,0,0,0,0,0,0,0,0,0,0,0,0,0,0,0,0,0,0,1 -1
/home/michal/Downloads/pcddata/processed/paramtest/ds0,015_mp9000/annotated/rares/20140909/patrol_run_51/room_3/features/nonPlanes<pfhrgb_uniform_2015-05-29_09-30-37.pcd 0.189577 0.00103703 0.00171132 10 152,135,83,63,53,53,47,40,39,38 38,18,17,15,15,14,20,14,15,26 -1 816816 402 1330 -1 -1 400 1328 -1 -1 816414,165,90,35,23,22,11,15,12,6,2,5,2,1,1,2,4,2,1,0,0,1,0,0,0,0,0,0,0,0,0,1,0,1 -1 0,163,90,35,23,22,11,15,12,6,2,5,2,1,1,2,4,2,1,0,0,1,0,0,0,0,0,0,0,0,0,1,0,1 -1
/home/michal/Downloads/pcddata/processed/paramtest/ds0,015_mp9000/annotated/rares/20140909/patrol_run_53/room_3/features/nonPlanes<pfhrgb_uniform_2015-05-29_09-31-01.pcd 0.187967 0.000696057 0.00192092 7 218,184,183,144,94,41,17 23,49,34,23,29,12,13 -1 456456 364 1330 -1 -1 364 1330 -1 -1 456092,150,69,31,29,19,12,13,6,7,6,3,3,1,4,1,1,0,3,0,1,0,2,0,0,0,0,0,0,0,0,1,0,0,1,0,0,0,0,0,0,0,0,0,0,0,0,0,0,0,0,0,1 -1 0,150,69,31,29,19,12,13,6,7,6,3,3,1,4,1,1,0,3,0,1,0,2,0,0,0,0,0,0,0,0,1,0,0,1,0,0,0,0,0,0,0,0,0,0,0,0,0,0,0,0,0,1 -1
/home/michal/Downloads/pcddata/processed/paramtest/ds0,015_mp9000/annotated/rares/20140909/patrol_run_55/room_3/features/nonPlanes<pfhrgb_uniform_2015-05-29_09-31-24.pcd 0.196929 0.000696371 0.00303523 9 220,160,158,91,60,52,50,30,29 29,38,29,22,17,21,13,17,19 -1 446622 436 1330 -1 -1 400 1294 -1 -1 446186,208,83,38,33,21,9,4,9,3,2,6,4,1,3,1,2,2,2,0,1,1,0,1,1,0,0,0,0,0,1 -1 0,172,83,38,33,21,9,4,9,3,2,6,4,1,3,1,2,2,2,0,1,1,0,1,1,0,0,0,0,0,1 -1
/home/michal/Downloads/pcddata/processed/paramtest/ds0,015_mp9000/annotated/rares/20140909/patrol_run_59/room_3/features/nonPlanes<pfhrgb_uniform_2015-05-29_09-31-48.pcd 0.202875 0.000757806 0.00173746 8 214,114,84,74,67,54,52,41 31,20,30,12,28,23,23,13 -1 442200 402 1330 -1 -1 400 1328 -1 -1 441798,181,69,36,30,23,12,8,5,8,4,11,3,3,0,0,0,2,1,1,1,0,1,1,0,0,0,1,0,1 -1 0,179,69,36,30,23,12,8,5,8,4,11,3,3,0,0,0,2,1,1,1,0,1,1,0,0,0,1,0,1 -1
/home/michal/Downloads/pcddata/processed/paramtest/ds0,015_mp9000/annotated/rares/20140909/patrol_run_61/room_3/features/nonPlanes<pfhrgb_uniform_2015-05-29_09-32-12.pcd 0.198397 0.000796418 0.00180173 10 154,136,99,72,62,58,48,45,37,23 26,56,23,17,12,23,18,19,19,14 -1 447579 423 1330 -1 -1 400 1307 -1 -1 447156,198,84,43,32,14,15,4,6,4,5,1,2,0,0,2,0,3,0,1,0,1,0,2,1,0,1,0,0,1,1,0,0,0,0,1,0,0,0,1 -1 0,175,84,43,32,14,15,4,6,4,5,1,2,0,0,2,0,3,0,1,0,1,0,2,1,0,1,0,0,1,1,0,0,0,0,1,0,0,0,1 -1
/home/michal/Downloads/pcddata/processed/paramtest/ds0,015_mp9000/annotated/rares/20140909/patrol_run_63/room_3/features/nonPlanes<pfhrgb_uniform_2015-05-29_09-32-46.pcd 0.141814 0.000780749 0.00185089 8 340,224,121,81,54,33,33,29 60,42,21,35,12,13,13,12 -1 424710 392 1330 -1 -1 392 1330 -1 -1 424318,173,74,41,22,13,16,11,7,7,5,3,2,1,2,2,5,1,3,1,0,1,0,0,0,0,0,0,0,1,0,0,0,0,0,0,0,0,0,0,0,0,0,1 -1 0,173,74,41,22,13,16,11,7,7,5,3,2,1,2,2,5,1,3,1,0,1,0,0,0,0,0,0,0,1,0,0,0,0,0,0,0,0,0,0,0,0,0,1 -1
/home/michal/Downloads/pcddata/processed/paramtest/ds0,015_mp9000/annotated/rares/20140910/patrol_run_67/room_3/features/nonPlanes<pfhrgb_uniform_2015-05-29_09-33-11.pcd 0.241351 0.00113033 0.00299612 6 392,99,97,66,56,48 72,21,39,22,18,25 -1 468600 425 1330 -1 -1 400 1305 -1 -1 468175,185,88,42,30,20,11,10,13,6,4,2,2,2,1,2,2,1,0,0,1,0,0,0,0,0,0,0,0,1,1,0,0,0,0,0,0,0,0,0,0,0,0,0,0,1 -1 0,160,88,42,30,20,11,10,13,6,4,2,2,2,1,2,2,1,0,0,1,0,0,0,0,0,0,0,0,1,1,0,0,0,0,0,0,0,0,0,0,0,0,0,0,1 -1
/home/michal/Downloads/pcddata/processed/paramtest/ds0,015_mp9000/annotated/rares/20140910/patrol_run_69/room_3/features/nonPlanes<pfhrgb_uniform_2015-05-29_09-33-35.pcd 0.202636 0.000852267 0.0020618 10 304,93,85,83,66,65,56,51,31,16 72,22,17,21,13,20,18,18,14,13 -1 446622 448 1330 -1 -1 400 1282 -1 -1 446174,196,88,56,24,18,16,13,9,5,9,2,1,2,2,2,1,1,1,0,1,1 -1 0,148,88,56,24,18,16,13,9,5,9,2,1,2,2,2,1,1,1,0,1,1 -1
/home/michal/Downloads/pcddata/processed/paramtest/ds0,015_mp9000/annotated/rares/20140910/patrol_run_71/room_3/features/nonPlanes<pfhrgb_uniform_2015-05-29_09-33-59.pcd 0.207803 0.000827418 0.00239605 10 132,115,82,66,60,52,42,39,35,21 20,19,18,18,19,13,17,16,16,13 -1 477048 414 1330 -1 -1 400 1316 -1 -1 476634,193,79,36,26,17,17,6,7,8,4,2,3,1,2,2,0,0,1,2,2,1,2,0,0,1,1,0,0,1 -1 0,179,79,36,26,17,17,6,7,8,4,2,3,1,2,2,0,0,1,2,2,1,2,0,0,1,1,0,0,1 -1
/home/michal/Downloads/pcddata/processed/paramtest/ds0,015_mp9000/annotated/rares/20140910/patrol_run_74/room_3/features/nonPlanes<pfhrgb_uniform_2015-05-29_09-34-24.pcd 0.192554 0.000732163 0.00207873 10 183,95,67,66,56,49,48,36,35,24 18,18,14,24,14,19,17,18,19,12 -1 442200 397 1330 -1 -1 397 1330 -1 -1 441803,182,69,48,23,16,12,7,8,5,3,4,4,4,2,1,0,0,0,1,0,3,1,2,0,0,0,0,0,0,1,0,0,0,0,0,0,0,0,0,0,0,0,0,0,0,0,0,0,0,0,0,0,0,0,0,0,0,0,0,0,0,0,0,0,0,0,1 -1 0,182,69,48,23,16,12,7,8,5,3,4,4,4,2,1,0,0,0,1,0,3,1,2,0,0,0,0,0,0,1,0,0,0,0,0,0,0,0,0,0,0,0,0,0,0,0,0,0,0,0,0,0,0,0,0,0,0,0,0,0,0,0,0,0,0,0,1 -1
/home/michal/Downloads/pcddata/processed/paramtest/ds0,015_mp9000/annotated/rares/20140910/patrol_run_77/room_4/features/nonPlanes<pfhrgb_uniform_2015-05-29_09-34-48.pcd 0.173691 0.000826212 0.00158554 9 279,150,149,62,59,43,42,42,38 23,23,26,24,24,16,14,14,14 -1 446622 341 1330 -1 -1 341 1330 -1 -1 446281,143,65,36,26,13,14,7,7,4,2,3,3,0,2,0,1,1,1,1,0,1,0,1,2,0,0,1,1,0,1,1,1,0,0,0,0,0,1,0,0,0,0,0,1,0,1 -1 0,143,65,36,26,13,14,7,7,4,2,3,3,0,2,0,1,1,1,1,0,1,0,1,2,0,0,1,1,0,1,1,1,0,0,0,0,0,1,0,0,0,0,0,1,0,1 -1
/home/michal/Downloads/pcddata/processed/paramtest/ds0,015_mp9000/annotated/rares/20140910/patrol_run_79/room_2/features/nonPlanes<pfhrgb_uniform_2015-05-29_09-35-16.pcd 0.172858 0.000717278 0.00158172 10 163,106,101,101,66,64,45,42,30,17 29,17,25,16,16,27,19,15,16,12 -1 396627 372 1330 -1 -1 372 1330 -1 -1 396255,166,66,27,23,23,13,8,10,5,5,4,5,2,2,2,2,1,1,1,1,2,0,0,1,0,0,0,0,0,1,0,0,0,0,0,0,0,0,0,0,0,0,0,0,1 -1 0,166,66,27,23,23,13,8,10,5,5,4,5,2,2,2,2,1,1,1,1,2,0,0,1,0,0,0,0,0,1,0,0,0,0,0,0,0,0,0,0,0,0,0,0,1 -1
/home/michal/Downloads/pcddata/processed/paramtest/ds0,015_mp9000/annotated/rares/20140910/patrol_run_81/room_2/features/nonPlanes<pfhrgb_uniform_2015-05-29_09-35-39.pcd 0.123458 0.00082533 0.00141473 8 355,185,78,63,53,33,33,27 35,58,15,16,17,13,13,12 -1 432300 321 1330 -1 -1 321 1330 -1 -1 431979,129,56,38,18,18,8,5,16,3,4,1,4,3,3,2,0,1,1,1,1,3,0,0,0,0,1,0,0,0,0,0,0,0,0,0,1,0,0,0,2,0,1,0,1 -1 0,129,56,38,18,18,8,5,16,3,4,1,4,3,3,2,0,1,1,1,1,3,0,0,0,0,1,0,0,0,0,0,0,0,0,0,1,0,0,0,2,0,1,0,1 -1
/home/michal/Downloads/pcddata/processed/paramtest/ds0,015_mp9000/annotated/rares/20140911/patrol_run_82/room_3/features/nonPlanes<pfhrgb_uniform_2015-05-29_09-36-04.pcd 0.187872 0.000920021 0.00261316 8 251,162,84,81,57,40,29,22 70,30,15,14,14,15,16,16 -1 473154 433 1330 -1 -1 400 1297 -1 -1 472721,193,87,45,28,22,15,6,9,5,2,3,2,4,2,2,2,0,0,2,1,0,0,0,0,1,1,0,0,1 -1 0,160,87,45,28,22,15,6,9,5,2,3,2,4,2,2,2,0,0,2,1,0,0,0,0,1,1,0,0,1 -1
/home/michal/Downloads/pcddata/processed/paramtest/ds0,015_mp9000/annotated/rares/20140911/patrol_run_84/room_3/features/nonPlanes<pfhrgb_uniform_2015-05-29_09-36-33.pcd 0.170771 0.000944396 0.00291469 7 338,130,90,69,37,35,20 79,47,16,15,16,18,13 -1 455400 446 1330 -1 -1 400 1284 -1 -1 454954,210,88,43,24,23,15,7,8,6,5,2,2,4,0,0,1,0,1,1,0,2,0,1,1,0,1,0,0,0,0,1 -1 0,164,88,43,24,23,15,7,8,6,5,2,2,4,0,0,1,0,1,1,0,2,0,1,1,0,1,0,0,0,0,1 -1
/home/michal/Downloads/pcddata/processed/paramtest/ds0,015_mp9000/annotated/rares/20140911/patrol_run_88/room_3/features/nonPlanes<pfhrgb_uniform_2015-05-29_09-37-00.pcd 0.178069 0.00122523 0.00272023 6 283,153,98,88,74,62 79,12,25,17,14,22 -1 474606 382 1330 -1 -1 382 1330 -1 -1 474224,141,75,45,34,22,20,13,3,3,6,5,2,3,2,1,0,0,2,1,1,1,0,0,0,0,0,0,0,0,1,0,0,0,0,0,0,0,0,0,0,0,0,0,0,0,0,0,0,1 -1 0,141,75,45,34,22,20,13,3,3,6,5,2,3,2,1,0,0,2,1,1,1,0,0,0,0,0,0,0,0,1,0,0,0,0,0,0,0,0,0,0,0,0,0,0,0,0,0,0,1 -1
/home/michal/Downloads/pcddata/processed/paramtest/ds0,015_mp9000/annotated/rares/20140911/patrol_run_90/room_3/features/nonPlanes<pfhrgb_uniform_2015-05-29_09-37-23.pcd 0.210328 0.000735389 0.00303885 7 542,95,75,55,54,42,36 69,46,32,18,12,20,15 -1 408408 381 1330 -1 -1 381 1330 -1 -1 408027,170,77,29,30,11,9,9,8,9,8,3,2,2,2,0,1,3,0,1,2,0,0,0,0,0,0,0,1,0,1,0,0,0,1,0,1,1 -1 0,170,77,29,30,11,9,9,8,9,8,3,2,2,2,0,1,3,0,1,2,0,0,0,0,0,0,0,1,0,1,0,0,0,1,0,1,1 -1
/home/michal/Downloads/pcddata/processed/paramtest/ds0,015_mp9000/annotated/rares/20140911/patrol_run_92/room_3/features/nonPlanes<pfhrgb_uniform_2015-05-29_09-37-49.pcd 0.210058 0.000800618 0.00254567 7 361,214,86,82,63,62,43 41,56,14,17,19,22,19 -1 454740 360 1330 -1 -1 360 1330 -1 -1 454380,155,72,27,24,19,17,9,7,5,3,4,3,0,2,0,1,2,1,2,0,0,0,1,0,0,1,0,1,0,1,0,0,0,0,0,0,0,0,0,0,0,0,0,0,1,0,1,0,0,1 -1 0,155,72,27,24,19,17,9,7,5,3,4,3,0,2,0,1,2,1,2,0,0,0,1,0,0,1,0,1,0,1,0,0,0,0,0,0,0,0,0,0,0,0,0,0,1,0,1,0,0,1 -1
/home/michal/Downloads/pcddata/processed/paramtest/ds0,015_mp9000/annotated/rares/20140912/patrol_run_100/room_3/features/nonPlanes<pfhrgb_uniform_2015-05-29_09-38-11.pcd 0.173541 0.000779756 0.00243248 8 430,127,81,51,43,38,35,16 60,37,27,22,13,15,14,13 -1 437778 405 1330 -1 -1 400 1325 -1 -1 437373,169,93,32,32,18,8,10,9,7,7,4,1,1,4,3,1,0,0,1,0,0,1,0,2,1,0,0,0,0,0,0,0,0,0,0,0,0,1 -1 0,164,93,32,32,18,8,10,9,7,7,4,1,1,4,3,1,0,0,1,0,0,1,0,2,1,0,0,0,0,0,0,0,0,0,0,0,0,1 -1
/home/michal/Downloads/pcddata/processed/paramtest/ds0,015_mp9000/annotated/rares/20140912/patrol_run_102/room_3/features/nonPlanes<pfhrgb_uniform_2015-05-29_09-38-38.pcd 0.171081 0.000646104 0.00160353 6 266,203,99,94,59,24 36,50,26,24,15,14 -1 463320 371 1330 -1 -1 371 1330 -1 -1 462949,166,63,35,26,11,13,10,3,13,3,6,3,4,0,3,3,2,0,0,0,1,0,1,2,2,0,0,0,0,0,0,1 -1 0,166,63,35,26,11,13,10,3,13,3,6,3,4,0,3,3,2,0,0,0,1,0,1,2,2,0,0,0,0,0,0,1 -1
/home/michal/Downloads/pcddata/processed/paramtest/ds0,015_mp9000/annotated/rares/20140912/patrol_run_104/room_3/features/nonPlanes<pfhrgb_uniform_2015-05-29_09-39-06.pcd 0.180417 0.000707637 0.00258955 8 127,127,122,104,69,31,26,23 28,17,13,13,14,18,13,16 -1 445500 370 1330 -1 -1 370 1330 -1 -1 445130,172,68,32,21,20,9,7,4,4,3,5,6,1,4,1,1,1,2,1,0,1,0,3,0,1,0,1,0,0,0,0,0,0,0,0,0,0,0,0,0,0,0,1,0,0,0,0,0,0,0,0,0,0,0,0,0,1 -1 0,172,68,32,21,20,9,7,4,4,3,5,6,1,4,1,1,1,2,1,0,1,0,3,0,1,0,1,0,0,0,0,0,0,0,0,0,0,0,0,0,0,0,1,0,0,0,0,0,0,0,0,0,0,0,0,0,1 -1
/home/michal/Downloads/pcddata/processed/paramtest/ds0,015_mp9000/annotated/rares/20140912/patrol_run_94/room_3/features/nonPlanes<pfhrgb_uniform_2015-05-29_09-39-36.pcd 0.194059 0.000882553 0.00177917 7 421,76,72,51,50,45,35 59,17,17,22,29,12,15 -1 445500 394 1330 -1 -1 394 1330 -1 -1 445106,173,73,44,28,14,10,11,7,6,5,2,4,1,3,2,2,0,1,0,3,0,0,1,0,0,2,1,0,0,0,0,0,1 -1 0,173,73,44,28,14,10,11,7,6,5,2,4,1,3,2,2,0,1,0,3,0,0,1,0,0,2,1,0,0,0,0,0,1 -1
/home/michal/Downloads/pcddata/processed/paramtest/ds0,015_mp9000/annotated/rares/20140912/patrol_run_96/room_2/features/nonPlanes<pfhrgb_uniform_2015-05-29_09-40-04.pcd 0.197095 0.000742108 0.00222228 8 215,154,140,58,56,47,34,19 19,67,15,13,18,15,13,13 -1 431244 395 1330 -1 -1 395 1330 -1 -1 430849,176,84,35,24,17,12,10,9,1,5,4,2,2,0,3,1,1,1,0,2,0,1,0,1,1,1,0,0,0,0,0,0,0,0,1,0,0,0,0,0,0,0,0,0,0,0,0,0,0,0,0,0,0,0,0,0,0,0,0,0,0,0,0,0,1 -1 0,176,84,35,24,17,12,10,9,1,5,4,2,2,0,3,1,1,1,0,2,0,1,0,1,1,1,0,0,0,0,0,0,0,0,1,0,0,0,0,0,0,0,0,0,0,0,0,0,0,0,0,0,0,0,0,0,0,0,0,0,0,0,0,0,1 -1
/home/michal/Downloads/pcddata/processed/paramtest/ds0,015_mp9000/annotated/rares/20140912/patrol_run_98/room_3/features/nonPlanes<pfhrgb_uniform_2015-05-29_09-40-32.pcd 0.201053 0.000837233 0.00294567 8 229,165,161,62,61,47,25,24 42,28,25,18,21,23,13,14 -1 446622 385 1330 -1 -1 385 1330 -1 -1 446237,156,81,46,19,24,12,9,10,2,2,3,1,3,0,1,4,2,0,3,2,1,0,2,0,0,0,1,0,0,0,0,0,0,0,0,0,1 -1 0,156,81,46,19,24,12,9,10,2,2,3,1,3,0,1,4,2,0,3,2,1,0,2,0,0,0,1,0,0,0,0,0,0,0,0,0,1 -1
/home/michal/Downloads/pcddata/processed/paramtest/ds0,015_mp9000/annotated/rares/20140921/patrol_run_110/room_2/features/nonPlanes<pfhrgb_uniform_2015-05-29_09-41-05.pcd 0.110955 0.00082237 0.00113683 4 468,211,182,168 22,57,19,29 -1 411840 230 1330 -1 -1 230 1330 -1 -1 411610,82,34,21,18,13,8,9,9,4,3,1,5,2,3,1,1,0,3,1,0,1,0,0,2,0,0,1,2,0,0,1,0,0,0,0,0,1,0,0,0,0,0,0,1,0,0,0,1,0,0,0,0,0,0,0,0,0,0,0,0,0,1,0,0,0,0,0,0,0,0,0,0,0,0,0,0,0,0,0,0,0,0,0,0,0,0,0,0,0,0,0,0,0,0,0,0,0,0,0,0,0,0,0,0,0,0,0,0,0,0,0,0,0,1 -1 0,82,34,21,18,13,8,9,9,4,3,1,5,2,3,1,1,0,3,1,0,1,0,0,2,0,0,1,2,0,0,1,0,0,0,0,0,1,0,0,0,0,0,0,1,0,0,0,1,0,0,0,0,0,0,0,0,0,0,0,0,0,1,0,0,0,0,0,0,0,0,0,0,0,0,0,0,0,0,0,0,0,0,0,0,0,0,0,0,0,0,0,0,0,0,0,0,0,0,0,0,0,0,0,0,0,0,0,0,0,0,0,0,0,1 -1
/home/michal/Downloads/pcddata/processed/paramtest/ds0,015_mp9000/annotated/rares/20140921/patrol_run_112/room_2/features/nonPlanes<pfhrgb_uniform_2015-05-29_09-41-34.pcd 0.168948 0.000683792 0.00221407 8 223,80,78,72,71,55,43,35 49,23,33,14,12,14,13,17 -1 419265 446 1330 -1 -1 400 1284 -1 -1 418819,202,91,42,26,25,19,8,6,4,3,1,4,6,3,0,1,2,0,0,0,1,0,0,0,0,0,1,0,0,1 -1 0,156,91,42,26,25,19,8,6,4,3,1,4,6,3,0,1,2,0,0,0,1,0,0,0,0,0,1,0,0,1 -1
/home/michal/Downloads/pcddata/processed/paramtest/ds0,015_mp9000/annotated/rares/20140921/patrol_run_114/room_1/features/nonPlanes<pfhrgb_uniform_2015-05-29_09-42-01.pcd 0.171381 0.000585633 0.00181443 8 194,147,130,83,73,64,62,37 36,25,30,30,23,17,18,15 -1 417384 440 1330 -1 -1 400 1290 -1 -1 416944,204,85,30,30,22,20,14,5,8,6,4,1,0,1,2,3,2,2,0,0,0,0,0,0,0,0,0,1 -1 0,164,85,30,30,22,20,14,5,8,6,4,1,0,1,2,3,2,2,0,0,0,0,0,0,0,0,0,1 -1
/home/michal/Downloads/pcddata/processed/paramtest/ds0,015_mp9000/annotated/rares/20140922/patrol_run_116/room_2/features/nonPlanes<pfhrgb_uniform_2015-05-29_09-42-29.pcd 0.197132 0.000756467 0.00188068 11 172,155,153,86,71,70,55,44,43,39,26 57,32,28,17,18,22,16,20,16,15,12 -1 424116 413 1330 -1 -1 400 1317 -1 -1 423703,197,75,50,15,15,8,8,10,3,4,3,8,2,4,1,1,1,4,1,0,0,0,0,0,0,0,0,0,0,0,1,1,0,1 -1 0,184,75,50,15,15,8,8,10,3,4,3,8,2,4,1,1,1,4,1,0,0,0,0,0,0,0,0,0,0,0,1,1,0,1 -1
/home/michal/Downloads/pcddata/processed/paramtest/ds0,015_mp9000/annotated/rares/20140922/patrol_run_118/room_2/features/nonPlanes<pfhrgb_uniform_2015-05-29_09-42-58.pcd 0.186647 0.000748532 0.00203668 12 286,126,64,57,54,49,47,47,41,33,26,25 41,35,14,18,13,12,20,18,16,12,14,17 -1 451044 418 1330 -1 -1 400 1312 -1 -1 450626,166,90,59,26,20,9,10,9,7,5,1,3,3,2,1,2,1,0,0,1,0,1,0,0,1,0,0,0,0,0,0,0,0,0,0,0,0,0,0,0,0,0,0,0,0,0,0,0,1 -1 0,148,90,59,26,20,9,10,9,7,5,1,3,3,2,1,2,1,0,0,1,0,1,0,0,1,0,0,0,0,0,0,0,0,0,0,0,0,0,0,0,0,0,0,0,0,0,0,0,1 -1
/home/michal/Downloads/pcddata/processed/paramtest/ds0,015_mp9000/annotated/rares/20140922/patrol_run_120/room_1/features/nonPlanes<pfhrgb_uniform_2015-05-29_09-43-29.pcd 0.186809 0.000889686 0.0028481 8 107,94,73,70,69,29,26,21 26,36,20,14,18,12,16,13 -1 478401 393 1330 -1 -1 393 1330 -1 -1 478008,186,72,38,21,15,14,9,6,4,4,3,3,3,2,0,1,1,2,0,0,1,1,0,1,3,1,0,0,0,1,0,0,0,0,0,0,0,0,0,0,0,0,0,0,0,0,0,0,0,0,0,0,1 -1 0,186,72,38,21,15,14,9,6,4,4,3,3,3,2,0,1,1,2,0,0,1,1,0,1,3,1,0,0,0,1,0,0,0,0,0,0,0,0,0,0,0,0,0,0,0,0,0,0,0,0,0,0,1 -1
/home/michal/Downloads/pcddata/processed/paramtest/ds0,015_mp9000/annotated/rares/20140922/patrol_run_124/room_2/features/nonPlanes<pfhrgb_uniform_2015-05-29_09-44-02.pcd 0.170425 0.000773566 0.00206282 5 284,197,157,96,87 65,37,33,37,36 -1 483516 471 1330 -1 -1 400 1259 -1 -1 483045,214,97,50,35,19,9,11,7,6,5,4,2,6,4,0,0,0,1,0,0,0,0,0,0,0,1 -1 0,143,97,50,35,19,9,11,7,6,5,4,2,6,4,0,0,0,1,0,0,0,0,0,0,0,1 -1
/home/michal/Downloads/pcddata/processed/paramtest/ds0,015_mp9000/annotated/rares/20140922/patrol_run_126/room_2/features/nonPlanes<pfhrgb_uniform_2015-05-29_09-44-34.pcd 0.181872 0.000748382 0.00181738 8 198,172,143,102,76,69,52,28 23,34,37,33,19,14,21,14 -1 455499 377 1330 -1 -1 377 1330 -1 -1 455122,159,76,40,23,11,11,12,7,4,8,6,4,3,2,1,2,0,1,0,1,2,0,1,1,1,0,0,0,0,0,0,0,0,0,0,0,0,0,0,0,0,0,0,0,0,0,0,0,0,1 -1 0,159,76,40,23,11,11,12,7,4,8,6,4,3,2,1,2,0,1,0,1,2,0,1,1,1,0,0,0,0,0,0,0,0,0,0,0,0,0,0,0,0,0,0,0,0,0,0,0,0,1 -1
/home/michal/Downloads/pcddata/processed/paramtest/ds0,015_mp9000/annotated/rares/20140922/patrol_run_128/room_2/features/nonPlanes<pfhrgb_uniform_2015-05-29_09-45-05.pcd 0.160027 0.00084769 0.00226925 9 320,189,88,87,71,46,38,28,21 44,28,14,37,18,12,12,12,12 -1 454410 374 1330 -1 -1 374 1330 -1 -1 454036,167,79,27,26,15,11,8,5,3,4,3,2,3,2,5,2,1,1,2,0,0,0,2,1,0,2,0,1,0,1,0,1 -1 0,167,79,27,26,15,11,8,5,3,4,3,2,3,2,5,2,1,1,2,0,0,0,2,1,0,2,0,1,0,1,0,1 -1
/home/michal/Downloads/pcddata/processed/paramtest/ds0,015_mp9000/annotated/rares/20140922/patrol_run_130/room_2/features/nonPlanes<pfhrgb_uniform_2015-05-29_09-45-31.pcd 0.202008 0.000792195 0.00254107 10 286,168,166,59,51,40,28,27,25,25 36,37,41,15,12,12,13,14,13,12 -1 439956 365 1330 -1 -1 365 1330 -1 -1 439591,152,66,43,26,17,13,6,9,1,3,5,2,3,1,4,3,1,1,1,3,0,2,0,0,0,0,0,0,1,0,0,0,0,1,0,1 -1 0,152,66,43,26,17,13,6,9,1,3,5,2,3,1,4,3,1,1,1,3,0,2,0,0,0,0,0,0,1,0,0,0,0,1,0,1 -1
/home/michal/Downloads/pcddata/processed/paramtest/ds0,015_mp9000/annotated/rares/20140922/patrol_run_132/room_1/features/nonPlanes<pfhrgb_uniform_2015-05-29_09-45-59.pcd 0.181861 0.000814091 0.00183857 7 321,133,129,100,75,36,26 69,17,15,23,38,12,15 -1 454740 390 1330 -1 -1 390 1330 -1 -1 454350,187,69,28,28,16,9,7,9,5,4,6,3,1,1,5,1,2,1,1,0,1,1,0,0,3,0,0,1,0,0,0,1 -1 0,187,69,28,28,16,9,7,9,5,4,6,3,1,1,5,1,2,1,1,0,1,1,0,0,3,0,0,1,0,0,0,1 -1
/home/michal/Downloads/pcddata/processed/paramtest/ds0,015_mp9000/annotated/rares/20140922/patrol_run_134/room_2/features/nonPlanes<pfhrgb_uniform_2015-05-29_09-46-29.pcd 0.210965 0.000818494 0.00170677 11 227,81,70,55,54,51,50,39,31,25,23 32,19,15,18,15,13,22,13,13,13,13 -1 411840 406 1330 -1 -1 400 1324 -1 -1 411434,192,81,37,22,13,13,7,4,7,5,1,3,2,4,4,2,0,1,2,1,1,0,1,1,0,1,0,0,0,0,0,0,0,0,0,0,0,0,0,0,0,0,0,0,0,0,0,0,1 -1 0,186,81,37,22,13,13,7,4,7,5,1,3,2,4,4,2,0,1,2,1,1,0,1,1,0,1,0,0,0,0,0,0,0,0,0,0,0,0,0,0,0,0,0,0,0,0,0,0,1 -1
/home/michal/Downloads/pcddata/processed/paramtest/ds0,015_mp9000/annotated/rares/20140922/patrol_run_138/room_2/features/nonPlanes<pfhrgb_uniform_2015-05-29_09-47-00.pcd 0.166136 0.000744216 0.00259446 5 334,236,139,77,37 82,38,31,24,12 -1 443223 444 1330 -1 -1 400 1286 -1 -1 442779,197,94,47,26,20,16,5,9,4,4,6,4,3,0,2,0,0,2,3,0,1,0,0,1 -1 0,153,94,47,26,20,16,5,9,4,4,6,4,3,0,2,0,0,2,3,0,1,0,0,1 -1
/home/michal/Downloads/pcddata/processed/paramtest/ds0,015_mp9000/annotated/rares/20140923/patrol_run_139/room_2/features/nonPlanes<pfhrgb_uniform_2015-05-29_09-47-30.pcd 0.211512 0.000590812 0.00162256 7 115,99,73,70,45,35,29 30,13,26,14,15,12,20 -1 430782 381 1330 -1 -1 381 1330 -1 -1 430401,172,79,36,22,9,12,8,3,7,7,2,2,2,0,3,2,4,0,2,2,0,1,2,0,1,1,0,0,1,0,1 -1 0,172,79,36,22,9,12,8,3,7,7,2,2,2,0,3,2,4,0,2,2,0,1,2,0,1,1,0,0,1,0,1 -1
/home/michal/Downloads/pcddata/processed/paramtest/ds0,015_mp9000/annotated/rares/20140923/patrol_run_141/room_2/features/nonPlanes<pfhrgb_uniform_2015-05-29_09-48-01.pcd 0.176262 0.000993655 0.00170007 9 253,136,128,116,60,41,39,37,30 37,41,15,41,15,21,13,17,20 -1 410652 382 1330 -1 -1 382 1330 -1 -1 410270,169,67,39,23,18,8,11,12,8,5,5,4,0,2,1,2,1,0,0,1,1,1,1,1,0,0,1,0,0,0,0,0,0,0,0,0,0,0,0,0,0,0,0,0,0,0,0,0,0,0,0,0,1 -1 0,169,67,39,23,18,8,11,12,8,5,5,4,0,2,1,2,1,0,0,1,1,1,1,1,0,0,1,0,0,0,0,0,0,0,0,0,0,0,0,0,0,0,0,0,0,0,0,0,0,0,0,0,1 -1
/home/michal/Downloads/pcddata/processed/paramtest/ds0,015_mp9000/annotated/rares/20140923/patrol_run_144/room_2/features/nonPlanes<pfhrgb_uniform_2015-05-29_09-48-29.pcd 0.193689 0.000748118 0.00192223 6 260,128,96,89,35,24 56,35,13,16,15,13 -1 438471 383 1330 -1 -1 383 1330 -1 -1 438088,176,73,32,18,17,10,11,8,8,4,2,3,5,0,4,2,1,1,1,2,1,1,1,0,0,0,0,0,0,0,0,0,1,1 -1 0,176,73,32,18,17,10,11,8,8,4,2,3,5,0,4,2,1,1,1,2,1,1,1,0,0,0,0,0,0,0,0,0,1,1 -1
/home/michal/Downloads/pcddata/processed/paramtest/ds0,015_mp9000/annotated/rares/20140923/patrol_run_146/room_2/features/nonPlanes<pfhrgb_uniform_2015-05-29_09-48-55.pcd 0.144459 0.000681146 0.00185988 4 665,129,67,43 79,47,15,22 -1 391248 343 1330 -1 -1 343 1330 -1 -1 390905,146,60,32,21,16,19,4,9,4,5,6,3,3,1,0,1,0,0,2,0,0,2,2,0,2,1,1,2,0,0,0,0,0,0,0,0,0,0,0,0,0,0,0,0,0,1 -1 0,146,60,32,21,16,19,4,9,4,5,6,3,3,1,0,1,0,0,2,0,0,2,2,0,2,1,1,2,0,0,0,0,0,0,0,0,0,0,0,0,0,0,0,0,0,1 -1
/home/michal/Downloads/pcddata/processed/paramtest/ds0,015_mp9000/annotated/rares/20140923/patrol_run_148/room_2/features/nonPlanes<pfhrgb_uniform_2015-05-29_09-49-16.pcd 0.150326 0.000702548 0.00242534 7 466,156,145,62,62,42,36 79,29,28,34,23,12,17 -1 444246 400 1330 -1 -1 400 1330 -1 -1 443846,181,86,36,22,19,7,8,7,5,1,4,2,6,0,2,2,2,2,2,1,0,0,0,2,0,0,0,0,1,0,1,0,1 -1 0,181,86,36,22,19,7,8,7,5,1,4,2,6,0,2,2,2,2,2,1,0,0,0,2,0,0,0,0,1,0,1,0,1 -1
/home/michal/Downloads/pcddata/processed/paramtest/ds0,015_mp9000/annotated/rares/20140923/patrol_run_150/room_2/features/nonPlanes<pfhrgb_uniform_2015-05-29_09-49-43.pcd 0.158922 0.000790137 0.00307871 10 205,173,137,117,75,47,46,42,36,34 36,42,19,45,16,20,17,26,16,16 -1 454740 446 1330 -1 -1 400 1284 -1 -1 454294,208,89,45,31,23,3,4,7,4,8,4,4,1,4,3,2,2,0,1,2,1 -1 0,162,89,45,31,23,3,4,7,4,8,4,4,1,4,3,2,2,0,1,2,1 -1
/home/michal/Downloads/pcddata/processed/paramtest/ds0,015_mp9000/annotated/rares/20140924/patrol_run_152/room_2/features/nonPlanes<pfhrgb_uniform_2015-05-29_09-50-06.pcd 0.153048 0.000562461 0.00209785 7 332,248,109,71,67,49,26 52,36,29,36,29,20,12 -1 384087 415 1330 -1 -1 400 1315 -1 -1 383672,184,82,40,18,23,18,9,8,6,6,2,2,3,5,2,2,0,0,1,0,0,2,2 -1 0,169,82,40,18,23,18,9,8,6,6,2,2,3,5,2,2,0,0,1,0,0,2,2 -1
/home/michal/Downloads/pcddata/processed/paramtest/ds0,015_mp9000/annotated/rares/20140924/patrol_run_156/room_2/features/nonPlanes<pfhrgb_uniform_2015-05-29_09-50-30.pcd 0.171657 0.000557691 0.00317807 7 172,158,131,125,116,73,20 56,42,27,26,28,15,16 -1 395010 506 1330 -1 -1 400 1224 -1 -1 394504,257,104,48,28,19,10,8,5,4,4,2,3,4,2,5,1,0,0,0,0,0,1,0,0,0,0,0,0,0,0,1 -1 0,151,104,48,28,19,10,8,5,4,4,2,3,4,2,5,1,0,0,0,0,0,1,0,0,0,0,0,0,0,0,1 -1
/home/michal/Downloads/pcddata/processed/paramtest/ds0,015_mp9000/annotated/rares/20140924/patrol_run_158/room_1/features/nonPlanes<pfhrgb_uniform_2015-05-29_09-50-57.pcd 0.156108 0.00141136 0.00327525 8 206,190,166,134,128,100,47,31 39,50,37,32,36,42,16,12 -1 434214 458 1330 -1 -1 400 1272 -1 -1 433756,212,93,50,27,14,16,11,6,5,3,7,2,2,1,3,1,1,0,1,0,1,0,0,1,1 -1 0,154,93,50,27,14,16,11,6,5,3,7,2,2,1,3,1,1,0,1,0,1,0,0,1,1 -1
/home/michal/Downloads/pcddata/processed/paramtest/ds0,015_mp9000/annotated/rares/20140924/patrol_run_162/room_2/features/nonPlanes<pfhrgb_uniform_2015-05-29_09-51-23.pcd 0.184695 0.000775787 0.00221169 8 223,106,104,87,73,45,43,22 44,39,25,21,13,12,23,14 -1 435600 475 1330 -1 -1 400 1255 -1 -1 435125,241,97,42,24,10,14,9,7,8,1,4,2,1,4,2,4,1,1,1,1,0,0,0,0,0,0,0,0,0,0,0,0,1 -1 0,166,97,42,24,10,14,9,7,8,1,4,2,1,4,2,4,1,1,1,1,0,0,0,0,0,0,0,0,0,0,0,0,1 -1
/home/michal/Downloads/pcddata/processed/paramtest/ds0,015_mp9000/annotated/rares/20140924/patrol_run_164/room_1/features/nonPlanes<pfhrgb_uniform_2015-05-29_09-51-51.pcd 0.161462 0.000703453 0.00185221 10 293,153,111,106,45,45,45,39,35,18 60,30,43,23,14,13,13,12,19,13 -1 425568 467 1330 -1 -1 400 1263 -1 -1 425101,226,83,47,29,21,16,7,7,6,5,5,2,4,2,4,1,1,0,1 -1 0,159,83,47,29,21,16,7,7,6,5,5,2,4,2,4,1,1,0,1 -1
/home/michal/Downloads/pcddata/processed/paramtest/ds0,015_mp9000/annotated/rares/20140924/patrol_run_166/room_2/features/nonPlanes<pfhrgb_uniform_2015-05-29_09-52-14.pcd 0.18666 0.000833511 0.00285579 10 113,86,83,81,54,54,44,44,34,32 25,29,24,20,27,21,24,16,14,20 -1 411642 483 1330 -1 -1 400 1247 -1 -1 411159,247,93,42,29,17,14,9,8,5,4,2,2,2,0,1,1,0,1,1,1,1,2,0,0,0,0,0,0,0,0,0,0,0,0,0,0,0,0,0,0,0,0,0,0,0,0,0,0,1 -1 0,164,93,42,29,17,14,9,8,5,4,2,2,2,0,1,1,0,1,1,1,1,2,0,0,0,0,0,0,0,0,0,0,0,0,0,0,0,0,0,0,0,0,0,0,0,0,0,0,1 -1
