obj_search:
  camera_z: 1.7
  ceiling_z: 2.27
  floor_z: 0
  object_query: {K: 5}
  processed_data_dir: /home/michal/Downloads/pcddata/processed/
  raw_data_dir: /media/michal/Pauli/masterdata/raw/
object_query: {K: 10, cluster_maxsize: 500, cluster_minsize: 12, cluster_tolerance: 0.2,
  clusters_to_results: true, extract_mult: 1.3, match: nonPlanes<shotcolor_uniform,
  n_max_points: 400, output_dir: 'NULL', query_features: '/home/michal/Downloads/pcddata/processed/query/queryobjects/0,01/chair1/features/rgb_0015_label_chair1<shotcolor_uniform_2015-05-26_14-46-03.pcd',
  results_out: '/home/michal/Downloads/pcddata/processed/query/k10_mx400_t0,2/rares',
  subdirs: 4, target_features: /media/michal/Pauli/masterdata/processed/annotated/rares,
  x_step_hough: 0.05, y_step_hough: 0.05, z_step_hough: 0.05}
rosdistro: 'indigo

  '
roslaunch:
  uris: {host_tycho__38957: 'http://tycho:38957/'}
rosversion: '1.11.10

  '
run_id: 14feda70-0871-11e5-a635-3c970e77227e
BEGIN_DATA
# fname t_query t_hough t_cluster cluster_n cluster_scores cluster_points cluster_inobb n_hough_tot nonzero_hough hough_votes boxpts boxvotes maxpts maxvotes maxboxpts maxboxvotes hough_hist box_hist max_hist boxmax_hist
/media/michal/Pauli/masterdata/processed/annotated/rares/20140820/patrol_run_2/room_1/features/nonPlanes<shotcolor_uniform_2015-05-17_11-22-45.pcd 24.0223 0.00146756 0.00190035 10 257,201,198,148,133,126,124,99,88,81 38,26,36,22,18,25,21,19,17,12 0,0,0,0,1,0,0,0,0,0 449955 1605 3720 75 226 400 2217 24 166 448350,907,307,130,63,67,36,24,14,10,6,10,9,2,3,8,3,2,1,0,0,1,0,0,1,1 0,42,9,5,2,3,3,1,2,2,2,2,1,0,0,1,0,0,0,0,0,0,0,0,0,0 0,0,9,130,63,67,36,24,14,10,6,10,9,2,3,8,3,2,1,0,0,1,0,0,1,1 0,0,0,5,2,3,3,1,2,2,2,2,1,0,0,1,0,0,0,0,0,0,0,0,0,0
/media/michal/Pauli/masterdata/processed/annotated/rares/20140820/patrol_run_4/room_0/features/nonPlanes<shotcolor_uniform_2015-05-17_11-22-46.pcd 27.8506 0.00172613 0.0020715 11 468,238,140,117,105,102,78,69,67,58,55 59,40,23,23,13,15,16,16,12,14,13 1,0,0,0,0,0,0,0,0,0,0 424446 1706 3720 104 541 400 2112 61 483 422740,1004,319,148,69,51,21,25,15,6,9,10,8,8,2,4,0,1,0,2,0,3,1 0,28,15,8,5,9,6,8,5,1,4,5,2,2,1,1,0,1,0,1,0,1,1 0,0,17,148,69,51,21,25,15,6,9,10,8,8,2,4,0,1,0,2,0,3,1 0,0,0,8,5,9,6,8,5,1,4,5,2,2,1,1,0,1,0,1,0,1,1
/media/michal/Pauli/masterdata/processed/annotated/rares/20140828/patrol_run_19/room_3/features/nonPlanes<shotcolor_uniform_2015-05-17_11-22-47.pcd 26.5149 0.00113691 0.00291021 7 490,279,202,125,69,63,58 62,54,35,19,13,13,14 0,0,0,0,0,0,0 445269 1778 3720 66 123 400 2051 14 57 443491,1087,310,139,80,48,25,26,19,11,6,6,5,5,1,2,1,3,0,0,2,0,1,0,0,0,0,0,0,1 0,38,14,7,3,2,1,0,1,0,0,0,0,0,0,0,0,0,0,0,0,0,0,0,0,0,0,0,0,0 0,0,19,139,80,48,25,26,19,11,6,6,5,5,1,2,1,3,0,0,2,0,1,0,0,0,0,0,0,1 0,0,0,7,3,2,1,0,1,0,0,0,0,0,0,0,0,0,0,0,0,0,0,0,0,0,0,0,0,0
/media/michal/Pauli/masterdata/processed/annotated/rares/20140829/patrol_run_20/room_3/features/nonPlanes<shotcolor_uniform_2015-05-17_11-22-48.pcd 26.4245 0.00165873 0.00355806 8 510,216,194,179,169,122,63,54 46,27,33,44,34,17,13,14 0,0,1,0,0,0,0,0 461736 1685 3720 56 193 400 2191 30 159 460051,1041,283,141,66,36,26,16,12,15,9,10,3,6,2,1,3,1,1,2,2,2,1,0,0,2,2,0,1,0,0,0,0,0,0,1 0,18,15,7,4,1,3,0,2,2,1,0,0,1,2,0,0,0,0,0,0,0,0,0,0,0,0,0,0,0,0,0,0,0,0,0 0,0,39,141,66,36,26,16,12,15,9,10,3,6,2,1,3,1,1,2,2,2,1,0,0,2,2,0,1,0,0,0,0,0,0,1 0,0,7,7,4,1,3,0,2,2,1,0,0,1,2,0,0,0,0,0,0,0,0,0,0,0,0,0,0,0,0,0,0,0,0,0
/media/michal/Pauli/masterdata/processed/annotated/rares/20140829/patrol_run_26/room_2/features/nonPlanes<shotcolor_uniform_2015-05-17_11-22-50.pcd 25.2964 0.00136724 0.00206369 7 650,292,138,125,120,102,50 89,41,25,24,16,17,14 1,0,0,0,0,0,0 404481 1668 3720 116 605 400 2189 72 550 402813,1005,306,114,70,40,25,27,12,13,14,11,6,4,5,3,5,3,3,0,0,1,0,1 0,33,13,14,9,5,7,4,3,6,6,4,0,1,2,2,4,1,1,0,0,1,0,0 0,0,43,114,70,40,25,27,12,13,14,11,6,4,5,3,5,3,3,0,0,1,0,1 0,0,2,14,9,5,7,4,3,6,6,4,0,1,2,2,4,1,1,0,0,1,0,0
/media/michal/Pauli/masterdata/processed/annotated/rares/20140901/patrol_run_27/room_2/features/nonPlanes<shotcolor_uniform_2015-05-17_11-22-51.pcd 23.5086 0.001437 0.00202228 7 616,141,130,118,111,67,60 64,26,15,18,25,13,12 1,0,0,0,0,0,0 424710 1679 3720 94 666 400 2181 66 627 423031,1019,290,132,69,45,33,19,16,11,7,6,9,3,5,2,1,1,1,2,1,2,1,0,1,0,1,1,0,0,0,0,0,1 0,17,11,4,9,7,8,4,3,6,4,3,3,0,4,2,0,1,1,1,0,2,1,0,1,0,1,1,0,0,0,0,0,0 0,0,30,132,69,45,33,19,16,11,7,6,9,3,5,2,1,1,1,2,1,2,1,0,1,0,1,1,0,0,0,0,0,1 0,0,0,4,9,7,8,4,3,6,4,3,3,0,4,2,0,1,1,1,0,2,1,0,1,0,1,1,0,0,0,0,0,0
/media/michal/Pauli/masterdata/processed/annotated/rares/20140901/patrol_run_31/room_2/features/nonPlanes<shotcolor_uniform_2015-05-17_11-22-53.pcd 22.6861 0.00113165 0.00270082 9 675,508,122,118,110,81,65,52,50 70,67,19,24,18,12,12,13,13 0,0,0,0,0,0,0,0,0 456456 1493 3720 9 16 400 2426 2 7 454963,892,253,114,62,42,24,22,8,11,12,7,7,2,4,4,6,2,1,2,1,5,1,2,0,1,3,1,0,2,0,0,1,0,0,0,0,0,0,1 0,5,2,1,1,0,0,0,0,0,0,0,0,0,0,0,0,0,0,0,0,0,0,0,0,0,0,0,0,0,0,0,0,0,0,0,0,0,0,0 0,0,52,114,62,42,24,22,8,11,12,7,7,2,4,4,6,2,1,2,1,5,1,2,0,1,3,1,0,2,0,0,1,0,0,0,0,0,0,1 0,0,0,1,1,0,0,0,0,0,0,0,0,0,0,0,0,0,0,0,0,0,0,0,0,0,0,0,0,0,0,0,0,0,0,0,0,0,0,0
/media/michal/Pauli/masterdata/processed/annotated/rares/20140901/patrol_run_32/room_2/features/nonPlanes<shotcolor_uniform_2015-05-17_11-22-54.pcd 24.544 0.00129459 0.00235456 9 285,244,208,144,132,91,73,65,55 24,30,20,25,15,23,16,14,19 1,0,0,0,0,0,0,0,0 449592 1757 3720 29 280 400 2111 21 269 447835,1105,309,134,63,43,28,14,15,4,1,8,3,3,3,6,3,1,2,2,1,1,1,1,0,2,0,1,1,0,0,0,0,1,0,0,0,0,1 0,5,3,1,1,1,1,1,4,0,0,2,0,1,0,2,1,1,1,1,0,1,0,1,0,0,0,0,0,0,0,0,0,1,0,0,0,0,0 0,0,57,134,63,43,28,14,15,4,1,8,3,3,3,6,3,1,2,2,1,1,1,1,0,2,0,1,1,0,0,0,0,1,0,0,0,0,1 0,0,0,1,1,1,1,1,4,0,0,2,0,1,0,2,1,1,1,1,0,1,0,1,0,0,0,0,0,0,0,0,0,1,0,0,0,0,0
/media/michal/Pauli/masterdata/processed/annotated/rares/20140901/patrol_run_33/room_1/features/nonPlanes<shotcolor_uniform_2015-05-17_11-22-55.pcd 24.4521 0.001174 0.0018415 7 282,202,135,128,100,58,55 65,46,42,31,22,16,14 -1 451044 2135 3720 -1 -1 400 1597 -1 -1 448909,1347,422,166,85,57,33,9,10,2,1,1,1,0,1 -1 0,0,34,166,85,57,33,9,10,2,1,1,1,0,1 -1
/media/michal/Pauli/masterdata/processed/annotated/rares/20140902/patrol_run_35/room_2/features/nonPlanes<shotcolor_uniform_2015-05-17_11-22-56.pcd 21.9306 0.00106143 0.00206804 7 579,435,111,99,86,82,65 79,66,14,21,12,19,12 1,0,0,0,0,0,0 451044 1649 3720 120 597 400 2197 74 541 449395,975,294,129,74,53,25,26,16,9,8,11,8,5,3,3,0,0,3,2,0,1,0,2,0,0,0,0,0,1,0,1 0,36,11,20,9,6,7,8,2,5,1,5,3,1,0,0,0,0,2,0,0,1,0,1,0,0,0,0,0,1,0,1 0,0,20,129,74,53,25,26,16,9,8,11,8,5,3,3,0,0,3,2,0,1,0,2,0,0,0,0,0,1,0,1 0,0,1,20,9,6,7,8,2,5,1,5,3,1,0,0,0,0,2,0,0,1,0,1,0,0,0,0,0,1,0,1
/media/michal/Pauli/masterdata/processed/annotated/rares/20140902/patrol_run_38/room_0/features/nonPlanes<shotcolor_uniform_2015-05-17_11-22-58.pcd 23.523 0.00155291 0.00301379 7 606,197,188,154,111,72,67 84,32,30,26,25,16,13 0,0,1,0,0,0,0 427977 1635 3720 69 216 400 2196 27 166 426342,946,311,138,71,42,27,22,17,11,4,15,3,6,6,2,5,3,1,1,2,0,1,0,0,0,0,0,0,0,1 0,34,9,10,4,2,2,0,1,2,0,2,0,1,0,0,1,0,0,1,0,0,0,0,0,0,0,0,0,0,0 0,0,22,138,71,42,27,22,17,11,4,15,3,6,6,2,5,3,1,1,2,0,1,0,0,0,0,0,0,0,1 0,0,1,10,4,2,2,0,1,2,0,2,0,1,0,0,1,0,0,1,0,0,0,0,0,0,0,0,0,0,0
/media/michal/Pauli/masterdata/processed/annotated/rares/20140903/patrol_run_1/room_4/features/nonPlanes<shotcolor_uniform_2015-05-17_11-22-59.pcd 25.2662 0.00103134 0.00203556 10 312,238,236,209,182,115,103,98,86,80 28,29,24,31,22,28,20,18,17,15 1,0,0,1,0,0,0,0,0,0 470184 1553 3720 87 545 400 2334 54 507 468631,920,274,128,58,37,36,21,11,8,7,10,7,6,5,5,4,2,1,1,2,3,1,0,0,1,2,0,1,0,0,0,0,1,0,0,0,0,0,0,0,0,0,1 0,28,8,6,6,6,8,2,1,2,3,1,3,2,0,2,2,0,0,1,0,3,0,0,0,1,1,0,0,0,0,0,0,0,0,0,0,0,0,0,0,0,0,1 0,0,41,128,58,37,36,21,11,8,7,10,7,6,5,5,4,2,1,1,2,3,1,0,0,1,2,0,1,0,0,0,0,1,0,0,0,0,0,0,0,0,0,1 0,0,3,6,6,6,8,2,1,2,3,1,3,2,0,2,2,0,0,1,0,3,0,0,0,1,1,0,0,0,0,0,0,0,0,0,0,0,0,0,0,0,0,1
/media/michal/Pauli/masterdata/processed/annotated/rares/20140903/patrol_run_10/room_2/features/nonPlanes<shotcolor_uniform_2015-05-17_11-23-01.pcd 19.2131 0.0013021 0.0028518 6 841,300,233,66,59,34 110,37,29,13,14,12 0,1,0,0,0,0 453024 1564 3720 40 255 400 2313 29 241 451460,921,282,123,62,40,29,19,20,7,6,12,8,4,7,4,5,4,2,0,2,2,0,2,1,0,1,0,1 0,8,3,7,5,1,0,3,2,1,0,3,1,0,2,1,1,1,0,0,0,0,0,0,0,0,0,0,1 0,0,39,123,62,40,29,19,20,7,6,12,8,4,7,4,5,4,2,0,2,2,0,2,1,0,1,0,1 0,0,0,7,5,1,0,3,2,1,0,3,1,0,2,1,1,1,0,0,0,0,0,0,0,0,0,0,1
/media/michal/Pauli/masterdata/processed/annotated/rares/20140903/patrol_run_12/room_2/features/nonPlanes<shotcolor_uniform_2015-05-17_11-23-02.pcd 25.1122 0.00105367 0.00185421 9 281,247,195,171,169,148,84,63,57 39,36,32,33,19,19,12,15,14 0,0,1,0,0,0,0,0,0 434214 1665 3720 44 208 400 2193 30 186 432549,1003,293,130,64,46,26,22,18,11,10,9,6,6,4,6,2,1,3,1,1,2,0,1 0,6,8,13,1,3,2,2,0,3,2,1,1,1,0,0,0,0,0,1,0,0,0,0 0,0,31,130,64,46,26,22,18,11,10,9,6,6,4,6,2,1,3,1,1,2,0,1 0,0,0,13,1,3,2,2,0,3,2,1,1,1,0,0,0,0,0,1,0,0,0,0
/media/michal/Pauli/masterdata/processed/annotated/rares/20140903/patrol_run_14/room_1/features/nonPlanes<shotcolor_uniform_2015-05-17_11-23-03.pcd 23.9825 0.000864538 0.0018947 11 292,286,279,135,101,91,90,76,74,71,66 42,25,44,18,18,13,14,12,13,15,14 1,0,0,0,0,0,0,0,0,0,0 434313 1610 3720 50 277 400 2249 37 258 432703,949,288,125,60,46,31,27,19,12,11,13,5,4,7,4,2,2,1,1,0,0,0,0,0,0,0,1,1,0,0,0,0,0,1 0,7,6,5,5,4,4,7,3,2,1,2,1,0,1,2,0,0,0,0,0,0,0,0,0,0,0,0,0,0,0,0,0,0,0 0,0,27,125,60,46,31,27,19,12,11,13,5,4,7,4,2,2,1,1,0,0,0,0,0,0,0,1,1,0,0,0,0,0,1 0,0,0,5,5,4,4,7,3,2,1,2,1,0,1,2,0,0,0,0,0,0,0,0,0,0,0,0,0,0,0,0,0,0,0
/media/michal/Pauli/masterdata/processed/annotated/rares/20140903/patrol_run_2/room_4/features/nonPlanes<shotcolor_uniform_2015-05-17_11-23-04.pcd 25.7694 0.000781173 0.0018742 10 324,260,235,120,107,80,76,69,65,62 40,28,33,25,17,18,16,16,12,13 1,0,1,0,0,0,0,0,0,0 462264 1657 3720 128 586 400 2188 66 506 460607,982,305,139,59,44,30,24,18,8,9,5,9,3,5,5,1,0,3,1,3,0,1,0,0,0,2,0,0,0,0,1 0,44,21,12,10,9,5,7,1,3,0,3,3,0,2,3,0,0,0,0,2,0,0,0,0,0,2,0,0,0,0,1 0,0,30,139,59,44,30,24,18,8,9,5,9,3,5,5,1,0,3,1,3,0,1,0,0,0,2,0,0,0,0,1 0,0,3,12,10,9,5,7,1,3,0,3,3,0,2,3,0,0,0,0,2,0,0,0,0,0,2,0,0,0,0,1
/media/michal/Pauli/masterdata/processed/annotated/rares/20140903/patrol_run_9/room_2/features/nonPlanes<shotcolor_uniform_2015-05-17_11-23-06.pcd 25.0893 0.00113938 0.00197663 6 434,259,251,176,105,103 63,39,37,21,22,14 0,0,0,1,0,0 491568 1693 3720 35 198 400 2153 21 176 489875,1019,300,122,79,44,32,19,16,17,12,7,5,3,4,6,3,2,1,0,0,1,0,0,0,0,0,0,0,0,1 0,6,8,2,4,3,3,0,1,2,1,0,0,2,1,1,0,0,0,0,0,0,0,0,0,0,0,0,0,0,1 0,0,26,122,79,44,32,19,16,17,12,7,5,3,4,6,3,2,1,0,0,1,0,0,0,0,0,0,0,0,1 0,0,0,2,4,3,3,0,1,2,1,0,0,2,1,1,0,0,0,0,0,0,0,0,0,0,0,0,0,0,1
/media/michal/Pauli/masterdata/processed/annotated/rares/20140904/patrol_run_15/room_2/features/nonPlanes<shotcolor_uniform_2015-05-17_11-23-07.pcd 29.8611 0.0017525 0.00207413 6 491,195,182,157,114,90 77,37,31,33,17,16 1,0,0,0,0,0 517902 1785 3720 152 603 400 2010 76 492 516117,1060,332,153,73,49,35,21,22,10,11,2,5,4,0,4,3,0,0,0,0,0,0,0,0,1 0,41,36,14,14,10,7,7,6,3,6,0,2,4,0,1,0,0,0,0,0,0,0,0,0,1 0,0,7,153,73,49,35,21,22,10,11,2,5,4,0,4,3,0,0,0,0,0,0,0,0,1 0,0,1,14,14,10,7,7,6,3,6,0,2,4,0,1,0,0,0,0,0,0,0,0,0,1
/media/michal/Pauli/masterdata/processed/annotated/rares/20140905/patrol_run_17/room_2/features/nonPlanes<shotcolor_uniform_2015-05-17_11-23-09.pcd 26.646 0.00222565 0.00266595 9 316,197,187,121,119,109,95,94,63 27,31,20,17,29,22,20,13,12 0,1,0,0,0,0,0,0,0 446160 1641 3720 99 337 400 2198 47 277 444519,960,315,130,74,40,32,12,17,8,13,5,10,6,3,2,4,1,1,0,1,0,0,2,2,1,1,0,0,0,0,0,0,0,0,0,0,0,0,0,0,1 0,44,14,12,7,1,8,2,2,0,4,1,1,0,0,1,1,0,0,0,0,0,0,0,1,0,0,0,0,0,0,0,0,0,0,0,0,0,0,0,0,0 0,0,34,130,74,40,32,12,17,8,13,5,10,6,3,2,4,1,1,0,1,0,0,2,2,1,1,0,0,0,0,0,0,0,0,0,0,0,0,0,0,1 0,0,6,12,7,1,8,2,2,0,4,1,1,0,0,1,1,0,0,0,0,0,0,0,1,0,0,0,0,0,0,0,0,0,0,0,0,0,0,0,0,0
/media/michal/Pauli/masterdata/processed/annotated/rares/20140905/patrol_run_19/room_1/features/nonPlanes<shotcolor_uniform_2015-05-17_11-23-11.pcd 27.9597 0.0010672 0.00181712 7 308,216,214,168,122,107,70 48,28,47,18,17,16,15 0,0,0,0,0,0,0 453024 1698 3720 53 102 400 2146 11 52 451326,1022,296,134,81,47,31,16,14,10,8,9,7,4,6,2,3,4,1,0,0,0,0,0,0,0,1,1,0,1 0,34,8,2,2,4,3,0,0,0,0,0,0,0,0,0,0,0,0,0,0,0,0,0,0,0,0,0,0,0 0,0,20,134,81,47,31,16,14,10,8,9,7,4,6,2,3,4,1,0,0,0,0,0,0,0,1,1,0,1 0,0,0,2,2,4,3,0,0,0,0,0,0,0,0,0,0,0,0,0,0,0,0,0,0,0,0,0,0,0
/media/michal/Pauli/masterdata/processed/annotated/rares/20140905/patrol_run_21/room_2/features/nonPlanes<shotcolor_uniform_2015-05-17_11-23-13.pcd 28.1422 0.00186505 0.00351491 6 711,276,116,77,72,70 104,48,15,12,15,13 0,0,0,0,0,1 419265 1650 3720 65 146 400 2174 17 91 417615,954,298,148,65,50,33,29,21,9,9,9,8,4,1,4,2,2,0,0,1,0,1,1,1 0,41,7,5,3,3,2,0,2,0,1,1,0,0,0,0,0,0,0,0,0,0,0,0,0 0,0,2,148,65,50,33,29,21,9,9,9,8,4,1,4,2,2,0,0,1,0,1,1,1 0,0,0,5,3,3,2,0,2,0,1,1,0,0,0,0,0,0,0,0,0,0,0,0,0
/media/michal/Pauli/masterdata/processed/annotated/rares/20140905/patrol_run_23/room_2/features/nonPlanes<shotcolor_uniform_2015-05-17_11-23-14.pcd 25.4679 0.00109939 0.00357898 6 786,395,93,85,56,43 88,66,22,15,12,12 0,0,1,0,0,0 463320 1605 3720 70 155 400 2273 22 99 461715,963,288,126,56,48,27,13,13,10,12,9,8,4,3,4,3,4,4,2,3,0,0,0,0,1,1,1,1,0,0,1 0,40,11,9,4,1,1,1,1,1,0,0,0,0,0,1,0,0,0,0,0,0,0,0,0,0,0,0,0,0,0,0 0,0,46,126,56,48,27,13,13,10,12,9,8,4,3,4,3,4,4,2,3,0,0,0,0,1,1,1,1,0,0,1 0,0,3,9,4,1,1,1,1,1,0,0,0,0,0,1,0,0,0,0,0,0,0,0,0,0,0,0,0,0,0,0
/media/michal/Pauli/masterdata/processed/annotated/rares/20140905/patrol_run_25/room_1/features/nonPlanes<shotcolor_uniform_2015-05-17_11-23-15.pcd 22.2228 0.00151229 0.00343687 3 606,598,183 67,84,20 0,0,0 410652 1524 3720 52 105 400 2372 14 58 409128,900,271,120,59,41,23,24,13,13,10,8,4,5,4,5,6,2,3,1,2,2,1,1,0,1,0,1,0,0,1,1,0,1,0,0,0,0,0,0,0,0,1 0,29,10,4,5,1,2,1,0,0,0,0,0,0,0,0,0,0,0,0,0,0,0,0,0,0,0,0,0,0,0,0,0,0,0,0,0,0,0,0,0,0,0 0,0,47,120,59,41,23,24,13,13,10,8,4,5,4,5,6,2,3,1,2,2,1,1,0,1,0,1,0,0,1,1,0,1,0,0,0,0,0,0,0,0,1 0,0,1,4,5,1,2,1,0,0,0,0,0,0,0,0,0,0,0,0,0,0,0,0,0,0,0,0,0,0,0,0,0,0,0,0,0,0,0,0,0,0,0
/media/michal/Pauli/masterdata/processed/annotated/rares/20140905/patrol_run_27/room_2/features/nonPlanes<shotcolor_uniform_2015-05-17_11-23-17.pcd 21.6917 0.00107089 0.00318564 7 594,275,185,166,86,61,53 95,50,21,24,17,13,13 0,0,0,0,0,1,1 470448 1629 3720 71 151 400 2179 21 91 468819,917,316,131,81,62,31,20,15,11,9,5,10,4,5,2,2,1,3,1,3 0,40,10,11,1,3,4,1,1,0,0,0,0,0,0,0,0,0,0,0,0 0,0,4,131,81,62,31,20,15,11,9,5,10,4,5,2,2,1,3,1,3 0,0,0,11,1,3,4,1,1,0,0,0,0,0,0,0,0,0,0,0,0
/media/michal/Pauli/masterdata/processed/annotated/rares/20140905/patrol_run_29/room_2/features/nonPlanes<shotcolor_uniform_2015-05-17_11-23-18.pcd 23.7152 0.00104491 0.00329362 6 386,293,244,213,182,154 70,53,49,34,28,19 0,0,0,1,0,0 437580 1704 3720 59 179 400 2109 23 131 435876,1004,293,131,103,49,30,23,21,16,8,9,4,2,5,2,2,0,1,0,0,0,0,0,1 0,24,12,5,6,2,3,2,2,0,1,1,0,1,0,0,0,0,0,0,0,0,0,0,0 0,0,0,124,103,49,30,23,21,16,8,9,4,2,5,2,2,0,1,0,0,0,0,0,1 0,0,0,5,6,2,3,2,2,0,1,1,0,1,0,0,0,0,0,0,0,0,0,0,0
/media/michal/Pauli/masterdata/processed/annotated/rares/20140905/patrol_run_30/room_1/features/nonPlanes<shotcolor_uniform_2015-05-17_11-23-19.pcd 22.2888 0.000937868 0.00278524 5 951,252,195,81,50 99,45,24,15,13 0,0,0,0,0 451044 1580 3720 32 57 400 2327 9 30 449464,967,274,118,64,37,24,18,15,11,7,5,4,4,4,2,2,1,1,2,3,6,3,0,0,0,3,0,1,0,1,0,1,0,0,0,0,0,0,1,0,0,0,0,0,0,1 0,19,7,2,2,2,0,0,0,0,0,0,0,0,0,0,0,0,0,0,0,0,0,0,0,0,0,0,0,0,0,0,0,0,0,0,0,0,0,0,0,0,0,0,0,0,0 0,0,61,118,64,37,24,18,15,11,7,5,4,4,4,2,2,1,1,2,3,6,3,0,0,0,3,0,1,0,1,0,1,0,0,0,0,0,0,1,0,0,0,0,0,0,1 0,0,3,2,2,2,0,0,0,0,0,0,0,0,0,0,0,0,0,0,0,0,0,0,0,0,0,0,0,0,0,0,0,0,0,0,0,0,0,0,0,0,0,0,0,0,0
/media/michal/Pauli/masterdata/processed/annotated/rares/20140905/patrol_run_30/room_7/features/nonPlanes<shotcolor_uniform_2015-05-17_11-23-21.pcd 28.5027 0.00125921 0.00328188 8 363,222,160,152,106,82,79,56 72,32,19,31,25,15,19,13 1,0,0,0,0,0,0,0 458865 1934 3720 124 384 400 1873 61 304 456931,1221,352,144,80,42,23,18,13,10,6,12,3,5,3,1,0,0,0,0,0,0,0,0,0,1 0,46,24,18,11,4,7,5,2,1,1,3,0,1,1,0,0,0,0,0,0,0,0,0,0,0 0,0,39,144,80,42,23,18,13,10,6,12,3,5,3,1,0,0,0,0,0,0,0,0,0,1 0,0,7,18,11,4,7,5,2,1,1,3,0,1,1,0,0,0,0,0,0,0,0,0,0,0
/media/michal/Pauli/masterdata/processed/annotated/rares/20140908/patrol_run_32/room_2/features/nonPlanes<shotcolor_uniform_2015-05-17_11-23-22.pcd 25.5079 0.00157477 0.00236747 6 571,319,165,127,81,53 63,44,24,24,18,12 0,0,0,0,1,0 448668 1610 3720 42 121 400 2257 21 90 447058,957,281,140,60,48,27,25,21,7,6,7,5,3,4,0,4,2,2,3,1,1,0,1,0,0,0,1,0,0,0,1,0,0,0,0,0,1,0,0,0,0,1,0,0,0,0,0,0,1 0,11,12,6,5,4,1,2,1,0,0,0,0,0,0,0,0,0,0,0,0,0,0,0,0,0,0,0,0,0,0,0,0,0,0,0,0,0,0,0,0,0,0,0,0,0,0,0,0,0 0,0,28,140,60,48,27,25,21,7,6,7,5,3,4,0,4,2,2,3,1,1,0,1,0,0,0,1,0,0,0,1,0,0,0,0,0,1,0,0,0,0,1,0,0,0,0,0,0,1 0,0,2,6,5,4,1,2,1,0,0,0,0,0,0,0,0,0,0,0,0,0,0,0,0,0,0,0,0,0,0,0,0,0,0,0,0,0,0,0,0,0,0,0,0,0,0,0,0,0
/media/michal/Pauli/masterdata/processed/annotated/rares/20140908/patrol_run_34/room_2/features/nonPlanes<shotcolor_uniform_2015-05-17_11-23-23.pcd 28.6612 0.00128101 0.00174442 9 438,221,167,106,94,94,79,66,53 55,34,18,16,25,21,12,21,13 1,0,0,0,0,0,0,0,0 423720 1689 3720 84 328 400 2125 33 255 422031,983,327,146,74,40,31,18,18,8,12,7,3,3,4,4,2,1,0,0,3,0,1,1,1,1,0,0,0,0,1 0,29,22,9,6,2,1,1,3,1,1,2,1,1,1,0,1,1,0,0,1,0,0,0,1,0,0,0,0,0,0 0,0,21,146,74,40,31,18,18,8,12,7,3,3,4,4,2,1,0,0,3,0,1,1,1,1,0,0,0,0,1 0,0,0,9,6,2,1,1,3,1,1,2,1,1,1,0,1,1,0,0,1,0,0,0,1,0,0,0,0,0,0
/media/michal/Pauli/masterdata/processed/annotated/rares/20140908/patrol_run_36/room_3/features/nonPlanes<shotcolor_uniform_2015-05-17_11-23-25.pcd 24.8444 0.00108485 0.00342836 7 819,192,150,115,111,71,61 103,20,29,29,17,15,16 1,0,0,0,0,0,0 423654 1627 3720 115 701 400 2228 77 653 422027,962,270,149,66,47,34,21,19,11,11,4,9,2,5,4,3,3,0,2,2,0,0,0,1,1,1 0,28,10,14,9,8,5,5,5,4,3,3,6,1,3,3,1,2,0,2,1,0,0,0,0,1,1 0,0,5,149,66,47,34,21,19,11,11,4,9,2,5,4,3,3,0,2,2,0,0,0,1,1,1 0,0,0,14,9,8,5,5,5,4,3,3,6,1,3,3,1,2,0,2,1,0,0,0,0,1,1
/media/michal/Pauli/masterdata/processed/annotated/rares/20140908/patrol_run_38/room_2/features/nonPlanes<shotcolor_uniform_2015-05-17_11-23-27.pcd 25.2982 0.00166764 0.00211203 7 545,307,286,155,142,110,77 92,48,52,14,29,19,12 1,0,0,0,0,0,0 433356 1631 3720 133 540 400 2181 77 471 431725,929,296,137,84,60,31,24,17,11,8,6,8,4,4,5,1,1,0,2,2,0,0,0,0,0,0,1 0,45,9,15,17,20,4,5,1,4,3,3,3,2,0,0,1,0,0,0,1,0,0,0,0,0,0,0 0,0,0,131,84,60,31,24,17,11,8,6,8,4,4,5,1,1,0,2,2,0,0,0,0,0,0,1 0,0,0,13,17,20,4,5,1,4,3,3,3,2,0,0,1,0,0,0,1,0,0,0,0,0,0,0
/media/michal/Pauli/masterdata/processed/annotated/rares/20140908/patrol_run_39/room_3/features/nonPlanes<shotcolor_uniform_2015-05-17_11-23-28.pcd 24.233 0.0010463 0.00189672 6 554,360,165,141,81,45 58,50,27,24,12,13 0,0,0,0,0,0 414678 1583 3720 47 77 400 2281 8 34 413095,927,290,118,81,49,18,21,18,8,8,10,5,9,1,2,1,2,3,1,1,1,1,2,1,1,1,0,0,0,0,1,1,0,0,0,0,0,1 0,35,5,2,2,1,1,1,0,0,0,0,0,0,0,0,0,0,0,0,0,0,0,0,0,0,0,0,0,0,0,0,0,0,0,0,0,0,0 0,0,34,118,81,49,18,21,18,8,8,10,5,9,1,2,1,2,3,1,1,1,1,2,1,1,1,0,0,0,0,1,1,0,0,0,0,0,1 0,0,1,2,2,1,1,1,0,0,0,0,0,0,0,0,0,0,0,0,0,0,0,0,0,0,0,0,0,0,0,0,0,0,0,0,0,0,0
/media/michal/Pauli/masterdata/processed/annotated/rares/20140908/patrol_run_41/room_3/features/nonPlanes<shotcolor_uniform_2015-05-17_11-23-29.pcd 26.0209 0.00102306 0.00248298 9 684,161,161,157,110,71,68,47,41 82,33,19,21,18,13,14,12,12 1,0,0,0,0,0,0,0,0 455400 1611 3720 113 603 400 2232 60 531 453789,934,311,124,80,36,22,27,13,12,9,4,8,4,8,1,3,2,2,1,5,1,1,2,1 0,34,21,6,6,10,1,7,2,5,3,1,2,2,4,0,2,1,1,1,2,0,1,0,1 0,0,34,124,80,36,22,27,13,12,9,4,8,4,8,1,3,2,2,1,5,1,1,2,1 0,0,2,6,6,10,1,7,2,5,3,1,2,2,4,0,2,1,1,1,2,0,1,0,1
/media/michal/Pauli/masterdata/processed/annotated/rares/20140908/patrol_run_43/room_3/features/nonPlanes<shotcolor_uniform_2015-05-17_11-23-31.pcd 24.4887 0.00121152 0.0026971 8 772,252,190,157,140,114,82,74 69,24,21,40,28,26,12,16 1,0,0,0,0,0,0,0 414018 1448 3720 109 868 400 2434 78 827 412570,810,284,128,61,30,24,15,15,9,16,6,7,10,4,5,5,1,1,2,1,3,2,1,0,0,0,2,2,1,1,0,0,0,1,0,0,1 0,21,15,10,7,4,4,4,1,5,7,4,3,4,2,2,2,0,0,2,1,2,2,1,0,0,0,2,1,1,1,0,0,0,1,0,0,0 0,0,46,128,61,30,24,15,15,9,16,6,7,10,4,5,5,1,1,2,1,3,2,1,0,0,0,2,2,1,1,0,0,0,1,0,0,1 0,0,5,10,7,4,4,4,1,5,7,4,3,4,2,2,2,0,0,2,1,2,2,1,0,0,0,2,1,1,1,0,0,0,1,0,0,0
/media/michal/Pauli/masterdata/processed/annotated/rares/20140908/patrol_run_45/room_2/features/nonPlanes<shotcolor_uniform_2015-05-17_11-23-32.pcd 27.1621 0.00126907 0.00264469 8 362,306,217,216,166,140,79,76 56,41,33,31,24,17,14,17 0,1,0,1,0,0,0,0 442200 1531 3720 121 487 400 2291 63 413 440669,845,274,142,85,43,43,15,17,17,10,10,3,4,5,4,4,2,2,1,2,0,1,0,0,1,1 0,42,16,18,13,4,6,2,4,3,3,1,1,1,1,3,1,1,0,0,1,0,0,0,0,0,0 0,0,0,130,85,43,43,15,17,17,10,10,3,4,5,4,4,2,2,1,2,0,1,0,0,1,1 0,0,0,18,13,4,6,2,4,3,3,1,1,1,1,3,1,1,0,0,1,0,0,0,0,0,0
/media/michal/Pauli/masterdata/processed/annotated/rares/20140908/patrol_run_47/room_3/features/nonPlanes<shotcolor_uniform_2015-05-17_11-23-35.pcd 28.8205 0.00114537 0.00302282 7 463,364,201,169,93,83,52 56,53,41,29,17,18,12 1,1,0,0,0,0,0 465300 1737 3720 164 826 400 2120 97 740 463563,1074,292,135,76,42,31,16,15,8,12,6,6,3,5,6,1,3,0,2,1,1,1,0,0,0,0,0,1 0,48,22,20,12,10,10,5,7,4,4,2,4,1,3,3,1,2,0,2,1,1,1,0,0,0,0,0,1 0,0,29,135,76,42,31,16,15,8,12,6,6,3,5,6,1,3,0,2,1,1,1,0,0,0,0,0,1 0,0,3,20,12,10,10,5,7,4,4,2,4,1,3,3,1,2,0,2,1,1,1,0,0,0,0,0,1
/media/michal/Pauli/masterdata/processed/annotated/rares/20140909/patrol_run_49/room_3/features/nonPlanes<shotcolor_uniform_2015-05-17_11-23-37.pcd 25.4339 0.00106101 0.00279452 8 342,289,186,176,118,97,66,50 45,40,20,35,26,19,15,12 0,0,0,0,0,0,1,0 437778 1684 3720 81 166 400 2158 22 91 436094,1006,303,147,70,33,37,26,14,9,5,4,7,4,4,1,0,2,1,0,1,0,1,3,1,1,1,1,0,1,1 0,43,20,8,5,0,1,3,0,0,0,0,1,0,0,0,0,0,0,0,0,0,0,0,0,0,0,0,0,0,0 0,0,25,147,70,33,37,26,14,9,5,4,7,4,4,1,0,2,1,0,1,0,1,3,1,1,1,1,0,1,1 0,0,4,8,5,0,1,3,0,0,0,0,1,0,0,0,0,0,0,0,0,0,0,0,0,0,0,0,0,0,0
/media/michal/Pauli/masterdata/processed/annotated/rares/20140909/patrol_run_51/room_3/features/nonPlanes<shotcolor_uniform_2015-05-17_11-23-38.pcd 24.2496 0.00153307 0.00229574 6 691,305,284,97,79,48 100,52,44,18,16,13 1,0,0,0,0,0 816816 1689 3720 162 710 400 2142 88 614 815127,1000,311,134,78,38,26,23,19,17,7,11,5,3,8,2,3,0,1,0,0,1,0,0,0,1,0,0,1 0,52,25,15,20,7,8,7,4,4,4,5,2,0,2,2,2,0,0,0,0,1,0,0,0,1,0,0,1 0,0,22,134,78,38,26,23,19,17,7,11,5,3,8,2,3,0,1,0,0,1,0,0,0,1,0,0,1 0,0,3,15,20,7,8,7,4,4,4,5,2,0,2,2,2,0,0,0,0,1,0,0,0,1,0,0,1
/media/michal/Pauli/masterdata/processed/annotated/rares/20140909/patrol_run_53/room_3/features/nonPlanes<shotcolor_uniform_2015-05-17_11-23-39.pcd 22.4777 0.00095485 0.0032542 7 392,388,156,152,140,111,96 59,53,17,21,24,24,12 0,1,0,0,0,0,0 456456 1584 3720 113 459 400 2252 58 391 454872,900,286,137,68,50,40,23,21,13,10,9,4,5,3,1,4,3,0,2,2,1,1,0,1 0,42,13,13,10,4,7,5,8,3,2,1,0,1,1,0,0,0,0,0,1,0,1,0,1 0,0,2,137,68,50,40,23,21,13,10,9,4,5,3,1,4,3,0,2,2,1,1,0,1 0,0,0,13,10,4,7,5,8,3,2,1,0,1,1,0,0,0,0,0,1,0,1,0,1
/media/michal/Pauli/masterdata/processed/annotated/rares/20140909/patrol_run_55/room_3/features/nonPlanes<shotcolor_uniform_2015-05-17_11-23-40.pcd 28.5545 0.000952066 0.00212767 8 428,194,193,134,126,70,67,52 77,49,30,21,25,14,12,17 0,0,0,0,0,0,0,0 446622 1844 3720 39 83 400 1977 8 44 444778,1145,323,124,88,51,23,30,25,11,6,5,3,2,2,1,4,0,0,1 0,23,8,3,2,0,1,0,0,1,0,0,1,0,0,0,0,0,0,0 0,0,24,124,88,51,23,30,25,11,6,5,3,2,2,1,4,0,0,1 0,0,0,3,2,0,1,0,0,1,0,0,1,0,0,0,0,0,0,0
/media/michal/Pauli/masterdata/processed/annotated/rares/20140909/patrol_run_59/room_3/features/nonPlanes<shotcolor_uniform_2015-05-17_21-47-51.pcd 35.0907 0.00163071 0.00302272 7 280,199,191,131,69,69,40 70,36,40,32,15,12,12 0,0,1,0,0,0,0 1089992 2235 3720 112 281 400 1573 41 194 1087757,1523,415,124,57,46,27,19,9,3,3,4,1,2,0,1,1 0,55,22,12,7,2,8,1,2,1,0,0,0,1,0,1,0 0,0,103,124,57,46,27,19,9,3,3,4,1,2,0,1,1 0,0,6,12,7,2,8,1,2,1,0,0,0,1,0,1,0
/media/michal/Pauli/masterdata/processed/annotated/rares/20140909/patrol_run_61/room_3/features/nonPlanes<shotcolor_uniform_2015-05-17_21-47-55.pcd 35.2157 0.00280969 0.00195134 7 342,317,166,129,111,85,60 68,47,19,21,23,22,12 0,0,0,0,0,0,0 1053360 1914 3720 42 68 400 1912 7 25 1051446,1220,342,142,61,51,27,20,11,12,3,8,5,2,2,1,1,0,0,0,1,3,1,0,0,1 0,27,10,3,1,0,0,0,1,0,0,0,0,0,0,0,0,0,0,0,0,0,0,0,0,0 0,0,48,142,61,51,27,20,11,12,3,8,5,2,2,1,1,0,0,0,1,3,1,0,0,1 0,0,2,3,1,0,0,0,1,0,0,0,0,0,0,0,0,0,0,0,0,0,0,0,0,0
/media/michal/Pauli/masterdata/processed/annotated/rares/20140909/patrol_run_63/room_3/features/nonPlanes<shotcolor_uniform_2015-05-17_21-47-58.pcd 32.1794 0.00352192 0.00183717 5 319,145,144,92,55 83,39,43,25,17 0,0,0,1,0 1102304 2350 3720 104 214 400 1423 31 117 1099954,1603,425,173,78,32,21,8,3,4,1,1,0,1 0,49,29,11,8,3,3,0,0,1,0,0,0,0 0,0,78,173,78,32,21,8,3,4,1,1,0,1 0,0,5,11,8,3,3,0,0,1,0,0,0,0
/media/michal/Pauli/masterdata/processed/annotated/rares/20140910/patrol_run_67/room_3/features/nonPlanes<shotcolor_uniform_2015-05-17_21-48-02.pcd 30.952 0.00280213 0.00286097 8 420,190,156,108,97,85,80,58 61,22,24,26,21,21,13,12 1,0,0,0,0,0,0,0 1057571 1932 3720 132 550 400 1909 71 481 1055639,1253,354,108,69,36,32,22,10,16,10,4,5,1,3,3,1,2,2,1 0,53,10,12,12,7,8,5,4,8,3,2,2,0,2,2,0,0,1,1 0,0,75,108,69,36,32,22,10,16,10,4,5,1,3,3,1,2,2,1 0,0,2,12,12,7,8,5,4,8,3,2,2,0,2,2,0,0,1,1
/media/michal/Pauli/masterdata/processed/annotated/rares/20140910/patrol_run_69/room_3/features/nonPlanes<shotcolor_uniform_2015-05-17_21-48-05.pcd 32.9941 0.00295634 0.00278316 7 233,162,130,86,75,74,66 39,23,24,15,12,17,17 0,0,0,0,1,0,1 1078478 2060 3720 96 203 400 1764 27 121 1076418,1364,362,143,66,38,24,16,11,9,11,6,3,2,1,1,1,1,0,0,0,0,0,0,1 0,56,15,9,6,3,3,1,2,0,1,0,0,0,0,0,0,0,0,0,0,0,0,0,0 0,0,66,143,66,38,24,16,11,9,11,6,3,2,1,1,1,1,0,0,0,0,0,0,1 0,0,2,9,6,3,3,1,2,0,1,0,0,0,0,0,0,0,0,0,0,0,0,0,0
/media/michal/Pauli/masterdata/processed/annotated/rares/20140910/patrol_run_71/room_3/features/nonPlanes<shotcolor_uniform_2015-05-17_21-48-08.pcd 34.2371 0.00284337 0.00182673 8 266,216,132,125,76,57,50,49 38,42,25,19,19,15,12,13 0,0,0,0,0,0,0,0 1098656 1942 3720 60 133 400 1873 16 79 1096714,1237,354,141,68,50,19,22,19,6,6,4,3,3,1,1,1,1,3,1,1,0,1 0,34,12,4,1,4,2,0,2,0,0,1,0,0,0,0,0,0,0,0,0,0,0 0,0,49,141,68,50,19,22,19,6,6,4,3,3,1,1,1,1,3,1,1,0,1 0,0,2,4,1,4,2,0,2,0,0,1,0,0,0,0,0,0,0,0,0,0,0
/media/michal/Pauli/masterdata/processed/annotated/rares/20140910/patrol_run_74/room_3/features/nonPlanes<shotcolor_uniform_2015-05-17_21-48-11.pcd 32.8947 0.00262814 0.0020396 6 330,271,253,112,101,53 49,67,45,22,20,13 0,0,1,0,0,0 1048800 2067 3720 81 303 400 1776 44 251 1046733,1390,351,145,55,34,33,14,6,9,11,4,3,4,1,1,3,1,0,0,1,0,1 0,22,16,7,8,10,6,4,1,2,2,1,1,1,0,0,0,0,0,0,0,0,0 0,0,74,145,55,34,33,14,6,9,11,4,3,4,1,1,3,1,0,0,1,0,1 0,0,1,7,8,10,6,4,1,2,2,1,1,1,0,0,0,0,0,0,0,0,0
/media/michal/Pauli/masterdata/processed/annotated/rares/20140910/patrol_run_77/room_4/features/nonPlanes<shotcolor_uniform_2015-05-17_21-48-14.pcd 33.729 0.00281348 0.00271223 7 396,161,157,142,86,85,79 90,24,20,28,13,17,19 0,0,0,1,0,0,0 1101506 2019 3720 39 103 400 1796 18 77 1099487,1314,371,131,73,35,32,21,11,4,8,6,2,3,2,2,1,1,0,1,0,0,1 0,16,7,4,5,4,1,1,1,0,0,0,0,0,0,0,0,0,0,0,0,0,0 0,0,66,131,73,35,32,21,11,4,8,6,2,3,2,2,1,1,0,1,0,0,1 0,0,2,4,5,4,1,1,1,0,0,0,0,0,0,0,0,0,0,0,0,0,0
/media/michal/Pauli/masterdata/processed/annotated/rares/20140910/patrol_run_79/room_2/features/nonPlanes<shotcolor_uniform_2015-05-17_21-48-17.pcd 30.494 0.00332974 0.00187068 6 517,300,212,136,113,39 67,48,42,27,22,14 1,0,0,0,0,0 1097668 1756 3720 108 570 400 2088 64 514 1095912,1080,319,130,63,47,36,20,15,9,10,4,1,2,2,4,3,1,0,2,2,0,1,2,1,0,0,0,1,0,0,0,0,0,0,1 0,32,12,6,14,9,11,3,2,2,6,2,0,1,1,0,1,0,0,1,1,0,0,1,1,0,0,0,1,0,0,0,0,0,0,1 0,0,43,130,63,47,36,20,15,9,10,4,1,2,2,4,3,1,0,2,2,0,1,2,1,0,0,0,1,0,0,0,0,0,0,1 0,0,0,6,14,9,11,3,2,2,6,2,0,1,1,0,1,0,0,1,1,0,0,1,1,0,0,0,1,0,0,0,0,0,0,1
/media/michal/Pauli/masterdata/processed/annotated/rares/20140910/patrol_run_81/room_2/features/nonPlanes<shotcolor_uniform_2015-05-17_21-48-19.pcd 30.9164 0.00320516 0.00172847 6 305,192,133,89,68,42 76,48,37,24,17,12 0,1,0,0,0,0 1075400 2281 3720 97 258 400 1471 48 192 1073119,1513,453,152,71,44,16,20,8,3,0,0,0,0,1 0,32,27,14,13,2,4,2,2,0,0,0,0,0,1 0,0,85,152,71,44,16,20,8,3,0,0,0,0,1 0,0,10,14,13,2,4,2,2,0,0,0,0,0,1
/media/michal/Pauli/masterdata/processed/annotated/rares/20140911/patrol_run_82/room_3/features/nonPlanes<shotcolor_uniform_2015-05-17_21-48-22.pcd 31.9039 0.00469723 0.00325234 5 312,289,257,133,98 49,41,42,19,26 1,1,0,0,0 1146612 1929 3720 115 593 400 1900 78 543 1144683,1238,342,134,68,48,31,15,21,7,4,5,4,0,0,4,0,1,1,3,0,1,0,2 0,24,16,12,11,13,9,5,8,3,2,2,3,0,0,1,0,1,1,2,0,0,0,2 0,0,51,134,68,48,31,15,21,7,4,5,4,0,0,4,0,1,1,3,0,1,0,2 0,0,3,12,11,13,9,5,8,3,2,2,3,0,0,1,0,1,1,2,0,0,0,2
/media/michal/Pauli/masterdata/processed/annotated/rares/20140911/patrol_run_84/room_3/features/nonPlanes<shotcolor_uniform_2015-05-17_21-48-25.pcd 34.5734 0.00361276 0.00299895 7 313,155,115,114,93,92,53 55,31,17,25,14,12,14 1,0,0,1,0,0,0 1094400 2028 3720 149 516 400 1795 79 425 1092372,1331,353,146,73,36,23,25,12,9,5,2,3,1,2,2,1,0,0,0,1,1,1,0,0,1 0,49,23,26,15,9,2,11,3,4,2,1,1,0,0,2,1,0,0,0,0,0,0,0,0,0 0,0,56,146,73,36,23,25,12,9,5,2,3,1,2,2,1,0,0,0,1,1,1,0,0,1 0,0,2,26,15,9,2,11,3,4,2,1,1,0,0,2,1,0,0,0,0,0,0,0,0,0
/media/michal/Pauli/masterdata/processed/annotated/rares/20140911/patrol_run_88/room_3/features/nonPlanes<shotcolor_uniform_2015-05-17_21-48-28.pcd 33.3226 0.00303393 0.00280259 10 369,198,99,96,93,83,74,68,64,64 58,40,17,22,16,13,13,19,16,13 1,0,0,0,0,0,0,0,0,0 960636 2011 3720 131 461 400 1826 58 369 958625,1328,336,141,66,43,27,19,18,12,5,1,7,0,3,2,2,0,0,0,0,0,1 0,54,24,12,9,6,3,7,3,3,1,0,5,0,0,1,2,0,0,0,0,0,1 0,0,53,141,66,43,27,19,18,12,5,1,7,0,3,2,2,0,0,0,0,0,1 0,0,5,12,9,6,3,7,3,3,1,0,5,0,0,1,2,0,0,0,0,0,1
/media/michal/Pauli/masterdata/processed/annotated/rares/20140911/patrol_run_90/room_3/features/nonPlanes<shotcolor_uniform_2015-05-17_21-48-30.pcd 37.2108 0.00378948 0.0020653 8 366,190,88,84,80,74,53,45 41,51,20,14,17,19,13,12 0,0,0,0,0,1,0,0 1165840 2067 3720 89 220 400 1760 38 152 1163773,1374,363,133,69,49,18,21,11,10,5,3,2,1,2,2,0,0,0,1,0,1,1,0,0,0,0,1 0,34,29,9,5,4,2,3,0,2,1,0,0,0,0,0,0,0,0,0,0,0,0,0,0,0,0,0 0,0,70,133,69,49,18,21,11,10,5,3,2,1,2,2,0,0,0,1,0,1,1,0,0,0,0,1 0,0,12,9,5,4,2,3,0,2,1,0,0,0,0,0,0,0,0,0,0,0,0,0,0,0,0,0
/media/michal/Pauli/masterdata/processed/annotated/rares/20140911/patrol_run_92/room_3/features/nonPlanes<shotcolor_uniform_2015-05-17_21-48-32.pcd 33.6252 0.00293888 0.00269142 9 357,120,111,105,92,90,60,56,51 50,28,19,21,20,24,12,12,12 0,0,1,0,0,0,0,0,0 1127840 1994 3720 63 183 400 1811 24 133 1125846,1279,365,146,74,39,27,14,12,11,9,4,6,2,2,2,0,1,0,0,1 0,28,11,10,2,1,3,1,3,2,1,0,0,1,0,0,0,0,0,0,0 0,0,50,146,74,39,27,14,12,11,9,4,6,2,2,2,0,1,0,0,1 0,0,0,10,2,1,3,1,3,2,1,0,0,1,0,0,0,0,0,0,0
/media/michal/Pauli/masterdata/processed/annotated/rares/20140912/patrol_run_100/room_3/features/nonPlanes<shotcolor_uniform_2015-05-17_21-48-34.pcd 36.2887 0.00351113 0.00199968 5 383,228,134,106,59 76,41,27,21,13 1,0,0,0,0 1057122 2128 3720 128 438 400 1695 71 361 1054994,1431,366,136,66,54,31,13,8,7,4,4,1,1,0,2,2,0,1,0,0,0,1 0,37,27,19,14,10,8,3,1,3,2,1,0,0,0,1,1,0,1,0,0,0,0 0,0,69,136,66,54,31,13,8,7,4,4,1,1,0,2,2,0,1,0,0,0,1 0,0,7,19,14,10,8,3,1,3,2,1,0,0,0,1,1,0,1,0,0,0,0
/media/michal/Pauli/masterdata/processed/annotated/rares/20140912/patrol_run_102/room_3/features/nonPlanes<shotcolor_uniform_2015-05-17_21-48-37.pcd 34.5984 0.00265203 0.00313064 8 445,390,106,104,82,77,72,50 61,66,25,19,14,16,16,15 1,0,0,1,0,0,0,0 1110512 1865 3720 124 559 400 1958 68 488 1108647,1168,330,143,73,45,35,21,6,10,7,7,3,2,4,4,1,1,2,3 0,41,15,14,8,9,8,7,3,2,4,2,1,2,1,3,1,0,2,1 0,0,33,143,73,45,35,21,6,10,7,7,3,2,4,4,1,1,2,3 0,0,0,14,8,9,8,7,3,2,4,2,1,2,1,3,1,0,2,1
/media/michal/Pauli/masterdata/processed/annotated/rares/20140912/patrol_run_104/room_3/features/nonPlanes<shotcolor_uniform_2015-05-17_21-48-39.pcd 36.5287 0.00387821 0.00326249 7 449,200,111,91,86,83,60 81,38,19,23,15,13,14 1,0,1,0,0,0,0 1109600 2015 3720 177 619 400 1803 90 508 1107585,1313,356,137,67,44,32,23,12,5,7,4,9,5,0,1 0,63,29,19,16,11,9,10,7,2,5,2,2,1,0,1 0,0,54,137,67,44,32,23,12,5,7,4,9,5,0,1 0,0,5,19,16,11,9,10,7,2,5,2,2,1,0,1
/media/michal/Pauli/masterdata/processed/annotated/rares/20140912/patrol_run_94/room_3/features/nonPlanes<shotcolor_uniform_2015-05-17_21-48-40.pcd 33.6076 0.00293488 0.0030755 9 372,194,148,125,122,109,83,79,53 59,28,30,32,24,16,18,19,16 1,0,0,0,0,0,0,0,0 948600 1946 3720 132 515 400 1870 69 430 946654,1242,355,133,65,48,35,21,10,8,9,3,7,3,1,1,2,1,2 0,41,24,19,6,10,8,5,3,1,6,2,2,2,1,0,1,1,0 0,0,51,133,65,48,35,21,10,8,9,3,7,3,1,1,2,1,2 0,0,2,19,6,10,8,5,3,1,6,2,2,2,1,0,1,1,0
/media/michal/Pauli/masterdata/processed/annotated/rares/20140912/patrol_run_96/room_2/features/nonPlanes<shotcolor_uniform_2015-05-17_21-48-43.pcd 33.8605 0.00358477 0.0028343 6 406,222,165,149,133,43 63,38,34,20,27,12 1,0,0,0,0,0 1124838 1887 3720 111 516 400 1950 74 465 1122951,1204,340,136,66,34,33,23,10,4,5,8,8,3,2,0,1,2,2,1,1,1,2,0,0,0,0,0,1 0,23,16,16,14,9,12,4,2,2,2,2,3,1,1,0,1,1,0,1,0,1,0,0,0,0,0,0,0 0,0,57,136,66,34,33,23,10,4,5,8,8,3,2,0,1,2,2,1,1,1,2,0,0,0,0,0,1 0,0,2,16,14,9,12,4,2,2,2,2,3,1,1,0,1,1,0,1,0,1,0,0,0,0,0,0,0
/media/michal/Pauli/masterdata/processed/annotated/rares/20140912/patrol_run_98/room_3/features/nonPlanes<shotcolor_uniform_2015-05-17_21-48-45.pcd 35.393 0.00329281 0.00193593 6 288,180,160,123,116,39 43,38,19,30,27,15 1,0,0,1,0,0 1043936 2059 3720 148 507 400 1793 71 410 1041877,1391,347,124,63,45,31,24,8,6,3,2,2,4,2,2,1,0,1,0,0,0,1,0,0,0,1,0,0,0,0,0,0,0,0,0,0,0,0,0,0,0,0,0,0,0,1 0,57,22,21,11,2,12,10,2,3,1,1,2,2,0,1,0,0,1,0,0,0,0,0,0,0,0,0,0,0,0,0,0,0,0,0,0,0,0,0,0,0,0,0,0,0,0 0,0,79,124,63,45,31,24,8,6,3,2,2,4,2,2,1,0,1,0,0,0,1,0,0,0,1,0,0,0,0,0,0,0,0,0,0,0,0,0,0,0,0,0,0,0,1 0,0,2,21,11,2,12,10,2,3,1,1,2,2,0,1,0,0,1,0,0,0,0,0,0,0,0,0,0,0,0,0,0,0,0,0,0,0,0,0,0,0,0,0,0,0,0
/media/michal/Pauli/masterdata/processed/annotated/rares/20140921/patrol_run_110/room_2/features/nonPlanes<shotcolor_uniform_2015-05-17_21-48-47.pcd 35.8213 0.00428363 0.00297574 6 193,121,92,75,73,52 55,34,28,22,21,18 0,0,0,1,0,0 1150032 2495 3720 95 169 400 1332 23 78 1147537,1802,433,139,54,32,13,11,3,3,3,1,1 0,53,27,8,3,2,0,1,0,1,0,0,0 0,0,140,139,54,32,13,11,3,3,3,1,1 0,0,8,8,3,2,0,1,0,1,0,0,0
/media/michal/Pauli/masterdata/processed/annotated/rares/20140921/patrol_run_112/room_2/features/nonPlanes<shotcolor_uniform_2015-05-17_21-48-49.pcd 33.2221 0.00326705 0.00192884 6 427,184,141,114,59,51 59,31,28,20,13,13 1,1,0,0,0,0 1137150 1877 3720 126 597 400 1947 80 531 1135273,1181,337,128,69,59,23,21,18,11,8,5,4,7,2,0,2,0,0,0,0,0,1,0,0,0,1 0,26,23,17,8,11,10,7,6,3,2,3,3,4,1,0,0,0,0,0,0,0,1,0,0,0,1 0,0,41,128,69,59,23,21,18,11,8,5,4,7,2,0,2,0,0,0,0,0,1,0,0,0,1 0,0,3,17,8,11,10,7,6,3,2,3,3,4,1,0,0,0,0,0,0,0,1,0,0,0,1
/media/michal/Pauli/masterdata/processed/annotated/rares/20140921/patrol_run_114/room_1/features/nonPlanes<shotcolor_uniform_2015-05-17_21-48-52.pcd 28.0591 0.0029148 0.00188269 7 364,191,173,169,145,118,78 51,32,35,26,28,30,18 1,0,1,0,0,0,0 1135060 1871 3720 112 522 400 1956 72 469 1133189,1178,329,135,72,51,27,17,14,18,8,6,7,2,2,0,2,0,0,1,1,0,0,0,0,0,1 0,27,16,13,12,12,4,5,4,5,3,4,2,1,1,0,1,0,0,1,1,0,0,0,0,0,0 0,0,36,135,72,51,27,17,14,18,8,6,7,2,2,0,2,0,0,1,1,0,0,0,0,0,1 0,0,3,13,12,12,4,5,4,5,3,4,2,1,1,0,1,0,0,1,1,0,0,0,0,0,0
/media/michal/Pauli/masterdata/processed/annotated/rares/20140922/patrol_run_116/room_2/features/nonPlanes<shotcolor_uniform_2015-05-17_21-48-54.pcd 30.6638 0.0027431 0.00175667 8 326,174,145,89,82,74,67,46 52,35,22,21,18,13,14,12 1,0,0,0,0,1,0,0 1135668 2006 3720 107 445 400 1797 62 382 1133662,1289,371,132,81,47,25,13,15,10,7,4,3,2,3,0,3,1 0,27,21,10,10,9,9,3,7,2,3,1,2,0,1,0,1,1 0,0,54,132,81,47,25,13,15,10,7,4,3,2,3,0,3,1 0,0,3,10,10,9,9,3,7,2,3,1,2,0,1,0,1,1
/media/michal/Pauli/masterdata/processed/annotated/rares/20140922/patrol_run_118/room_2/features/nonPlanes<shotcolor_uniform_2015-05-17_21-48-56.pcd 31.2463 0.00334382 0.00179164 8 281,182,142,128,112,84,73,62 57,32,15,25,21,15,15,13 1,0,0,0,0,0,0,0 1197684 1991 3720 122 364 400 1823 58 282 1195693,1285,361,128,84,30,31,24,12,9,11,5,5,1,2,2,1 0,46,26,13,13,6,5,5,4,0,1,0,2,0,1,0,0 0,0,55,128,84,30,31,24,12,9,11,5,5,1,2,2,1 0,0,8,13,13,6,5,5,4,0,1,0,2,0,1,0,0
/media/michal/Pauli/masterdata/processed/annotated/rares/20140922/patrol_run_120/room_1/features/nonPlanes<shotcolor_uniform_2015-05-17_21-48-58.pcd 33.2558 0.00266057 0.00186389 5 508,382,133,79,60 91,60,31,16,16 1,0,0,0,0 1163902 1945 3720 100 417 400 1882 62 365 1161957,1252,333,151,67,39,27,18,16,15,7,5,5,3,2,3,1,0,0,0,0,0,1 0,24,16,20,9,6,7,2,3,3,2,2,1,0,2,2,1,0,0,0,0,0,0 0,0,40,151,67,39,27,18,16,15,7,5,5,3,2,3,1,0,0,0,0,0,1 0,0,2,20,9,6,7,2,3,3,2,2,1,0,2,2,1,0,0,0,0,0,0
/media/michal/Pauli/masterdata/processed/annotated/rares/20140922/patrol_run_124/room_2/features/nonPlanes<shotcolor_uniform_2015-05-17_21-49-00.pcd 37.9558 0.00361468 0.00175029 9 216,157,112,111,101,99,89,65,48 41,24,16,15,20,26,19,14,12 0,0,0,0,0,0,0,1,0 1189476 2019 3720 71 151 400 1820 21 90 1187457,1338,358,119,74,40,24,20,11,6,11,5,1,1,0,3,2,1,2,0,2,0,0,0,0,0,0,1 0,39,19,2,5,2,0,2,0,1,0,0,0,0,0,1,0,0,0,0,0,0,0,0,0,0,0,0 0,0,77,119,74,40,24,20,11,6,11,5,1,1,0,3,2,1,2,0,2,0,0,0,0,0,0,1 0,0,8,2,5,2,0,2,0,1,0,0,0,0,0,1,0,0,0,0,0,0,0,0,0,0,0,0
/media/michal/Pauli/masterdata/processed/annotated/rares/20140922/patrol_run_126/room_2/features/nonPlanes<shotcolor_uniform_2015-05-17_21-49-04.pcd 32.2815 0.00292932 0.0018354 10 266,169,132,126,106,102,85,81,80,61 52,21,22,28,15,17,17,14,18,15 1,0,0,0,0,0,0,0,0,0 1158810 1958 3720 126 357 400 1877 52 265 1156852,1273,349,121,82,41,25,13,17,10,9,0,5,1,3,2,1,0,1,0,0,2,1,1,0,0,0,0,0,0,1 0,56,21,16,11,11,2,2,2,2,0,0,1,0,0,0,0,0,1,0,0,0,1,0,0,0,0,0,0,0,0 0,0,64,121,82,41,25,13,17,10,9,0,5,1,3,2,1,0,1,0,0,2,1,1,0,0,0,0,0,0,1 0,0,3,16,11,11,2,2,2,2,0,0,1,0,0,0,0,0,1,0,0,0,1,0,0,0,0,0,0,0,0
/media/michal/Pauli/masterdata/processed/annotated/rares/20140922/patrol_run_128/room_2/features/nonPlanes<shotcolor_uniform_2015-05-17_21-49-06.pcd 30.5419 0.00269729 0.0021319 6 380,325,181,139,50,43 75,63,32,31,14,12 1,0,0,0,0,0 1108536 2054 3720 129 366 400 1756 55 274 1106482,1344,339,163,75,47,34,13,13,7,12,2,2,1,0,1,0,0,1 0,56,19,20,9,5,11,4,0,0,3,0,1,0,0,1,0,0,0 0,0,29,163,75,47,34,13,13,7,12,2,2,1,0,1,0,0,1 0,0,1,20,9,5,11,4,0,0,3,0,1,0,0,1,0,0,0
/media/michal/Pauli/masterdata/processed/annotated/rares/20140922/patrol_run_130/room_2/features/nonPlanes<shotcolor_uniform_2015-05-17_21-49-09.pcd 32.1795 0.00292809 0.00214488 9 241,205,163,124,117,97,83,72,43 42,43,28,12,21,16,18,17,12 1,1,0,0,0,0,0,0,0 1066964 1935 3720 143 479 400 1908 68 391 1065029,1258,342,131,64,36,32,14,14,11,5,5,5,4,4,4,2,0,1,0,1,0,1,1 0,62,17,21,9,7,6,5,0,5,1,4,3,1,1,0,1,0,0,0,0,0,0,0 0,0,65,131,64,36,32,14,14,11,5,5,5,4,4,4,2,0,1,0,1,0,1,1 0,0,4,21,9,7,6,5,0,5,1,4,3,1,1,0,1,0,0,0,0,0,0,0
/media/michal/Pauli/masterdata/processed/annotated/rares/20140922/patrol_run_132/room_1/features/nonPlanes<shotcolor_uniform_2015-05-17_21-49-12.pcd 33.2689 0.00277142 0.00176724 9 263,201,148,89,83,65,63,47,47 45,44,39,14,18,15,17,12,12 0,0,0,0,0,0,0,0,0 1156036 2078 3720 12 33 400 1751 5 23 1153958,1387,353,139,74,47,22,19,7,10,7,4,1,0,0,2,0,1,2,2,0,1 0,4,3,2,1,1,0,0,1,0,0,0,0,0,0,0,0,0,0,0,0,0 0,0,62,139,74,47,22,19,7,10,7,4,1,0,0,2,0,1,2,2,0,1 0,0,0,2,1,1,0,0,1,0,0,0,0,0,0,0,0,0,0,0,0,0
/media/michal/Pauli/masterdata/processed/annotated/rares/20140922/patrol_run_134/room_2/features/nonPlanes<shotcolor_uniform_2015-05-17_21-49-15.pcd 31.2576 0.00292984 0.00325821 7 340,226,195,146,88,83,69 66,47,49,27,22,14,14 1,0,0,0,0,0,0 1114464 2020 3720 134 425 400 1775 62 329 1112444,1295,364,154,72,39,36,19,12,11,5,5,5,1,1,0,1 0,48,26,15,14,7,9,5,3,3,0,2,0,1,1,0,0 0,0,39,154,72,39,36,19,12,11,5,5,5,1,1,0,1 0,0,2,15,14,7,9,5,3,3,0,2,0,1,1,0,0
/media/michal/Pauli/masterdata/processed/annotated/rares/20140922/patrol_run_138/room_2/features/nonPlanes<shotcolor_uniform_2015-05-17_21-49-18.pcd 30.1988 0.00371866 0.0022255 7 425,203,142,99,78,69,58 67,25,16,23,16,12,18 1,0,0,0,0,0,0 1197912 1886 3720 135 515 400 1958 67 424 1196026,1210,342,117,62,41,34,16,13,11,14,6,7,4,0,0,5,0,1,1,1,0,0,0,1 0,45,28,13,8,7,12,7,1,4,1,1,1,2,0,0,4,0,0,0,1,0,0,0,0 0,0,66,117,62,41,34,16,13,11,14,6,7,4,0,0,5,0,1,1,1,0,0,0,1 0,0,5,13,8,7,12,7,1,4,1,1,1,2,0,0,4,0,0,0,1,0,0,0,0
/media/michal/Pauli/masterdata/processed/annotated/rares/20140923/patrol_run_139/room_2/features/nonPlanes<shotcolor_uniform_2015-05-17_21-49-20.pcd 29.0579 0.00293311 0.00243632 6 545,199,169,154,106,40 80,20,36,40,13,12 1,0,1,0,0,0 996812 1877 3720 167 736 400 1982 102 654 994935,1216,317,115,84,37,33,25,9,7,8,4,9,1,2,3,0,0,1,1,0,0,1,0,0,1,0,0,0,0,1,1,0,1 0,48,24,14,20,10,12,12,6,4,4,2,5,1,0,3,0,0,1,0,0,0,0,0,0,0,0,0,0,0,1,0,0,0 0,0,56,115,84,37,33,25,9,7,8,4,9,1,2,3,0,0,1,1,0,0,1,0,0,1,0,0,0,0,1,1,0,1 0,0,7,14,20,10,12,12,6,4,4,2,5,1,0,3,0,0,1,0,0,0,0,0,0,0,0,0,0,0,1,0,0,0
/media/michal/Pauli/masterdata/processed/annotated/rares/20140923/patrol_run_141/room_2/features/nonPlanes<shotcolor_uniform_2015-05-17_21-49-24.pcd 30.8394 0.00353775 0.0017892 8 469,171,122,106,102,79,74,55 61,38,25,21,25,13,16,14 1,0,0,0,0,0,0,0 1166676 1934 3720 136 620 400 1904 70 534 1164742,1252,330,137,64,54,31,20,11,10,5,4,2,3,4,3,0,0,1,0,0,0,0,1,0,0,1,0,0,0,0,0,0,0,0,0,0,0,0,0,0,0,1 0,46,23,15,10,6,6,5,4,3,3,3,0,3,3,2,0,0,1,0,0,0,0,1,0,0,1,0,0,0,0,0,0,0,0,0,0,0,0,0,0,0,1 0,0,48,137,64,54,31,20,11,10,5,4,2,3,4,3,0,0,1,0,0,0,0,1,0,0,1,0,0,0,0,0,0,0,0,0,0,0,0,0,0,0,1 0,0,3,15,10,6,6,5,4,3,3,3,0,3,3,2,0,0,1,0,0,0,0,1,0,0,1,0,0,0,0,0,0,0,0,0,0,0,0,0,0,0,1
/media/michal/Pauli/masterdata/processed/annotated/rares/20140923/patrol_run_144/room_2/features/nonPlanes<shotcolor_uniform_2015-05-17_21-49-27.pcd 29.6633 0.0026081 0.00194513 8 439,186,134,100,99,87,81,64 82,28,29,20,16,20,12,12 1,0,0,0,0,0,0,0 1021554 1940 3720 173 564 400 1884 80 433 1019614,1244,324,157,64,52,30,20,11,9,7,8,6,2,3,0,0,1,1,1 0,55,38,25,14,15,7,6,3,0,3,3,1,1,1,0,0,1,0,0 0,0,28,157,64,52,30,20,11,9,7,8,6,2,3,0,0,1,1,1 0,0,0,25,14,15,7,6,3,0,3,3,1,1,1,0,0,1,0,0
/media/michal/Pauli/masterdata/processed/annotated/rares/20140923/patrol_run_146/room_2/features/nonPlanes<shotcolor_uniform_2015-05-17_21-49-30.pcd 29.2631 0.00231358 0.00183216 8 455,148,134,127,119,110,62,59 55,29,23,26,29,13,15,15 1,0,0,0,0,0,0,0 961792 1924 3720 119 560 400 1895 61 482 959868,1223,360,148,62,42,19,13,11,11,7,6,5,3,4,2,1,0,2,0,4,0,0,0,0,0,0,0,0,0,1 0,38,21,9,9,7,5,4,4,4,2,3,3,3,2,2,0,0,0,0,2,0,0,0,0,0,0,0,0,0,1 0,0,59,148,62,42,19,13,11,11,7,6,5,3,4,2,1,0,2,0,4,0,0,0,0,0,0,0,0,0,1 0,0,1,9,9,7,5,4,4,4,2,3,3,3,2,2,0,0,0,0,2,0,0,0,0,0,0,0,0,0,1
/media/michal/Pauli/masterdata/processed/annotated/rares/20140923/patrol_run_148/room_2/features/nonPlanes<shotcolor_uniform_2015-05-17_21-49-32.pcd 31.8371 0.00303196 0.00189952 8 241,168,165,133,96,75,68,64 52,33,29,28,19,16,17,14 1,0,1,0,0,0,0,0 1143952 2043 3720 127 395 400 1750 69 318 1141909,1316,386,126,86,40,34,15,10,8,10,7,1,2,1,0,0,0,0,0,1 0,39,24,23,16,9,6,1,3,2,1,2,0,1,0,0,0,0,0,0,0 0,0,59,126,86,40,34,15,10,8,10,7,1,2,1,0,0,0,0,0,1 0,0,5,23,16,9,6,1,3,2,1,2,0,1,0,0,0,0,0,0,0
/media/michal/Pauli/masterdata/processed/annotated/rares/20140923/patrol_run_150/room_2/features/nonPlanes<shotcolor_uniform_2015-05-17_21-49-36.pcd 32.5281 0.00374505 0.00186622 8 510,160,122,89,85,73,73,62 67,16,20,22,17,20,18,18 1,0,1,0,0,0,0,0 1115756 1948 3720 109 567 400 1921 73 521 1113808,1297,314,132,71,40,23,14,11,10,12,4,2,6,4,1,1,0,0,1,0,0,1,1,0,1,0,0,0,1,1 0,26,15,10,12,11,7,3,2,4,4,4,2,3,3,1,0,0,0,0,0,0,0,0,0,0,0,0,0,1,1 0,0,63,132,71,40,23,14,11,10,12,4,2,6,4,1,1,0,0,1,0,0,1,1,0,1,0,0,0,1,1 0,0,5,10,12,11,7,3,2,4,4,4,2,3,3,1,0,0,0,0,0,0,0,0,0,0,0,0,0,1,1
/media/michal/Pauli/masterdata/processed/annotated/rares/20140924/patrol_run_152/room_2/features/nonPlanes<shotcolor_uniform_2015-05-17_21-49-39.pcd 25.5797 0.00265148 0.0021652 6 700,200,147,106,67,55 113,34,35,24,19,15 1,0,0,0,0,0 1068522 1896 3720 156 701 400 1910 95 617 1066626,1182,333,149,85,48,24,24,17,7,8,5,2,4,3,2,2,0,0,1 0,38,24,16,18,12,10,10,8,4,3,4,1,3,1,1,2,0,0,1 0,0,19,149,85,48,24,24,17,7,8,5,2,4,3,2,2,0,0,1 0,0,1,16,18,12,10,10,8,4,3,4,1,3,1,1,2,0,0,1
/media/michal/Pauli/masterdata/processed/annotated/rares/20140924/patrol_run_156/room_2/features/nonPlanes<shotcolor_uniform_2015-05-17_21-49-42.pcd 31.1484 0.00353916 0.00328864 8 700,125,123,64,60,57,50,39 80,21,31,13,14,21,13,13 1,1,0,0,0,0,0,0 1129170 1946 3720 143 810 400 1925 87 743 1127224,1297,322,125,73,36,22,17,12,8,7,1,6,4,2,0,3,2,1,2,0,0,1,1,3,1 0,45,16,13,11,6,6,8,9,0,5,1,4,3,2,0,3,2,1,2,0,0,1,1,3,1 0,0,73,125,73,36,22,17,12,8,7,1,6,4,2,0,3,2,1,2,0,0,1,1,3,1 0,0,5,13,11,6,6,8,9,0,5,1,4,3,2,0,3,2,1,2,0,0,1,1,3,1
