obj_search:
  camera_z: 1.7
  ceiling_z: 2.27
  floor_z: 0
  object_query: {K: 5}
  processed_data_dir: /home/michal/Downloads/pcddata/processed/
  raw_data_dir: /media/michal/Pauli/masterdata/raw/
object_query: {K: 10, cluster_maxsize: 500, cluster_minsize: 12, cluster_tolerance: 0.25,
  clusters_to_results: true, extract_mult: 1.3, match: nonPlanes<pfhrgb_uniform, n_max_points: 400,
  output_dir: 'NULL', query_features: '/home/michal/Downloads/pcddata/processed/query/queryobjects/0,02/chair1/features/rgb_0015_label_chair1<pfhrgb_uniform_2015-05-28_11-00-24.pcd',
  results_out: '/home/michal/Downloads/pcddata/processed/query/k10_mx400_t0,25/ds0_02mp_4500',
  subdirs: 4, target_features: /media/michal/Pauli/masterdata/processed/paramtest/ds0_02mp_4500,
  x_step_hough: 0.05, y_step_hough: 0.05, z_step_hough: 0.05}
rosdistro: 'indigo

  '
roslaunch:
  uris: {host_tycho__42313: 'http://tycho:42313/', host_tycho__49672: 'http://tycho:49672/',
    host_tycho__53085: 'http://tycho:53085/'}
rosversion: '1.11.10

  '
run_id: d8cef494-08d0-11e5-8413-3c970e77227e
BEGIN_DATA
# fname t_query t_hough t_cluster cluster_n cluster_scores cluster_points cluster_inobb n_hough_tot nonzero_hough hough_votes boxpts boxvotes maxpts maxvotes maxboxpts maxboxvotes hough_hist box_hist max_hist boxmax_hist
/media/michal/Pauli/masterdata/processed/paramtest/ds0_02mp_4500/annotated/rares/20140820/patrol_run_2/room_1/features/nonPlanes<pfhrgb_uniform_2015-05-18_22-12-12.pcd 0.558795 0.00108219 0.00285495 6 673,661,275,219,127,123 93,81,42,35,17,12 1,0,0,0,0,0 453288 743 3150 94 570 400 2734 63 531 452545,270,144,78,62,42,23,22,9,9,7,11,7,7,7,8,6,2,4,3,6,2,1,0,2,0,1,1,3,0,0,0,0,0,0,0,0,1,0,1,1,1,1,0,1 0,23,15,11,8,7,3,2,2,5,1,3,1,0,1,1,4,1,0,1,1,0,1,0,0,0,1,0,1,0,0,0,0,0,0,0,0,0,0,0,0,0,0,0,1 0,0,71,78,62,42,23,22,9,9,7,11,7,7,7,8,6,2,4,3,6,2,1,0,2,0,1,1,3,0,0,0,0,0,0,0,0,1,0,1,1,1,1,0,1 0,0,7,11,8,7,3,2,2,5,1,3,1,0,1,1,4,1,0,1,1,0,1,0,0,0,1,0,1,0,0,0,0,0,0,0,0,0,0,0,0,0,0,0,1
/media/michal/Pauli/masterdata/processed/paramtest/ds0_02mp_4500/annotated/rares/20140820/patrol_run_4/room_0/features/nonPlanes<pfhrgb_uniform_2015-05-18_22-12-19.pcd 0.628481 0.00114956 0.00317468 10 466,418,266,200,164,120,96,87,84,75 59,57,30,13,27,12,16,13,17,15 1,0,0,0,0,0,0,0,0,0 424446 780 3150 84 498 400 2700 59 470 423666,310,119,77,71,33,42,22,24,11,13,10,6,3,5,4,5,0,0,3,3,3,3,1,3,1,0,2,0,1,1,0,0,0,0,1,0,0,0,0,0,0,1,0,0,0,0,0,0,0,0,0,0,1,0,1 0,22,14,7,7,5,8,3,3,1,3,1,1,0,1,0,0,0,0,2,0,1,2,1,1,0,0,0,0,0,0,0,0,0,0,0,0,0,0,0,0,0,0,0,0,0,0,0,0,0,0,0,0,0,0,1 0,0,49,77,71,33,42,22,24,11,13,10,6,3,5,4,5,0,0,3,3,3,3,1,3,1,0,2,0,1,1,0,0,0,0,1,0,0,0,0,0,0,1,0,0,0,0,0,0,0,0,0,0,1,0,1 0,0,11,7,7,5,8,3,3,1,3,1,1,0,1,0,0,0,0,2,0,1,2,1,1,0,0,0,0,0,0,0,0,0,0,0,0,0,0,0,0,0,0,0,0,0,0,0,0,0,0,0,0,0,0,1
/media/michal/Pauli/masterdata/processed/paramtest/ds0_02mp_4500/annotated/rares/20140828/patrol_run_19/room_3/features/nonPlanes<pfhrgb_uniform_2015-05-18_22-12-27.pcd 0.57648 0.00129566 0.00220961 7 473,426,417,195,179,132,71 68,67,38,40,27,15,17 0,0,0,0,0,0,0 407880 846 3150 55 145 400 2594 18 100 407034,336,154,96,72,39,24,27,19,8,7,9,8,3,12,6,4,2,1,3,3,0,4,1,2,0,1,1,0,0,1,1,0,0,1,0,0,0,0,0,0,0,0,0,0,0,0,0,0,0,0,0,0,0,0,0,0,0,0,0,0,0,0,0,0,0,0,0,0,0,0,0,0,0,0,0,1 0,29,9,4,3,5,1,0,1,0,1,1,0,0,1,0,0,0,0,0,0,0,0,0,0,0,0,0,0,0,0,0,0,0,0,0,0,0,0,0,0,0,0,0,0,0,0,0,0,0,0,0,0,0,0,0,0,0,0,0,0,0,0,0,0,0,0,0,0,0,0,0,0,0,0,0,0 0,0,44,96,72,39,24,27,19,8,7,9,8,3,12,6,4,2,1,3,3,0,4,1,2,0,1,1,0,0,1,1,0,0,1,0,0,0,0,0,0,0,0,0,0,0,0,0,0,0,0,0,0,0,0,0,0,0,0,0,0,0,0,0,0,0,0,0,0,0,0,0,0,0,0,0,1 0,0,1,4,3,5,1,0,1,0,1,1,0,0,1,0,0,0,0,0,0,0,0,0,0,0,0,0,0,0,0,0,0,0,0,0,0,0,0,0,0,0,0,0,0,0,0,0,0,0,0,0,0,0,0,0,0,0,0,0,0,0,0,0,0,0,0,0,0,0,0,0,0,0,0,0,0
/media/michal/Pauli/masterdata/processed/paramtest/ds0_02mp_4500/annotated/rares/20140829/patrol_run_20/room_3/features/nonPlanes<pfhrgb_uniform_2015-05-18_22-12-37.pcd 0.644672 0.00100574 0.00318217 10 568,272,245,240,217,157,133,132,116,101 36,40,46,33,37,31,15,13,26,16 1,0,0,0,0,0,1,0,0,0 461736 787 3150 65 672 400 2712 48 655 460949,336,123,84,64,36,26,21,15,10,7,12,2,6,2,8,3,4,2,1,3,1,2,2,1,3,1,0,1,2,1,0,2,0,1,0,0,0,1,1,1,0,0,0,0,0,1,0,0,0,0,0,0,0,0,0,0,0,0,0,0,0,0,0,0,0,0,0,0,0,0,1 0,17,6,5,6,3,1,3,1,1,2,0,2,1,0,1,1,1,0,0,2,0,1,1,1,1,1,0,1,1,0,0,1,0,1,0,0,0,0,0,1,0,0,0,0,0,1,0,0,0,0,0,0,0,0,0,0,0,0,0,0,0,0,0,0,0,0,0,0,0,0,1 0,0,72,84,64,36,26,21,15,10,7,12,2,6,2,8,3,4,2,1,3,1,2,2,1,3,1,0,1,2,1,0,2,0,1,0,0,0,1,1,1,0,0,0,0,0,1,0,0,0,0,0,0,0,0,0,0,0,0,0,0,0,0,0,0,0,0,0,0,0,0,1 0,0,6,5,6,3,1,3,1,1,2,0,2,1,0,1,1,1,0,0,2,0,1,1,1,1,1,0,1,1,0,0,1,0,1,0,0,0,0,0,1,0,0,0,0,0,1,0,0,0,0,0,0,0,0,0,0,0,0,0,0,0,0,0,0,0,0,0,0,0,0,1
/media/michal/Pauli/masterdata/processed/paramtest/ds0_02mp_4500/annotated/rares/20140829/patrol_run_26/room_2/features/nonPlanes<pfhrgb_uniform_2015-05-18_22-12-46.pcd 0.64265 0.00124329 0.00199244 11 563,190,179,172,129,122,120,113,103,83,59 91,28,33,19,19,22,17,13,21,17,12 1,0,0,0,0,0,0,0,0,0,0 404481 851 3150 105 415 400 2569 68 372 403630,321,145,103,80,41,35,30,19,9,17,7,7,5,4,4,3,3,2,1,0,2,1,2,1,0,3,2,0,1,2,1 0,31,13,16,6,12,5,6,7,3,2,1,1,1,0,1,0,0,0,0,0,0,0,0,0,0,0,0,0,0,0,0 0,0,15,103,80,41,35,30,19,9,17,7,7,5,4,4,3,3,2,1,0,2,1,2,1,0,3,2,0,1,2,1 0,0,7,16,6,12,5,6,7,3,2,1,1,1,0,1,0,0,0,0,0,0,0,0,0,0,0,0,0,0,0,0
/media/michal/Pauli/masterdata/processed/paramtest/ds0_02mp_4500/annotated/rares/20140901/patrol_run_27/room_2/features/nonPlanes<pfhrgb_uniform_2015-05-18_22-12-54.pcd 0.529867 0.000989826 0.00329259 9 794,382,281,226,167,163,94,72,66 77,73,19,44,15,25,14,12,17 1,0,0,0,0,0,0,0,0 424710 713 3150 91 775 400 2786 69 751 423997,262,117,87,56,43,29,21,19,8,11,9,6,7,4,2,4,3,1,1,0,2,3,1,1,2,0,1,1,1,0,0,0,1,0,1,0,0,0,1,1,0,2,0,0,0,1,0,0,0,0,1,1,0,0,0,0,0,0,0,0,0,0,0,1,0,1 0,20,12,14,11,4,6,1,2,2,0,0,1,1,2,0,1,0,1,1,0,1,1,1,1,0,0,0,0,0,0,0,0,1,0,1,0,0,0,1,0,0,2,0,0,0,1,0,0,0,0,1,0,0,0,0,0,0,0,0,0,0,0,0,1,0,0 0,0,66,87,56,43,29,21,19,8,11,9,6,7,4,2,4,3,1,1,0,2,3,1,1,2,0,1,1,1,0,0,0,1,0,1,0,0,0,1,1,0,2,0,0,0,1,0,0,0,0,1,1,0,0,0,0,0,0,0,0,0,0,0,1,0,1 0,0,10,14,11,4,6,1,2,2,0,0,1,1,2,0,1,0,1,1,0,1,1,1,1,0,0,0,0,0,0,0,0,1,0,1,0,0,0,1,0,0,2,0,0,0,1,0,0,0,0,1,0,0,0,0,0,0,0,0,0,0,0,0,1,0,0
/media/michal/Pauli/masterdata/processed/paramtest/ds0_02mp_4500/annotated/rares/20140901/patrol_run_31/room_2/features/nonPlanes<pfhrgb_uniform_2015-05-18_22-13-03.pcd 0.592989 0.000857036 0.00241331 9 603,386,383,164,151,132,131,125,78 76,47,58,20,25,15,12,16,17 0,0,0,0,0,0,0,0,0 460845 673 3150 4 24 400 2845 2 22 460172,241,100,76,44,38,37,18,18,10,13,9,9,8,9,6,2,5,7,3,2,1,3,1,2,1,2,1,0,1,1,0,0,0,0,0,0,1,0,0,0,0,1,1,1,0,0,0,0,1 0,2,0,0,0,0,0,0,1,0,0,0,0,0,1,0,0,0,0,0,0,0,0,0,0,0,0,0,0,0,0,0,0,0,0,0,0,0,0,0,0,0,0,0,0,0,0,0,0,0 0,0,68,76,44,38,37,18,18,10,13,9,9,8,9,6,2,5,7,3,2,1,3,1,2,1,2,1,0,1,1,0,0,0,0,0,0,1,0,0,0,0,1,1,1,0,0,0,0,1 0,0,0,0,0,0,0,0,1,0,0,0,0,0,1,0,0,0,0,0,0,0,0,0,0,0,0,0,0,0,0,0,0,0,0,0,0,0,0,0,0,0,0,0,0,0,0,0,0,0
/media/michal/Pauli/masterdata/processed/paramtest/ds0_02mp_4500/annotated/rares/20140901/patrol_run_32/room_2/features/nonPlanes<pfhrgb_uniform_2015-05-18_22-13-11.pcd 0.631673 0.0010009 0.00308654 9 370,344,265,202,193,109,90,85,74 45,48,36,35,17,16,22,14,14 0,0,0,0,0,0,0,0,0 446160 851 3150 15 42 400 2584 9 35 445309,336,153,96,71,43,28,30,10,15,10,13,6,6,6,2,4,4,2,2,2,2,1,1,2,0,1,0,0,1,0,0,0,0,1,0,0,0,0,0,0,0,0,0,0,0,0,0,1,0,1,0,0,1 0,5,2,2,4,1,1,0,0,0,0,0,0,0,0,0,0,0,0,0,0,0,0,0,0,0,0,0,0,0,0,0,0,0,0,0,0,0,0,0,0,0,0,0,0,0,0,0,0,0,0,0,0,0 0,0,38,96,71,43,28,30,10,15,10,13,6,6,6,2,4,4,2,2,2,2,1,1,2,0,1,0,0,1,0,0,0,0,1,0,0,0,0,0,0,0,0,0,0,0,0,0,1,0,1,0,0,1 0,0,1,2,4,1,1,0,0,0,0,0,0,0,0,0,0,0,0,0,0,0,0,0,0,0,0,0,0,0,0,0,0,0,0,0,0,0,0,0,0,0,0,0,0,0,0,0,0,0,0,0,0,0
/media/michal/Pauli/masterdata/processed/paramtest/ds0_02mp_4500/annotated/rares/20140901/patrol_run_33/room_1/features/nonPlanes<pfhrgb_uniform_2015-05-18_22-13-20.pcd 0.512994 0.000984885 0.00301423 6 822,241,192,178,173,143 121,25,26,37,25,22 -1 451044 928 3150 -1 -1 400 2532 -1 -1 450116,438,166,93,61,32,20,15,14,11,15,12,11,3,6,3,4,4,1,1,2,1,3,1,0,1,3,0,1,0,0,0,2,0,1,0,0,1,0,0,0,0,1,0,0,0,0,0,0,0,0,0,1 -1 0,0,76,93,61,32,20,15,14,11,15,12,11,3,6,3,4,4,1,1,2,1,3,1,0,1,3,0,1,0,0,0,2,0,1,0,0,1,0,0,0,0,1,0,0,0,0,0,0,0,0,0,1 -1
/media/michal/Pauli/masterdata/processed/paramtest/ds0_02mp_4500/annotated/rares/20140902/patrol_run_35/room_2/features/nonPlanes<pfhrgb_uniform_2015-05-18_22-13-28.pcd 0.504788 0.000689589 0.0024172 7 816,686,250,245,83,60,41 82,69,51,27,14,15,12 1,0,0,0,0,0,0 451044 727 3150 99 815 400 2787 75 787 450317,291,105,74,55,33,35,25,17,10,13,9,7,9,2,4,4,4,1,5,3,0,2,1,1,2,2,1,3,3,1,1,1,0,0,0,1,0,1,0,0,0,0,0,0,0,0,0,0,0,1 0,20,8,6,10,8,5,2,5,5,3,2,3,4,0,1,1,3,0,2,1,0,1,1,1,0,1,1,2,2,0,0,0,0,0,0,1,0,0,0,0,0,0,0,0,0,0,0,0,0,0 0,0,69,74,55,33,35,25,17,10,13,9,7,9,2,4,4,4,1,5,3,0,2,1,1,2,2,1,3,3,1,1,1,0,0,0,1,0,1,0,0,0,0,0,0,0,0,0,0,0,1 0,0,4,6,10,8,5,2,5,5,3,2,3,4,0,1,1,3,0,2,1,0,1,1,1,0,1,1,2,2,0,0,0,0,0,0,1,0,0,0,0,0,0,0,0,0,0,0,0,0,0
/media/michal/Pauli/masterdata/processed/paramtest/ds0_02mp_4500/annotated/rares/20140902/patrol_run_38/room_0/features/nonPlanes<pfhrgb_uniform_2015-05-18_22-13-37.pcd 0.546095 0.000978099 0.00252341 9 903,502,361,267,185,137,113,112,110 77,48,58,25,35,19,24,21,12 1,0,0,0,0,0,0,0,0 427977 555 3150 84 889 400 2995 74 879 427422,177,89,65,40,25,22,14,10,14,5,11,11,9,6,7,7,6,3,3,2,3,4,1,3,0,1,1,1,2,0,2,2,1,0,0,1,0,1,3,0,0,1,0,0,0,0,0,0,0,0,0,0,0,0,0,0,0,0,0,0,0,1,0,0,0,1 0,12,11,11,7,1,2,3,2,2,0,3,4,2,1,3,3,3,1,2,0,2,0,1,0,0,1,0,0,0,0,1,1,0,0,0,0,0,1,1,0,0,1,0,0,0,0,0,0,0,0,0,0,0,0,0,0,0,0,0,0,0,1,0,0,0,1 0,22,89,65,40,25,22,14,10,14,5,11,11,9,6,7,7,6,3,3,2,3,4,1,3,0,1,1,1,2,0,2,2,1,0,0,1,0,1,3,0,0,1,0,0,0,0,0,0,0,0,0,0,0,0,0,0,0,0,0,0,0,1,0,0,0,1 0,2,11,11,7,1,2,3,2,2,0,3,4,2,1,3,3,3,1,2,0,2,0,1,0,0,1,0,0,0,0,1,1,0,0,0,0,0,1,1,0,0,1,0,0,0,0,0,0,0,0,0,0,0,0,0,0,0,0,0,0,0,1,0,0,0,1
/media/michal/Pauli/masterdata/processed/paramtest/ds0_02mp_4500/annotated/rares/20140903/patrol_run_1/room_4/features/nonPlanes<pfhrgb_uniform_2015-05-18_22-13-44.pcd 0.687506 0.00103261 0.00274257 9 564,341,333,296,157,144,124,63,43 35,35,39,29,17,31,25,14,13 1,0,0,1,0,0,0,0,0 470184 701 3150 66 714 400 2809 56 702 469483,261,121,80,57,26,32,17,13,8,11,12,7,5,9,5,0,4,2,1,6,2,1,1,4,1,2,2,0,0,3,0,0,1,2,1,0,0,0,0,1,0,0,1,0,0,0,0,0,1,0,0,0,0,0,1 0,8,8,11,4,1,4,0,4,1,1,3,0,1,5,2,0,1,0,0,0,0,0,0,2,0,1,1,0,0,3,0,0,0,1,1,0,0,0,0,1,0,0,1,0,0,0,0,0,0,0,0,0,0,0,1 0,0,81,80,57,26,32,17,13,8,11,12,7,5,9,5,0,4,2,1,6,2,1,1,4,1,2,2,0,0,3,0,0,1,2,1,0,0,0,0,1,0,0,1,0,0,0,0,0,1,0,0,0,0,0,1 0,0,6,11,4,1,4,0,4,1,1,3,0,1,5,2,0,1,0,0,0,0,0,0,2,0,1,1,0,0,3,0,0,0,1,1,0,0,0,0,1,0,0,1,0,0,0,0,0,0,0,0,0,0,0,1
/media/michal/Pauli/masterdata/processed/paramtest/ds0_02mp_4500/annotated/rares/20140903/patrol_run_10/room_2/features/nonPlanes<pfhrgb_uniform_2015-05-18_22-13-53.pcd 0.583941 0.00137541 0.00208673 7 397,385,327,262,208,100,66 42,44,31,52,36,13,19 1,0,0,0,0,0,0 453024 600 3150 39 345 400 2950 35 341 452424,216,84,62,57,23,23,16,17,9,13,9,7,8,11,2,5,1,2,5,1,2,2,1,1,3,0,2,3,3,0,1,2,0,2,0,0,1,0,1,1,0,0,0,0,0,1,0,1,0,0,0,0,0,0,1,0,0,0,0,1 0,5,5,5,4,3,1,1,1,1,2,2,0,1,1,0,0,0,1,1,1,0,0,0,0,0,0,1,1,0,0,0,0,0,1,0,0,0,0,1,0,0,0,0,0,0,0,0,0,0,0,0,0,0,0,0,0,0,0,0,0 0,16,84,62,57,23,23,16,17,9,13,9,7,8,11,2,5,1,2,5,1,2,2,1,1,3,0,2,3,3,0,1,2,0,2,0,0,1,0,1,1,0,0,0,0,0,1,0,1,0,0,0,0,0,0,1,0,0,0,0,1 0,1,5,5,4,3,1,1,1,1,2,2,0,1,1,0,0,0,1,1,1,0,0,0,0,0,0,1,1,0,0,0,0,0,1,0,0,0,0,1,0,0,0,0,0,0,0,0,0,0,0,0,0,0,0,0,0,0,0,0,0
/media/michal/Pauli/masterdata/processed/paramtest/ds0_02mp_4500/annotated/rares/20140903/patrol_run_12/room_2/features/nonPlanes<pfhrgb_uniform_2015-05-18_22-13-59.pcd 0.568415 0.00097114 0.00308893 10 447,386,367,216,125,120,89,83,83,58 40,27,43,37,25,20,12,16,13,12 0,0,1,0,0,0,0,0,0,0 434214 728 3150 44 346 400 2766 36 337 433486,272,122,77,66,39,29,23,14,10,7,10,4,9,9,3,4,2,1,2,3,2,0,4,2,3,1,0,1,0,0,1,0,3,0,0,0,0,3,0,0,0,0,0,0,0,0,0,0,0,0,0,0,0,0,0,0,0,1,0,0,0,0,0,1 0,7,4,6,2,5,2,2,1,1,1,2,0,2,2,1,1,1,0,0,0,0,0,2,1,0,0,0,0,0,0,0,0,1,0,0,0,0,0,0,0,0,0,0,0,0,0,0,0,0,0,0,0,0,0,0,0,0,0,0,0,0,0,0,0 0,0,66,77,66,39,29,23,14,10,7,10,4,9,9,3,4,2,1,2,3,2,0,4,2,3,1,0,1,0,0,1,0,3,0,0,0,0,3,0,0,0,0,0,0,0,0,0,0,0,0,0,0,0,0,0,0,0,1,0,0,0,0,0,1 0,0,3,6,2,5,2,2,1,1,1,2,0,2,2,1,1,1,0,0,0,0,0,2,1,0,0,0,0,0,0,0,0,1,0,0,0,0,0,0,0,0,0,0,0,0,0,0,0,0,0,0,0,0,0,0,0,0,0,0,0,0,0,0,0
/media/michal/Pauli/masterdata/processed/paramtest/ds0_02mp_4500/annotated/rares/20140903/patrol_run_14/room_1/features/nonPlanes<pfhrgb_uniform_2015-05-18_22-14-09.pcd 0.703414 0.00140317 0.00248073 9 287,222,209,167,157,141,101,96,75 34,22,12,30,32,22,14,14,19 0,1,0,0,0,0,0,0,0 434313 834 3150 28 192 400 2613 14 176 433479,331,157,78,63,38,29,25,25,16,15,12,5,8,2,3,6,4,2,2,0,3,2,0,3,0,0,0,0,0,1,0,1,0,0,0,0,0,0,0,0,0,1,0,0,0,1,0,0,0,1 0,12,4,2,1,0,1,1,0,0,1,1,0,1,0,0,0,0,0,0,0,1,0,0,2,0,0,0,0,0,0,0,0,0,0,0,0,0,0,0,0,0,0,0,0,0,1,0,0,0,0 0,0,54,78,63,38,29,25,25,16,15,12,5,8,2,3,6,4,2,2,0,3,2,0,3,0,0,0,0,0,1,0,1,0,0,0,0,0,0,0,0,0,1,0,0,0,1,0,0,0,1 0,0,2,2,1,0,1,1,0,0,1,1,0,1,0,0,0,0,0,0,0,1,0,0,2,0,0,0,0,0,0,0,0,0,0,0,0,0,0,0,0,0,0,0,0,0,1,0,0,0,0
/media/michal/Pauli/masterdata/processed/paramtest/ds0_02mp_4500/annotated/rares/20140903/patrol_run_2/room_4/features/nonPlanes<pfhrgb_uniform_2015-05-18_22-14-19.pcd 0.682079 0.000900243 0.00290158 7 849,285,263,203,120,110,89 102,60,16,16,21,13,21 1,0,0,0,0,0,0 462264 805 3150 108 666 400 2668 74 626 461459,328,153,83,63,24,25,20,19,12,16,9,6,5,6,0,4,2,6,3,2,2,1,1,0,2,2,1,1,1,0,3,0,0,1,0,1,0,1,0,0,0,1,0,0,0,1 0,28,13,10,8,5,4,5,7,4,4,4,3,3,1,0,1,1,2,1,0,0,0,0,0,1,1,0,1,0,0,0,0,0,1,0,0,0,0,0,0,0,0,0,0,0,0 0,0,76,83,63,24,25,20,19,12,16,9,6,5,6,0,4,2,6,3,2,2,1,1,0,2,2,1,1,1,0,3,0,0,1,0,1,0,1,0,0,0,1,0,0,0,1 0,0,7,10,8,5,4,5,7,4,4,4,3,3,1,0,1,1,2,1,0,0,0,0,0,1,1,0,1,0,0,0,0,0,1,0,0,0,0,0,0,0,0,0,0,0,0
/media/michal/Pauli/masterdata/processed/paramtest/ds0_02mp_4500/annotated/rares/20140903/patrol_run_9/room_2/features/nonPlanes<pfhrgb_uniform_2015-05-18_22-14-29.pcd 0.591745 0.00102192 0.00249058 9 801,770,161,93,91,90,89,83,56 90,43,18,19,16,27,20,12,13 0,0,0,0,0,0,1,0,0 473088 669 3150 26 84 400 2851 18 71 472419,239,115,78,48,38,23,17,17,16,9,8,8,3,8,3,3,4,6,2,3,2,1,2,1,1,0,1,0,0,1,2,0,0,1,2,0,0,1,1,1,1,0,0,0,0,0,1,0,0,0,0,0,0,0,0,0,0,0,0,0,0,0,0,0,0,0,0,0,0,1,0,0,0,0,0,0,0,0,1 0,3,8,8,1,3,1,1,0,1,0,0,0,0,0,0,0,0,0,0,0,0,0,0,0,0,0,0,0,0,0,0,0,0,0,0,0,0,0,0,0,0,0,0,0,0,0,0,0,0,0,0,0,0,0,0,0,0,0,0,0,0,0,0,0,0,0,0,0,0,0,0,0,0,0,0,0,0,0,0 0,0,85,78,48,38,23,17,17,16,9,8,8,3,8,3,3,4,6,2,3,2,1,2,1,1,0,1,0,0,1,2,0,0,1,2,0,0,1,1,1,1,0,0,0,0,0,1,0,0,0,0,0,0,0,0,0,0,0,0,0,0,0,0,0,0,0,0,0,0,1,0,0,0,0,0,0,0,0,1 0,0,3,8,1,3,1,1,0,1,0,0,0,0,0,0,0,0,0,0,0,0,0,0,0,0,0,0,0,0,0,0,0,0,0,0,0,0,0,0,0,0,0,0,0,0,0,0,0,0,0,0,0,0,0,0,0,0,0,0,0,0,0,0,0,0,0,0,0,0,0,0,0,0,0,0,0,0,0,0
/media/michal/Pauli/masterdata/processed/paramtest/ds0_02mp_4500/annotated/rares/20140904/patrol_run_15/room_2/features/nonPlanes<pfhrgb_uniform_2015-05-18_22-14-37.pcd 0.722118 0.00118767 0.0024135 8 540,326,294,267,200,146,127,87 79,43,37,30,17,27,18,16 1,0,0,0,0,0,0,0 517902 747 3150 95 499 400 2748 64 466 517155,292,136,72,51,34,32,32,24,6,8,9,7,2,3,1,0,2,4,2,6,2,3,3,2,1,2,0,1,3,0,1,0,0,0,0,0,1,0,0,0,0,2,0,0,0,0,0,2,0,0,0,0,0,0,0,0,0,0,1 0,29,19,9,4,9,7,2,5,0,1,2,1,0,0,0,0,1,2,0,0,1,0,0,0,0,0,0,0,1,0,0,0,0,0,0,0,0,0,0,0,0,1,0,0,0,0,0,0,0,0,0,0,0,0,0,0,0,0,1 0,0,81,72,51,34,32,32,24,6,8,9,7,2,3,1,0,2,4,2,6,2,3,3,2,1,2,0,1,3,0,1,0,0,0,0,0,1,0,0,0,0,2,0,0,0,0,0,2,0,0,0,0,0,0,0,0,0,0,1 0,0,17,9,4,9,7,2,5,0,1,2,1,0,0,0,0,1,2,0,0,1,0,0,0,0,0,0,0,1,0,0,0,0,0,0,0,0,0,0,0,0,1,0,0,0,0,0,0,0,0,0,0,0,0,0,0,0,0,1
/media/michal/Pauli/masterdata/processed/paramtest/ds0_02mp_4500/annotated/rares/20140905/patrol_run_17/room_2/features/nonPlanes<pfhrgb_uniform_2015-05-18_22-14-47.pcd 0.641088 0.00097239 0.00382643 5 1248,314,274,132,76 119,59,44,25,19 1,0,0,0,0 446160 737 3150 145 1267 400 2751 117 1236 445423,275,124,83,64,35,26,23,18,17,11,4,7,9,4,6,3,4,1,0,3,3,0,1,0,1,2,1,0,0,1,0,0,0,2,2,1,1,1,1,0,2,0,0,0,0,0,0,1 0,25,14,14,11,8,10,10,4,7,6,2,4,5,2,2,0,3,1,0,3,2,0,0,0,1,0,0,0,0,1,0,0,0,1,2,1,1,1,1,0,2,0,0,0,0,0,0,1 0,0,62,83,64,35,26,23,18,17,11,4,7,9,4,6,3,4,1,0,3,3,0,1,0,1,2,1,0,0,1,0,0,0,2,2,1,1,1,1,0,2,0,0,0,0,0,0,1 0,0,11,14,11,8,10,10,4,7,6,2,4,5,2,2,0,3,1,0,3,2,0,0,0,1,0,0,0,0,1,0,0,0,1,2,1,1,1,1,0,2,0,0,0,0,0,0,1
/media/michal/Pauli/masterdata/processed/paramtest/ds0_02mp_4500/annotated/rares/20140905/patrol_run_19/room_1/features/nonPlanes<pfhrgb_uniform_2015-05-18_22-14-56.pcd 0.521771 0.000999879 0.00262422 9 848,395,249,172,166,154,103,78,61 86,62,42,22,20,12,24,13,14 1,0,0,0,0,0,0,0,0 453024 742 3150 93 643 400 2753 75 621 452282,287,122,88,56,27,33,19,14,20,19,7,3,7,3,5,2,5,2,0,0,2,3,3,2,1,0,1,0,1,1,0,0,0,1,0,1,0,3,1,0,0,1,0,0,0,0,0,0,0,1,0,0,0,0,0,0,0,1 0,14,12,13,9,3,6,5,3,8,3,3,0,5,1,2,0,1,0,0,0,1,1,0,0,0,0,0,0,0,0,0,0,0,0,0,1,0,1,0,0,0,1,0,0,0,0,0,0,0,0,0,0,0,0,0,0,0,0 0,0,67,88,56,27,33,19,14,20,19,7,3,7,3,5,2,5,2,0,0,2,3,3,2,1,0,1,0,1,1,0,0,0,1,0,1,0,3,1,0,0,1,0,0,0,0,0,0,0,1,0,0,0,0,0,0,0,1 0,0,8,13,9,3,6,5,3,8,3,3,0,5,1,2,0,1,0,0,0,1,1,0,0,0,0,0,0,0,0,0,0,0,0,0,1,0,1,0,0,0,1,0,0,0,0,0,0,0,0,0,0,0,0,0,0,0,0
/media/michal/Pauli/masterdata/processed/paramtest/ds0_02mp_4500/annotated/rares/20140905/patrol_run_21/room_2/features/nonPlanes<pfhrgb_uniform_2015-05-18_22-15-06.pcd 0.535097 0.00102968 0.00228912 8 797,685,208,139,132,105,83,78 77,76,36,29,26,14,14,12 0,1,0,0,0,0,0,0 419265 711 3150 94 548 400 2773 68 517 418554,245,123,105,55,40,22,17,11,18,12,11,4,3,4,5,2,4,2,2,2,2,4,1,3,0,1,1,1,2,1,0,1,1,0,2,0,2,0,0,0,0,0,0,0,0,0,0,0,0,0,0,0,0,0,0,0,0,0,0,0,0,0,0,0,1,0,0,0,0,0,0,0,0,0,0,0,0,0,0,0,0,1 0,21,12,12,9,6,5,6,1,4,3,2,1,0,1,4,0,2,0,0,1,1,1,0,1,0,1,0,0,0,0,0,0,0,0,0,0,0,0,0,0,0,0,0,0,0,0,0,0,0,0,0,0,0,0,0,0,0,0,0,0,0,0,0,0,0,0,0,0,0,0,0,0,0,0,0,0,0,0,0,0,0,0 0,0,57,105,55,40,22,17,11,18,12,11,4,3,4,5,2,4,2,2,2,2,4,1,3,0,1,1,1,2,1,0,1,1,0,2,0,2,0,0,0,0,0,0,0,0,0,0,0,0,0,0,0,0,0,0,0,0,0,0,0,0,0,0,0,1,0,0,0,0,0,0,0,0,0,0,0,0,0,0,0,0,1 0,0,7,12,9,6,5,6,1,4,3,2,1,0,1,4,0,2,0,0,1,1,1,0,1,0,1,0,0,0,0,0,0,0,0,0,0,0,0,0,0,0,0,0,0,0,0,0,0,0,0,0,0,0,0,0,0,0,0,0,0,0,0,0,0,0,0,0,0,0,0,0,0,0,0,0,0,0,0,0,0,0,0
/media/michal/Pauli/masterdata/processed/paramtest/ds0_02mp_4500/annotated/rares/20140905/patrol_run_23/room_2/features/nonPlanes<pfhrgb_uniform_2015-05-18_22-15-16.pcd 0.515269 0.00100604 0.00337112 7 735,470,426,113,99,88,62 85,62,53,17,12,16,16 1,0,0,0,0,0,0 463320 782 3150 110 659 400 2701 75 617 462538,315,131,86,58,39,32,14,13,13,10,11,9,3,5,5,4,5,3,2,5,2,2,1,1,0,2,3,3,1,1,0,0,0,1,0,1,0,0,0,0,0,0,0,1 0,28,17,10,8,8,9,2,1,4,4,4,2,1,1,0,1,3,1,0,2,1,1,0,0,0,0,0,0,0,0,0,0,0,0,0,1,0,0,0,0,0,0,0,1 0,0,64,86,58,39,32,14,13,13,10,11,9,3,5,5,4,5,3,2,5,2,2,1,1,0,2,3,3,1,1,0,0,0,1,0,1,0,0,0,0,0,0,0,1 0,0,10,10,8,8,9,2,1,4,4,4,2,1,1,0,1,3,1,0,2,1,1,0,0,0,0,0,0,0,0,0,0,0,0,0,1,0,0,0,0,0,0,0,1
/media/michal/Pauli/masterdata/processed/paramtest/ds0_02mp_4500/annotated/rares/20140905/patrol_run_25/room_1/features/nonPlanes<pfhrgb_uniform_2015-05-18_22-15-25.pcd 0.541884 0.000915661 0.0024008 7 741,668,157,93,80,62,59 78,88,36,14,12,17,12 1,0,0,0,0,0,0 407286 736 3150 93 649 400 2746 71 622 406550,268,137,80,56,33,39,23,14,6,15,7,8,5,6,6,6,3,0,3,1,0,1,0,1,1,2,2,2,1,1,1,0,0,0,1,2,1,2,0,0,0,0,0,1,1 0,17,14,8,4,4,8,4,4,2,4,4,3,2,2,4,4,1,0,1,1,0,0,0,0,0,0,1,0,0,0,0,0,0,0,0,0,1,0,0,0,0,0,0,0,0 0,0,69,80,56,33,39,23,14,6,15,7,8,5,6,6,6,3,0,3,1,0,1,0,1,1,2,2,2,1,1,1,0,0,0,1,2,1,2,0,0,0,0,0,1,1 0,0,9,8,4,4,8,4,4,2,4,4,3,2,2,4,4,1,0,1,1,0,0,0,0,0,0,1,0,0,0,0,0,0,0,0,0,1,0,0,0,0,0,0,0,0
/media/michal/Pauli/masterdata/processed/paramtest/ds0_02mp_4500/annotated/rares/20140905/patrol_run_27/room_2/features/nonPlanes<pfhrgb_uniform_2015-05-18_22-15-33.pcd 0.518048 0.000925543 0.00253422 5 911,605,189,86,66 96,115,34,21,17 1,0,0,0,0 470448 819 3150 121 785 400 2637 83 742 469629,325,132,113,71,38,25,19,14,13,10,6,4,2,11,4,2,2,1,3,2,5,0,0,6,1,1,3,0,1,0,1,0,1,0,0,0,0,0,1,0,1,0,0,0,0,0,1 0,33,10,21,7,11,3,5,3,3,4,1,0,2,2,1,1,1,1,0,0,4,0,0,3,0,0,2,0,1,0,0,0,1,0,0,0,0,0,1,0,0,0,0,0,0,0,0 0,0,38,113,71,38,25,19,14,13,10,6,4,2,11,4,2,2,1,3,2,5,0,0,6,1,1,3,0,1,0,1,0,1,0,0,0,0,0,1,0,1,0,0,0,0,0,1 0,0,5,21,7,11,3,5,3,3,4,1,0,2,2,1,1,1,1,0,0,4,0,0,3,0,0,2,0,1,0,0,0,1,0,0,0,0,0,1,0,0,0,0,0,0,0,0
/media/michal/Pauli/masterdata/processed/paramtest/ds0_02mp_4500/annotated/rares/20140905/patrol_run_29/room_2/features/nonPlanes<pfhrgb_uniform_2015-05-18_22-15-42.pcd 0.567601 0.00102522 0.00203405 9 484,462,318,264,250,122,100,80,59 79,57,34,45,32,16,14,14,13 0,0,0,1,0,0,0,0,0 437580 784 3150 63 269 400 2666 37 237 436796,284,142,104,67,36,32,18,19,18,7,9,4,3,4,9,3,6,1,1,1,1,2,2,1,0,0,0,2,1,0,0,2,1,0,1,0,0,1,0,0,0,0,0,0,0,0,0,0,0,0,0,0,0,0,0,0,0,0,0,0,0,0,0,0,0,0,1,0,0,0,0,0,0,0,0,0,0,0,1 0,20,9,9,9,3,3,0,1,3,0,3,0,0,1,1,0,0,0,0,0,0,0,0,0,0,0,0,0,0,0,0,0,0,0,0,0,0,1,0,0,0,0,0,0,0,0,0,0,0,0,0,0,0,0,0,0,0,0,0,0,0,0,0,0,0,0,0,0,0,0,0,0,0,0,0,0,0,0,0 0,0,42,104,67,36,32,18,19,18,7,9,4,3,4,9,3,6,1,1,1,1,2,2,1,0,0,0,2,1,0,0,2,1,0,1,0,0,1,0,0,0,0,0,0,0,0,0,0,0,0,0,0,0,0,0,0,0,0,0,0,0,0,0,0,0,0,1,0,0,0,0,0,0,0,0,0,0,0,1 0,0,3,9,9,3,3,0,1,3,0,3,0,0,1,1,0,0,0,0,0,0,0,0,0,0,0,0,0,0,0,0,0,0,0,0,0,0,1,0,0,0,0,0,0,0,0,0,0,0,0,0,0,0,0,0,0,0,0,0,0,0,0,0,0,0,0,0,0,0,0,0,0,0,0,0,0,0,0,0
/media/michal/Pauli/masterdata/processed/paramtest/ds0_02mp_4500/annotated/rares/20140905/patrol_run_30/room_1/features/nonPlanes<pfhrgb_uniform_2015-05-18_22-15-50.pcd 0.522749 0.000829897 0.00337392 8 490,457,409,303,170,107,64,58 48,39,53,34,32,27,14,12 1,0,0,0,0,0,0,0 400554 611 3150 55 438 400 2939 43 426 399943,230,88,68,40,27,25,15,17,9,11,6,9,8,5,3,6,5,3,5,2,4,3,2,1,2,1,1,2,3,0,1,2,1,0,3,0,0,0,0,0,0,0,0,0,0,0,0,0,0,0,0,0,0,0,0,0,0,1,0,0,0,0,0,0,0,1,0,0,0,0,0,0,0,0,0,0,1 0,12,5,4,3,3,4,1,4,2,3,2,5,1,0,0,0,0,1,1,0,0,2,0,0,0,0,0,0,0,0,0,1,0,0,0,0,0,0,0,0,0,0,0,0,0,0,0,0,0,0,0,0,0,0,0,0,0,1,0,0,0,0,0,0,0,0,0,0,0,0,0,0,0,0,0,0,0 0,19,88,68,40,27,25,15,17,9,11,6,9,8,5,3,6,5,3,5,2,4,3,2,1,2,1,1,2,3,0,1,2,1,0,3,0,0,0,0,0,0,0,0,0,0,0,0,0,0,0,0,0,0,0,0,0,0,1,0,0,0,0,0,0,0,1,0,0,0,0,0,0,0,0,0,0,1 0,0,5,4,3,3,4,1,4,2,3,2,5,1,0,0,0,0,1,1,0,0,2,0,0,0,0,0,0,0,0,0,1,0,0,0,0,0,0,0,0,0,0,0,0,0,0,0,0,0,0,0,0,0,0,0,0,0,1,0,0,0,0,0,0,0,0,0,0,0,0,0,0,0,0,0,0,0
/media/michal/Pauli/masterdata/processed/paramtest/ds0_02mp_4500/annotated/rares/20140905/patrol_run_30/room_7/features/nonPlanes<pfhrgb_uniform_2015-05-18_22-15-59.pcd 0.524359 0.00103549 0.00360393 7 1078,166,163,139,87,78,59 120,37,22,16,17,12,15 1,0,0,0,0,0,0 458865 906 3150 146 957 400 2523 107 907 457959,385,163,117,64,30,23,20,16,20,9,10,4,6,5,4,5,2,5,4,1,1,4,2,0,2,0,1,0,0,0,0,1,0,0,1,0,0,0,0,0,1 0,28,21,16,17,6,7,6,7,10,3,2,1,2,3,2,0,1,4,1,0,1,2,1,0,2,0,1,0,0,0,0,0,0,0,1,0,0,0,0,0,1 0,0,42,117,64,30,23,20,16,20,9,10,4,6,5,4,5,2,5,4,1,1,4,2,0,2,0,1,0,0,0,0,1,0,0,1,0,0,0,0,0,1 0,0,10,16,17,6,7,6,7,10,3,2,1,2,3,2,0,1,4,1,0,1,2,1,0,2,0,1,0,0,0,0,0,0,0,1,0,0,0,0,0,1
/media/michal/Pauli/masterdata/processed/paramtest/ds0_02mp_4500/annotated/rares/20140908/patrol_run_32/room_2/features/nonPlanes<pfhrgb_uniform_2015-05-18_22-16-09.pcd 0.641318 0.000981657 0.00282609 8 442,352,344,283,234,204,141,79 32,52,43,35,42,16,32,18 0,0,0,0,0,0,0,0 448668 763 3150 31 213 400 2723 25 206 447905,299,133,78,68,39,24,25,12,10,9,6,9,7,5,2,6,4,0,2,2,3,4,4,0,3,2,1,0,1,1,0,0,1,0,0,1,0,0,0,0,0,0,0,0,0,0,0,0,0,0,0,0,0,0,0,0,0,0,0,0,0,0,0,1,0,0,0,0,0,0,0,0,0,0,0,0,0,0,0,0,0,0,0,0,0,0,0,0,0,0,0,0,1 0,5,3,3,3,4,2,3,2,0,0,1,0,0,1,1,0,0,0,1,1,0,0,0,0,0,0,0,0,0,0,0,0,1,0,0,0,0,0,0,0,0,0,0,0,0,0,0,0,0,0,0,0,0,0,0,0,0,0,0,0,0,0,0,0,0,0,0,0,0,0,0,0,0,0,0,0,0,0,0,0,0,0,0,0,0,0,0,0,0,0,0,0,0 0,0,69,78,68,39,24,25,12,10,9,6,9,7,5,2,6,4,0,2,2,3,4,4,0,3,2,1,0,1,1,0,0,1,0,0,1,0,0,0,0,0,0,0,0,0,0,0,0,0,0,0,0,0,0,0,0,0,0,0,0,0,0,0,1,0,0,0,0,0,0,0,0,0,0,0,0,0,0,0,0,0,0,0,0,0,0,0,0,0,0,0,0,1 0,0,2,3,3,4,2,3,2,0,0,1,0,0,1,1,0,0,0,1,1,0,0,0,0,0,0,0,0,0,0,0,0,1,0,0,0,0,0,0,0,0,0,0,0,0,0,0,0,0,0,0,0,0,0,0,0,0,0,0,0,0,0,0,0,0,0,0,0,0,0,0,0,0,0,0,0,0,0,0,0,0,0,0,0,0,0,0,0,0,0,0,0,0
/media/michal/Pauli/masterdata/processed/paramtest/ds0_02mp_4500/annotated/rares/20140908/patrol_run_34/room_2/features/nonPlanes<pfhrgb_uniform_2015-05-18_22-16-20.pcd 0.594801 0.000970482 0.00299962 8 673,506,187,177,136,120,84,76 89,57,29,16,21,24,12,15 1,0,0,0,0,0,0,0 423720 792 3150 78 522 400 2666 58 497 422928,300,137,94,78,39,27,18,12,13,15,9,5,5,3,4,5,0,3,4,3,3,1,1,3,0,2,0,3,1,0,0,0,0,0,0,0,0,0,0,0,0,0,1,0,0,2,0,0,0,0,0,0,0,0,0,0,0,0,0,1 0,15,9,13,8,8,1,0,1,3,1,2,2,4,2,1,1,0,0,0,2,0,0,1,1,0,1,0,1,1,0,0,0,0,0,0,0,0,0,0,0,0,0,0,0,0,0,0,0,0,0,0,0,0,0,0,0,0,0,0,0 0,0,45,94,78,39,27,18,12,13,15,9,5,5,3,4,5,0,3,4,3,3,1,1,3,0,2,0,3,1,0,0,0,0,0,0,0,0,0,0,0,0,0,1,0,0,2,0,0,0,0,0,0,0,0,0,0,0,0,0,1 0,0,4,13,8,8,1,0,1,3,1,2,2,4,2,1,1,0,0,0,2,0,0,1,1,0,1,0,1,1,0,0,0,0,0,0,0,0,0,0,0,0,0,0,0,0,0,0,0,0,0,0,0,0,0,0,0,0,0,0,0
/media/michal/Pauli/masterdata/processed/paramtest/ds0_02mp_4500/annotated/rares/20140908/patrol_run_36/room_3/features/nonPlanes<pfhrgb_uniform_2015-05-18_22-16-30.pcd 0.727686 0.00147297 0.00328607 7 602,524,380,212,189,123,93 70,74,64,17,32,28,19 1,0,0,0,0,0,0 420420 818 3150 92 586 400 2617 60 547 419602,303,156,102,68,40,38,16,16,13,6,8,8,4,3,2,6,2,4,8,0,2,0,1,1,1,1,1,1,1,0,1,0,0,1,0,1,1,0,0,0,1,0,0,0,0,0,1 0,25,12,9,10,7,8,1,3,2,0,2,1,0,0,1,2,1,0,2,0,0,0,1,0,0,1,0,1,0,0,0,0,0,0,0,0,1,0,0,0,1,0,0,0,0,0,1 0,0,41,102,68,40,38,16,16,13,6,8,8,4,3,2,6,2,4,8,0,2,0,1,1,1,1,1,1,1,0,1,0,0,1,0,1,1,0,0,0,1,0,0,0,0,0,1 0,0,5,9,10,7,8,1,3,2,0,2,1,0,0,1,2,1,0,2,0,0,0,1,0,0,1,0,1,0,0,0,0,0,0,0,0,1,0,0,0,1,0,0,0,0,0,1
/media/michal/Pauli/masterdata/processed/paramtest/ds0_02mp_4500/annotated/rares/20140908/patrol_run_38/room_2/features/nonPlanes<pfhrgb_uniform_2015-05-18_22-16-43.pcd 0.598967 0.00105892 0.00314781 8 606,514,285,176,142,104,81,60 71,80,34,26,21,15,18,14 0,1,0,0,0,0,0,0 433356 793 3150 98 477 400 2650 69 442 432563,286,132,110,66,35,26,17,18,21,19,6,8,11,5,4,6,4,3,6,2,1,0,0,2,0,0,0,0,0,2,0,2,1 0,23,12,16,14,2,2,3,6,5,6,2,1,1,2,0,1,0,0,1,1,0,0,0,0,0,0,0,0,0,0,0,0,0 0,0,25,110,66,35,26,17,18,21,19,6,8,11,5,4,6,4,3,6,2,1,0,0,2,0,0,0,0,0,2,0,2,1 0,0,6,16,14,2,2,3,6,5,6,2,1,1,2,0,1,0,0,1,1,0,0,0,0,0,0,0,0,0,0,0,0,0
/media/michal/Pauli/masterdata/processed/paramtest/ds0_02mp_4500/annotated/rares/20140908/patrol_run_39/room_3/features/nonPlanes<pfhrgb_uniform_2015-05-18_22-16-55.pcd 0.573125 0.00101481 0.0031324 8 574,549,186,164,130,88,60,36 59,75,29,30,24,22,13,12 0,0,1,0,0,0,0,0 414678 739 3150 33 120 400 2743 22 109 413939,271,131,90,62,30,28,21,14,6,19,9,5,10,5,5,2,6,4,1,2,0,1,1,2,1,0,2,1,0,2,1,2,1,0,0,0,0,0,0,0,1,0,0,0,0,1,1,0,0,0,0,0,0,0,0,0,1 0,11,8,4,4,1,1,1,0,0,1,0,0,1,0,0,0,0,0,0,0,0,0,0,1,0,0,0,0,0,0,0,0,0,0,0,0,0,0,0,0,0,0,0,0,0,0,0,0,0,0,0,0,0,0,0,0,0 0,0,63,90,62,30,28,21,14,6,19,9,5,10,5,5,2,6,4,1,2,0,1,1,2,1,0,2,1,0,2,1,2,1,0,0,0,0,0,0,0,1,0,0,0,0,1,1,0,0,0,0,0,0,0,0,0,1 0,0,8,4,4,1,1,1,0,0,1,0,0,1,0,0,0,0,0,0,0,0,0,0,1,0,0,0,0,0,0,0,0,0,0,0,0,0,0,0,0,0,0,0,0,0,0,0,0,0,0,0,0,0,0,0,0,0
/media/michal/Pauli/masterdata/processed/paramtest/ds0_02mp_4500/annotated/rares/20140908/patrol_run_41/room_3/features/nonPlanes<pfhrgb_uniform_2015-05-18_22-17-05.pcd 0.623607 0.00104185 0.00308747 6 865,578,183,178,114,96 90,66,21,46,26,13 1,0,0,0,0,0 455400 772 3150 95 749 400 2709 70 723 454628,303,136,91,59,44,22,16,11,17,8,11,8,8,5,4,3,3,2,1,3,1,1,1,0,1,1,0,1,0,0,0,0,2,0,1,0,0,2,1,0,0,1,2,0,0,0,0,0,0,0,0,0,0,0,0,1,0,0,0,0,0,0,0,0,0,0,0,0,0,0,1 0,24,5,8,6,9,4,8,3,6,3,2,2,0,2,2,1,1,0,0,1,0,0,0,0,1,0,0,1,0,0,0,0,2,0,0,0,0,2,1,0,0,0,1,0,0,0,0,0,0,0,0,0,0,0,0,0,0,0,0,0,0,0,0,0,0,0,0,0,0,0,0 0,0,67,91,59,44,22,16,11,17,8,11,8,8,5,4,3,3,2,1,3,1,1,1,0,1,1,0,1,0,0,0,0,2,0,1,0,0,2,1,0,0,1,2,0,0,0,0,0,0,0,0,0,0,0,0,1,0,0,0,0,0,0,0,0,0,0,0,0,0,0,1 0,0,4,8,6,9,4,8,3,6,3,2,2,0,2,2,1,1,0,0,1,0,0,0,0,1,0,0,1,0,0,0,0,2,0,0,0,0,2,1,0,0,0,1,0,0,0,0,0,0,0,0,0,0,0,0,0,0,0,0,0,0,0,0,0,0,0,0,0,0,0,0
/media/michal/Pauli/masterdata/processed/paramtest/ds0_02mp_4500/annotated/rares/20140908/patrol_run_43/room_3/features/nonPlanes<pfhrgb_uniform_2015-05-18_22-17-17.pcd 0.620924 0.000978099 0.00284435 7 651,460,143,93,86,83,80 88,37,17,23,16,23,16 0,1,1,0,0,0,0 418077 763 3150 64 611 400 2702 52 599 417314,278,123,102,64,51,25,21,19,8,8,3,4,6,8,8,6,5,3,5,4,1,1,0,1,0,0,2,0,1,0,0,1,0,1,0,0,0,1,1,0,0,0,0,0,0,0,1,0,0,0,0,0,0,0,0,0,0,0,0,0,0,0,0,0,0,0,1 0,12,6,7,4,3,4,1,1,2,3,0,0,2,2,6,1,2,1,0,1,1,0,0,1,0,0,0,0,0,0,0,1,0,1,0,0,0,1,0,0,0,0,0,0,0,0,0,0,0,0,0,0,0,0,0,0,0,0,0,0,0,0,0,0,0,0,1 0,0,38,102,64,51,25,21,19,8,8,3,4,6,8,8,6,5,3,5,4,1,1,0,1,0,0,2,0,1,0,0,1,0,1,0,0,0,1,1,0,0,0,0,0,0,0,1,0,0,0,0,0,0,0,0,0,0,0,0,0,0,0,0,0,0,0,1 0,0,6,7,4,3,4,1,1,2,3,0,0,2,2,6,1,2,1,0,1,1,0,0,1,0,0,0,0,0,0,0,1,0,1,0,0,0,1,0,0,0,0,0,0,0,0,0,0,0,0,0,0,0,0,0,0,0,0,0,0,0,0,0,0,0,0,1
/media/michal/Pauli/masterdata/processed/paramtest/ds0_02mp_4500/annotated/rares/20140908/patrol_run_45/room_2/features/nonPlanes<pfhrgb_uniform_2015-05-18_22-17-26.pcd 0.707015 0.00100206 0.0030471 5 766,494,235,168,82 102,67,41,32,15 1,0,0,0,0 442200 829 3150 110 500 400 2623 62 445 441371,331,150,98,56,35,36,19,19,17,4,7,8,10,5,3,2,7,3,4,0,1,0,3,1,1,3,1,0,1,1,0,1,0,0,0,0,1,0,0,0,0,0,0,0,0,0,0,0,0,0,0,0,0,0,0,0,0,0,0,0,1 0,41,18,18,9,4,4,3,1,2,0,0,2,0,2,0,0,1,0,0,0,0,0,1,0,0,2,0,0,0,0,0,0,0,0,0,0,1,0,0,0,0,0,0,0,0,0,0,0,0,0,0,0,0,0,0,0,0,0,0,0,1 0,0,52,98,56,35,36,19,19,17,4,7,8,10,5,3,2,7,3,4,0,1,0,3,1,1,3,1,0,1,1,0,1,0,0,0,0,1,0,0,0,0,0,0,0,0,0,0,0,0,0,0,0,0,0,0,0,0,0,0,0,1 0,0,11,18,9,4,4,3,1,2,0,0,2,0,2,0,0,1,0,0,0,0,0,1,0,0,2,0,0,0,0,0,0,0,0,0,0,1,0,0,0,0,0,0,0,0,0,0,0,0,0,0,0,0,0,0,0,0,0,0,0,1
/media/michal/Pauli/masterdata/processed/paramtest/ds0_02mp_4500/annotated/rares/20140908/patrol_run_47/room_3/features/nonPlanes<pfhrgb_uniform_2015-05-18_22-17-39.pcd 0.694616 0.00131436 0.00340113 6 545,543,458,223,97,56 86,77,68,27,17,12 0,0,1,0,0,0 465300 853 3150 121 480 400 2561 60 403 464447,317,161,93,73,50,40,20,21,16,16,5,5,4,5,2,4,2,3,2,1,2,1,0,0,1,2,2,1,1,0,1,0,0,0,1,0,0,0,0,0,0,0,1 0,45,21,14,7,11,7,2,4,0,2,1,0,0,1,0,1,0,1,1,0,1,0,0,0,0,1,0,0,0,0,0,0,0,0,1,0,0,0,0,0,0,0,0 0,0,25,93,73,50,40,20,21,16,16,5,5,4,5,2,4,2,3,2,1,2,1,0,0,1,2,2,1,1,0,1,0,0,0,1,0,0,0,0,0,0,0,1 0,0,5,14,7,11,7,2,4,0,2,1,0,0,1,0,1,0,1,1,0,1,0,0,0,0,1,0,0,0,0,0,0,0,0,1,0,0,0,0,0,0,0,0
/media/michal/Pauli/masterdata/processed/paramtest/ds0_02mp_4500/annotated/rares/20140909/patrol_run_49/room_3/features/nonPlanes<pfhrgb_uniform_2015-05-18_22-17-49.pcd 0.611853 0.000978367 0.00337445 9 880,445,285,155,154,71,67,58,47 87,39,54,20,20,17,13,14,14 1,0,0,0,0,0,0,0,0 437778 744 3150 111 899 400 2747 85 869 437034,285,116,86,73,37,23,21,12,16,10,8,3,7,5,8,3,2,4,3,0,1,1,5,2,1,0,1,0,1,3,0,2,0,0,0,0,0,1,0,1,1,0,0,0,1,0,0,0,0,0,0,1 0,22,16,11,11,5,4,4,3,4,4,2,1,2,3,3,1,0,3,1,0,1,1,1,1,0,0,1,0,0,2,0,0,0,0,0,0,0,0,0,1,1,0,0,0,1,0,0,0,0,0,0,1 0,0,57,86,73,37,23,21,12,16,10,8,3,7,5,8,3,2,4,3,0,1,1,5,2,1,0,1,0,1,3,0,2,0,0,0,0,0,1,0,1,1,0,0,0,1,0,0,0,0,0,0,1 0,0,12,11,11,5,4,4,3,4,4,2,1,2,3,3,1,0,3,1,0,1,1,1,1,0,0,1,0,0,2,0,0,0,0,0,0,0,0,0,1,1,0,0,0,1,0,0,0,0,0,0,1
/media/michal/Pauli/masterdata/processed/paramtest/ds0_02mp_4500/annotated/rares/20140909/patrol_run_51/room_3/features/nonPlanes<pfhrgb_uniform_2015-05-18_22-17-57.pcd 0.610762 0.00194546 0.00375075 3 755,694,552 86,110,62 0,1,0 816816 769 3150 138 672 400 2673 87 607 816047,261,146,91,72,48,27,22,14,15,8,7,6,8,10,3,3,4,6,2,2,0,1,2,2,1,0,2,1,0,0,0,1,1,0,0,1,0,0,0,0,0,1,0,0,0,0,1 0,37,27,20,14,16,3,3,5,0,1,2,1,0,1,0,0,0,1,0,0,0,1,1,0,0,0,1,0,0,0,0,0,1,0,0,1,0,0,0,0,0,1,0,0,0,0,1 0,0,38,91,72,48,27,22,14,15,8,7,6,8,10,3,3,4,6,2,2,0,1,2,2,1,0,2,1,0,0,0,1,1,0,0,1,0,0,0,0,0,1,0,0,0,0,1 0,0,13,20,14,16,3,3,5,0,1,2,1,0,1,0,0,0,1,0,0,0,1,1,0,0,0,1,0,0,0,0,0,1,0,0,1,0,0,0,0,0,1,0,0,0,0,1
/media/michal/Pauli/masterdata/processed/paramtest/ds0_02mp_4500/annotated/rares/20140909/patrol_run_53/room_3/features/nonPlanes<pfhrgb_uniform_2015-05-18_22-18-06.pcd 0.654189 0.00123241 0.00239633 6 721,599,339,134,128,80 95,65,57,12,16,12 1,0,0,0,0,0 456456 763 3150 100 587 400 2727 76 558 455693,303,124,100,66,28,30,15,13,10,11,8,4,5,7,4,1,4,3,4,2,5,1,0,0,0,0,2,1,0,2,2,1,1,1,0,0,2,0,0,0,0,0,0,0,0,0,1,0,0,0,0,0,0,0,0,0,0,0,0,0,0,0,0,0,0,0,1,0,0,0,0,0,0,0,1 0,19,20,17,9,8,9,4,1,1,2,0,1,0,0,1,0,0,1,0,0,2,1,0,0,0,0,1,0,0,0,0,0,0,1,0,0,1,0,0,0,0,0,0,0,0,0,0,0,0,0,0,0,0,0,0,0,0,0,0,0,0,0,0,0,0,0,0,0,0,0,0,0,0,0,1 0,0,64,100,66,28,30,15,13,10,11,8,4,5,7,4,1,4,3,4,2,5,1,0,0,0,0,2,1,0,2,2,1,1,1,0,0,2,0,0,0,0,0,0,0,0,0,1,0,0,0,0,0,0,0,0,0,0,0,0,0,0,0,0,0,0,0,1,0,0,0,0,0,0,0,1 0,0,15,17,9,8,9,4,1,1,2,0,1,0,0,1,0,0,1,0,0,2,1,0,0,0,0,1,0,0,0,0,0,0,1,0,0,1,0,0,0,0,0,0,0,0,0,0,0,0,0,0,0,0,0,0,0,0,0,0,0,0,0,0,0,0,0,0,0,0,0,0,0,0,0,1
/media/michal/Pauli/masterdata/processed/paramtest/ds0_02mp_4500/annotated/rares/20140909/patrol_run_55/room_3/features/nonPlanes<pfhrgb_uniform_2015-05-18_22-18-15.pcd 0.586767 0.00100041 0.00370345 9 839,338,291,122,100,94,58,58,52 91,52,30,13,18,13,14,14,17 0,0,1,0,0,0,0,0,0 446622 829 3150 52 324 400 2632 30 296 445793,340,139,80,86,49,23,17,6,11,15,8,10,4,7,5,1,4,1,2,3,1,4,0,1,0,3,1,1,0,2,0,0,1,2,0,0,0,0,1,0,0,0,0,0,0,0,0,0,0,1 0,16,8,6,2,5,3,0,1,1,0,0,1,0,0,0,1,3,1,0,0,0,1,0,0,0,1,1,0,0,0,0,0,0,1,0,0,0,0,0,0,0,0,0,0,0,0,0,0,0,0 0,0,50,80,86,49,23,17,6,11,15,8,10,4,7,5,1,4,1,2,3,1,4,0,1,0,3,1,1,0,2,0,0,1,2,0,0,0,0,1,0,0,0,0,0,0,0,0,0,0,1 0,0,2,6,2,5,3,0,1,1,0,0,1,0,0,0,1,3,1,0,0,0,1,0,0,0,1,1,0,0,0,0,0,0,1,0,0,0,0,0,0,0,0,0,0,0,0,0,0,0,0
/media/michal/Pauli/masterdata/processed/paramtest/ds0_02mp_4500/annotated/rares/20140909/patrol_run_59/room_3/features/nonPlanes<pfhrgb_uniform_2015-05-18_22-18-24.pcd 0.583855 0.000876041 0.00255477 8 640,369,245,202,197,161,88,50 77,40,35,22,22,17,16,12 1,0,0,0,0,0,0,0 446622 801 3150 93 617 400 2659 68 585 445821,311,147,91,63,39,36,18,10,12,15,9,7,8,2,2,5,4,1,2,0,3,3,3,2,1,0,2,0,0,0,0,0,0,0,0,1,0,0,0,0,0,2,0,0,0,0,0,0,0,0,0,0,0,0,0,0,0,0,0,0,0,0,0,0,0,0,0,0,0,0,1,0,0,0,0,0,0,0,0,1 0,18,20,14,10,3,6,2,2,2,3,0,2,1,0,0,1,1,0,0,0,2,1,1,0,0,0,1,0,0,0,0,0,0,0,0,0,0,0,0,0,0,2,0,0,0,0,0,0,0,0,0,0,0,0,0,0,0,0,0,0,0,0,0,0,0,0,0,0,0,0,0,0,0,0,0,0,0,0,0,1 0,0,57,91,63,39,36,18,10,12,15,9,7,8,2,2,5,4,1,2,0,3,3,3,2,1,0,2,0,0,0,0,0,0,0,0,1,0,0,0,0,0,2,0,0,0,0,0,0,0,0,0,0,0,0,0,0,0,0,0,0,0,0,0,0,0,0,0,0,0,0,1,0,0,0,0,0,0,0,0,1 0,0,13,14,10,3,6,2,2,2,3,0,2,1,0,0,1,1,0,0,0,2,1,1,0,0,0,1,0,0,0,0,0,0,0,0,0,0,0,0,0,0,2,0,0,0,0,0,0,0,0,0,0,0,0,0,0,0,0,0,0,0,0,0,0,0,0,0,0,0,0,0,0,0,0,0,0,0,0,0,1
/media/michal/Pauli/masterdata/processed/paramtest/ds0_02mp_4500/annotated/rares/20140909/patrol_run_61/room_3/features/nonPlanes<pfhrgb_uniform_2015-05-18_22-18-33.pcd 0.628307 0.00140977 0.00334476 9 933,217,201,199,196,165,101,68,55 57,27,36,44,34,26,14,13,17 0,0,0,1,0,0,0,0,0 447579 666 3150 59 181 400 2853 36 158 446913,235,129,78,56,30,20,18,10,8,10,10,5,6,6,4,1,6,3,3,1,3,1,2,0,2,0,0,2,3,1,0,2,1,0,0,3,0,0,0,0,0,0,1,0,2,2,0,0,0,1,0,0,0,0,0,0,0,0,0,0,0,0,0,0,0,0,0,0,0,0,0,0,0,0,0,1 0,23,13,9,4,3,3,0,0,1,0,2,0,0,0,0,0,0,0,0,0,0,0,0,0,1,0,0,0,0,0,0,0,0,0,0,0,0,0,0,0,0,0,0,0,0,0,0,0,0,0,0,0,0,0,0,0,0,0,0,0,0,0,0,0,0,0,0,0,0,0,0,0,0,0,0,0 0,0,98,78,56,30,20,18,10,8,10,10,5,6,6,4,1,6,3,3,1,3,1,2,0,2,0,0,2,3,1,0,2,1,0,0,3,0,0,0,0,0,0,1,0,2,2,0,0,0,1,0,0,0,0,0,0,0,0,0,0,0,0,0,0,0,0,0,0,0,0,0,0,0,0,0,1 0,0,13,9,4,3,3,0,0,1,0,2,0,0,0,0,0,0,0,0,0,0,0,0,0,1,0,0,0,0,0,0,0,0,0,0,0,0,0,0,0,0,0,0,0,0,0,0,0,0,0,0,0,0,0,0,0,0,0,0,0,0,0,0,0,0,0,0,0,0,0,0,0,0,0,0,0
/media/michal/Pauli/masterdata/processed/paramtest/ds0_02mp_4500/annotated/rares/20140909/patrol_run_63/room_3/features/nonPlanes<pfhrgb_uniform_2015-05-18_22-18-42.pcd 0.585352 0.000891212 0.00195644 12 242,240,199,178,173,164,118,92,80,71,60,57 27,37,22,19,31,16,15,15,12,13,12,12 0,0,0,0,0,0,0,0,0,0,0,0 420420 942 3150 37 67 400 2486 13 40 419478,420,165,114,59,40,28,27,14,16,7,4,5,7,5,2,3,5,3,1,2,1,0,3,1,1,3,0,2,1,1,0,1,0,1 0,21,8,4,3,0,1,0,0,0,0,0,0,0,0,0,0,0,0,0,0,0,0,0,0,0,0,0,0,0,0,0,0,0,0 0,0,43,114,59,40,28,27,14,16,7,4,5,7,5,2,3,5,3,1,2,1,0,3,1,1,3,0,2,1,1,0,1,0,1 0,0,5,4,3,0,1,0,0,0,0,0,0,0,0,0,0,0,0,0,0,0,0,0,0,0,0,0,0,0,0,0,0,0,0
/media/michal/Pauli/masterdata/processed/paramtest/ds0_02mp_4500/annotated/rares/20140910/patrol_run_67/room_3/features/nonPlanes<pfhrgb_uniform_2015-05-18_22-18-51.pcd 0.573286 0.0010005 0.00213328 8 777,580,549,87,73,59,59,48 85,44,86,16,20,16,15,13 0,0,1,0,0,0,0,0 473286 752 3150 107 514 400 2743 76 481 472534,297,130,86,68,42,27,16,10,11,5,8,3,3,10,3,1,1,3,1,2,3,4,0,0,1,2,1,0,1,1,1,0,1,0,3,0,0,1,0,0,0,0,0,0,0,1,0,0,0,1,2,0,0,0,0,0,0,0,0,0,0,0,0,1,0,0,0,0,0,0,0,0,1 0,29,17,18,11,7,3,4,4,1,1,2,0,1,3,0,0,0,1,1,0,0,1,0,0,0,1,0,0,1,1,0,0,0,0,0,0,0,0,0,0,0,0,0,0,0,0,0,0,0,0,0,0,0,0,0,0,0,0,0,0,0,0,0,0,0,0,0,0,0,0,0,0,0 0,0,75,86,68,42,27,16,10,11,5,8,3,3,10,3,1,1,3,1,2,3,4,0,0,1,2,1,0,1,1,1,0,1,0,3,0,0,1,0,0,0,0,0,0,0,1,0,0,0,1,2,0,0,0,0,0,0,0,0,0,0,0,0,1,0,0,0,0,0,0,0,0,1 0,0,15,18,11,7,3,4,4,1,1,2,0,1,3,0,0,0,1,1,0,0,1,0,0,0,1,0,0,1,1,0,0,0,0,0,0,0,0,0,0,0,0,0,0,0,0,0,0,0,0,0,0,0,0,0,0,0,0,0,0,0,0,0,0,0,0,0,0,0,0,0,0,0
/media/michal/Pauli/masterdata/processed/paramtest/ds0_02mp_4500/annotated/rares/20140910/patrol_run_69/room_3/features/nonPlanes<pfhrgb_uniform_2015-05-18_22-19-00.pcd 0.550871 0.000998546 0.00333051 11 725,321,238,177,170,160,109,96,78,76,74 74,39,37,16,15,21,16,13,18,18,19 0,1,0,0,0,0,0,0,0,0,1 443289 775 3150 73 390 400 2721 51 365 442514,321,113,93,62,34,25,20,18,10,12,6,5,6,8,5,3,5,2,2,4,5,2,0,3,1,0,0,0,2,3,0,0,0,0,0,1,2,0,0,2 0,19,9,10,7,4,8,2,1,2,2,0,1,1,2,0,1,0,0,1,0,1,1,0,0,0,0,0,0,0,0,0,0,0,0,0,1,0,0,0,0 0,0,59,93,62,34,25,20,18,10,12,6,5,6,8,5,3,5,2,2,4,5,2,0,3,1,0,0,0,2,3,0,0,0,0,0,1,2,0,0,2 0,0,6,10,7,4,8,2,1,2,2,0,1,1,2,0,1,0,0,1,0,1,1,0,0,0,0,0,0,0,0,0,0,0,0,0,1,0,0,0,0
/media/michal/Pauli/masterdata/processed/paramtest/ds0_02mp_4500/annotated/rares/20140910/patrol_run_71/room_3/features/nonPlanes<pfhrgb_uniform_2015-05-18_22-19-08.pcd 0.6467 0.000974642 0.002854 9 578,431,282,253,130,109,79,59,43 52,38,38,31,14,17,16,13,12 0,0,1,0,0,0,0,0,0 477048 700 3150 67 338 400 2809 42 312 476348,259,109,81,70,30,29,13,15,5,6,12,11,13,6,4,7,4,2,1,2,1,0,1,1,3,1,4,1,0,2,1,0,1,0,0,0,0,1,0,0,0,0,0,0,0,1,1,1,0,1 0,24,8,8,3,2,5,3,2,0,1,1,4,1,0,0,1,1,1,0,0,1,0,0,0,0,0,0,0,0,0,1,0,0,0,0,0,0,0,0,0,0,0,0,0,0,0,0,0,0,0 0,0,68,81,70,30,29,13,15,5,6,12,11,13,6,4,7,4,2,1,2,1,0,1,1,3,1,4,1,0,2,1,0,1,0,0,0,0,1,0,0,0,0,0,0,0,1,1,1,0,1 0,0,7,8,3,2,5,3,2,0,1,1,4,1,0,0,1,1,1,0,0,1,0,0,0,0,0,0,0,0,0,1,0,0,0,0,0,0,0,0,0,0,0,0,0,0,0,0,0,0,0
/media/michal/Pauli/masterdata/processed/paramtest/ds0_02mp_4500/annotated/rares/20140910/patrol_run_74/room_3/features/nonPlanes<pfhrgb_uniform_2015-05-18_22-19-16.pcd 0.483366 0.000942756 0.00299369 5 878,511,268,152,149 113,53,49,17,26 1,0,0,0,0 442200 752 3150 86 656 400 2714 57 619 441448,268,139,95,63,39,28,14,15,8,7,14,6,3,7,9,3,2,6,6,3,4,3,0,2,2,1,0,0,0,1,0,0,0,2,0,0,0,0,0,0,0,0,0,0,0,0,0,0,1,0,0,0,0,0,0,0,0,0,0,0,1 0,21,14,2,8,6,6,1,4,2,1,2,3,1,2,3,0,0,1,1,2,1,0,0,1,0,1,0,0,0,0,0,0,0,1,0,0,0,0,0,0,0,0,0,0,0,0,0,0,1,0,0,0,0,0,0,0,0,0,0,0,1 0,0,55,95,63,39,28,14,15,8,7,14,6,3,7,9,3,2,6,6,3,4,3,0,2,2,1,0,0,0,1,0,0,0,2,0,0,0,0,0,0,0,0,0,0,0,0,0,0,1,0,0,0,0,0,0,0,0,0,0,0,1 0,0,6,2,8,6,6,1,4,2,1,2,3,1,2,3,0,0,1,1,2,1,0,0,1,0,1,0,0,0,0,0,0,0,1,0,0,0,0,0,0,0,0,0,0,0,0,0,0,1,0,0,0,0,0,0,0,0,0,0,0,1
/media/michal/Pauli/masterdata/processed/paramtest/ds0_02mp_4500/annotated/rares/20140910/patrol_run_77/room_4/features/nonPlanes<pfhrgb_uniform_2015-05-18_22-19-23.pcd 0.591279 0.00128271 0.00297955 11 685,643,262,211,111,101,98,88,79,69,54 63,46,27,32,15,27,20,15,15,13,15 0,1,0,0,0,0,0,0,0,0,0 449955 639 3150 37 489 400 2895 34 486 449316,223,112,69,49,34,22,23,9,15,11,5,5,6,5,6,4,5,3,1,1,2,6,1,2,0,2,2,1,1,4,3,0,1,0,0,0,0,1,0,0,0,2,0,1,0,0,0,0,1,0,0,0,0,0,0,1 0,3,2,3,2,2,0,2,1,3,1,2,1,2,2,0,0,1,0,0,1,1,2,0,0,0,1,1,1,0,0,1,0,0,0,0,0,0,1,0,0,0,0,0,0,0,0,0,0,0,0,0,0,0,0,0,1 0,0,96,69,49,34,22,23,9,15,11,5,5,6,5,6,4,5,3,1,1,2,6,1,2,0,2,2,1,1,4,3,0,1,0,0,0,0,1,0,0,0,2,0,1,0,0,0,0,1,0,0,0,0,0,0,1 0,0,2,3,2,2,0,2,1,3,1,2,1,2,2,0,0,1,0,0,1,1,2,0,0,0,1,1,1,0,0,1,0,0,0,0,0,0,1,0,0,0,0,0,0,0,0,0,0,0,0,0,0,0,0,0,1
/media/michal/Pauli/masterdata/processed/paramtest/ds0_02mp_4500/annotated/rares/20140910/patrol_run_79/room_2/features/nonPlanes<pfhrgb_uniform_2015-05-18_22-19-31.pcd 0.682821 0.000932866 0.00244696 9 592,580,238,238,159,157,80,75,73 59,61,39,37,15,26,12,15,17 0,1,0,0,0,0,0,0,0 396627 651 3150 71 448 400 2862 51 427 395976,214,114,72,47,35,35,20,18,12,18,9,8,7,5,5,2,4,3,0,2,1,3,2,0,1,0,1,2,1,0,0,0,1,1,0,0,0,2,0,0,1,0,0,1,0,2,0,0,1,0,0,0,0,0,0,0,0,0,0,0,0,0,0,0,0,0,0,0,0,0,0,0,0,0,0,0,0,0,0,0,0,0,1 0,19,8,8,3,6,4,3,3,1,2,1,1,2,2,2,0,2,1,0,0,0,2,0,0,0,0,0,0,0,0,0,0,0,0,0,0,0,0,0,0,0,0,0,0,0,1,0,0,0,0,0,0,0,0,0,0,0,0,0,0,0,0,0,0,0,0,0,0,0,0,0,0,0,0,0,0,0,0,0,0,0,0,0 0,0,77,72,47,35,35,20,18,12,18,9,8,7,5,5,2,4,3,0,2,1,3,2,0,1,0,1,2,1,0,0,0,1,1,0,0,0,2,0,0,1,0,0,1,0,2,0,0,1,0,0,0,0,0,0,0,0,0,0,0,0,0,0,0,0,0,0,0,0,0,0,0,0,0,0,0,0,0,0,0,0,0,1 0,0,7,8,3,6,4,3,3,1,2,1,1,2,2,2,0,2,1,0,0,0,2,0,0,0,0,0,0,0,0,0,0,0,0,0,0,0,0,0,0,0,0,0,0,0,1,0,0,0,0,0,0,0,0,0,0,0,0,0,0,0,0,0,0,0,0,0,0,0,0,0,0,0,0,0,0,0,0,0,0,0,0,0
/media/michal/Pauli/masterdata/processed/paramtest/ds0_02mp_4500/annotated/rares/20140910/patrol_run_81/room_2/features/nonPlanes<pfhrgb_uniform_2015-05-18_22-19-38.pcd 0.683019 0.00146891 0.00266514 8 295,282,264,223,221,153,117,71 42,42,46,26,20,24,16,13 0,0,0,0,0,0,0,0 432300 932 3150 31 56 400 2459 10 32 431368,373,201,113,72,32,30,18,10,15,12,11,8,6,4,6,2,2,2,3,2,0,0,1,1,1,1,3,0,0,0,0,2,0,0,0,0,0,0,0,0,0,0,0,0,0,0,0,0,0,0,0,0,0,0,0,0,0,0,0,0,0,0,0,1 0,18,8,4,0,0,0,0,0,0,1,0,0,0,0,0,0,0,0,0,0,0,0,0,0,0,0,0,0,0,0,0,0,0,0,0,0,0,0,0,0,0,0,0,0,0,0,0,0,0,0,0,0,0,0,0,0,0,0,0,0,0,0,0,0 0,0,42,113,72,32,30,18,10,15,12,11,8,6,4,6,2,2,2,3,2,0,0,1,1,1,1,3,0,0,0,0,2,0,0,0,0,0,0,0,0,0,0,0,0,0,0,0,0,0,0,0,0,0,0,0,0,0,0,0,0,0,0,0,1 0,0,5,4,0,0,0,0,0,0,1,0,0,0,0,0,0,0,0,0,0,0,0,0,0,0,0,0,0,0,0,0,0,0,0,0,0,0,0,0,0,0,0,0,0,0,0,0,0,0,0,0,0,0,0,0,0,0,0,0,0,0,0,0,0
/media/michal/Pauli/masterdata/processed/paramtest/ds0_02mp_4500/annotated/rares/20140911/patrol_run_82/room_3/features/nonPlanes<pfhrgb_uniform_2015-05-18_22-19-46.pcd 0.546697 0.0014796 0.00304038 10 723,480,171,152,118,80,66,63,41,39 64,56,22,20,14,16,20,18,13,13 1,0,0,0,0,0,0,1,0,0 473154 803 3150 100 789 400 2671 75 759 472351,327,140,106,64,28,24,16,13,13,7,10,6,3,5,6,2,2,4,2,1,3,2,2,1,0,4,2,0,2,0,1,2,0,0,0,1,1,1,0,0,0,0,0,0,0,0,0,0,0,1,0,0,0,0,0,1 0,20,11,16,8,6,3,7,3,2,1,3,2,1,2,1,0,0,2,0,0,3,0,0,1,0,3,0,0,1,0,0,1,0,0,0,0,1,0,0,0,0,0,0,0,0,0,0,0,0,1,0,0,0,0,0,1 0,0,64,106,64,28,24,16,13,13,7,10,6,3,5,6,2,2,4,2,1,3,2,2,1,0,4,2,0,2,0,1,2,0,0,0,1,1,1,0,0,0,0,0,0,0,0,0,0,0,1,0,0,0,0,0,1 0,0,6,16,8,6,3,7,3,2,1,3,2,1,2,1,0,0,2,0,0,3,0,0,1,0,3,0,0,1,0,0,1,0,0,0,0,1,0,0,0,0,0,0,0,0,0,0,0,0,1,0,0,0,0,0,1
/media/michal/Pauli/masterdata/processed/paramtest/ds0_02mp_4500/annotated/rares/20140911/patrol_run_84/room_3/features/nonPlanes<pfhrgb_uniform_2015-05-18_22-19-53.pcd 0.550209 0.00097439 0.00289135 9 705,675,135,133,116,94,80,71,44 91,83,24,16,15,15,13,19,12 1,0,0,0,0,0,0,0,0 452100 835 3150 118 676 400 2593 82 628 451265,313,153,102,68,49,32,25,19,12,8,6,3,5,5,2,9,1,3,3,1,3,2,1,0,2,1,0,0,1,0,0,1,2,2,0,0,0,0,0,0,1 0,24,17,18,15,7,7,6,5,2,2,2,1,0,3,1,2,0,0,0,0,1,1,0,0,0,0,0,0,0,0,0,0,2,1,0,0,0,0,0,0,1 0,0,31,102,68,49,32,25,19,12,8,6,3,5,5,2,9,1,3,3,1,3,2,1,0,2,1,0,0,1,0,0,1,2,2,0,0,0,0,0,0,1 0,0,5,18,15,7,7,6,5,2,2,2,1,0,3,1,2,0,0,0,0,1,1,0,0,0,0,0,0,0,0,0,0,2,1,0,0,0,0,0,0,1
/media/michal/Pauli/masterdata/processed/paramtest/ds0_02mp_4500/annotated/rares/20140911/patrol_run_88/room_3/features/nonPlanes<pfhrgb_uniform_2015-05-18_22-20-01.pcd 0.612454 0.00146383 0.00311745 11 689,305,278,180,151,134,119,105,71,53,44 84,60,31,15,15,30,21,13,17,15,12 1,0,0,0,0,0,0,0,0,0,0 474606 852 3150 125 729 400 2587 81 674 473754,341,133,127,74,26,29,20,17,10,12,4,9,8,7,8,5,3,2,2,2,1,2,0,2,1,0,0,1,2,2,1,0,0,0,0,0,0,0,0,0,0,1 0,33,17,14,9,4,7,5,7,2,4,2,3,3,2,2,3,2,1,1,0,1,1,0,0,1,0,0,0,0,0,1,0,0,0,0,0,0,0,0,0,0,0 0,0,22,127,74,26,29,20,17,10,12,4,9,8,7,8,5,3,2,2,2,1,2,0,2,1,0,0,1,2,2,1,0,0,0,0,0,0,0,0,0,0,1 0,0,6,14,9,4,7,5,7,2,4,2,3,3,2,2,3,2,1,1,0,1,1,0,0,1,0,0,0,0,0,1,0,0,0,0,0,0,0,0,0,0,0
/media/michal/Pauli/masterdata/processed/paramtest/ds0_02mp_4500/annotated/rares/20140911/patrol_run_90/room_3/features/nonPlanes<pfhrgb_uniform_2015-05-18_22-20-10.pcd 0.660014 0.00119049 0.00316422 8 490,308,282,238,164,112,69,64 69,37,53,40,17,13,13,13 1,0,0,0,0,0,0,0 408408 875 3150 92 373 400 2564 47 313 407533,364,139,100,67,54,31,19,15,18,10,8,6,10,6,5,5,1,3,1,0,4,1,2,1,1,0,1,0,1,0,0,0,0,0,0,0,0,0,1,0,0,0,0,0,0,0,0,0,0,0,0,0,0,1 0,30,21,6,5,7,8,0,3,3,0,4,1,0,1,0,0,1,0,1,0,0,0,1,0,0,0,0,0,0,0,0,0,0,0,0,0,0,0,0,0,0,0,0,0,0,0,0,0,0,0,0,0,0,0 0,0,28,100,67,54,31,19,15,18,10,8,6,10,6,5,5,1,3,1,0,4,1,2,1,1,0,1,0,1,0,0,0,0,0,0,0,0,0,1,0,0,0,0,0,0,0,0,0,0,0,0,0,0,1 0,0,6,6,5,7,8,0,3,3,0,4,1,0,1,0,0,1,0,1,0,0,0,1,0,0,0,0,0,0,0,0,0,0,0,0,0,0,0,0,0,0,0,0,0,0,0,0,0,0,0,0,0,0,0
/media/michal/Pauli/masterdata/processed/paramtest/ds0_02mp_4500/annotated/rares/20140911/patrol_run_92/room_3/features/nonPlanes<pfhrgb_uniform_2015-05-18_22-20-17.pcd 0.571739 0.0010819 0.0030844 10 343,260,249,193,181,169,166,155,138,111 37,29,34,25,32,14,32,18,21,15 0,1,1,0,0,0,0,0,0,0 454740 716 3150 70 393 400 2774 50 370 454024,256,119,70,70,36,24,23,20,10,15,10,9,6,7,2,4,7,5,4,4,0,2,2,2,0,1,3,0,0,1,0,0,0,0,1,1,1,0,0,0,0,0,0,0,1 0,17,8,8,6,3,3,4,4,3,2,3,1,2,3,1,0,0,1,0,0,0,0,0,0,0,1,0,0,0,0,0,0,0,0,0,0,0,0,0,0,0,0,0,0,0 0,0,59,70,70,36,24,23,20,10,15,10,9,6,7,2,4,7,5,4,4,0,2,2,2,0,1,3,0,0,1,0,0,0,0,1,1,1,0,0,0,0,0,0,0,1 0,0,5,8,6,3,3,4,4,3,2,3,1,2,3,1,0,0,1,0,0,0,0,0,0,0,1,0,0,0,0,0,0,0,0,0,0,0,0,0,0,0,0,0,0,0
/media/michal/Pauli/masterdata/processed/paramtest/ds0_02mp_4500/annotated/rares/20140912/patrol_run_100/room_3/features/nonPlanes<pfhrgb_uniform_2015-05-18_22-20-23.pcd 0.541981 0.000983258 0.00223367 7 771,510,250,245,91,70,48 60,38,44,52,20,13,13 0,0,0,1,0,0,0 437778 829 3150 96 286 400 2626 46 222 436949,334,140,123,76,25,33,10,14,8,8,7,14,3,1,0,2,5,5,3,1,1,1,1,0,0,1,0,1,0,1,0,1,1,1,0,1,0,0,1,0,1,0,1,1,0,0,0,0,0,0,1,1,0,0,0,0,0,0,0,0,0,0,0,0,0,0,0,0,1 0,36,20,14,11,2,7,2,0,1,1,0,0,0,0,0,0,0,1,0,0,1,0,0,0,0,0,0,0,0,0,0,0,0,0,0,0,0,0,0,0,0,0,0,0,0,0,0,0,0,0,0,0,0,0,0,0,0,0,0,0,0,0,0,0,0,0,0,0,0 0,0,45,123,76,25,33,10,14,8,8,7,14,3,1,0,2,5,5,3,1,1,1,1,0,0,1,0,1,0,1,0,1,1,1,0,1,0,0,1,0,1,0,1,1,0,0,0,0,0,0,1,1,0,0,0,0,0,0,0,0,0,0,0,0,0,0,0,0,1 0,0,6,14,11,2,7,2,0,1,1,0,0,0,0,0,0,0,1,0,0,1,0,0,0,0,0,0,0,0,0,0,0,0,0,0,0,0,0,0,0,0,0,0,0,0,0,0,0,0,0,0,0,0,0,0,0,0,0,0,0,0,0,0,0,0,0,0,0,0
/media/michal/Pauli/masterdata/processed/paramtest/ds0_02mp_4500/annotated/rares/20140912/patrol_run_102/room_3/features/nonPlanes<pfhrgb_uniform_2015-05-18_22-20-31.pcd 0.579314 0.00100179 0.00324368 8 842,389,296,100,98,90,78,69 83,49,40,19,15,17,17,15 1,0,0,0,0,0,0,0 459888 787 3150 96 787 400 2682 66 753 459101,306,150,95,59,35,24,16,16,19,13,8,6,3,3,7,3,2,2,1,3,0,0,1,2,0,2,0,2,1,0,0,0,0,1,0,0,0,1,0,0,0,0,0,0,1,1,0,0,0,0,0,0,0,1,0,0,0,0,0,1,0,0,0,0,1,0,0,0,0,1 0,26,14,10,2,6,3,4,4,5,4,3,1,0,1,3,0,0,1,1,1,0,0,0,0,0,0,0,1,0,0,0,0,0,1,0,0,0,1,0,0,0,0,0,0,0,1,0,0,0,0,0,0,0,0,0,0,0,0,0,1,0,0,0,0,1,0,0,0,0,1 0,0,69,95,59,35,24,16,16,19,13,8,6,3,3,7,3,2,2,1,3,0,0,1,2,0,2,0,2,1,0,0,0,0,1,0,0,0,1,0,0,0,0,0,0,1,1,0,0,0,0,0,0,0,1,0,0,0,0,0,1,0,0,0,0,1,0,0,0,0,1 0,0,10,10,2,6,3,4,4,5,4,3,1,0,1,3,0,0,1,1,1,0,0,0,0,0,0,0,1,0,0,0,0,0,1,0,0,0,1,0,0,0,0,0,0,0,1,0,0,0,0,0,0,0,0,0,0,0,0,0,1,0,0,0,0,1,0,0,0,0,1
/media/michal/Pauli/masterdata/processed/paramtest/ds0_02mp_4500/annotated/rares/20140912/patrol_run_104/room_3/features/nonPlanes<pfhrgb_uniform_2015-05-18_22-20-39.pcd 0.535753 0.0010502 0.00324687 5 571,383,341,329,240 66,48,57,59,38 0,0,0,1,0 445500 872 3150 83 315 400 2561 47 268 444628,355,163,110,65,41,30,19,16,16,2,4,8,3,3,5,3,5,2,1,3,1,1,2,1,1,0,0,3,2,1,1,1,0,1,0,1,0,0,0,1,0,1 0,25,15,19,5,5,4,2,2,1,0,0,1,1,0,0,0,1,0,0,0,0,0,0,1,0,0,0,0,1,0,0,0,0,0,0,0,0,0,0,0,0,0 0,0,46,110,65,41,30,19,16,16,2,4,8,3,3,5,3,5,2,1,3,1,1,2,1,1,0,0,3,2,1,1,1,0,1,0,1,0,0,0,1,0,1 0,0,4,19,5,5,4,2,2,1,0,0,1,1,0,0,0,1,0,0,0,0,0,0,1,0,0,0,0,1,0,0,0,0,0,0,0,0,0,0,0,0,0
/media/michal/Pauli/masterdata/processed/paramtest/ds0_02mp_4500/annotated/rares/20140912/patrol_run_94/room_3/features/nonPlanes<pfhrgb_uniform_2015-05-18_22-20-47.pcd 0.635668 0.00104282 0.00192795 6 543,340,322,292,245,89 60,38,56,52,33,22 0,0,1,0,0,0 445500 846 3150 102 354 400 2586 53 296 444654,328,172,90,72,42,25,17,18,10,11,12,6,4,6,4,3,3,3,2,1,2,1,2,3,0,0,1,1,2,0,1,1,0,0,0,0,0,0,1,0,0,0,0,1,1 0,40,19,14,7,7,2,2,1,2,1,2,0,3,0,0,0,0,0,1,0,0,0,0,0,0,0,0,0,1,0,0,0,0,0,0,0,0,0,0,0,0,0,0,0,0 0,0,54,90,72,42,25,17,18,10,11,12,6,4,6,4,3,3,3,2,1,2,1,2,3,0,0,1,1,2,0,1,1,0,0,0,0,0,0,1,0,0,0,0,1,1 0,0,10,14,7,7,2,2,1,2,1,2,0,3,0,0,0,0,0,1,0,0,0,0,0,0,0,0,0,1,0,0,0,0,0,0,0,0,0,0,0,0,0,0,0,0
/media/michal/Pauli/masterdata/processed/paramtest/ds0_02mp_4500/annotated/rares/20140912/patrol_run_96/room_2/features/nonPlanes<pfhrgb_uniform_2015-05-18_22-20-55.pcd 0.576017 0.00124901 0.00298488 7 794,406,392,152,96,72,66 76,58,81,25,14,13,16 1,0,0,0,0,0,0 431244 813 3150 101 790 400 2617 67 744 430431,293,172,92,70,44,26,23,15,10,14,5,11,5,2,2,4,2,1,3,2,0,3,1,1,1,2,1,0,2,0,0,0,1,0,0,0,0,0,0,1,0,0,1,0,0,1,0,0,0,0,0,0,0,0,2 0,22,15,7,12,6,4,7,2,3,2,2,3,1,1,0,1,1,0,1,1,0,1,1,1,1,1,0,0,0,0,0,0,1,0,0,0,0,0,0,1,0,0,1,0,0,0,0,0,0,0,0,0,0,0,2 0,0,52,92,70,44,26,23,15,10,14,5,11,5,2,2,4,2,1,3,2,0,3,1,1,1,2,1,0,2,0,0,0,1,0,0,0,0,0,0,1,0,0,1,0,0,1,0,0,0,0,0,0,0,0,2 0,0,3,7,12,6,4,7,2,3,2,2,3,1,1,0,1,1,0,1,1,0,1,1,1,1,1,0,0,0,0,0,0,1,0,0,0,0,0,0,1,0,0,1,0,0,0,0,0,0,0,0,0,0,0,2
/media/michal/Pauli/masterdata/processed/paramtest/ds0_02mp_4500/annotated/rares/20140912/patrol_run_98/room_3/features/nonPlanes<pfhrgb_uniform_2015-05-18_22-21-03.pcd 0.580496 0.00104558 0.0021901 7 619,525,393,240,78,73,47 89,70,30,32,14,12,12 1,0,0,0,0,0,0 446622 810 3150 152 717 400 2645 95 648 445812,315,141,119,57,40,25,21,12,10,11,8,6,4,5,2,3,4,1,1,4,3,2,3,3,0,1,1,1,1,0,1,0,0,1,1,0,0,1,0,0,0,0,0,0,0,0,0,0,0,0,0,0,0,0,0,0,0,0,1,0,0,0,0,0,0,0,0,0,0,0,0,0,0,0,1 0,45,25,26,9,5,9,6,4,2,4,2,3,0,2,1,1,1,0,0,1,2,1,0,1,0,1,0,0,1,0,0,0,0,0,0,0,0,0,0,0,0,0,0,0,0,0,0,0,0,0,0,0,0,0,0,0,0,0,0,0,0,0,0,0,0,0,0,0,0,0,0,0,0,0,0 0,0,46,119,57,40,25,21,12,10,11,8,6,4,5,2,3,4,1,1,4,3,2,3,3,0,1,1,1,1,0,1,0,0,1,1,0,0,1,0,0,0,0,0,0,0,0,0,0,0,0,0,0,0,0,0,0,0,0,1,0,0,0,0,0,0,0,0,0,0,0,0,0,0,0,1 0,0,13,26,9,5,9,6,4,2,4,2,3,0,2,1,1,1,0,0,1,2,1,0,1,0,1,0,0,1,0,0,0,0,0,0,0,0,0,0,0,0,0,0,0,0,0,0,0,0,0,0,0,0,0,0,0,0,0,0,0,0,0,0,0,0,0,0,0,0,0,0,0,0,0,0
/media/michal/Pauli/masterdata/processed/paramtest/ds0_02mp_4500/annotated/rares/20140921/patrol_run_110/room_2/features/nonPlanes<pfhrgb_uniform_2015-05-18_22-21-11.pcd 0.438934 0.000962093 0.00311295 9 432,428,297,220,210,155,112,104,59 57,53,19,34,33,30,13,15,13 0,0,0,0,0,0,0,0,0 411840 815 3150 26 51 400 2649 12 35 411025,329,147,98,69,41,27,12,11,5,8,8,4,9,4,4,3,2,4,4,2,4,2,2,1,5,2,0,1,1,1,0,0,0,0,3,1,0,0,0,0,0,0,0,0,0,0,0,0,0,0,1 0,12,8,2,3,1,0,0,0,0,0,0,0,0,0,0,0,0,0,0,0,0,0,0,0,0,0,0,0,0,0,0,0,0,0,0,0,0,0,0,0,0,0,0,0,0,0,0,0,0,0,0 0,0,61,98,69,41,27,12,11,5,8,8,4,9,4,4,3,2,4,4,2,4,2,2,1,5,2,0,1,1,1,0,0,0,0,3,1,0,0,0,0,0,0,0,0,0,0,0,0,0,0,1 0,0,6,2,3,1,0,0,0,0,0,0,0,0,0,0,0,0,0,0,0,0,0,0,0,0,0,0,0,0,0,0,0,0,0,0,0,0,0,0,0,0,0,0,0,0,0,0,0,0,0,0
/media/michal/Pauli/masterdata/processed/paramtest/ds0_02mp_4500/annotated/rares/20140921/patrol_run_112/room_2/features/nonPlanes<pfhrgb_uniform_2015-05-18_22-21-19.pcd 0.654865 0.000936642 0.00224373 10 635,302,239,219,173,122,105,83,76,63 82,40,34,14,27,20,15,18,13,12 1,0,0,0,0,0,0,0,0,0 419265 755 3150 95 624 400 2727 75 600 418510,287,117,91,56,39,34,28,21,14,6,8,7,6,1,3,6,0,3,5,3,2,1,1,2,0,3,1,3,1,1,0,0,0,1,1,0,1,0,1,0,1 0,16,11,18,9,7,4,9,3,1,2,1,2,0,0,2,2,0,0,0,1,0,0,0,1,0,1,1,1,0,1,0,0,0,1,1,0,0,0,0,0,0 0,0,49,91,56,39,34,28,21,14,6,8,7,6,1,3,6,0,3,5,3,2,1,1,2,0,3,1,3,1,1,0,0,0,1,1,0,1,0,1,0,1 0,0,7,18,9,7,4,9,3,1,2,1,2,0,0,2,2,0,0,0,1,0,0,0,1,0,1,1,1,0,1,0,0,0,1,1,0,0,0,0,0,0
/media/michal/Pauli/masterdata/processed/paramtest/ds0_02mp_4500/annotated/rares/20140921/patrol_run_114/room_1/features/nonPlanes<pfhrgb_uniform_2015-05-18_22-21-26.pcd 0.710195 0.000964491 0.00309607 9 471,454,269,163,93,81,75,71,67 39,60,48,18,14,16,17,15,18 0,1,0,0,0,0,0,0,0 417384 775 3150 82 464 400 2696 55 428 416609,296,127,94,67,35,34,19,17,17,7,7,11,3,7,4,5,3,3,0,2,2,1,0,1,0,0,1,2,2,2,1,0,0,1,0,0,0,0,0,1,0,1,0,0,0,1,0,0,0,0,0,0,0,0,0,0,0,0,0,0,0,0,0,0,0,1 0,18,17,12,6,5,2,1,4,3,1,0,3,1,1,0,2,0,0,0,2,0,1,0,1,0,0,0,1,0,1,0,0,0,0,0,0,0,0,0,0,0,0,0,0,0,0,0,0,0,0,0,0,0,0,0,0,0,0,0,0,0,0,0,0,0,0 0,0,48,94,67,35,34,19,17,17,7,7,11,3,7,4,5,3,3,0,2,2,1,0,1,0,0,1,2,2,2,1,0,0,1,0,0,0,0,0,1,0,1,0,0,0,1,0,0,0,0,0,0,0,0,0,0,0,0,0,0,0,0,0,0,0,1 0,0,8,12,6,5,2,1,4,3,1,0,3,1,1,0,2,0,0,0,2,0,1,0,1,0,0,0,1,0,1,0,0,0,0,0,0,0,0,0,0,0,0,0,0,0,0,0,0,0,0,0,0,0,0,0,0,0,0,0,0,0,0,0,0,0,0
/media/michal/Pauli/masterdata/processed/paramtest/ds0_02mp_4500/annotated/rares/20140922/patrol_run_116/room_2/features/nonPlanes<pfhrgb_uniform_2015-05-18_22-21-34.pcd 0.55694 0.000979251 0.0032393 8 591,431,241,203,148,90,89,87 80,63,43,34,22,12,15,14 0,1,0,0,0,0,0,0 424116 873 3150 102 479 400 2536 63 433 423243,332,171,105,67,36,36,24,19,13,9,14,6,10,7,3,4,2,3,3,0,2,0,0,0,1,0,0,0,0,3,0,0,0,1,1,1 0,32,10,12,11,7,2,6,5,3,1,1,5,2,1,0,2,1,0,0,0,1,0,0,0,0,0,0,0,0,0,0,0,0,0,0,0 0,0,30,105,67,36,36,24,19,13,9,14,6,10,7,3,4,2,3,3,0,2,0,0,0,1,0,0,0,0,3,0,0,0,1,1,1 0,0,3,12,11,7,2,6,5,3,1,1,5,2,1,0,2,1,0,0,0,1,0,0,0,0,0,0,0,0,0,0,0,0,0,0,0
/media/michal/Pauli/masterdata/processed/paramtest/ds0_02mp_4500/annotated/rares/20140922/patrol_run_118/room_2/features/nonPlanes<pfhrgb_uniform_2015-05-18_22-21-42.pcd 0.593307 0.00143479 0.00251011 9 606,429,281,246,127,111,94,71,68 62,74,38,25,21,24,18,21,12 0,1,0,0,0,0,0,0,0 451044 886 3150 122 479 400 2538 72 414 450158,360,168,125,60,29,24,20,18,9,17,8,6,4,5,3,6,4,1,2,1,1,3,4,0,0,0,1,0,0,1,0,1,1,0,1,1,1,0,1 0,35,24,22,13,4,2,4,5,1,4,2,1,1,1,1,1,0,0,0,0,0,0,0,0,0,0,0,0,0,0,0,0,0,0,0,0,1,0,0 0,0,42,125,60,29,24,20,18,9,17,8,6,4,5,3,6,4,1,2,1,1,3,4,0,0,0,1,0,0,1,0,1,1,0,1,1,1,0,1 0,0,9,22,13,4,2,4,5,1,4,2,1,1,1,1,1,0,0,0,0,0,0,0,0,0,0,0,0,0,0,0,0,0,0,0,0,1,0,0
/media/michal/Pauli/masterdata/processed/paramtest/ds0_02mp_4500/annotated/rares/20140922/patrol_run_120/room_1/features/nonPlanes<pfhrgb_uniform_2015-05-18_22-21-51.pcd 0.649897 0.00148817 0.00351102 6 1188,322,122,110,99,54 152,47,18,20,28,16 1,0,0,0,0,0 478401 826 3150 101 474 400 2654 70 437 477575,356,138,85,73,38,20,19,7,9,11,13,7,5,7,2,3,1,4,2,3,3,4,3,2,1,2,1,0,1,1,0,1,0,0,1,1,0,0,0,0,1,0,0,0,0,0,0,0,0,0,1 0,25,18,7,17,9,4,4,1,1,3,4,3,1,1,1,0,0,0,0,0,0,1,0,0,0,0,0,0,0,0,0,0,0,0,0,1,0,0,0,0,0,0,0,0,0,0,0,0,0,0,0 0,0,68,85,73,38,20,19,7,9,11,13,7,5,7,2,3,1,4,2,3,3,4,3,2,1,2,1,0,1,1,0,1,0,0,1,1,0,0,0,0,1,0,0,0,0,0,0,0,0,0,1 0,0,12,7,17,9,4,4,1,1,3,4,3,1,1,1,0,0,0,0,0,0,1,0,0,0,0,0,0,0,0,0,0,0,0,0,1,0,0,0,0,0,0,0,0,0,0,0,0,0,0,0
/media/michal/Pauli/masterdata/processed/paramtest/ds0_02mp_4500/annotated/rares/20140922/patrol_run_124/room_2/features/nonPlanes<pfhrgb_uniform_2015-05-18_22-22-01.pcd 0.696615 0.00112471 0.00199397 9 434,423,390,186,125,103,100,58,45 79,32,18,31,19,22,25,16,12 1,0,0,0,0,0,0,0,0 483516 878 3150 88 363 400 2581 54 321 482638,387,169,99,53,44,22,13,15,7,10,8,11,3,2,3,2,4,2,3,0,1,0,4,1,1,1,0,1,1,0,0,2,1,2,0,1,2,0,0,0,1,0,0,0,0,1,0,0,0,0,0,0,0,0,0,0,0,1 0,26,19,13,4,9,3,4,2,2,1,0,0,1,0,0,0,0,0,1,0,0,0,0,1,1,0,0,1,0,0,0,0,0,0,0,0,0,0,0,0,0,0,0,0,0,0,0,0,0,0,0,0,0,0,0,0,0,0 0,0,78,99,53,44,22,13,15,7,10,8,11,3,2,3,2,4,2,3,0,1,0,4,1,1,1,0,1,1,0,0,2,1,2,0,1,2,0,0,0,1,0,0,0,0,1,0,0,0,0,0,0,0,0,0,0,0,1 0,0,11,13,4,9,3,4,2,2,1,0,0,1,0,0,0,0,0,1,0,0,0,0,1,1,0,0,1,0,0,0,0,0,0,0,0,0,0,0,0,0,0,0,0,0,0,0,0,0,0,0,0,0,0,0,0,0,0
/media/michal/Pauli/masterdata/processed/paramtest/ds0_02mp_4500/annotated/rares/20140922/patrol_run_126/room_2/features/nonPlanes<pfhrgb_uniform_2015-05-18_22-22-14.pcd 0.524862 0.00109521 0.00226404 9 499,341,311,272,209,202,126,98,67 75,55,35,23,23,37,24,12,13 1,0,0,0,0,0,0,0,0 459756 825 3150 122 568 400 2632 77 514 458931,332,154,93,70,29,20,15,22,12,12,8,7,11,3,6,3,2,2,3,7,0,1,0,3,0,0,3,2,1,0,0,1,0,0,0,1,0,1,0,0,0,0,0,0,0,0,0,0,1 0,36,19,17,14,5,3,3,8,2,3,0,3,1,0,3,1,0,0,1,1,0,0,0,1,0,0,0,0,0,0,0,0,0,0,0,0,0,1,0,0,0,0,0,0,0,0,0,0,0 0,0,61,93,70,29,20,15,22,12,12,8,7,11,3,6,3,2,2,3,7,0,1,0,3,0,0,3,2,1,0,0,1,0,0,0,1,0,1,0,0,0,0,0,0,0,0,0,0,1 0,0,10,17,14,5,3,3,8,2,3,0,3,1,0,3,1,0,0,1,1,0,0,0,1,0,0,0,0,0,0,0,0,0,0,0,0,0,1,0,0,0,0,0,0,0,0,0,0,0
/media/michal/Pauli/masterdata/processed/paramtest/ds0_02mp_4500/annotated/rares/20140922/patrol_run_128/room_2/features/nonPlanes<pfhrgb_uniform_2015-05-18_22-22-23.pcd 0.692735 0.00149308 0.00330897 6 657,389,333,184,146,133 76,49,67,31,25,27 0,0,1,0,0,0 454410 888 3150 120 400 400 2550 65 328 453522,376,179,113,62,30,25,23,14,6,5,11,5,7,3,4,2,0,2,2,1,0,1,2,1,2,1,1,1,1,1,0,0,0,0,2,0,0,0,0,1,0,0,0,0,0,0,1,0,0,0,0,0,0,1,0,0,0,0,0,0,0,0,0,0,0,0,0,1,0,0,0,0,0,0,0,0,0,0,0,0,0,0,0,0,0,0,0,0,0,0,1 0,38,31,21,7,6,2,5,2,0,0,3,1,2,0,0,1,0,0,0,0,0,0,0,0,0,0,0,0,1,0,0,0,0,0,0,0,0,0,0,0,0,0,0,0,0,0,0,0,0,0,0,0,0,0,0,0,0,0,0,0,0,0,0,0,0,0,0,0,0,0,0,0,0,0,0,0,0,0,0,0,0,0,0,0,0,0,0,0,0,0,0 0,0,67,113,62,30,25,23,14,6,5,11,5,7,3,4,2,0,2,2,1,0,1,2,1,2,1,1,1,1,1,0,0,0,0,2,0,0,0,0,1,0,0,0,0,0,0,1,0,0,0,0,0,0,1,0,0,0,0,0,0,0,0,0,0,0,0,0,1,0,0,0,0,0,0,0,0,0,0,0,0,0,0,0,0,0,0,0,0,0,0,1 0,0,14,21,7,6,2,5,2,0,0,3,1,2,0,0,1,0,0,0,0,0,0,0,0,0,0,0,0,1,0,0,0,0,0,0,0,0,0,0,0,0,0,0,0,0,0,0,0,0,0,0,0,0,0,0,0,0,0,0,0,0,0,0,0,0,0,0,0,0,0,0,0,0,0,0,0,0,0,0,0,0,0,0,0,0,0,0,0,0,0,0
/media/michal/Pauli/masterdata/processed/paramtest/ds0_02mp_4500/annotated/rares/20140922/patrol_run_130/room_2/features/nonPlanes<pfhrgb_uniform_2015-05-18_22-22-32.pcd 0.527621 0.00107366 0.00219497 8 745,477,252,207,107,95,93,48 105,37,55,27,15,14,12,12 1,0,0,0,0,0,0,0 443289 825 3150 157 782 400 2642 98 711 442464,342,134,109,72,28,26,17,17,10,11,7,2,6,4,3,2,4,8,1,1,2,3,0,2,1,1,1,2,2,0,2,1,0,0,1,0,0,2,0,0,0,0,0,0,0,0,0,0,0,0,0,0,0,0,0,0,0,1 0,47,26,27,14,7,5,6,5,1,3,1,1,0,0,1,0,2,3,0,0,1,0,0,1,1,0,0,1,1,0,1,0,0,0,0,0,0,2,0,0,0,0,0,0,0,0,0,0,0,0,0,0,0,0,0,0,0,0 0,0,51,109,72,28,26,17,17,10,11,7,2,6,4,3,2,4,8,1,1,2,3,0,2,1,1,1,2,2,0,2,1,0,0,1,0,0,2,0,0,0,0,0,0,0,0,0,0,0,0,0,0,0,0,0,0,0,1 0,0,14,27,14,7,5,6,5,1,3,1,1,0,0,1,0,2,3,0,0,1,0,0,1,1,0,0,1,1,0,1,0,0,0,0,0,0,2,0,0,0,0,0,0,0,0,0,0,0,0,0,0,0,0,0,0,0,0
/media/michal/Pauli/masterdata/processed/paramtest/ds0_02mp_4500/annotated/rares/20140922/patrol_run_132/room_1/features/nonPlanes<pfhrgb_uniform_2015-05-18_22-22-42.pcd 0.688879 0.00130213 0.00298455 8 613,317,241,224,180,126,117,38 33,52,42,45,16,23,23,12 0,0,0,0,0,1,0,0 454740 825 3150 25 118 400 2630 19 109 453915,330,154,98,64,34,22,20,19,13,11,7,5,11,5,4,3,1,2,1,1,2,1,4,2,1,0,1,1,1,0,1,0,0,0,0,0,1,2,0,0,1,0,0,1,0,0,0,0,1 0,3,6,6,3,0,0,1,1,2,1,0,0,1,0,0,0,1,0,0,0,0,0,0,0,0,0,0,0,0,0,0,0,0,0,0,0,0,0,0,0,0,0,0,0,0,0,0,0,0 0,0,59,98,64,34,22,20,19,13,11,7,5,11,5,4,3,1,2,1,1,2,1,4,2,1,0,1,1,1,0,1,0,0,0,0,0,1,2,0,0,1,0,0,1,0,0,0,0,1 0,0,3,6,3,0,0,1,1,2,1,0,0,1,0,0,0,1,0,0,0,0,0,0,0,0,0,0,0,0,0,0,0,0,0,0,0,0,0,0,0,0,0,0,0,0,0,0,0,0
/media/michal/Pauli/masterdata/processed/paramtest/ds0_02mp_4500/annotated/rares/20140922/patrol_run_134/room_2/features/nonPlanes<pfhrgb_uniform_2015-05-18_22-22-52.pcd 0.552602 0.00126293 0.0032948 7 601,547,264,219,183,104,96 97,46,41,19,30,28,23 0,1,0,0,0,0,0 411840 917 3150 81 622 400 2527 51 584 410923,411,175,100,70,31,25,19,10,11,11,6,8,4,8,5,1,4,2,0,1,0,0,0,2,0,0,0,3,1,1,2,2,0,1,0,0,0,0,0,1,0,0,0,1,0,0,0,0,0,0,0,0,0,0,0,0,0,0,0,0,0,0,0,0,0,0,0,0,0,0,0,0,0,0,0,0,0,0,0,0,0,0,0,0,0,0,0,0,0,0,0,0,0,0,0,0,0,0,0,0,0,0,0,0,0,1 0,22,14,11,5,4,5,2,1,4,1,0,1,1,0,1,0,0,1,0,0,0,0,0,1,0,0,0,0,0,0,1,2,0,1,0,0,0,0,0,1,0,0,0,1,0,0,0,0,0,0,0,0,0,0,0,0,0,0,0,0,0,0,0,0,0,0,0,0,0,0,0,0,0,0,0,0,0,0,0,0,0,0,0,0,0,0,0,0,0,0,0,0,0,0,0,0,0,0,0,0,0,0,0,0,0,1 0,0,69,100,70,31,25,19,10,11,11,6,8,4,8,5,1,4,2,0,1,0,0,0,2,0,0,0,3,1,1,2,2,0,1,0,0,0,0,0,1,0,0,0,1,0,0,0,0,0,0,0,0,0,0,0,0,0,0,0,0,0,0,0,0,0,0,0,0,0,0,0,0,0,0,0,0,0,0,0,0,0,0,0,0,0,0,0,0,0,0,0,0,0,0,0,0,0,0,0,0,0,0,0,0,0,1 0,0,6,11,5,4,5,2,1,4,1,0,1,1,0,1,0,0,1,0,0,0,0,0,1,0,0,0,0,0,0,1,2,0,1,0,0,0,0,0,1,0,0,0,1,0,0,0,0,0,0,0,0,0,0,0,0,0,0,0,0,0,0,0,0,0,0,0,0,0,0,0,0,0,0,0,0,0,0,0,0,0,0,0,0,0,0,0,0,0,0,0,0,0,0,0,0,0,0,0,0,0,0,0,0,0,1
/media/michal/Pauli/masterdata/processed/paramtest/ds0_02mp_4500/annotated/rares/20140922/patrol_run_138/room_2/features/nonPlanes<pfhrgb_uniform_2015-05-18_22-23-01.pcd 0.619819 0.000962984 0.00206847 9 643,207,206,147,139,121,115,86,76 97,30,15,29,20,16,20,16,15 1,0,0,0,0,0,0,0,0 443223 764 3150 135 680 400 2705 93 627 442459,283,149,85,60,35,33,20,10,15,7,12,5,6,8,6,3,3,0,2,2,2,1,0,1,2,2,1,3,1,2,0,0,0,0,0,0,0,0,0,0,0,0,0,1,2,1,0,0,0,0,0,0,0,0,0,0,1 0,31,32,10,15,12,10,3,5,3,3,0,0,1,2,0,0,1,0,1,0,2,1,0,0,0,1,0,0,0,0,0,0,0,0,0,0,0,0,0,0,0,0,0,0,2,0,0,0,0,0,0,0,0,0,0,0,0 0,0,68,85,60,35,33,20,10,15,7,12,5,6,8,6,3,3,0,2,2,2,1,0,1,2,2,1,3,1,2,0,0,0,0,0,0,0,0,0,0,0,0,0,1,2,1,0,0,0,0,0,0,0,0,0,0,1 0,0,21,10,15,12,10,3,5,3,3,0,0,1,2,0,0,1,0,1,0,2,1,0,0,0,1,0,0,0,0,0,0,0,0,0,0,0,0,0,0,0,0,0,0,2,0,0,0,0,0,0,0,0,0,0,0,0
/media/michal/Pauli/masterdata/processed/paramtest/ds0_02mp_4500/annotated/rares/20140923/patrol_run_139/room_2/features/nonPlanes<pfhrgb_uniform_2015-05-18_22-23-09.pcd 0.450226 0.00120176 0.0026446 6 1206,297,281,180,88,61 154,29,56,26,20,18 1,0,0,0,0,0 430782 788 3150 193 1175 400 2673 137 1101 429994,299,123,104,63,45,25,25,20,12,6,8,5,6,4,5,4,5,6,5,2,2,3,0,0,3,1,2,0,3,1,0,0,0,1 0,38,26,29,16,11,6,12,10,6,2,7,3,5,2,4,1,3,3,3,0,0,1,0,0,2,1,0,0,1,0,0,0,0,1 0,0,34,104,63,45,25,25,20,12,6,8,5,6,4,5,4,5,6,5,2,2,3,0,0,3,1,2,0,3,1,0,0,0,1 0,0,8,29,16,11,6,12,10,6,2,7,3,5,2,4,1,3,3,3,0,0,1,0,0,2,1,0,0,1,0,0,0,0,1
/media/michal/Pauli/masterdata/processed/paramtest/ds0_02mp_4500/annotated/rares/20140923/patrol_run_141/room_2/features/nonPlanes<pfhrgb_uniform_2015-05-18_22-23-17.pcd 0.503381 0.00149388 0.0023881 5 1275,513,127,79,67 132,44,24,24,14 1,0,0,0,0 407286 717 3150 154 1228 400 2801 115 1188 406569,285,115,77,65,31,22,14,10,14,12,12,4,7,7,3,2,4,3,5,0,0,1,2,3,0,5,1,1,3,2,1,0,1,0,1,1,0,1,0,0,0,1,0,0,0,0,0,0,0,0,0,0,0,0,0,0,0,0,0,0,0,0,0,0,0,0,0,0,0,0,0,0,0,0,0,0,0,0,0,0,0,0,1 0,38,13,16,13,9,10,3,4,5,3,7,2,2,3,1,1,4,1,5,0,0,1,2,0,0,2,1,0,2,2,1,0,0,0,1,1,0,0,0,0,0,0,0,0,0,0,0,0,0,0,0,0,0,0,0,0,0,0,0,0,0,0,0,0,0,0,0,0,0,0,0,0,0,0,0,0,0,0,0,0,0,0,1 0,0,83,77,65,31,22,14,10,14,12,12,4,7,7,3,2,4,3,5,0,0,1,2,3,0,5,1,1,3,2,1,0,1,0,1,1,0,1,0,0,0,1,0,0,0,0,0,0,0,0,0,0,0,0,0,0,0,0,0,0,0,0,0,0,0,0,0,0,0,0,0,0,0,0,0,0,0,0,0,0,0,0,1 0,0,12,16,13,9,10,3,4,5,3,7,2,2,3,1,1,4,1,5,0,0,1,2,0,0,2,1,0,2,2,1,0,0,0,1,1,0,0,0,0,0,0,0,0,0,0,0,0,0,0,0,0,0,0,0,0,0,0,0,0,0,0,0,0,0,0,0,0,0,0,0,0,0,0,0,0,0,0,0,0,0,0,1
/media/michal/Pauli/masterdata/processed/paramtest/ds0_02mp_4500/annotated/rares/20140923/patrol_run_144/room_2/features/nonPlanes<pfhrgb_uniform_2015-05-18_22-23-28.pcd 0.585992 0.00139958 0.00317356 7 664,533,231,231,220,89,89 84,32,51,39,35,19,13 1,0,0,0,0,0,0 438471 799 3150 124 701 400 2684 83 659 437672,332,149,93,60,34,24,11,18,12,8,12,6,2,3,2,3,2,1,2,4,2,2,1,0,1,0,0,1,1,1,1,4,0,0,0,2,0,0,1,0,0,0,0,0,1,0,0,0,0,0,0,0,0,0,0,0,0,1,0,0,0,0,0,0,0,0,0,0,0,0,0,0,1,0,0,0,0,0,0,0,0,0,0,0,0,0,0,0,0,0,1 0,40,21,17,10,2,2,4,6,3,2,4,1,1,1,1,0,1,1,0,2,0,0,0,0,1,0,0,0,0,0,1,0,0,0,0,1,0,0,0,0,0,0,0,0,1,0,0,0,0,0,0,0,0,0,0,0,0,0,0,0,0,0,0,0,0,0,0,0,0,0,0,0,1,0,0,0,0,0,0,0,0,0,0,0,0,0,0,0,0,0,0 0,0,82,93,60,34,24,11,18,12,8,12,6,2,3,2,3,2,1,2,4,2,2,1,0,1,0,0,1,1,1,1,4,0,0,0,2,0,0,1,0,0,0,0,0,1,0,0,0,0,0,0,0,0,0,0,0,0,1,0,0,0,0,0,0,0,0,0,0,0,0,0,0,1,0,0,0,0,0,0,0,0,0,0,0,0,0,0,0,0,0,1 0,0,20,17,10,2,2,4,6,3,2,4,1,1,1,1,0,1,1,0,2,0,0,0,0,1,0,0,0,0,0,1,0,0,0,0,1,0,0,0,0,0,0,0,0,1,0,0,0,0,0,0,0,0,0,0,0,0,0,0,0,0,0,0,0,0,0,0,0,0,0,0,0,1,0,0,0,0,0,0,0,0,0,0,0,0,0,0,0,0,0,0
/media/michal/Pauli/masterdata/processed/paramtest/ds0_02mp_4500/annotated/rares/20140923/patrol_run_146/room_2/features/nonPlanes<pfhrgb_uniform_2015-05-18_22-23-35.pcd 0.546109 0.000943531 0.00263773 7 952,441,194,174,150,143,77 95,40,42,36,23,26,20 1,0,0,0,0,0,0 391248 751 3150 121 940 400 2715 82 886 390497,267,145,93,64,40,30,19,17,11,8,7,8,2,4,4,6,2,3,1,1,1,1,3,0,0,0,1,2,1,3,1,0,1,0,0,0,0,1,1,1,0,0,0,0,0,0,0,0,0,0,0,0,0,0,0,0,0,0,0,0,0,0,0,0,0,0,0,0,0,0,0,0,0,0,0,0,1,0,0,0,0,0,0,0,0,0,0,0,0,0,0,0,0,0,0,0,0,0,0,0,0,0,0,0,0,0,0,0,0,0,0,0,0,0,0,0,0,0,0,1 0,24,24,18,9,7,6,6,2,3,3,1,1,0,2,1,3,0,0,1,0,0,0,1,0,0,0,0,0,1,2,0,0,1,0,0,0,0,1,1,1,0,0,0,0,0,0,0,0,0,0,0,0,0,0,0,0,0,0,0,0,0,0,0,0,0,0,0,0,0,0,0,0,0,0,0,0,1,0,0,0,0,0,0,0,0,0,0,0,0,0,0,0,0,0,0,0,0,0,0,0,0,0,0,0,0,0,0,0,0,0,0,0,0,0,0,0,0,0,0,1 0,0,61,93,64,40,30,19,17,11,8,7,8,2,4,4,6,2,3,1,1,1,1,3,0,0,0,1,2,1,3,1,0,1,0,0,0,0,1,1,1,0,0,0,0,0,0,0,0,0,0,0,0,0,0,0,0,0,0,0,0,0,0,0,0,0,0,0,0,0,0,0,0,0,0,0,0,1,0,0,0,0,0,0,0,0,0,0,0,0,0,0,0,0,0,0,0,0,0,0,0,0,0,0,0,0,0,0,0,0,0,0,0,0,0,0,0,0,0,0,1 0,0,9,18,9,7,6,6,2,3,3,1,1,0,2,1,3,0,0,1,0,0,0,1,0,0,0,0,0,1,2,0,0,1,0,0,0,0,1,1,1,0,0,0,0,0,0,0,0,0,0,0,0,0,0,0,0,0,0,0,0,0,0,0,0,0,0,0,0,0,0,0,0,0,0,0,0,1,0,0,0,0,0,0,0,0,0,0,0,0,0,0,0,0,0,0,0,0,0,0,0,0,0,0,0,0,0,0,0,0,0,0,0,0,0,0,0,0,0,0,1
/media/michal/Pauli/masterdata/processed/paramtest/ds0_02mp_4500/annotated/rares/20140923/patrol_run_148/room_2/features/nonPlanes<pfhrgb_uniform_2015-05-18_22-23-42.pcd 0.495911 0.00098118 0.00222567 7 466,465,362,336,135,102,74 39,45,58,61,33,16,15 0,0,1,0,0,0,0 444246 774 3150 91 398 400 2690 57 358 443472,288,141,99,62,35,21,22,19,12,11,7,6,7,5,4,7,4,2,3,0,1,3,0,2,1,5,1,0,0,1,0,0,1,1,0,0,0,0,0,0,0,1,0,0,0,0,0,0,0,0,1,0,0,0,0,0,0,0,0,1 0,28,15,10,7,6,4,4,6,1,3,1,1,2,1,0,0,0,0,0,0,0,0,0,1,0,1,0,0,0,0,0,0,0,0,0,0,0,0,0,0,0,0,0,0,0,0,0,0,0,0,0,0,0,0,0,0,0,0,0,0 0,0,55,99,62,35,21,22,19,12,11,7,6,7,5,4,7,4,2,3,0,1,3,0,2,1,5,1,0,0,1,0,0,1,1,0,0,0,0,0,0,0,1,0,0,0,0,0,0,0,0,1,0,0,0,0,0,0,0,0,1 0,0,9,10,7,6,4,4,6,1,3,1,1,2,1,0,0,0,0,0,0,0,0,0,1,0,1,0,0,0,0,0,0,0,0,0,0,0,0,0,0,0,0,0,0,0,0,0,0,0,0,0,0,0,0,0,0,0,0,0,0
/media/michal/Pauli/masterdata/processed/paramtest/ds0_02mp_4500/annotated/rares/20140923/patrol_run_150/room_2/features/nonPlanes<pfhrgb_uniform_2015-05-18_22-23-50.pcd 0.654424 0.000995422 0.00215469 8 475,360,336,153,127,125,107,70 69,51,44,21,23,23,15,17 0,1,0,0,0,0,0,0 454740 834 3150 74 354 400 2604 43 311 453906,322,116,121,83,34,26,26,20,17,8,8,7,8,7,5,5,1,5,2,0,2,1,4,0,1,1,0,3,0,0,0,0,0,0,1 0,19,12,12,12,0,4,2,2,2,2,2,0,1,1,0,0,0,0,0,0,0,0,1,0,0,0,0,1,0,0,0,0,0,0,1 0,0,4,121,83,34,26,26,20,17,8,8,7,8,7,5,5,1,5,2,0,2,1,4,0,1,1,0,3,0,0,0,0,0,0,1 0,0,0,12,12,0,4,2,2,2,2,2,0,1,1,0,0,0,0,0,0,0,0,1,0,0,0,0,1,0,0,0,0,0,0,1
/media/michal/Pauli/masterdata/processed/paramtest/ds0_02mp_4500/annotated/rares/20140924/patrol_run_152/room_2/features/nonPlanes<pfhrgb_uniform_2015-05-18_22-23-57.pcd 0.598821 0.000842081 0.00195852 9 356,261,256,219,202,131,125,106,81 29,51,36,29,26,22,22,15,13 0,1,0,0,0,0,0,0,0 384087 812 3150 85 276 400 2623 43 221 383275,297,141,101,62,37,43,27,19,16,15,5,4,10,7,3,6,3,2,1,1,4,1,0,1,1,0,0,0,0,1,0,0,0,1,0,1,0,0,0,0,1,0,0,0,0,0,0,1 0,29,15,8,9,6,8,4,4,1,1,0,0,0,0,0,0,0,0,0,0,0,0,0,0,0,0,0,0,0,0,0,0,0,0,0,0,0,0,0,0,0,0,0,0,0,0,0,0 0,0,26,101,62,37,43,27,19,16,15,5,4,10,7,3,6,3,2,1,1,4,1,0,1,1,0,0,0,0,1,0,0,0,1,0,1,0,0,0,0,1,0,0,0,0,0,0,1 0,0,2,8,9,6,8,4,4,1,1,0,0,0,0,0,0,0,0,0,0,0,0,0,0,0,0,0,0,0,0,0,0,0,0,0,0,0,0,0,0,0,0,0,0,0,0,0,0
/media/michal/Pauli/masterdata/processed/paramtest/ds0_02mp_4500/annotated/rares/20140924/patrol_run_156/room_2/features/nonPlanes<pfhrgb_uniform_2015-05-18_22-24-04.pcd 0.697749 0.000864285 0.00290559 9 333,327,288,211,207,138,132,130,99 64,38,43,24,22,30,13,16,19 1,0,0,0,0,0,0,0,0 395010 786 3150 95 321 400 2662 51 258 394224,284,127,102,67,45,26,30,21,14,5,14,5,7,3,3,4,7,2,2,2,1,3,1,5,0,1,0,2,0,0,0,1,1,0,0,0,1 0,25,24,18,3,7,7,1,4,3,0,2,0,0,0,0,0,1,0,0,0,0,0,0,0,0,0,0,0,0,0,0,0,0,0,0,0,0 0,0,25,102,67,45,26,30,21,14,5,14,5,7,3,3,4,7,2,2,2,1,3,1,5,0,1,0,2,0,0,0,1,1,0,0,0,1 0,0,5,18,3,7,7,1,4,3,0,2,0,0,0,0,0,1,0,0,0,0,0,0,0,0,0,0,0,0,0,0,0,0,0,0,0,0
/media/michal/Pauli/masterdata/processed/paramtest/ds0_02mp_4500/annotated/rares/20140924/patrol_run_158/room_1/features/nonPlanes<pfhrgb_uniform_2015-05-18_22-24-11.pcd 0.570198 0.000965064 0.00313206 9 463,392,308,158,127,119,114,110,108 36,59,60,24,15,13,17,18,16 0,1,0,0,0,0,0,0,0 434214 756 3150 64 334 400 2730 44 310 433458,292,119,96,55,36,30,19,21,11,14,5,11,6,6,2,4,5,3,0,2,2,1,1,1,2,3,0,0,1,0,0,0,1,1,0,0,0,0,2,0,1,0,1,1,0,0,0,0,1 0,16,8,10,5,2,2,6,4,0,4,1,2,0,0,1,1,0,0,0,0,1,0,0,0,0,0,0,0,1,0,0,0,0,0,0,0,0,0,0,0,0,0,0,0,0,0,0,0,0 0,0,55,96,55,36,30,19,21,11,14,5,11,6,6,2,4,5,3,0,2,2,1,1,1,2,3,0,0,1,0,0,0,1,1,0,0,0,0,2,0,1,0,1,1,0,0,0,0,1 0,0,4,10,5,2,2,6,4,0,4,1,2,0,0,1,1,0,0,0,0,1,0,0,0,0,0,0,0,1,0,0,0,0,0,0,0,0,0,0,0,0,0,0,0,0,0,0,0,0
/media/michal/Pauli/masterdata/processed/paramtest/ds0_02mp_4500/annotated/rares/20140924/patrol_run_162/room_2/features/nonPlanes<pfhrgb_uniform_2015-05-18_22-24-18.pcd 0.615202 0.00101189 0.00244274 8 734,348,306,196,194,133,113,65 83,41,33,24,38,25,13,17 1,0,0,0,0,0,0,0 435600 736 3150 78 637 400 2764 64 621 434864,286,109,73,69,37,31,26,15,9,13,4,6,4,10,4,8,4,4,4,1,1,1,2,2,3,2,1,1,0,0,2,1,1,0,0,0,0,1,0,0,0,0,0,0,0,0,0,0,0,0,1 0,12,10,7,7,6,4,4,1,1,4,0,1,0,2,1,5,3,2,2,0,0,0,1,1,1,1,0,1,0,0,1,0,0,0,0,0,0,0,0,0,0,0,0,0,0,0,0,0,0,0,0 0,0,59,73,69,37,31,26,15,9,13,4,6,4,10,4,8,4,4,4,1,1,1,2,2,3,2,1,1,0,0,2,1,1,0,0,0,0,1,0,0,0,0,0,0,0,0,0,0,0,0,1 0,0,8,7,7,6,4,4,1,1,4,0,1,0,2,1,5,3,2,2,0,0,0,1,1,1,1,0,1,0,0,1,0,0,0,0,0,0,0,0,0,0,0,0,0,0,0,0,0,0,0,0
/media/michal/Pauli/masterdata/processed/paramtest/ds0_02mp_4500/annotated/rares/20140924/patrol_run_164/room_1/features/nonPlanes<pfhrgb_uniform_2015-05-18_22-24-26.pcd 0.684182 0.00120288 0.00291439 8 587,584,168,158,144,95,92,46 56,64,36,21,14,14,21,12 1,0,0,0,0,0,0,0 425568 728 3150 78 606 400 2762 54 580 424840,268,125,88,53,40,34,17,11,6,18,9,9,10,0,4,8,0,4,2,2,0,2,3,1,0,2,1,2,1,4,1,0,0,0,0,0,0,0,0,0,0,0,0,0,0,0,0,1,0,0,0,0,0,0,0,0,0,0,0,0,0,1,0,0,0,0,0,0,0,0,0,0,0,1 0,22,8,9,3,6,8,1,2,0,3,0,2,4,0,1,1,0,0,1,0,0,1,0,1,0,0,0,0,0,3,0,0,0,0,0,0,0,0,0,0,0,0,0,0,0,0,0,0,0,0,0,0,0,0,0,0,0,0,0,0,0,1,0,0,0,0,0,0,0,0,0,0,0,1 0,0,65,88,53,40,34,17,11,6,18,9,9,10,0,4,8,0,4,2,2,0,2,3,1,0,2,1,2,1,4,1,0,0,0,0,0,0,0,0,0,0,0,0,0,0,0,0,1,0,0,0,0,0,0,0,0,0,0,0,0,0,1,0,0,0,0,0,0,0,0,0,0,0,1 0,0,6,9,3,6,8,1,2,0,3,0,2,4,0,1,1,0,0,1,0,0,1,0,1,0,0,0,0,0,3,0,0,0,0,0,0,0,0,0,0,0,0,0,0,0,0,0,0,0,0,0,0,0,0,0,0,0,0,0,0,0,1,0,0,0,0,0,0,0,0,0,0,0,1
/media/michal/Pauli/masterdata/processed/paramtest/ds0_02mp_4500/annotated/rares/20140924/patrol_run_166/room_2/features/nonPlanes<pfhrgb_uniform_2015-05-18_22-24-33.pcd 0.599213 0.000921638 0.00204187 8 593,475,212,167,138,112,66,59 73,38,29,34,20,21,15,13 1,0,0,0,0,0,0,0 411642 802 3150 62 450 400 2678 47 435 410840,332,127,85,77,35,31,22,10,13,5,9,3,11,4,6,6,0,2,4,2,1,0,3,0,1,0,1,1,2,0,1,0,2,0,3,0,0,0,1,0,0,0,0,0,1,0,0,0,0,0,0,0,1 0,15,7,8,8,2,4,4,0,1,1,1,1,0,1,1,0,0,0,2,0,0,0,0,0,0,0,1,0,1,0,1,0,1,0,1,0,0,0,1,0,0,0,0,0,0,0,0,0,0,0,0,0,0 0,0,57,85,77,35,31,22,10,13,5,9,3,11,4,6,6,0,2,4,2,1,0,3,0,1,0,1,1,2,0,1,0,2,0,3,0,0,0,1,0,0,0,0,0,1,0,0,0,0,0,0,0,1 0,0,7,8,8,2,4,4,0,1,1,1,1,0,1,1,0,0,0,2,0,0,0,0,0,0,0,1,0,1,0,1,0,1,0,1,0,0,0,1,0,0,0,0,0,0,0,0,0,0,0,0,0,0
