228745 3507 0 1.12055
232248 3524 0 1.00638
209814 3092 0 0.712993
218177 3577 0 0.807682
254562 3770 0 0.929829
208815 3653 0 0.7455
276046 3881 0 1.35074
247696 1708 0 0.745425
206078 3264 0 1.00429
173613 3454 0 0.994818
242021 3681 0 1.11567
273917 4151 0 1.26434
221026 3442 0 1.11908
325980 4428 0 1.70613
286321 4031 0 1.40727
256995 3704 0 1.51441
272279 4153 0 1.35135
265982 3427 0 1.25565
208894 3115 0 0.848078
242932 3451 0 1.01224
223740 3181 0 0.923813
201009 3240 0 0.869124
179322 3056 0 0.767358
194654 3208 0 0.825838
207481 3616 0 1.00939
236736 3354 0 0.985521
216224 3505 0 1.14158
316455 4238 0 1.92675
310514 3937 0 1.54731
255360 3793 0 1.30002
248766 3607 0 1.24197
313832 4080 0 1.52284
247024 3764 0 1.09363
315718 4288 0 1.83103
289423 4201 0 1.3651
289112 3832 0 1.28782
268484 3784 0 1.4422
269225 3717 0 1.02523
300024 4276 0 1.21524
242735 3968 0 0.913385
217353 3673 0 0.802264
270039 2963 0 1.08086
274894 3837 0 1.61028
304123 3928 0 1.70345
248504 3926 0 1.18911
302871 4370 0 1.56507
286933 4326 0 1.45851
276847 2513 0 1.07251
360015 4728 0 1.81465
204094 3216 0 0.937449
256669 3519 0 1.16536
214195 3327 0 0.914958
203775 3279 0 0.926135
299966 4119 0 1.38832
247258 3661 0 1.33654
260375 3585 0 1.35381
249627 3453 0 0.984731
282871 3590 0 1.02372
307320 4084 0 1.13746
219987 1171 0 0.324962
222835 3813 0 1.00705
237610 3658 0 1.10008
280171 3957 0 1.35553
299285 4103 0 1.1863
235284 3354 0 0.817251
240647 3660 0 1.03173
273465 3701 0 1.42039
219110 3397 0 0.927213
211482 3317 0 0.890269
214959 3229 0 1.07614
211942 3510 0 0.967741
251332 3855 0 1.208
205951 3123 0 0.909928
203227 3117 0 0.893835
265381 3754 0 1.17469
177840 3105 0 0.853346
197349 2918 0 0.867882
191488 3178 0 0.96409
183425 3115 0 0.801718
220487 3508 0 0.974778
194771 3161 0 0.966508
189585 3141 0 0.908305
190949 3203 0 0.838837
194056 3453 0 0.966209
228745 3723 0 1.75444
232248 3871 0 1.65386
209814 3431 0 1.42654
218177 3418 0 1.42401
254562 3773 0 2.13735
208815 3350 0 1.4486
276046 4035 0 2.28384
247696 3748 0 1.7953
206078 3124 0 1.711
173613 2918 0 1.66918
242021 3691 0 1.67619
273917 4219 0 2.18781
221026 3537 0 1.80251
325980 4628 0 2.59024
286321 4326 0 2.06442
256995 3864 0 1.86721
272279 4234 0 1.82345
265982 3952 0 2.06706
208894 3259 0 1.40323
242932 3937 0 1.64745
223740 3621 0 1.51485
201009 3394 0 1.42875
179322 3000 0 0.97099
194654 3203 0 1.27496
207481 3350 0 1.57921
236736 3846 0 1.51625
216224 3386 0 1.59012
316455 4557 0 2.31089
228745 19290 0 2.60194
232248 19673 0 2.77004
209814 18423 0 2.12056
218177 18592 0 2.72576
254562 20114 0 3.08269
208815 18096 0 2.28345
276046 21149 0 3.22122
247696 20170 0 2.6095
206078 17250 0 2.37077
173613 15536 0 1.9258
242021 19770 0 2.66971
273917 19962 0 3.30579
221026 18549 0 2.55131
325980 22937 0 3.96888
286321 21387 0 3.57036
256995 20047 0 3.36908
272279 21023 0 3.16927
265982 20160 0 3.3056
208894 17887 0 2.45858
242932 19625 0 2.99265
223740 18465 0 2.59914
201009 17144 0 2.08476
179322 16154 0 1.52401
194654 17211 0 1.89445
207481 17332 0 2.327
236736 19353 0 2.0821
216224 18519 0 2.67389
316455 23203 0 3.26426
310514 22488 0 3.11072
255360 20275 0 2.50461
248766 19378 0 2.49773
313832 22799 0 3.04186
247024 19688 0 2.34585
315718 22727 0 3.90145
289423 21759 0 3.29269
289112 21536 0 3.09614
268484 20868 0 3.50695
269225 20303 0 3.4356
300024 22380 0 2.89991
242735 20145 0 2.09037
217353 18661 0 2.18848
270039 20606 0 3.18457
274894 21068 0 3.59904
304123 22830 0 3.81687
248504 19749 0 2.19514
302871 21740 0 3.68376
286933 20780 0 3.18506
276847 21236 0 3.12921
360015 25911 0 3.42106
204094 18212 0 1.90498
256669 20547 0 2.91966
214195 18166 0 2.6404
203775 17306 0 2.2905
299966 22384 0 3.487
247258 20537 0 2.83589
260375 20554 0 3.03043
249627 20077 0 2.33355
282871 20781 0 2.79848
307320 23034 0 3.58652
219987 19261 0 2.31423
222835 18816 0 2.4414
237610 19488 0 2.66321
280171 21705 0 3.59702
299285 22790 0 3.60253
235284 19521 0 2.63464
240647 21360 0 2.95534
273465 20956 0 3.06846
219110 18624 0 2.42055
211482 18010 0 1.88697
214959 17967 0 1.93932
211942 18426 0 1.82634
251332 20069 0 2.41687
205951 17711 0 1.89511
203227 17316 0 1.97614
265381 21403 0 2.57659
177840 15817 0 1.57078
197349 17193 0 1.70795
191488 16936 0 1.97524
183425 16189 0 1.9402
220487 18145 0 2.66516
194771 17113 0 2.06301
189585 16531 0 1.928
190949 17387 0 2.03938
194056 17714 0 2.28894
228745 624 0 0.45228
232248 621 0 0.406128
209814 669 0 0.439811
218177 647 0 0.468441
254562 619 0 0.489584
208815 611 0 0.371191
276046 607 0 0.436141
247696 489 0 0.345344
206078 602 0 0.211917
173613 578 0 0.195809
242021 614 0 0.216413
273917 582 0 0.274889
221026 606 0 0.337493
325980 627 0 0.53916
286321 615 0 0.466419
256995 597 0 0.259125
272279 587 0 0.266866
265982 598 0 0.301566
208894 656 0 0.459972
242932 621 0 0.279193
223740 575 0 0.397795
201009 569 0 0.350971
179322 560 0 0.185835
194654 563 0 0.237047
207481 604 0 0.28067
236736 617 0 0.240426
216224 588 0 0.328752
316455 682 0 0.532802
310514 615 0 0.47564
255360 576 0 0.359388
248766 565 0 0.371921
313832 612 0 0.501722
247024 586 0 0.405915
315718 580 0 0.439383
289423 631 0 0.276062
289112 617 0 0.271096
268484 567 0 0.370421
269225 556 0 0.41259
300024 617 0 0.537802
242735 601 0 0.44156
217353 590 0 0.245423
270039 581 0 0.42482
274894 602 0 0.466134
304123 655 0 0.449385
248504 566 0 0.389495
302871 591 0 0.443192
286933 572 0 0.517649
276847 554 0 0.429191
360015 682 0 0.432262
204094 600 0 0.313036
256669 562 0 0.375308
214195 597 0 0.245478
203775 551 0 0.326792
299966 629 0 0.499701
247258 677 0 0.403675
260375 577 0 0.401122
249627 665 0 0.420868
282871 645 0 0.50194
307320 658 0 0.530873
219987 405 0 0.310651
222835 654 0 0.297589
237610 647 0 0.410044
280171 659 0 0.499482
299285 691 0 0.506356
235284 645 0 0.401005
240647 687 0 0.419778
273465 644 0 0.517543
219110 632 0 0.25574
211482 636 0 0.247277
214959 580 0 0.206568
211942 606 0 0.220204
251332 622 0 0.471472
205951 613 0 0.379615
203227 613 0 0.330287
265381 651 0 0.274635
177840 568 0 0.286717
197349 616 0 0.310247
191488 578 0 0.297253
183425 558 0 0.283791
220487 589 0 0.339873
194771 585 0 0.31896
189585 603 0 0.302016
190949 591 0 0.30318
194056 624 0 0.293828
