228745 3723 0 1.75444
232248 3871 0 1.65386
209814 3431 0 1.42654
218177 3418 0 1.42401
254562 3773 0 2.13735
208815 3350 0 1.4486
276046 4035 0 2.28384
247696 3748 0 1.7953
206078 3124 0 1.711
173613 2918 0 1.66918
242021 3691 0 1.67619
273917 4219 0 2.18781
221026 3537 0 1.80251
325980 4628 0 2.59024
286321 4326 0 2.06442
256995 3864 0 1.86721
272279 4234 0 1.82345
265982 3952 0 2.06706
208894 3259 0 1.40323
242932 3937 0 1.64745
223740 3621 0 1.51485
201009 3394 0 1.42875
179322 3000 0 0.97099
194654 3203 0 1.27496
207481 3350 0 1.57921
236736 3846 0 1.51625
216224 3386 0 1.59012
316455 4557 0 2.31089
228745 3723 0 7.30686
232248 3871 0 6.44933
209814 3431 0 4.89862
218177 3418 0 5.10212
254562 3773 0 4.58286
208815 3350 0 2.88762
276046 4035 0 3.71993
247696 3748 0 2.74116
206078 3124 0 2.3631
173613 2918 0 4.33657
242021 3691 0 3.20971
273917 4219 0 6.02689
221026 3537 0 6.45946
325980 4628 0 8.51967
286321 4326 0 5.069
256995 3864 0 8.20391
272279 4234 0 5.61027
265982 3952 0 3.63954
208894 3259 0 3.10372
242932 3937 0 3.49631
223740 3621 0 4.80466
201009 3394 0 3.38555
179322 3000 0 3.48956
194654 3203 0 3.13752
207481 3350 0 5.47049
236736 3846 0 3.48305
216224 3386 0 3.06136
316455 4557 0 4.36332
310514 4237 0 5.44122
255360 3888 0 3.75226
248766 3446 0 4.97379
313832 4446 0 9.81644
247024 3556 0 5.84676
315718 4382 0 10.3686
289423 4166 0 8.34221
289112 4045 0 8.19555
268484 3975 0 8.04152
269225 4014 0 7.84475
300024 4413 0 10.52
242735 3869 0 4.78328
217353 3358 0 2.29159
270039 3814 0 3.30293
274894 3957 0 3.34729
304123 4433 0 3.85194
248504 3838 0 2.87214
302871 4285 0 3.82369
286933 4276 0 3.62365
276847 4201 0 3.19669
360015 5540 0 4.66657
204094 3258 0 2.07842
256669 3931 0 2.99946
214195 3450 0 2.3045
203775 3354 0 2.2558
299966 4527 0 3.69528
247258 3952 0 2.79954
260375 3956 0 8.21189
249627 3942 0 7.76139
282871 3969 0 9.46392
307320 4544 0 10.8755
219987 3534 0 6.22371
222835 3507 0 6.94395
237610 3824 0 7.60395
280171 4254 0 8.40876
299285 4535 0 4.28717
235284 3693 0 2.53562
240647 3841 0 2.4911
273465 3969 0 8.74045
219110 3549 0 6.63007
211482 3508 0 2.27721
214959 3285 0 2.3532
211942 3323 0 5.74314
251332 3998 0 7.68642
205951 3224 0 5.13534
203227 3289 0 2.35534
265381 4361 0 3.26689
177840 2962 0 1.83072
197349 3194 0 1.99783
191488 3144 0 2.00949
183425 3112 0 1.94986
220487 3624 0 2.92508
194771 3128 0 2.04508
189585 3192 0 2.81772
190949 3264 0 5.52691
194056 3387 0 5.42083
228745 3723 0 0.26759
232248 3871 0 0.508454
209814 3431 0 0.445061
218177 3418 0 0.473686
254562 3773 0 0.528268
208815 3350 0 0.225485
276046 4035 0 0.585086
247696 3748 0 0.491126
206078 3124 0 0.398614
173613 2918 0 0.165111
242021 3691 0 0.235634
273917 4219 0 0.295567
221026 3537 0 0.221124
325980 4628 0 0.32901
286321 4326 0 0.291137
256995 3864 0 0.577424
272279 4234 0 0.59891
265982 3952 0 0.547366
208894 3259 0 0.429237
242932 3937 0 0.521345
223740 3621 0 0.52184
201009 3394 0 0.431721
179322 3000 0 0.364349
194654 3203 0 0.4366
207481 3350 0 0.424712
236736 3846 0 0.508137
216224 3386 0 0.463615
316455 4557 0 0.727445
310514 4237 0 0.716403
255360 3888 0 0.522363
248766 3446 0 0.267995
313832 4446 0 0.69459
247024 3556 0 0.54238
315718 4382 0 0.306046
289423 4166 0 0.33241
289112 4045 0 0.603355
268484 3975 0 0.570657
269225 4014 0 0.571059
300024 4413 0 0.545245
242735 3869 0 0.228042
217353 3358 0 0.472954
270039 3814 0 0.555304
274894 3957 0 0.592668
304123 4433 0 0.617897
248504 3838 0 0.590575
302871 4285 0 0.652605
286933 4276 0 0.6104
276847 4201 0 0.577536
360015 5540 0 0.760473
204094 3258 0 0.442962
256669 3931 0 0.515707
214195 3450 0 0.475048
203775 3354 0 0.416919
299966 4527 0 0.335933
247258 3952 0 0.380329
260375 3956 0 0.490489
249627 3942 0 0.514358
282871 3969 0 0.626603
307320 4544 0 0.391209
219987 3534 0 0.457256
222835 3507 0 0.474292
237610 3824 0 0.509991
280171 4254 0 0.611662
299285 4535 0 0.694316
235284 3693 0 0.264808
240647 3841 0 0.234022
273465 3969 0 0.311425
219110 3549 0 0.239168
211482 3508 0 0.2233
214959 3285 0 0.435193
211942 3323 0 0.432478
251332 3998 0 0.537475
205951 3224 0 0.438874
203227 3289 0 0.422146
265381 4361 0 0.557586
177840 2962 0 0.386505
197349 3194 0 0.268875
191488 3144 0 0.378255
183425 3112 0 0.29035
220487 3624 0 0.421159
194771 3128 0 0.254335
189585 3192 0 0.300959
190949 3264 0 0.432482
194056 3387 0 0.436565
228745 3723 0 2.95113
232248 3871 0 2.00378
209814 3431 0 1.45247
218177 3418 0 1.53771
254562 3773 0 1.91496
208815 3350 0 1.53335
276046 4035 0 3.93676
247696 3748 0 2.56398
206078 3124 0 3.05904
173613 2918 0 3.24997
242021 3691 0 2.9388
273917 4219 0 2.42537
221026 3537 0 1.71387
325980 4628 0 3.67654
286321 4326 0 4.63382
256995 3864 0 4.13647
272279 4234 0 2.78724
265982 3952 0 2.21844
208894 3259 0 1.48402
242932 3937 0 1.88551
223740 3621 0 2.23776
201009 3394 0 3.32394
179322 3000 0 3.01921
194654 3203 0 3.59955
207481 3350 0 3.91961
236736 3846 0 4.2525
216224 3386 0 2.5468
316455 4557 0 5.01965
310514 4237 0 6.60747
255360 3888 0 5.5168
248766 3446 0 4.78215
313832 4446 0 6.58276
247024 3556 0 1.84863
315718 4382 0 2.92607
289423 4166 0 6.3105
289112 4045 0 4.15571
268484 3975 0 5.12839
269225 4014 0 4.14366
300024 4413 0 2.71036
242735 3869 0 2.0706
217353 3358 0 1.74727
270039 3814 0 2.5045
274894 3957 0 2.87383
304123 4433 0 2.6886
248504 3838 0 4.42181
302871 4285 0 6.27385
286933 4276 0 6.66406
276847 4201 0 4.77489
360015 5540 0 5.13732
204094 3258 0 2.54361
256669 3931 0 5.0879
214195 3450 0 2.80698
203775 3354 0 3.44084
299966 4527 0 4.76871
247258 3952 0 2.67559
260375 3956 0 5.48806
249627 3942 0 2.12652
282871 3969 0 4.64897
307320 4544 0 6.49706
219987 3534 0 1.5735
222835 3507 0 1.57804
237610 3824 0 1.98099
280171 4254 0 3.56027
299285 4535 0 5.28848
235284 3693 0 4.86731
240647 3841 0 3.23777
273465 3969 0 2.41184
219110 3549 0 3.78466
211482 3508 0 4.15846
214959 3285 0 4.28752
211942 3323 0 2.17627
251332 3998 0 3.87348
205951 3224 0 2.95137
203227 3289 0 1.54152
265381 4361 0 2.20499
177840 2962 0 1.22232
197349 3194 0 1.34131
191488 3144 0 1.29801
183425 3112 0 1.27335
220487 3624 0 1.68266
194771 3128 0 1.42575
189585 3192 0 2.58269
190949 3264 0 3.6336
194056 3387 0 2.89014
228745 3723 3.73714 0.429227
232248 3871 8.79238 0.403141
209814 3431 8.06468 0.386822
218177 3418 7.81179 0.412201
254562 3773 5.28431 0.209062
208815 3350 8.80075 0.389197
276046 4035 8.23306 0.523486
247696 3748 5.52711 0.259892
206078 3124 2.98151 0.167064
173613 2918 5.4551 0.318655
242021 3691 7.99473 0.503115
273917 4219 9.95806 0.514282
221026 3537 7.19443 0.215628
325980 4628 15.3927 0.429394
286321 4326 8.45428 0.241376
256995 3864 3.88587 0.202496
272279 4234 9.2032 0.264598
265982 3952 4.48999 0.242734
208894 3259 3.23396 0.194354
242932 3937 7.01208 0.45892
223740 3621 5.2402 0.194266
201009 3394 5.79371 0.173814
179322 3000 2.87312 0.166609
194654 3203 8.15203 0.374703
207481 3350 3.1855 0.184748
236736 3846 7.03687 0.398877
216224 3386 8.98235 0.389492
316455 4557 13.69 0.595198
310514 4237 13.9175 0.531208
255360 3888 9.58037 0.222463
248766 3446 8.49612 0.235725
313832 4446 10.5732 0.258828
247024 3556 10.4753 0.46377
315718 4382 14.0672 0.287965
289423 4166 10.9409 0.53429
289112 4045 9.28008 0.53867
268484 3975 6.77449 0.248082
269225 4014 8.12263 0.492124
300024 4413 7.00526 0.586583
242735 3869 8.61328 0.45688
217353 3358 8.79899 0.387971
270039 3814 10.967 0.226419
274894 3957 12.0644 0.389249
304123 4433 5.24598 0.25245
248504 3838 3.74973 0.214616
302871 4285 8.27222 0.385292
286933 4276 7.02528 0.291386
276847 4201 6.64813 0.253138
360015 5540 9.23139 0.320567
204094 3258 7.39739 0.382313
256669 3931 8.00475 0.217846
214195 3450 4.29099 0.192809
203775 3354 3.15801 0.191101
299966 4527 11.4805 0.571363
247258 3952 8.03678 0.465429
260375 3956 9.09357 0.237704
249627 3942 10.6806 0.474218
282871 3969 12.6644 0.519263
307320 4544 12.8753 0.517292
219987 3534 7.809 0.252227
222835 3507 6.90342 0.23558
237610 3824 5.63479 0.25568
280171 4254 8.61284 0.25173
299285 4535 9.4759 0.578261
235284 3693 8.79019 0.227478
240647 3841 9.3269 0.464461
273465 3969 11.2856 0.528506
219110 3549 9.06835 0.309099
211482 3508 5.87002 0.193656
214959 3285 7.76299 0.424971
211942 3323 6.71198 0.412437
251332 3998 9.81776 0.454257
205951 3224 8.36641 0.355615
203227 3289 8.02057 0.370875
265381 4361 6.41299 0.244657
177840 2962 4.3922 0.159959
197349 3194 6.91622 0.369555
191488 3144 7.62844 0.36032
183425 3112 5.13455 0.315182
220487 3624 6.5024 0.434654
194771 3128 7.4607 0.435595
189585 3192 3.61173 0.227853
190949 3264 7.30885 0.260083
194056 3387 4.36165 0.38668
