228745 3507 4.48921 0.248217
232248 3524 1.70852 0.182383
209814 3092 1.44994 0.160131
218177 3577 1.61342 0.169144
254562 3770 1.96647 0.201162
208815 3653 1.57575 0.189498
276046 3881 2.16323 0.223164
247696 1708 3.59298 0.495968
206078 3264 3.49967 0.386787
173613 3454 1.27024 0.150559
242021 3681 4.7744 0.449156
273917 4151 2.80633 0.241478
221026 3442 1.61673 0.187033
325980 4428 6.97531 0.59846
286321 4031 5.91436 0.424903
256995 3704 5.38253 0.277967
272279 4153 6.09563 0.493804
265982 3427 5.70615 0.475528
208894 3115 3.50619 0.416789
242932 3451 4.81201 0.243621
223740 3181 3.61716 0.414996
201009 3240 3.57049 0.236829
179322 3056 2.90691 0.343952
194654 3208 4.08333 0.405215
207481 3616 4.12016 0.374198
236736 3354 4.0399 0.425183
216224 3505 4.71797 0.355834
316455 4238 7.10787 0.595159
310514 3937 4.84907 0.344357
255360 3793 2.61308 0.304782
248766 3607 3.68796 0.327507
313832 4080 2.80326 0.252963
247024 3764 3.47897 0.206854
315718 4288 5.06361 0.312547
289423 4201 6.87142 0.52531
289112 3832 2.68886 0.243191
268484 3784 4.74609 0.493088
269225 3717 3.4831 0.24885
300024 4276 2.47129 0.243242
242735 3968 1.83463 0.457144
217353 3673 4.51358 0.46857
270039 2963 5.31139 0.526763
274894 3837 2.85393 0.222303
304123 3928 3.31203 0.246478
248504 3926 2.1843 0.522413
302871 4370 5.80991 0.555857
286933 4326 5.79555 0.2665
276847 2513 1.92249 0.250879
360015 4728 5.64545 0.355647
204094 3216 1.94608 0.187815
256669 3519 6.04078 0.495649
214195 3327 4.71181 0.382093
203775 3279 4.48224 0.375439
299966 4119 6.81129 0.548635
247258 3661 5.31314 0.468594
260375 3585 5.27706 0.519822
249627 3453 3.68701 0.423969
282871 3590 3.50454 0.353584
307320 4084 4.76504 0.41672
219987 1171 2.43386 0.350894
222835 3813 2.22161 0.202776
237610 3658 4.65468 0.433152
280171 3957 5.60657 0.393506
299285 4103 6.11549 0.560003
235284 3354 3.73909 0.46188
240647 3660 2.47487 0.221579
273465 3701 5.43898 0.45091
219110 3397 1.80024 0.410369
211482 3317 4.23037 0.395387
214959 3229 4.67092 0.202502
211942 3510 4.28056 0.427443
251332 3855 5.22955 0.452892
205951 3123 2.96629 0.175668
203227 3117 3.64754 0.291251
265381 3754 4.61478 0.449142
177840 3105 2.80406 0.357073
197349 2918 3.858 0.289053
191488 3178 3.95519 0.350988
183425 3115 1.90247 0.250335
220487 3508 3.9743 0.45246
194771 3161 2.8688 0.183737
189585 3141 3.75817 0.389876
190949 3203 3.17701 0.358092
194056 3453 3.49576 0.396711
228745 624 1.71225 0.251178
232248 621 1.59809 0.182724
209814 669 1.55458 0.209905
218177 647 1.32109 0.23911
254562 619 1.50531 0.239698
208815 611 1.42276 0.248263
276046 607 1.69805 0.249814
247696 489 1.4216 0.322706
206078 602 1.31757 0.193129
173613 578 0.951803 0.156097
242021 614 1.61522 0.212867
273917 582 1.53489 0.275904
221026 606 1.72254 0.33033
325980 627 2.51661 0.364318
286321 615 1.83682 0.435006
256995 597 1.64599 0.448145
272279 587 2.65623 0.424679
265982 598 2.96077 0.448238
208894 656 2.53069 0.337635
242932 621 2.70435 0.36068
223740 575 0.910537 0.149806
201009 569 2.20573 0.28863
179322 560 1.88065 0.233238
194654 563 1.92618 0.312896
207481 604 2.11834 0.347258
236736 617 2.73235 0.387869
216224 588 1.88492 0.241401
316455 682 3.31254 0.269962
310514 615 1.98064 0.270473
255360 576 1.64143 0.23194
248766 565 1.83628 0.247123
313832 612 2.20383 0.364197
247024 586 1.90308 0.291607
315718 580 2.1144 0.391976
289423 631 1.92466 0.37649
289112 617 2.06252 0.317148
268484 567 1.87904 0.295191
269225 556 1.76951 0.28861
300024 617 2.11286 0.319232
242735 601 1.65718 0.27827
217353 590 2.08037 0.317727
270039 581 2.28838 0.35727
274894 602 2.63233 0.36001
304123 655 2.81538 0.433156
248504 566 2.06112 0.420572
302871 591 2.80447 0.453384
286933 572 1.16077 0.209737
276847 554 2.60863 0.407183
360015 682 1.45172 0.255125
204094 600 1.9947 0.301115
256669 562 1.95622 0.365959
214195 597 2.18207 0.32497
203775 551 0.89067 0.153306
299966 629 3.13387 0.463138
247258 677 2.4993 0.318085
260375 577 1.08764 0.168629
249627 665 2.34871 0.36154
282871 645 2.15413 0.463742
307320 658 3.17886 0.257976
219987 405 2.66611 0.351093
222835 654 2.41941 0.342973
237610 647 2.18866 0.248184
280171 659 1.45361 0.186377
299285 691 3.31461 0.438739
235284 645 2.81108 0.363955
240647 687 1.95546 0.150573
273465 644 1.92395 0.171864
219110 632 0.933927 0.138733
211482 636 1.43037 0.127897
214959 580 2.51677 0.353215
211942 606 1.64915 0.363607
251332 622 2.93966 0.440721
205951 613 0.890867 0.140723
203227 613 2.52041 0.336143
265381 651 1.5481 0.175424
177840 568 1.3731 0.113955
197349 616 0.84273 0.125697
191488 578 0.830814 0.119213
183425 558 2.22391 0.203946
220487 589 1.82129 0.369764
194771 585 2.31401 0.319678
189585 603 0.76762 0.125658
190949 591 2.24439 0.307352
194056 624 0.828893 0.119759
228745 19290 0.0219612 0.51865
232248 19673 0.0218974 0.461268
209814 18423 0.0197191 0.429174
218177 18592 0.0264574 0.49188
254562 20114 0.0215879 0.494231
208815 18096 0.0181794 0.4334
276046 21149 0.0317534 0.549299
247696 20170 0.0314871 0.473726
206078 17250 0.018418 0.410345
173613 15536 0.0157024 0.360543
242021 19770 0.0224718 0.521696
273917 19962 0.0237122 0.573438
221026 18549 0.0195244 0.449071
325980 22937 0.0410093 0.700757
286321 21387 0.0246312 0.521547
256995 20047 0.022882 0.545391
272279 21023 0.0242453 0.537198
265982 20160 0.0285291 0.503449
208894 17887 0.018311 0.643912
242932 19625 0.0292323 0.510938
223740 18465 0.0199362 0.450318
201009 17144 0.0176861 0.392762
179322 16154 0.0149995 0.431844
194654 17211 0.0310811 0.808845
207481 17332 0.0205372 0.393105
236736 19353 0.0207956 0.498936
216224 18519 0.0197272 0.429469
316455 23203 0.0271339 0.654525
310514 22488 0.0275549 0.634923
255360 20275 0.0224743 0.756823
248766 19378 0.021416 0.482893
313832 22799 0.0281021 0.587982
247024 19688 0.0219754 0.545041
315718 22727 0.0270301 0.606127
289423 21759 0.0250179 0.580277
289112 21536 0.0256967 0.653243
268484 20868 0.0226475 0.605062
269225 20303 0.0227088 0.536785
300024 22380 0.0651177 0.576332
242735 20145 0.0216118 0.513876
217353 18661 0.0493515 0.790114
270039 20606 0.0230694 0.580002
274894 21068 0.0241381 0.604279
304123 22830 0.0267362 0.622269
248504 19749 0.0221798 0.534045
302871 21740 0.0260143 0.646934
286933 20780 0.0278578 0.921331
276847 21236 0.0248617 0.512062
360015 25911 0.030798 0.713424
204094 18212 0.0179011 0.444231
256669 20547 0.0224851 0.547021
214195 18166 0.0477735 0.465719
203775 17306 0.0184145 0.423248
299966 22384 0.025368 0.578741
247258 20537 0.0213563 0.536215
260375 20554 0.0235455 0.545195
249627 20077 0.0233643 0.52549
282871 20781 0.0247059 0.550176
307320 23034 0.0711359 0.625254
219987 19261 0.0203336 0.460626
222835 18816 0.019603 0.462664
237610 19488 0.0208869 0.488718
280171 21705 0.0243876 0.619739
299285 22790 0.0257999 0.568464
235284 19521 0.021512 0.493447
240647 21360 0.0539778 0.558535
273465 20956 0.0627913 0.710936
219110 18624 0.0213563 0.487667
211482 18010 0.0197484 0.439636
214959 17967 0.0192117 0.441201
211942 18426 0.0203398 0.433153
251332 20069 0.0226574 0.540335
205951 17711 0.0192515 0.422709
203227 17316 0.0188595 0.441208
265381 21403 0.0232756 0.502228
177840 15817 0.0162177 0.371229
197349 17193 0.0187633 0.830601
191488 16936 0.0191866 0.42616
183425 16189 0.0186346 0.419386
220487 18145 0.0205481 0.46867
194771 17113 0.0413064 0.441745
189585 16531 0.0179258 0.345871
190949 17387 0.0183732 0.421053
194056 17714 0.0182352 0.420485
228745 3723 3.73714 0.429227
232248 3871 8.79238 0.403141
209814 3431 8.06468 0.386822
218177 3418 7.81179 0.412201
254562 3773 5.28431 0.209062
208815 3350 8.80075 0.389197
276046 4035 8.23306 0.523486
247696 3748 5.52711 0.259892
206078 3124 2.98151 0.167064
173613 2918 5.4551 0.318655
242021 3691 7.99473 0.503115
273917 4219 9.95806 0.514282
221026 3537 7.19443 0.215628
325980 4628 15.3927 0.429394
286321 4326 8.45428 0.241376
256995 3864 3.88587 0.202496
272279 4234 9.2032 0.264598
265982 3952 4.48999 0.242734
208894 3259 3.23396 0.194354
242932 3937 7.01208 0.45892
223740 3621 5.2402 0.194266
201009 3394 5.79371 0.173814
179322 3000 2.87312 0.166609
194654 3203 8.15203 0.374703
207481 3350 3.1855 0.184748
236736 3846 7.03687 0.398877
216224 3386 8.98235 0.389492
316455 4557 13.69 0.595198
310514 4237 13.9175 0.531208
255360 3888 9.58037 0.222463
248766 3446 8.49612 0.235725
313832 4446 10.5732 0.258828
247024 3556 10.4753 0.46377
315718 4382 14.0672 0.287965
289423 4166 10.9409 0.53429
289112 4045 9.28008 0.53867
268484 3975 6.77449 0.248082
269225 4014 8.12263 0.492124
300024 4413 7.00526 0.586583
242735 3869 8.61328 0.45688
217353 3358 8.79899 0.387971
270039 3814 10.967 0.226419
274894 3957 12.0644 0.389249
304123 4433 5.24598 0.25245
248504 3838 3.74973 0.214616
302871 4285 8.27222 0.385292
286933 4276 7.02528 0.291386
276847 4201 6.64813 0.253138
360015 5540 9.23139 0.320567
204094 3258 7.39739 0.382313
256669 3931 8.00475 0.217846
214195 3450 4.29099 0.192809
203775 3354 3.15801 0.191101
299966 4527 11.4805 0.571363
247258 3952 8.03678 0.465429
260375 3956 9.09357 0.237704
249627 3942 10.6806 0.474218
282871 3969 12.6644 0.519263
307320 4544 12.8753 0.517292
219987 3534 7.809 0.252227
222835 3507 6.90342 0.23558
237610 3824 5.63479 0.25568
280171 4254 8.61284 0.25173
299285 4535 9.4759 0.578261
235284 3693 8.79019 0.227478
240647 3841 9.3269 0.464461
273465 3969 11.2856 0.528506
219110 3549 9.06835 0.309099
211482 3508 5.87002 0.193656
214959 3285 7.76299 0.424971
211942 3323 6.71198 0.412437
251332 3998 9.81776 0.454257
205951 3224 8.36641 0.355615
203227 3289 8.02057 0.370875
265381 4361 6.41299 0.244657
177840 2962 4.3922 0.159959
197349 3194 6.91622 0.369555
191488 3144 7.62844 0.36032
183425 3112 5.13455 0.315182
220487 3624 6.5024 0.434654
194771 3128 7.4607 0.435595
189585 3192 3.61173 0.227853
190949 3264 7.30885 0.260083
194056 3387 4.36165 0.38668
