228745 624 1.71225 0.251178
232248 621 1.59809 0.182724
209814 669 1.55458 0.209905
218177 647 1.32109 0.23911
254562 619 1.50531 0.239698
208815 611 1.42276 0.248263
276046 607 1.69805 0.249814
247696 489 1.4216 0.322706
206078 602 1.31757 0.193129
173613 578 0.951803 0.156097
242021 614 1.61522 0.212867
273917 582 1.53489 0.275904
221026 606 1.72254 0.33033
325980 627 2.51661 0.364318
286321 615 1.83682 0.435006
256995 597 1.64599 0.448145
272279 587 2.65623 0.424679
265982 598 2.96077 0.448238
208894 656 2.53069 0.337635
242932 621 2.70435 0.36068
223740 575 0.910537 0.149806
201009 569 2.20573 0.28863
179322 560 1.88065 0.233238
194654 563 1.92618 0.312896
207481 604 2.11834 0.347258
236736 617 2.73235 0.387869
216224 588 1.88492 0.241401
316455 682 3.31254 0.269962
310514 615 1.98064 0.270473
255360 576 1.64143 0.23194
248766 565 1.83628 0.247123
313832 612 2.20383 0.364197
247024 586 1.90308 0.291607
315718 580 2.1144 0.391976
289423 631 1.92466 0.37649
289112 617 2.06252 0.317148
268484 567 1.87904 0.295191
269225 556 1.76951 0.28861
300024 617 2.11286 0.319232
242735 601 1.65718 0.27827
217353 590 2.08037 0.317727
270039 581 2.28838 0.35727
274894 602 2.63233 0.36001
304123 655 2.81538 0.433156
248504 566 2.06112 0.420572
302871 591 2.80447 0.453384
286933 572 1.16077 0.209737
276847 554 2.60863 0.407183
360015 682 1.45172 0.255125
204094 600 1.9947 0.301115
256669 562 1.95622 0.365959
214195 597 2.18207 0.32497
203775 551 0.89067 0.153306
299966 629 3.13387 0.463138
247258 677 2.4993 0.318085
260375 577 1.08764 0.168629
249627 665 2.34871 0.36154
282871 645 2.15413 0.463742
307320 658 3.17886 0.257976
219987 405 2.66611 0.351093
222835 654 2.41941 0.342973
237610 647 2.18866 0.248184
280171 659 1.45361 0.186377
299285 691 3.31461 0.438739
235284 645 2.81108 0.363955
240647 687 1.95546 0.150573
273465 644 1.92395 0.171864
219110 632 0.933927 0.138733
211482 636 1.43037 0.127897
214959 580 2.51677 0.353215
211942 606 1.64915 0.363607
251332 622 2.93966 0.440721
205951 613 0.890867 0.140723
203227 613 2.52041 0.336143
265381 651 1.5481 0.175424
177840 568 1.3731 0.113955
197349 616 0.84273 0.125697
191488 578 0.830814 0.119213
183425 558 2.22391 0.203946
220487 589 1.82129 0.369764
194771 585 2.31401 0.319678
189585 603 0.76762 0.125658
190949 591 2.24439 0.307352
194056 624 0.828893 0.119759
