#/home/michal/Dropbox/study/university/kth/thesis/data/features/ds0,01/iter500/featuredata_fpfh_iss_2015-05-19_07-27-06.txt
382893 0 0 16.3716
403050 0 0 16.8788
360002 0 0 16.1614
417964 0 0 18.1236
465784 0 0 20.7707
360875 0 0 15.7597
368526 0 0 17.4577
349861 0 0 14.6702
424691 0 0 19.2154
339021 0 0 14.5187
335978 0 0 13.6314
433153 0 0 20.0419
332962 0 0 14.1688
399528 0 0 17.3074
386666 0 0 16.707
383856 0 0 16.7631
357230 0 0 16.1093
449652 0 0 19.719
444344 0 0 20.0193
414960 0 0 19.5303
352741 0 0 14.4206
394384 0 0 17.5027
307963 0 0 13.0465
351250 0 0 15.6368
320682 0 0 13.3704
359026 0 0 15.6026
376223 0 0 16.0532
438252 0 0 19.4456
465518 0 0 21.2534
406231 0 0 19.1456
408231 0 0 19.1855
372523 0 0 18.92
393802 0 0 19.5107
413193 0 0 20.2168
439090 0 0 22.1956
463637 0 0 18.915
426557 0 0 16.8058
407163 0 0 16.2763
374022 0 0 14.8183
378044 0 0 15.1914
415910 0 0 15.9404
399001 0 0 15.5624
368803 0 0 15.1466
407700 0 0 14.8093
404929 0 0 14.6619
402553 0 0 14.6958
338813 0 0 11.8467
349335 0 0 13.4768
372085 0 0 13.9927
367917 0 0 11.9081
402297 0 0 14.3683
368286 0 0 16.9474
345603 0 0 13.4949
390601 0 0 15.4573
307277 0 0 12.4372
415685 0 0 17.4899
376478 0 0 14.505
377404 0 0 14.9477
391320 0 0 16.2707
394159 0 0 16.4742
398942 0 0 15.5861
329650 0 0 13.2751
431037 0 0 17.9283
327323 0 0 13.321
412028 0 0 17.2846
475947 0 0 19.744
447767 0 0 18.3751
486395 0 0 19.4386
414497 0 0 18.0406
367051 0 0 14.3208
442242 0 0 16.9501
387424 0 0 16.1364
392263 0 0 14.9932
387718 0 0 16.4939
365134 0 0 13.8947
335961 0 0 12.8537
398211 0 0 15.6246
334990 0 0 15.1953
393477 0 0 17.6418
337377 0 0 14.3274
387641 0 0 15.6167
308669 0 0 11.8231
360264 0 0 15.7825
382482 0 0 15.3513
344219 0 0 14.2455
374773 0 0 15.0652
#/home/michal/Dropbox/study/university/kth/thesis/data/features/ds0,01/iter500/fixed_featuredata_fpfh_susan_2015-05-19_10-26-32.txt
382893 3197 0 7.42666
403050 3357 0 8.03747
360002 2946 0 7.20349
417964 3414 0 8.88868
465784 3845 0 10.3277
360875 2852 0 7.57497
368526 3327 0 7.70858
349861 2830 0 6.874
424691 1564 0 4.68661
339021 2792 0 6.44944
335978 3417 0 7.50021
433153 3402 0 9.66842
332962 3230 0 8.9411
399528 3320 0 8.40366
386666 3409 0 8.9787
383856 3002 0 7.14766
357230 3142 0 7.18501
449652 3675 0 9.67004
444344 3282 0 8.92465
414960 3061 0 8.48102
352741 2738 0 6.371
394384 2920 0 8.81721
307963 2666 0 6.12502
351250 2898 0 5.98215
320682 2841 0 4.92615
359026 3306 0 5.87551
376223 2851 0 4.8679
438252 3498 0 7.88764
465518 3725 0 10.3149
406231 3050 0 6.3922
408231 3267 0 7.64821
372523 2996 0 5.71761
393802 3120 0 6.6463
413193 3521 0 7.16789
439090 3470 0 8.87331
463637 3739 0 8.15246
426557 3324 0 7.29773
407163 3217 0 7.69567
374022 3013 0 7.43682
378044 3224 0 6.48869
415910 3515 0 7.54563
399001 3248 0 9.40634
368803 2510 0 6.07594
407700 3144 0 7.24899
404929 3191 0 6.82282
402553 3179 0 6.35168
338813 2973 0 6.0955
349335 3204 0 6.02442
372085 3376 0 6.04703
367917 2201 0 3.82308
402297 3256 0 6.15659
368286 2963 0 5.05306
345603 2735 0 4.98837
390601 3128 0 6.04102
307277 2726 0 5.20284
415685 3470 0 7.84887
376478 3063 0 5.66403
377404 3047 0 6.11264
391320 2955 0 6.3415
394159 3146 0 7.30514
398942 3227 0 6.28402
329650 1138 0 2.54897
431037 3778 0 7.60392
327323 3102 0 5.52606
412028 3292 0 7.02394
475947 3317 0 7.80049
447767 3359 0 8.84954
486395 3735 0 8.10001
414497 3086 0 6.68438
367051 2965 0 6.05186
442242 3450 0 7.29626
387424 3071 0 7.25852
392263 3372 0 6.66769
387718 3454 0 7.61305
365134 2780 0 6.8548
335961 2710 0 5.52948
398211 3049 0 6.12737
334990 2898 0 6.95135
393477 2989 0 8.31289
337377 3028 0 7.70572
387641 3194 0 6.56714
308669 2929 0 5.94508
360264 3075 0 6.69145
382482 3307 0 6.9543
344219 3015 0 8.21783
374773 3337 0 9.21538
#/home/michal/Dropbox/study/university/kth/thesis/data/features/ds0,01/iter500/fixed_featuredata_fpfh_sift_2015-05-19_11-14-52.txt
382893 607 0 1.2578
403050 643 0 1.48648
360002 624 0 1.83811
417964 667 0 1.98056
465784 639 0 2.10062
360875 602 0 1.63131
368526 551 0 1.52152
349861 615 0 1.51461
424691 482 0 1.51925
339021 576 0 1.45301
335978 571 0 1.37717
433153 585 0 1.73155
332962 547 0 1.38991
399528 613 0 1.69306
386666 608 0 1.51978
383856 573 0 1.79835
357230 544 0 1.30704
449652 594 0 1.98485
444344 606 0 2.16676
414960 623 0 2.11122
352741 591 0 1.89422
394384 618 0 1.81626
307963 561 0 1.25273
351250 553 0 1.31896
320682 548 0 1.35557
359026 620 0 1.60727
376223 601 0 1.87162
438252 609 0 1.90337
465518 649 0 2.06819
406231 570 0 1.74783
408231 577 0 1.77351
372523 549 0 1.44723
393802 599 0 1.68829
413193 575 0 1.69156
439090 546 0 1.90761
463637 634 0 1.96843
426557 613 0 1.57609
407163 583 0 1.54544
374022 548 0 1.34198
378044 598 0 1.43523
415910 612 0 1.80006
399001 568 0 1.67773
368803 529 0 1.36889
407700 568 0 1.5502
404929 581 0 1.5771
402553 640 0 1.5732
338813 551 0 1.27431
349335 562 0 1.4502
372085 550 0 1.43014
367917 525 0 1.35968
402297 657 0 1.74723
368286 574 0 1.45418
345603 559 0 1.43101
390601 569 0 1.60015
307277 530 0 1.36821
415685 603 0 1.96974
376478 637 0 1.60796
377404 583 0 1.54824
391320 625 0 1.71295
394159 656 0 1.82476
398942 608 0 1.73601
329650 423 0 0.977709
431037 649 0 1.83306
327323 564 0 1.34123
412028 643 0 2.074
475947 634 0 1.99478
447767 666 0 2.01477
486395 716 0 2.08783
414497 591 0 1.893
367051 592 0 1.53043
442242 646 0 1.97448
387424 575 0 1.75003
392263 585 0 1.71524
387718 670 0 1.88303
365134 573 0 1.45145
335961 590 0 1.57554
398211 652 0 1.89068
334990 538 0 1.62419
393477 630 0 1.74289
337377 548 0 1.41431
387641 560 0 1.73094
308669 557 0 1.27924
360264 567 0 1.62647
382482 580 0 1.87063
344219 609 0 1.84528
374773 630 0 1.7937
#/home/michal/Dropbox/study/university/kth/thesis/data/features/ds0,01/iter500/featuredata_fpfh_uniform_2015-05-19_02-46-45.txt
382893 0 0 16.1698
403050 0 0 17.3002
360002 0 0 15.9828
417964 0 0 17.9443
465784 0 0 20.2243
360875 0 0 16.0734
368526 0 0 16.856
349861 0 0 15.1159
424691 0 0 18.5138
339021 0 0 14.4976
335978 0 0 13.4843
433153 0 0 20.2348
332962 0 0 13.9539
399528 0 0 17.1982
386666 0 0 16.6133
383856 0 0 16.4942
357230 0 0 15.2714
449652 0 0 19.1161
444344 0 0 19.6651
414960 0 0 18.8273
352741 0 0 13.9491
394384 0 0 16.9492
307963 0 0 12.7252
351250 0 0 14.9591
320682 0 0 13.8889
359026 0 0 15.8333
376223 0 0 15.3877
438252 0 0 18.8782
465518 0 0 20.3017
406231 0 0 17.7999
408231 0 0 17.6648
372523 0 0 16.1828
393802 0 0 17.614
413193 0 0 17.2981
439090 0 0 20.0043
463637 0 0 19.9878
426557 0 0 18.3834
407163 0 0 16.9302
374022 0 0 16.2733
378044 0 0 16.085
415910 0 0 16.9441
399001 0 0 17.2151
368803 0 0 15.7244
407700 0 0 17.85
404929 0 0 17.1566
402553 0 0 16.6756
338813 0 0 14.8972
349335 0 0 14.294
372085 0 0 15.7172
367917 0 0 14.9755
402297 0 0 17.8178
368286 0 0 15.7357
345603 0 0 14.5507
390601 0 0 16.7194
307277 0 0 13.013
415685 0 0 17.9183
376478 0 0 15.8817
377404 0 0 16.24
391320 0 0 17.7635
394159 0 0 17.4369
398942 0 0 16.8112
329650 0 0 14.1056
431037 0 0 18.3442
327323 0 0 14.0513
412028 0 0 17.6127
475947 0 0 21.3572
447767 0 0 20.2875
486395 0 0 21.7048
414497 0 0 18.7977
367051 0 0 15.9657
442242 0 0 19.1638
387424 0 0 16.7188
392263 0 0 17.4568
387718 0 0 16.1301
365134 0 0 15.6122
335961 0 0 14.23
398211 0 0 17.6678
334990 0 0 15.3378
393477 0 0 17.1864
337377 0 0 15.5747
387641 0 0 16.7297
308669 0 0 12.7027
360264 0 0 16.7088
382482 0 0 16.1948
344219 0 0 15.8772
374773 0 0 16.1831
#/home/michal/Dropbox/study/university/kth/thesis/data/features/ds0,01/iter500/fixed_featuredata_fpfh_iss_2015-05-19_07-27-06.txt
382893 6964 0 16.3716
403050 7589 0 16.8788
360002 6310 0 16.1614
417964 7411 0 18.1236
465784 7972 0 20.7707
360875 5961 0 15.7597
368526 6290 0 17.4577
349861 6254 0 14.6702
424691 7344 0 19.2154
339021 5690 0 14.5187
335978 6343 0 13.6314
433153 7137 0 20.0419
332962 6326 0 14.1688
399528 6940 0 17.3074
386666 6637 0 16.707
383856 6595 0 16.7631
357230 6567 0 16.1093
449652 8008 0 19.719
444344 7679 0 20.0193
414960 6979 0 19.5303
352741 6542 0 14.4206
394384 7066 0 17.5027
307963 5790 0 13.0465
351250 6205 0 15.6368
320682 5824 0 13.3704
359026 6534 0 15.6026
376223 6608 0 16.0532
438252 7986 0 19.4456
465518 8144 0 21.2534
406231 6936 0 19.1456
408231 7398 0 19.1855
372523 6478 0 18.92
393802 6786 0 19.5107
413193 7351 0 20.2168
439090 7129 0 22.1956
463637 7821 0 18.915
426557 7462 0 16.8058
407163 7202 0 16.2763
374022 6618 0 14.8183
378044 6568 0 15.1914
415910 7722 0 15.9404
399001 7004 0 15.5624
368803 6536 0 15.1466
407700 7398 0 14.8093
404929 7130 0 14.6619
402553 7216 0 14.6958
338813 6143 0 11.8467
349335 6412 0 13.4768
372085 6814 0 13.9927
367917 6612 0 11.9081
402297 7196 0 14.3683
368286 6583 0 16.9474
345603 6011 0 13.4949
390601 7109 0 15.4573
307277 5453 0 12.4372
415685 7412 0 17.4899
376478 6710 0 14.505
377404 6574 0 14.9477
391320 6784 0 16.2707
394159 6853 0 16.4742
398942 7137 0 15.5861
329650 5689 0 13.2751
431037 7629 0 17.9283
327323 5841 0 13.321
412028 7122 0 17.2846
475947 8063 0 19.744
447767 7856 0 18.3751
486395 8819 0 19.4386
414497 6905 0 18.0406
367051 6540 0 14.3208
442242 7788 0 16.9501
387424 6721 0 16.1364
392263 6959 0 14.9932
387718 6839 0 16.4939
365134 6223 0 13.8947
335961 5951 0 12.8537
398211 6911 0 15.6246
334990 5955 0 15.1953
393477 6815 0 17.6418
337377 5937 0 14.3274
387641 7122 0 15.6167
308669 5676 0 11.8231
360264 6407 0 15.7825
382482 7156 0 15.3513
344219 6149 0 14.2455
374773 6809 0 15.0652
#/home/michal/Dropbox/study/university/kth/thesis/data/features/ds0,01/iter500/featuredata_fpfh_susan_2015-05-19_10-26-32.txt
382893 0 0 7.42666
403050 0 0 8.03747
360002 0 0 7.20349
417964 0 0 8.88868
465784 0 0 10.3277
360875 0 0 7.57497
368526 0 0 7.70858
349861 0 0 6.874
424691 0 0 4.68661
339021 0 0 6.44944
335978 0 0 7.50021
433153 0 0 9.66842
332962 0 0 8.9411
399528 0 0 8.40366
386666 0 0 8.9787
383856 0 0 7.14766
357230 0 0 7.18501
449652 0 0 9.67004
444344 0 0 8.92465
414960 0 0 8.48102
352741 0 0 6.371
394384 0 0 8.81721
307963 0 0 6.12502
351250 0 0 5.98215
320682 0 0 4.92615
359026 0 0 5.87551
376223 0 0 4.8679
438252 0 0 7.88764
465518 0 0 10.3149
406231 0 0 6.3922
408231 0 0 7.64821
372523 0 0 5.71761
393802 0 0 6.6463
413193 0 0 7.16789
439090 0 0 8.87331
463637 0 0 8.15246
426557 0 0 7.29773
407163 0 0 7.69567
374022 0 0 7.43682
378044 0 0 6.48869
415910 0 0 7.54563
399001 0 0 9.40634
368803 0 0 6.07594
407700 0 0 7.24899
404929 0 0 6.82282
402553 0 0 6.35168
338813 0 0 6.0955
349335 0 0 6.02442
372085 0 0 6.04703
367917 0 0 3.82308
402297 0 0 6.15659
368286 0 0 5.05306
345603 0 0 4.98837
390601 0 0 6.04102
307277 0 0 5.20284
415685 0 0 7.84887
376478 0 0 5.66403
377404 0 0 6.11264
391320 0 0 6.3415
394159 0 0 7.30514
398942 0 0 6.28402
329650 0 0 2.54897
431037 0 0 7.60392
327323 0 0 5.52606
412028 0 0 7.02394
475947 0 0 7.80049
447767 0 0 8.84954
486395 0 0 8.10001
414497 0 0 6.68438
367051 0 0 6.05186
442242 0 0 7.29626
387424 0 0 7.25852
392263 0 0 6.66769
387718 0 0 7.61305
365134 0 0 6.8548
335961 0 0 5.52948
398211 0 0 6.12737
334990 0 0 6.95135
393477 0 0 8.31289
337377 0 0 7.70572
387641 0 0 6.56714
308669 0 0 5.94508
360264 0 0 6.69145
382482 0 0 6.9543
344219 0 0 8.21783
374773 0 0 9.21538
#/home/michal/Dropbox/study/university/kth/thesis/data/features/ds0,01/iter500/featuredata_fpfh_sift_2015-05-19_11-14-52.txt
382893 0 0 1.2578
403050 0 0 1.48648
360002 0 0 1.83811
417964 0 0 1.98056
465784 0 0 2.10062
360875 0 0 1.63131
368526 0 0 1.52152
349861 0 0 1.51461
424691 0 0 1.51925
339021 0 0 1.45301
335978 0 0 1.37717
433153 0 0 1.73155
332962 0 0 1.38991
399528 0 0 1.69306
386666 0 0 1.51978
383856 0 0 1.79835
357230 0 0 1.30704
449652 0 0 1.98485
444344 0 0 2.16676
414960 0 0 2.11122
352741 0 0 1.89422
394384 0 0 1.81626
307963 0 0 1.25273
351250 0 0 1.31896
320682 0 0 1.35557
359026 0 0 1.60727
376223 0 0 1.87162
438252 0 0 1.90337
465518 0 0 2.06819
406231 0 0 1.74783
408231 0 0 1.77351
372523 0 0 1.44723
393802 0 0 1.68829
413193 0 0 1.69156
439090 0 0 1.90761
463637 0 0 1.96843
426557 0 0 1.57609
407163 0 0 1.54544
374022 0 0 1.34198
378044 0 0 1.43523
415910 0 0 1.80006
399001 0 0 1.67773
368803 0 0 1.36889
407700 0 0 1.5502
404929 0 0 1.5771
402553 0 0 1.5732
338813 0 0 1.27431
349335 0 0 1.4502
372085 0 0 1.43014
367917 0 0 1.35968
402297 0 0 1.74723
368286 0 0 1.45418
345603 0 0 1.43101
390601 0 0 1.60015
307277 0 0 1.36821
415685 0 0 1.96974
376478 0 0 1.60796
377404 0 0 1.54824
391320 0 0 1.71295
394159 0 0 1.82476
398942 0 0 1.73601
329650 0 0 0.977709
431037 0 0 1.83306
327323 0 0 1.34123
412028 0 0 2.074
475947 0 0 1.99478
447767 0 0 2.01477
486395 0 0 2.08783
414497 0 0 1.893
367051 0 0 1.53043
442242 0 0 1.97448
387424 0 0 1.75003
392263 0 0 1.71524
387718 0 0 1.88303
365134 0 0 1.45145
335961 0 0 1.57554
398211 0 0 1.89068
334990 0 0 1.62419
393477 0 0 1.74289
337377 0 0 1.41431
387641 0 0 1.73094
308669 0 0 1.27924
360264 0 0 1.62647
382482 0 0 1.87063
344219 0 0 1.84528
374773 0 0 1.7937
#/home/michal/Dropbox/study/university/kth/thesis/data/features/ds0,01/iter500/fixed_featuredata_fpfh_uniform_2015-05-19_02-46-45.txt
382893 17892 0 16.1698
403050 18773 0 17.3002
360002 16744 0 15.9828
417964 18878 0 17.9443
465784 19905 0 20.2243
360875 16812 0 16.0734
368526 16865 0 16.856
349861 16973 0 15.1159
424691 18424 0 18.5138
339021 15942 0 14.4976
335978 16122 0 13.4843
433153 18729 0 20.2348
332962 15744 0 13.9539
399528 17929 0 17.1982
386666 17801 0 16.6133
383856 17434 0 16.4942
357230 17157 0 15.2714
449652 19438 0 19.1161
444344 18802 0 19.6651
414960 17834 0 18.8273
352741 16874 0 13.9491
394384 17520 0 16.9492
307963 15008 0 12.7252
351250 16202 0 14.9591
320682 16077 0 13.8889
359026 16532 0 15.8333
376223 17652 0 15.3877
438252 19055 0 18.8782
465518 20196 0 20.3017
406231 18067 0 17.7999
408231 18502 0 17.6648
372523 17320 0 16.1828
393802 18273 0 17.614
413193 18659 0 17.2981
439090 19201 0 20.0043
463637 19690 0 19.9878
426557 18934 0 18.3834
407163 18561 0 16.9302
374022 17192 0 16.2733
378044 17772 0 16.085
415910 18891 0 16.9441
399001 17860 0 17.2151
368803 17554 0 15.7244
407700 18549 0 17.85
404929 18443 0 17.1566
402553 18941 0 16.6756
338813 16229 0 14.8972
349335 16699 0 14.294
372085 16827 0 15.7172
367917 17414 0 14.9755
402297 19246 0 17.8178
368286 17421 0 15.7357
345603 16918 0 14.5507
390601 17426 0 16.7194
307277 15036 0 13.013
415685 18361 0 17.9183
376478 18216 0 15.8817
377404 17993 0 16.24
391320 17831 0 17.7635
394159 17493 0 17.4369
398942 18202 0 16.8112
329650 16377 0 14.1056
431037 18983 0 18.3442
327323 16141 0 14.0513
412028 18123 0 17.6127
475947 19998 0 21.3572
447767 19323 0 20.2875
486395 21602 0 21.7048
414497 18202 0 18.7977
367051 17299 0 15.9657
442242 19023 0 19.1638
387424 17417 0 16.7188
392263 17793 0 17.4568
387718 17840 0 16.1301
365134 16666 0 15.6122
335961 15895 0 14.23
398211 18303 0 17.6678
334990 15493 0 15.3378
393477 17166 0 17.1864
337377 15762 0 15.5747
387641 17023 0 16.7297
308669 15439 0 12.7027
360264 16559 0 16.7088
382482 17105 0 16.1948
344219 16211 0 15.8772
374773 17093 0 16.1831
#/home/michal/Dropbox/study/university/kth/thesis/data/features/ds0,01/iter50/fixed_featuredata_fpfh_uniform_2015-05-19_23-38-59.txt
698683 23879 0 48.3793
724192 24775 0 52.5266
630549 22663 0 34.1795
649674 23153 0 35.4863
585903 21710 0 35.3706
503828 19430 0 26.7123
599071 22032 0 33.561
548863 20678 0 29.6509
564007 20345 0 31.5922
398179 17784 0 28.7442
516411 20321 0 29.048
615224 22686 0 40.7568
410323 18041 0 28.4522
593620 22011 0 32.2316
454596 19253 0 22.9229
434680 18324 0 21.644
671489 23416 0 37.0003
474366 19471 0 22.9667
441074 18503 0 21.1221
549980 20886 0 30.9755
592253 20729 0 32.4165
349864 16284 0 17.0588
356296 16857 0 18.8669
494784 18756 0 27.9646
396940 18238 0 18.596
601786 22218 0 33.112
623808 23256 0 33.135
484986 19684 0 24.7897
557892 21088 0 28.5055
721122 24970 0 43.5688
640144 23159 0 36.1912
636015 23390 0 40.3527
486991 20617 0 24.2784
711745 24535 0 40.0848
644991 24057 0 41.2323
640591 23491 0 46.6388
608359 22571 0 44.5582
606619 22419 0 44.012
592340 22396 0 43.01
604826 22700 0 43.7448
658365 24055 0 63.4008
709232 24251 0 68.8513
607262 21781 0 55.1981
540080 20628 0 44.7137
609067 22578 0 38.4509
452610 20590 0 22.75
448658 19298 0 26.04
619775 22753 0 38.4402
667680 23431 0 37.607
547003 20165 0 32.7374
630680 23005 0 35.0159
411749 19097 0 20.6378
475897 20608 0 22.7248
549788 21125 0 28.7472
567017 22061 0 29.7337
543227 21668 0 26.3674
493204 19819 0 24.1609
492276 20331 0 22.7023
545100 21289 0 27.4187
600266 22131 0 30.6621
648616 24767 0 33.4571
753783 25076 0 41.0608
770704 25378 0 43.0152
577399 21393 0 29.4714
443220 18397 0 20.8894
542219 21432 0 27.1239
510567 20773 0 23.5407
561267 20456 0 28.8702
416316 18018 0 19.3721
412123 18644 0 18.8512
500699 19140 0 26.1847
779337 25038 0 44.267
365899 16860 0 17.502
451434 18858 0 21.0587
730435 24104 0 39.8708
660899 23190 0 35.1702
710252 23999 0 39.5541
673969 23653 0 38.0342
776858 25427 0 42.1519
#/home/michal/Dropbox/study/university/kth/thesis/data/features/ds0,01/iter50/fixed_featuredata_fpfh_sift_2015-05-20_11-24-36.txt
698683 620 0 1.58906
724192 690 0 1.62345
630549 664 0 1.39468
649674 657 0 1.41131
585903 622 0 1.60429
503828 572 0 1.23191
599071 668 0 1.46355
548863 496 0 0.878783
564007 600 0 1.40117
398179 618 0 0.932276
516411 630 0 1.10154
615224 619 0 1.35509
410323 620 0 0.854947
593620 624 0 1.77407
454596 557 0 1.0114
434680 570 0 1.03844
671489 623 0 1.77752
474366 634 0 1.1848
441074 605 0 1.10438
549980 614 0 1.60795
592253 581 0 1.60305
349864 592 0 0.767603
356296 571 0 0.979275
494784 586 0 1.00705
396940 577 0 1.0023
601786 601 0 1.31788
623808 664 0 1.67294
484986 591 0 0.959463
557892 608 0 1.14523
721122 639 0 1.84613
640144 631 0 1.75128
636015 614 0 1.45045
486991 604 0 1.09409
711745 583 0 1.20073
644991 602 0 1.51154
640591 604 0 1.83849
608359 590 0 1.59719
606619 581 0 1.62343
592340 622 0 1.50375
604826 605 0 1.7338
658365 631 0 1.57041
709232 591 0 1.20524
607262 599 0 1.37925
540080 594 0 1.32894
609067 562 0 1.11842
452610 675 0 0.869235
448658 591 0 1.3783
619775 588 0 1.61012
667680 611 0 1.40833
547003 564 0 0.975857
630680 640 0 1.61719
411749 660 0 1.01149
475897 636 0 0.85499
549788 673 0 1.38496
567017 462 0 1.10439
543227 639 0 1.24832
493204 597 0 1.1773
492276 635 0 1.3287
545100 683 0 1.48799
600266 685 0 1.30908
648616 735 0 1.40852
753783 683 0 1.53668
770704 671 0 2.38995
577399 634 0 1.21354
443220 591 0 0.884216
542219 692 0 1.11582
510567 651 0 0.943001
561267 629 0 1.54812
416316 620 0 1.12508
412123 685 0 1.00149
500699 590 0 1.33456
779337 647 0 2.29062
365899 561 0 0.827348
451434 594 0 0.980371
730435 613 0 2.02408
660899 638 0 1.46146
710252 636 0 1.39718
673969 670 0 1.73837
776858 636 0 2.16291
#/home/michal/Dropbox/study/university/kth/thesis/data/features/ds0,01/iter50/featuredata_fpfh_susan_2015-05-20_10-32-40.txt
698683 0 0 7.28818
724192 0 0 6.62657
630549 0 0 5.43597
649674 0 0 6.27861
585903 0 0 5.17083
503828 0 0 4.2668
599071 0 0 4.36632
548863 0 0 3.60422
564007 0 0 5.55783
398179 0 0 3.7716
516411 0 0 4.77169
615224 0 0 5.78426
410323 0 0 3.95304
593620 0 0 5.60597
454596 0 0 4.01892
434680 0 0 3.76109
671489 0 0 5.77058
474366 0 0 3.69215
441074 0 0 3.89057
549980 0 0 5.11064
592253 0 0 5.50935
349864 0 0 2.93662
356296 0 0 2.98306
494784 0 0 4.87919
396940 0 0 2.35982
601786 0 0 5.72456
623808 0 0 5.72829
484986 0 0 4.53318
557892 0 0 4.54258
721122 0 0 7.0039
640144 0 0 5.78515
636015 0 0 6.24336
486991 0 0 4.45966
711745 0 0 7.19093
644991 0 0 6.66513
640591 0 0 6.62285
608359 0 0 5.64818
606619 0 0 7.57942
592340 0 0 5.19482
604826 0 0 5.44037
658365 0 0 5.58445
709232 0 0 6.43679
607262 0 0 5.94571
540080 0 0 4.73118
609067 0 0 4.36015
452610 0 0 3.8696
448658 0 0 3.69354
619775 0 0 6.49167
667680 0 0 7.01066
547003 0 0 5.39656
630680 0 0 5.28139
411749 0 0 3.27922
475897 0 0 4.7907
549788 0 0 4.84519
567017 0 0 2.12162
543227 0 0 4.78404
493204 0 0 4.21392
492276 0 0 3.71767
545100 0 0 5.55588
600266 0 0 5.3381
648616 0 0 5.15531
753783 0 0 6.40452
770704 0 0 7.59128
577399 0 0 5.77915
443220 0 0 3.75722
542219 0 0 4.85747
510567 0 0 4.30914
561267 0 0 4.48816
416316 0 0 4.05432
412123 0 0 2.68233
500699 0 0 5.49647
779337 0 0 7.66977
365899 0 0 3.14555
451434 0 0 3.81243
730435 0 0 8.09967
660899 0 0 7.47041
710252 0 0 7.59752
673969 0 0 8.66461
776858 0 0 8.98129
#/home/michal/Dropbox/study/university/kth/thesis/data/features/ds0,01/iter50/fixed_featuredata_fpfh_susan_2015-05-20_10-32-40.txt
698683 4274 0 7.28818
724192 4568 0 6.62657
630549 4213 0 5.43597
649674 4249 0 6.27861
585903 3881 0 5.17083
503828 3801 0 4.2668
599071 3871 0 4.36632
548863 1717 0 3.60422
564007 3683 0 5.55783
398179 3736 0 3.7716
516411 3776 0 4.77169
615224 4278 0 5.78426
410323 3551 0 3.95304
593620 3998 0 5.60597
454596 3382 0 4.01892
434680 3387 0 3.76109
671489 4085 0 5.77058
474366 3371 0 3.69215
441074 3232 0 3.89057
549980 3558 0 5.11064
592253 3739 0 5.50935
349864 2812 0 2.93662
356296 3019 0 2.98306
494784 3740 0 4.87919
396940 2881 0 2.35982
601786 4193 0 5.72456
623808 4237 0 5.72829
484986 3529 0 4.53318
557892 3749 0 4.54258
721122 4613 0 7.0039
640144 4366 0 5.78515
636015 4299 0 6.24336
486991 3566 0 4.45966
711745 4483 0 7.19093
644991 4475 0 6.66513
640591 4747 0 6.62285
608359 4175 0 5.64818
606619 3390 0 7.57942
592340 3756 0 5.19482
604826 3906 0 5.44037
658365 4280 0 5.58445
709232 4533 0 6.43679
607262 4364 0 5.94571
540080 4269 0 4.73118
609067 2556 0 4.36015
452610 3539 0 3.8696
448658 3437 0 3.69354
619775 3860 0 6.49167
667680 4359 0 7.01066
547003 3869 0 5.39656
630680 4175 0 5.28139
411749 3074 0 3.27922
475897 3547 0 4.7907
549788 3450 0 4.84519
567017 1379 0 2.12162
543227 4271 0 4.78404
493204 3783 0 4.21392
492276 3598 0 3.71767
545100 3743 0 5.55588
600266 3733 0 5.3381
648616 4233 0 5.15531
753783 4449 0 6.40452
770704 4641 0 7.59128
577399 3988 0 5.77915
443220 3356 0 3.75722
542219 3927 0 4.85747
510567 4057 0 4.30914
561267 3622 0 4.48816
416316 3278 0 4.05432
412123 3205 0 2.68233
500699 3663 0 5.49647
779337 4818 0 7.66977
365899 3140 0 3.14555
451434 3564 0 3.81243
730435 4877 0 8.09967
660899 4457 0 7.47041
710252 4861 0 7.59752
673969 4456 0 8.66461
776858 5005 0 8.98129
#/home/michal/Dropbox/study/university/kth/thesis/data/features/ds0,01/iter50/fixed_featuredata_fpfh_iss_2015-05-20_06-46-16.txt
698683 10980 0 35.1123
724192 11493 0 35.4878
630549 10027 0 30.5004
649674 10060 0 30.5767
585903 9112 0 27.5429
503828 7900 0 23.8656
599071 9728 0 28.4321
548863 8913 0 25.5533
564007 8762 0 27.6244
398179 7278 0 16.784
516411 8271 0 24.997
615224 10454 0 29.8974
410323 7154 0 16.4468
593620 9657 0 27.9177
454596 8037 0 20.95
434680 7265 0 18.646
671489 10742 0 32.6924
474366 7951 0 20.8266
441074 7931 0 18.8943
549980 9305 0 27.118
592253 9723 0 29.2806
349864 6170 0 13.8349
356296 6606 0 14.4093
494784 8014 0 23.4394
396940 7104 0 15.4761
601786 10251 0 28.481
623808 10279 0 29.0102
484986 8105 0 21.363
557892 9178 0 25.6792
721122 11572 0 35.2597
640144 10328 0 30.9653
636015 10204 0 30.9235
486991 8318 0 21.0076
711745 11172 0 35.2753
644991 10580 0 30.8222
640591 10977 0 30.6996
608359 10123 0 29.1177
606619 10047 0 30.2447
592340 9868 0 27.552
604826 9849 0 28.6562
658365 10738 0 33.2897
709232 11433 0 34.9908
607262 9857 0 29.9294
540080 9132 0 25.9108
609067 10229 0 28.3826
452610 8164 0 18.8285
448658 7744 0 19.695
619775 10096 0 29.9438
667680 11115 0 31.7221
547003 8920 0 25.1404
630680 10496 0 31.4169
411749 7341 0 17.1035
475897 8319 0 20.9664
549788 8981 0 25.1341
567017 9352 0 27.569
543227 9031 0 24.1199
493204 8383 0 22.5378
492276 8419 0 20.786
545100 8852 0 25.7264
600266 9783 0 28.3837
648616 10865 0 31.1068
753783 11635 0 38.2377
770704 12199 0 40.2827
577399 9649 0 28.6763
443220 7458 0 19.822
542219 9282 0 24.6734
510567 9149 0 21.8481
561267 8742 0 26.2508
416316 7369 0 17.5229
412123 7241 0 17.9655
500699 8347 0 23.9527
779337 12039 0 40.5457
365899 6466 0 15.716
451434 8078 0 18.0395
730435 11512 0 37.3363
660899 10876 0 33.325
710252 11736 0 36.6123
673969 11394 0 34.1536
776858 12306 0 41.3018
#/home/michal/Dropbox/study/university/kth/thesis/data/features/ds0,01/iter50/featuredata_fpfh_sift_2015-05-20_11-24-36.txt
698683 0 0 1.58906
724192 0 0 1.62345
630549 0 0 1.39468
649674 0 0 1.41131
585903 0 0 1.60429
503828 0 0 1.23191
599071 0 0 1.46355
548863 0 0 0.878783
564007 0 0 1.40117
398179 0 0 0.932276
516411 0 0 1.10154
615224 0 0 1.35509
410323 0 0 0.854947
593620 0 0 1.77407
454596 0 0 1.0114
434680 0 0 1.03844
671489 0 0 1.77752
474366 0 0 1.1848
441074 0 0 1.10438
549980 0 0 1.60795
592253 0 0 1.60305
349864 0 0 0.767603
356296 0 0 0.979275
494784 0 0 1.00705
396940 0 0 1.0023
601786 0 0 1.31788
623808 0 0 1.67294
484986 0 0 0.959463
557892 0 0 1.14523
721122 0 0 1.84613
640144 0 0 1.75128
636015 0 0 1.45045
486991 0 0 1.09409
711745 0 0 1.20073
644991 0 0 1.51154
640591 0 0 1.83849
608359 0 0 1.59719
606619 0 0 1.62343
592340 0 0 1.50375
604826 0 0 1.7338
658365 0 0 1.57041
709232 0 0 1.20524
607262 0 0 1.37925
540080 0 0 1.32894
609067 0 0 1.11842
452610 0 0 0.869235
448658 0 0 1.3783
619775 0 0 1.61012
667680 0 0 1.40833
547003 0 0 0.975857
630680 0 0 1.61719
411749 0 0 1.01149
475897 0 0 0.85499
549788 0 0 1.38496
567017 0 0 1.10439
543227 0 0 1.24832
493204 0 0 1.1773
492276 0 0 1.3287
545100 0 0 1.48799
600266 0 0 1.30908
648616 0 0 1.40852
753783 0 0 1.53668
770704 0 0 2.38995
577399 0 0 1.21354
443220 0 0 0.884216
542219 0 0 1.11582
510567 0 0 0.943001
561267 0 0 1.54812
416316 0 0 1.12508
412123 0 0 1.00149
500699 0 0 1.33456
779337 0 0 2.29062
365899 0 0 0.827348
451434 0 0 0.980371
730435 0 0 2.02408
660899 0 0 1.46146
710252 0 0 1.39718
673969 0 0 1.73837
776858 0 0 2.16291
#/home/michal/Dropbox/study/university/kth/thesis/data/features/ds0,01/iter50/featuredata_fpfh_uniform_2015-05-19_23-38-59.txt
698683 0 0 48.3793
724192 0 0 52.5266
630549 0 0 34.1795
649674 0 0 35.4863
585903 0 0 35.3706
503828 0 0 26.7123
599071 0 0 33.561
548863 0 0 29.6509
564007 0 0 31.5922
398179 0 0 28.7442
516411 0 0 29.048
615224 0 0 40.7568
410323 0 0 28.4522
593620 0 0 32.2316
454596 0 0 22.9229
434680 0 0 21.644
671489 0 0 37.0003
474366 0 0 22.9667
441074 0 0 21.1221
549980 0 0 30.9755
592253 0 0 32.4165
349864 0 0 17.0588
356296 0 0 18.8669
494784 0 0 27.9646
396940 0 0 18.596
601786 0 0 33.112
623808 0 0 33.135
484986 0 0 24.7897
557892 0 0 28.5055
721122 0 0 43.5688
640144 0 0 36.1912
636015 0 0 40.3527
486991 0 0 24.2784
711745 0 0 40.0848
644991 0 0 41.2323
640591 0 0 46.6388
608359 0 0 44.5582
606619 0 0 44.012
592340 0 0 43.01
604826 0 0 43.7448
658365 0 0 63.4008
709232 0 0 68.8513
607262 0 0 55.1981
540080 0 0 44.7137
609067 0 0 38.4509
452610 0 0 22.75
448658 0 0 26.04
619775 0 0 38.4402
667680 0 0 37.607
547003 0 0 32.7374
630680 0 0 35.0159
411749 0 0 20.6378
475897 0 0 22.7248
549788 0 0 28.7472
567017 0 0 29.7337
543227 0 0 26.3674
493204 0 0 24.1609
492276 0 0 22.7023
545100 0 0 27.4187
600266 0 0 30.6621
648616 0 0 33.4571
753783 0 0 41.0608
770704 0 0 43.0152
577399 0 0 29.4714
443220 0 0 20.8894
542219 0 0 27.1239
510567 0 0 23.5407
561267 0 0 28.8702
416316 0 0 19.3721
412123 0 0 18.8512
500699 0 0 26.1847
779337 0 0 44.267
365899 0 0 17.502
451434 0 0 21.0587
730435 0 0 39.8708
660899 0 0 35.1702
710252 0 0 39.5541
673969 0 0 38.0342
776858 0 0 42.1519
#/home/michal/Dropbox/study/university/kth/thesis/data/features/ds0,01/iter50/featuredata_fpfh_iss_2015-05-20_06-46-16.txt
698683 0 0 35.1123
724192 0 0 35.4878
630549 0 0 30.5004
649674 0 0 30.5767
585903 0 0 27.5429
503828 0 0 23.8656
599071 0 0 28.4321
548863 0 0 25.5533
564007 0 0 27.6244
398179 0 0 16.784
516411 0 0 24.997
615224 0 0 29.8974
410323 0 0 16.4468
593620 0 0 27.9177
454596 0 0 20.95
434680 0 0 18.646
671489 0 0 32.6924
474366 0 0 20.8266
441074 0 0 18.8943
549980 0 0 27.118
592253 0 0 29.2806
349864 0 0 13.8349
356296 0 0 14.4093
494784 0 0 23.4394
396940 0 0 15.4761
601786 0 0 28.481
623808 0 0 29.0102
484986 0 0 21.363
557892 0 0 25.6792
721122 0 0 35.2597
640144 0 0 30.9653
636015 0 0 30.9235
486991 0 0 21.0076
711745 0 0 35.2753
644991 0 0 30.8222
640591 0 0 30.6996
608359 0 0 29.1177
606619 0 0 30.2447
592340 0 0 27.552
604826 0 0 28.6562
658365 0 0 33.2897
709232 0 0 34.9908
607262 0 0 29.9294
540080 0 0 25.9108
609067 0 0 28.3826
452610 0 0 18.8285
448658 0 0 19.695
619775 0 0 29.9438
667680 0 0 31.7221
547003 0 0 25.1404
630680 0 0 31.4169
411749 0 0 17.1035
475897 0 0 20.9664
549788 0 0 25.1341
567017 0 0 27.569
543227 0 0 24.1199
493204 0 0 22.5378
492276 0 0 20.786
545100 0 0 25.7264
600266 0 0 28.3837
648616 0 0 31.1068
753783 0 0 38.2377
770704 0 0 40.2827
577399 0 0 28.6763
443220 0 0 19.822
542219 0 0 24.6734
510567 0 0 21.8481
561267 0 0 26.2508
416316 0 0 17.5229
412123 0 0 17.9655
500699 0 0 23.9527
779337 0 0 40.5457
365899 0 0 15.716
451434 0 0 18.0395
730435 0 0 37.3363
660899 0 0 33.325
710252 0 0 36.6123
673969 0 0 34.1536
776858 0 0 41.3018
#/home/michal/Dropbox/study/university/kth/thesis/data/features/ds0,01/nr0_04/featuredata_fpfh_iss_2015-05-20_17-03-17.txt
628409 0 0 9.59741
536942 0 0 8.06497
555420 0 0 10.16
554155 0 0 8.31661
526012 0 0 7.88775
545801 0 0 8.11469
504674 0 0 9.43671
523629 0 0 11.6941
523173 0 0 8.1606
616680 0 0 11.5604
518494 0 0 10.0263
462484 0 0 8.89823
560430 0 0 11.1874
458473 0 0 8.55921
547806 0 0 10.9781
580150 0 0 10.1432
514036 0 0 9.14401
502669 0 0 7.54992
535120 0 0 12.1182
535196 0 0 10.7812
572348 0 0 11.7679
506191 0 0 8.73195
511456 0 0 9.70218
442011 0 0 7.284
466377 0 0 6.06009
484949 0 0 6.6543
472924 0 0 6.87952
512346 0 0 6.79263
574968 0 0 8.05989
570567 0 0 8.78739
530186 0 0 7.23126
568957 0 0 8.06245
560999 0 0 8.44877
572563 0 0 8.08682
510976 0 0 7.25703
659824 0 0 10.6369
555029 0 0 7.35455
541854 0 0 7.042
535636 0 0 7.25917
510649 0 0 6.74255
550674 0 0 7.94042
325795 0 0 2.17745
462857 0 0 6.65561
562096 0 0 9.05533
499209 0 0 7.6416
502466 0 0 7.14243
567234 0 0 9.38484
466994 0 0 6.80827
430604 0 0 7.97304
465347 0 0 9.08008
437366 0 0 8.28081
518434 0 0 10.6154
509779 0 0 9.82953
476066 0 0 8.04793
442558 0 0 6.61568
415407 0 0 5.93038
415933 0 0 5.60696
576413 0 0 8.76303
481972 0 0 6.77284
528352 0 0 7.72154
499563 0 0 6.86085
488447 0 0 7.4572
501947 0 0 6.99932
457596 0 0 6.64609
468482 0 0 6.71132
485223 0 0 6.71439
485361 0 0 7.09109
507680 0 0 7.123
480487 0 0 7.05707
571929 0 0 8.69598
522178 0 0 7.80558
495607 0 0 7.86111
474582 0 0 6.26794
502605 0 0 6.99733
467594 0 0 7.33378
492110 0 0 6.83645
446818 0 0 16.6833
472148 0 0 17.4605
514395 0 0 19.9299
472286 0 0 14.3898
500004 0 0 16.1786
452901 0 0 17.0893
561052 0 0 23.2745
413635 0 0 17.7229
476782 0 0 18.8054
453507 0 0 16.2503
446360 0 0 16.8028
459467 0 0 17.5775
#/home/michal/Dropbox/study/university/kth/thesis/data/features/ds0,01/nr0_04/featuredata_fpfh_susan_2015-05-20_20-18-50.txt
628409 0 0 15.8206
536942 0 0 10.2932
555420 0 0 8.57235
554155 0 0 9.22766
526012 0 0 8.37317
545801 0 0 8.5972
504674 0 0 7.79423
523629 0 0 8.11142
523173 0 0 3.58428
616680 0 0 1.93231
518494 0 0 9.74356
462484 0 0 8.98213
560430 0 0 8.9406
458473 0 0 8.43723
547806 0 0 9.62707
580150 0 0 11.4566
514036 0 0 8.25054
502669 0 0 8.47598
535120 0 0 10.1621
535196 0 0 8.18013
572348 0 0 9.73214
506191 0 0 6.22116
511456 0 0 8.42064
442011 0 0 7.69215
466377 0 0 6.78819
484949 0 0 8.26716
472924 0 0 9.78143
512346 0 0 7.80389
574968 0 0 10.7777
570567 0 0 11.0528
530186 0 0 9.24009
568957 0 0 11.4822
560999 0 0 17.3919
572563 0 0 16.3823
510976 0 0 10.537
659824 0 0 13.1574
555029 0 0 10.207
541854 0 0 9.72422
535636 0 0 9.22514
510649 0 0 8.30338
550674 0 0 9.80852
325795 0 0 3.60506
462857 0 0 8.17913
562096 0 0 10.9625
499209 0 0 9.65832
502466 0 0 8.92307
567234 0 0 11.3781
466994 0 0 7.94285
430604 0 0 8.34428
465347 0 0 8.36929
437366 0 0 8.14644
518434 0 0 6.746
509779 0 0 9.17618
476066 0 0 8.05256
442558 0 0 7.49695
415407 0 0 7.72213
415933 0 0 7.34525
576413 0 0 12.1899
481972 0 0 9.13403
528352 0 0 10.8727
499563 0 0 9.18625
488447 0 0 10.3815
501947 0 0 9.59294
457596 0 0 4.55926
468482 0 0 11.2247
485223 0 0 9.90756
485361 0 0 8.37657
507680 0 0 7.55518
480487 0 0 8.3456
571929 0 0 9.88735
522178 0 0 9.89908
495607 0 0 8.70786
474582 0 0 8.00141
502605 0 0 9.95514
467594 0 0 7.88274
492110 0 0 10.9063
446818 0 0 7.6782
472148 0 0 8.41148
514395 0 0 7.59678
472286 0 0 8.64422
500004 0 0 7.13963
452901 0 0 8.04386
561052 0 0 10.1617
413635 0 0 6.22644
476782 0 0 8.26175
453507 0 0 8.76821
446360 0 0 16.6886
459467 0 0 11.6323
#/home/michal/Dropbox/study/university/kth/thesis/data/features/ds0,01/nr0_04/fixed_featuredata_fpfh_sift_2015-05-20_21-23-20.txt
628409 957 0 2.89202
536942 925 0 2.71904
555420 1128 0 3.24181
554155 1169 0 3.07609
526012 1099 0 2.81645
545801 1057 0 2.59449
504674 998 0 2.27449
523629 1109 0 2.93072
523173 1032 0 2.18984
616680 945 0 2.22543
518494 1020 0 3.08508
462484 932 0 2.18168
560430 898 0 3.0074
458473 905 0 2.25442
547806 952 0 2.48364
580150 1018 0 2.95923
514036 1054 0 2.77314
502669 1012 0 2.51763
535120 892 0 2.65159
535196 992 0 2.94444
572348 909 0 3.52599
506191 1022 0 2.71427
511456 873 0 2.73726
442011 915 0 2.37618
466377 793 0 2.20974
484949 746 0 2.39531
472924 784 0 2.42367
512346 873 0 2.8641
574968 998 0 2.68585
570567 911 0 2.71151
530186 785 0 2.53579
568957 884 0 2.94542
560999 783 0 2.63912
572563 780 0 2.85396
510976 828 0 2.63254
659824 801 0 3.41351
555029 935 0 2.6123
541854 940 0 2.35978
535636 983 0 2.49917
510649 959 0 2.32217
550674 911 0 2.58254
325795 1066 0 0.988577
462857 641 0 2.30598
562096 585 0 2.77962
499209 628 0 2.39231
502466 642 0 2.45584
567234 635 0 2.95363
466994 664 0 2.1742
430604 586 0 2.23706
465347 574 0 2.16037
437366 616 0 1.9643
518434 559 0 2.40828
509779 692 0 2.74272
476066 648 0 2.51118
442558 579 0 2.41182
415407 615 0 2.15844
415933 585 0 2.15259
576413 646 0 3.39433
481972 700 0 2.70562
528352 615 0 2.67037
499563 684 0 2.56748
488447 672 0 2.65461
501947 678 0 2.5886
457596 453 0 1.61109
468482 638 0 2.52064
485223 658 0 2.78618
485361 706 0 3.01566
507680 706 0 2.9085
480487 676 0 2.64708
571929 776 0 3.3946
522178 664 0 3.30328
495607 692 0 2.9004
474582 646 0 2.66755
502605 654 0 2.85869
467594 681 0 2.52939
492110 693 0 2.65244
446818 672 0 2.7202
472148 658 0 2.37538
514395 740 0 3.05431
472286 583 0 2.55659
500004 683 0 2.92005
452901 585 0 2.32261
561052 636 0 2.99289
413635 635 0 1.97464
476782 672 0 2.61952
453507 653 0 2.74613
446360 657 0 2.55059
459467 660 0 2.40421
#/home/michal/Dropbox/study/university/kth/thesis/data/features/ds0,01/nr0_04/fixed_featuredata_fpfh_iss_2015-05-20_17-03-17.txt
628409 10956 0 9.59741
536942 10372 0 8.06497
555420 10269 0 10.16
554155 10209 0 8.31661
526012 9538 0 7.88775
545801 9796 0 8.11469
504674 9033 0 9.43671
523629 9478 0 11.6941
523173 9612 0 8.1606
616680 10896 0 11.5604
518494 9260 0 10.0263
462484 9046 0 8.89823
560430 10195 0 11.1874
458473 9287 0 8.55921
547806 10353 0 10.9781
580150 10604 0 10.1432
514036 9596 0 9.14401
502669 10297 0 7.54992
535120 9820 0 12.1182
535196 10211 0 10.7812
572348 10308 0 11.7679
506191 10130 0 8.73195
511456 9641 0 9.70218
442011 8791 0 7.284
466377 8688 0 6.06009
484949 8826 0 6.6543
472924 8380 0 6.87952
512346 9811 0 6.79263
574968 11041 0 8.05989
570567 10250 0 8.78739
530186 9770 0 7.23126
568957 10430 0 8.06245
560999 9946 0 8.44877
572563 9978 0 8.08682
510976 9180 0 7.25703
659824 11016 0 10.6369
555029 10171 0 7.35455
541854 10408 0 7.042
535636 10346 0 7.25917
510649 10043 0 6.74255
550674 10335 0 7.94042
325795 5519 0 2.17745
462857 8417 0 6.65561
562096 9728 0 9.05533
499209 8741 0 7.6416
502466 9109 0 7.14243
567234 9400 0 9.38484
466994 8598 0 6.80827
430604 7829 0 7.97304
465347 8133 0 9.08008
437366 7939 0 8.28081
518434 9259 0 10.6154
509779 9087 0 9.82953
476066 8497 0 8.04793
442558 7911 0 6.61568
415407 7501 0 5.93038
415933 7786 0 5.60696
576413 9761 0 8.76303
481972 8743 0 6.77284
528352 9028 0 7.72154
499563 9080 0 6.86085
488447 8551 0 7.4572
501947 8903 0 6.99932
457596 8011 0 6.64609
468482 8451 0 6.71132
485223 8815 0 6.71439
485361 8375 0 7.09109
507680 8795 0 7.123
480487 8727 0 7.05707
571929 10064 0 8.69598
522178 8530 0 7.80558
495607 9080 0 7.86111
474582 8488 0 6.26794
502605 8772 0 6.99733
467594 8622 0 7.33378
492110 8491 0 6.83645
446818 7885 0 16.6833
472148 8496 0 17.4605
514395 8980 0 19.9299
472286 8202 0 14.3898
500004 8910 0 16.1786
452901 8360 0 17.0893
561052 9448 0 23.2745
413635 7797 0 17.7229
476782 8406 0 18.8054
453507 8371 0 16.2503
446360 8326 0 16.8028
459467 8665 0 17.5775
#/home/michal/Dropbox/study/university/kth/thesis/data/features/ds0,01/nr0_04/featuredata_fpfh_sift_2015-05-20_21-23-20.txt
628409 0 0 2.89202
536942 0 0 2.71904
555420 0 0 3.24181
554155 0 0 3.07609
526012 0 0 2.81645
545801 0 0 2.59449
504674 0 0 2.27449
523629 0 0 2.93072
523173 0 0 2.18984
616680 0 0 2.22543
518494 0 0 3.08508
462484 0 0 2.18168
560430 0 0 3.0074
458473 0 0 2.25442
547806 0 0 2.48364
580150 0 0 2.95923
514036 0 0 2.77314
502669 0 0 2.51763
535120 0 0 2.65159
535196 0 0 2.94444
572348 0 0 3.52599
506191 0 0 2.71427
511456 0 0 2.73726
442011 0 0 2.37618
466377 0 0 2.20974
484949 0 0 2.39531
472924 0 0 2.42367
512346 0 0 2.8641
574968 0 0 2.68585
570567 0 0 2.71151
530186 0 0 2.53579
568957 0 0 2.94542
560999 0 0 2.63912
572563 0 0 2.85396
510976 0 0 2.63254
659824 0 0 3.41351
555029 0 0 2.6123
541854 0 0 2.35978
535636 0 0 2.49917
510649 0 0 2.32217
550674 0 0 2.58254
325795 0 0 0.988577
462857 0 0 2.30598
562096 0 0 2.77962
499209 0 0 2.39231
502466 0 0 2.45584
567234 0 0 2.95363
466994 0 0 2.1742
430604 0 0 2.23706
465347 0 0 2.16037
437366 0 0 1.9643
518434 0 0 2.40828
509779 0 0 2.74272
476066 0 0 2.51118
442558 0 0 2.41182
415407 0 0 2.15844
415933 0 0 2.15259
576413 0 0 3.39433
481972 0 0 2.70562
528352 0 0 2.67037
499563 0 0 2.56748
488447 0 0 2.65461
501947 0 0 2.5886
457596 0 0 1.61109
468482 0 0 2.52064
485223 0 0 2.78618
485361 0 0 3.01566
507680 0 0 2.9085
480487 0 0 2.64708
571929 0 0 3.3946
522178 0 0 3.30328
495607 0 0 2.9004
474582 0 0 2.66755
502605 0 0 2.85869
467594 0 0 2.52939
492110 0 0 2.65244
446818 0 0 2.7202
472148 0 0 2.37538
514395 0 0 3.05431
472286 0 0 2.55659
500004 0 0 2.92005
452901 0 0 2.32261
561052 0 0 2.99289
413635 0 0 1.97464
476782 0 0 2.61952
453507 0 0 2.74613
446360 0 0 2.55059
459467 0 0 2.40421
#/home/michal/Dropbox/study/university/kth/thesis/data/features/ds0,01/nr0_04/fixed_featuredata_fpfh_uniform_2015-05-20_13-19-30.txt
628409 30310 0 11.8721
536942 28369 0 10.1665
555420 32551 0 12.3721
554155 31118 0 9.83834
526012 31954 0 10.7514
545801 31436 0 12.2626
504674 28974 0 10.1578
523629 30854 0 11.6849
523173 31894 0 9.74037
616680 33449 0 13.8102
518494 28578 0 11.5064
462484 26593 0 9.39303
560430 29087 0 10.2106
458473 26232 0 9.19182
547806 29505 0 10.0875
580150 31097 0 10.8561
514036 29356 0 11.3772
502669 29970 0 10.4214
535120 27869 0 10.7928
535196 29805 0 11.6515
572348 27225 0 10.0763
506191 29815 0 10.277
511456 26539 0 9.27521
442011 26022 0 11.1143
466377 24664 0 8.98212
484949 24398 0 8.8948
472924 23385 0 8.58245
512346 27050 0 8.67434
574968 30711 0 11.9701
570567 27996 0 10.0463
530186 26331 0 10.2312
568957 28317 0 11.2854
560999 26321 0 9.76336
572563 26332 0 11.1157
510976 25950 0 10.0028
659824 28259 0 14.6989
555029 28419 0 10.0966
541854 30215 0 10.1307
535636 30476 0 10.5815
510649 29145 0 9.74164
550674 29221 0 9.99065
325795 30039 0 4.66845
462857 21641 0 9.14889
562096 23216 0 12.0557
499209 22449 0 9.71229
502466 22841 0 9.35522
567234 23583 0 11.7033
466994 22854 0 8.87213
430604 20441 0 8.92042
465347 21162 0 10.9882
437366 20194 0 7.95582
518434 23023 0 10.1569
509779 23808 0 12.5326
476066 22255 0 9.61018
442558 21542 0 8.97023
415407 20076 0 9.2387
415933 19788 0 8.34932
576413 23293 0 11.2317
481972 22891 0 8.94663
528352 23172 0 9.20934
499563 22641 0 8.80855
488447 21968 0 9.71242
501947 22746 0 9.28808
457596 21741 0 9.08896
468482 22139 0 8.97239
485223 22110 0 8.23443
485361 21957 0 9.71407
507680 22880 0 8.34939
480487 22259 0 11.0615
571929 25295 0 16.8499
522178 22323 0 12.8343
495607 22680 0 10.515
474582 21684 0 7.69109
502605 22031 0 9.87534
467594 21806 0 8.53192
492110 22288 0 10.984
446818 20671 0 9.71456
472148 21805 0 8.64203
514395 23197 0 11.4169
472286 20465 0 10.0642
500004 22148 0 9.83339
452901 21174 0 7.90141
561052 22305 0 11.1506
413635 20893 0 9.32568
476782 21491 0 9.1675
453507 21007 0 10.2552
446360 21524 0 10.5582
459467 22017 0 10.9136
#/home/michal/Dropbox/study/university/kth/thesis/data/features/ds0,01/nr0_04/fixed_featuredata_fpfh_susan_2015-05-20_20-18-50.txt
628409 4549 0 15.8206
536942 4247 0 10.2932
555420 4198 0 8.57235
554155 4417 0 9.22766
526012 4851 0 8.37317
545801 4178 0 8.5972
504674 4381 0 7.79423
523629 4032 0 8.11142
523173 2313 0 3.58428
616680 944 0 1.93231
518494 4347 0 9.74356
462484 4417 0 8.98213
560430 4182 0 8.9406
458473 4155 0 8.43723
547806 4528 0 9.62707
580150 4656 0 11.4566
514036 3974 0 8.25054
502669 3880 0 8.47598
535120 4258 0 10.1621
535196 3847 0 8.18013
572348 4154 0 9.73214
506191 3871 0 6.22116
511456 3798 0 8.42064
442011 3986 0 7.69215
466377 3690 0 6.78819
484949 3916 0 8.26716
472924 4045 0 9.78143
512346 3913 0 7.80389
574968 4508 0 10.7777
570567 4457 0 11.0528
530186 3972 0 9.24009
568957 4234 0 11.4822
560999 4160 0 17.3919
572563 4242 0 16.3823
510976 4196 0 10.537
659824 4513 0 13.1574
555029 4627 0 10.207
541854 4105 0 9.72422
535636 4317 0 9.22514
510649 4086 0 8.30338
550674 4283 0 9.80852
325795 4443 0 3.60506
462857 3827 0 8.17913
562096 4226 0 10.9625
499209 3079 0 9.65832
502466 3850 0 8.92307
567234 3932 0 11.3781
466994 3860 0 7.94285
430604 3615 0 8.34428
465347 3992 0 8.36929
437366 3998 0 8.14644
518434 2666 0 6.746
509779 3775 0 9.17618
476066 3547 0 8.05256
442558 3302 0 7.49695
415407 3455 0 7.72213
415933 3579 0 7.34525
576413 3978 0 12.1899
481972 3643 0 9.13403
528352 3950 0 10.8727
499563 3722 0 9.18625
488447 3569 0 10.3815
501947 3803 0 9.59294
457596 1353 0 4.55926
468482 4303 0 11.2247
485223 4183 0 9.90756
485361 3639 0 8.37657
507680 3876 0 7.55518
480487 3779 0 8.3456
571929 4022 0 9.88735
522178 3639 0 9.89908
495607 3846 0 8.70786
474582 3718 0 8.00141
502605 3868 0 9.95514
467594 3877 0 7.88274
492110 4102 0 10.9063
446818 3372 0 7.6782
472148 3668 0 8.41148
514395 3752 0 7.59678
472286 3798 0 8.64422
500004 3957 0 7.13963
452901 3928 0 8.04386
561052 4088 0 10.1617
413635 3886 0 6.22644
476782 3793 0 8.26175
453507 3739 0 8.76821
446360 3783 0 16.6886
459467 4061 0 11.6323
#/home/michal/Dropbox/study/university/kth/thesis/data/features/ds0,01/nr0_04/featuredata_fpfh_uniform_2015-05-20_13-19-30.txt
628409 0 0 11.8721
536942 0 0 10.1665
555420 0 0 12.3721
554155 0 0 9.83834
526012 0 0 10.7514
545801 0 0 12.2626
504674 0 0 10.1578
523629 0 0 11.6849
523173 0 0 9.74037
616680 0 0 13.8102
518494 0 0 11.5064
462484 0 0 9.39303
560430 0 0 10.2106
458473 0 0 9.19182
547806 0 0 10.0875
580150 0 0 10.8561
514036 0 0 11.3772
502669 0 0 10.4214
535120 0 0 10.7928
535196 0 0 11.6515
572348 0 0 10.0763
506191 0 0 10.277
511456 0 0 9.27521
442011 0 0 11.1143
466377 0 0 8.98212
484949 0 0 8.8948
472924 0 0 8.58245
512346 0 0 8.67434
574968 0 0 11.9701
570567 0 0 10.0463
530186 0 0 10.2312
568957 0 0 11.2854
560999 0 0 9.76336
572563 0 0 11.1157
510976 0 0 10.0028
659824 0 0 14.6989
555029 0 0 10.0966
541854 0 0 10.1307
535636 0 0 10.5815
510649 0 0 9.74164
550674 0 0 9.99065
325795 0 0 4.66845
462857 0 0 9.14889
562096 0 0 12.0557
499209 0 0 9.71229
502466 0 0 9.35522
567234 0 0 11.7033
466994 0 0 8.87213
430604 0 0 8.92042
465347 0 0 10.9882
437366 0 0 7.95582
518434 0 0 10.1569
509779 0 0 12.5326
476066 0 0 9.61018
442558 0 0 8.97023
415407 0 0 9.2387
415933 0 0 8.34932
576413 0 0 11.2317
481972 0 0 8.94663
528352 0 0 9.20934
499563 0 0 8.80855
488447 0 0 9.71242
501947 0 0 9.28808
457596 0 0 9.08896
468482 0 0 8.97239
485223 0 0 8.23443
485361 0 0 9.71407
507680 0 0 8.34939
480487 0 0 11.0615
571929 0 0 16.8499
522178 0 0 12.8343
495607 0 0 10.515
474582 0 0 7.69109
502605 0 0 9.87534
467594 0 0 8.53192
492110 0 0 10.984
446818 0 0 9.71456
472148 0 0 8.64203
514395 0 0 11.4169
472286 0 0 10.0642
500004 0 0 9.83339
452901 0 0 7.90141
561052 0 0 11.1506
413635 0 0 9.32568
476782 0 0 9.1675
453507 0 0 10.2552
446360 0 0 10.5582
459467 0 0 10.9136
#/home/michal/Dropbox/study/university/kth/thesis/data/features/ds0,01/iter100/featuredata_fpfh_sift_2015-05-21_16-28-25.txt
631220 0 0 3.05012
689862 0 0 3.94906
471208 0 0 2.1014
756021 0 0 3.6393
520946 0 0 2.20666
394377 0 0 1.34522
529281 0 0 2.74118
781078 0 0 3.26945
588086 0 0 2.79315
559676 0 0 2.97719
538153 0 0 2.33592
489696 0 0 1.99303
484734 0 0 1.99762
572295 0 0 2.52939
506993 0 0 2.3449
517393 0 0 2.47991
495059 0 0 2.14919
562785 0 0 2.66196
522551 0 0 2.43363
540330 0 0 2.75447
644654 0 0 3.02878
502831 0 0 2.49846
388085 0 0 1.55788
398135 0 0 1.64793
687786 0 0 3.22316
453986 0 0 1.85435
749388 0 0 3.45049
525683 0 0 2.23713
596541 0 0 2.83011
584697 0 0 3.05468
425328 0 0 1.75864
695984 0 0 3.12124
535098 0 0 2.19866
532938 0 0 2.12793
567120 0 0 2.40604
618759 0 0 2.44204
756571 0 0 2.87499
531480 0 0 1.48167
604618 0 0 1.93937
342689 0 0 0.451235
461636 0 0 1.58998
453589 0 0 1.82847
428687 0 0 1.77306
503250 0 0 2.10326
553410 0 0 2.53886
426734 0 0 1.90539
608528 0 0 3.52968
393581 0 0 1.27298
396450 0 0 1.15433
474955 0 0 2.05838
506301 0 0 2.25032
410479 0 0 1.80705
393952 0 0 1.29984
410924 0 0 1.51769
426365 0 0 1.92428
542280 0 0 2.2441
387760 0 0 1.59663
562437 0 0 2.51863
430441 0 0 1.57736
393951 0 0 1.92291
580243 0 0 1.81297
567017 0 0 1.6396
575823 0 0 2.63765
398650 0 0 1.58708
395736 0 0 1.47692
680739 0 0 3.62483
751493 0 0 2.66466
588531 0 0 2.67551
477520 0 0 2.13985
441831 0 0 1.20352
542825 0 0 1.48071
533653 0 0 1.23174
642888 0 0 1.41572
523470 0 0 1.18268
434472 0 0 1.716
416316 0 0 1.95507
445228 0 0 2.13601
445087 0 0 2.05881
419359 0 0 1.68581
332057 0 0 1.501
574002 0 0 2.7342
392606 0 0 1.72568
514713 0 0 2.52462
423724 0 0 2.09252
388893 0 0 1.98338
570755 0 0 3.02199
#/home/michal/Dropbox/study/university/kth/thesis/data/features/ds0,01/iter100/featuredata_fpfh_susan_2015-05-21_15-36-51.txt
631220 0 0 9.01308
689862 0 0 8.85426
471208 0 0 6.3219
756021 0 0 12.1292
520946 0 0 4.73566
394377 0 0 3.42874
529281 0 0 5.3483
781078 0 0 5.8559
588086 0 0 4.84212
559676 0 0 6.06492
538153 0 0 4.93069
489696 0 0 5.24907
484734 0 0 4.64462
572295 0 0 5.91773
506993 0 0 4.42227
517393 0 0 5.88228
495059 0 0 6.14463
562785 0 0 6.45938
522551 0 0 5.99559
540330 0 0 6.05709
644654 0 0 7.62342
502831 0 0 6.63811
388085 0 0 4.22053
398135 0 0 4.42189
687786 0 0 8.815
453986 0 0 3.8751
749388 0 0 7.06965
525683 0 0 4.73339
596541 0 0 5.53756
584697 0 0 5.59083
425328 0 0 3.47033
695984 0 0 6.90624
535098 0 0 4.84246
532938 0 0 5.34873
567120 0 0 5.61483
618759 0 0 5.76143
756571 0 0 7.95928
531480 0 0 4.90027
604618 0 0 5.59903
342689 0 0 1.89761
461636 0 0 4.43313
453589 0 0 4.26727
428687 0 0 3.48029
503250 0 0 4.98309
553410 0 0 5.56055
426734 0 0 5.137
608528 0 0 6.53379
393581 0 0 3.45709
396450 0 0 3.84572
474955 0 0 3.61922
506301 0 0 4.38135
410479 0 0 3.39295
393952 0 0 3.27039
410924 0 0 3.48394
426365 0 0 3.99168
542280 0 0 5.40276
387760 0 0 3.10907
562437 0 0 4.95368
430441 0 0 3.77043
393951 0 0 3.42027
580243 0 0 5.63663
567017 0 0 2.34511
575823 0 0 6.3984
398650 0 0 3.70234
395736 0 0 3.25298
680739 0 0 6.33166
751493 0 0 7.87216
588531 0 0 5.33035
477520 0 0 4.41798
441831 0 0 3.83955
542825 0 0 5.06487
533653 0 0 5.40518
642888 0 0 6.03643
523470 0 0 5.2992
434472 0 0 3.74013
416316 0 0 3.94877
445228 0 0 3.66475
445087 0 0 4.66616
419359 0 0 3.52348
332057 0 0 3.43298
574002 0 0 5.84228
392606 0 0 3.61409
514713 0 0 5.2535
423724 0 0 3.91755
388893 0 0 3.59077
570755 0 0 6.44863
#/home/michal/Dropbox/study/university/kth/thesis/data/features/ds0,01/iter100/fixed_featuredata_fpfh_iss_2015-05-21_13-50-10.txt
631220 11034 0 15.5909
689862 12199 0 14.8167
471208 9018 0 9.26751
756021 12178 0 17.1095
520946 9155 0 9.68473
394377 7119 0 6.8921
529281 9354 0 11.2444
781078 12672 0 17.1005
588086 10157 0 11.9444
559676 10267 0 12.0015
538153 9699 0 11.0311
489696 9168 0 9.50809
484734 9070 0 9.54235
572295 10390 0 13.0917
506993 9441 0 9.09364
517393 10303 0 10.7792
495059 8977 0 9.25412
562785 10595 0 10.8493
522551 9663 0 10.1407
540330 10268 0 11.5382
644654 11106 0 14.1339
502831 9710 0 21.5516
388085 7235 0 19.6859
398135 7432 0 21.9884
687786 11491 0 31.0447
453986 8860 0 10.5276
749388 13279 0 16.9697
525683 9495 0 10.0685
596541 10150 0 12.8257
584697 10455 0 12.6496
425328 7868 0 7.58503
695984 11489 0 15.2578
535098 9882 0 10.4654
532938 8926 0 11.0635
567120 9756 0 11.6634
618759 11091 0 13.2274
756571 12711 0 16.4775
531480 10151 0 10.2035
604618 11038 0 12.6174
342689 5685 0 2.78734
461636 8279 0 8.94272
453589 8178 0 8.90026
428687 7627 0 8.03679
503250 8867 0 9.85723
553410 9165 0 12.1127
426734 7622 0 8.20661
608528 9922 0 13.6328
393581 6899 0 7.66366
396450 7265 0 7.57294
474955 8288 0 11.1283
506301 8623 0 12.1471
410479 7283 0 8.30043
393952 6837 0 7.98144
410924 7435 0 8.83151
426365 7380 0 9.09839
542280 9278 0 11.6353
387760 6852 0 7.65265
562437 9221 0 12.1554
430441 7550 0 8.54566
393951 6870 0 7.943
580243 9537 0 12.916
567017 9352 0 13.0057
575823 9653 0 13.1166
398650 7509 0 7.59683
395736 6866 0 7.53596
680739 10611 0 15.6761
751493 11956 0 18.0039
588531 10326 0 12.2987
477520 7756 0 10.1642
441831 7904 0 9.19661
542825 8933 0 12.2328
533653 9085 0 11.6278
642888 10858 0 14.1668
523470 9018 0 11.3803
434472 7425 0 8.85879
416316 7369 0 9.44492
445228 7858 0 8.60901
445087 7694 0 10.0333
419359 7446 0 9.03835
332057 5938 0 8.22278
574002 9791 0 13.2662
392606 7383 0 8.9361
514713 8584 0 11.5084
423724 7940 0 8.84496
388893 7191 0 8.55761
570755 9931 0 13.2741
#/home/michal/Dropbox/study/university/kth/thesis/data/features/ds0,01/iter100/fixed_featuredata_fpfh_sift_2015-05-21_16-28-25.txt
631220 910 0 3.05012
689862 1198 0 3.94906
471208 1096 0 2.1014
756021 1052 0 3.6393
520946 1006 0 2.20666
394377 921 0 1.34522
529281 1111 0 2.74118
781078 1008 0 3.26945
588086 967 0 2.79315
559676 922 0 2.97719
538153 891 0 2.33592
489696 880 0 1.99303
484734 913 0 1.99762
572295 996 0 2.52939
506993 1015 0 2.3449
517393 986 0 2.47991
495059 866 0 2.14919
562785 960 0 2.66196
522551 859 0 2.43363
540330 1021 0 2.75447
644654 810 0 3.02878
502831 899 0 2.49846
388085 757 0 1.55788
398135 738 0 1.64793
687786 753 0 3.22316
453986 823 0 1.85435
749388 984 0 3.45049
525683 886 0 2.23713
596541 775 0 2.83011
584697 842 0 3.05468
425328 740 0 1.75864
695984 805 0 3.12124
535098 811 0 2.19866
532938 756 0 2.12793
567120 881 0 2.40604
618759 924 0 2.44204
756571 941 0 2.87499
531480 905 0 1.48167
604618 919 0 1.93937
342689 1047 0 0.451235
461636 613 0 1.58998
453589 616 0 1.82847
428687 603 0 1.77306
503250 613 0 2.10326
553410 630 0 2.53886
426734 647 0 1.90539
608528 608 0 3.52968
393581 592 0 1.27298
396450 563 0 1.15433
474955 548 0 2.05838
506301 637 0 2.25032
410479 586 0 1.80705
393952 575 0 1.29984
410924 599 0 1.51769
426365 550 0 1.92428
542280 604 0 2.2441
387760 654 0 1.59663
562437 629 0 2.51863
430441 653 0 1.57736
393951 665 0 1.92291
580243 617 0 1.81297
567017 462 0 1.6396
575823 651 0 2.63765
398650 599 0 1.58708
395736 640 0 1.47692
680739 700 0 3.62483
751493 706 0 2.66466
588531 737 0 2.67551
477520 639 0 2.13985
441831 652 0 1.20352
542825 614 0 1.48071
533653 625 0 1.23174
642888 648 0 1.41572
523470 637 0 1.18268
434472 641 0 1.716
416316 620 0 1.95507
445228 677 0 2.13601
445087 576 0 2.05881
419359 648 0 1.68581
332057 538 0 1.501
574002 619 0 2.7342
392606 620 0 1.72568
514713 607 0 2.52462
423724 592 0 2.09252
388893 619 0 1.98338
570755 623 0 3.02199
#/home/michal/Dropbox/study/university/kth/thesis/data/features/ds0,01/iter100/fixed_featuredata_fpfh_uniform_2015-05-21_08-46-33.txt
631220 27617 0 30.2899
689862 33495 0 34.6503
471208 27438 0 19.3281
756021 33479 0 32.3438
520946 28655 0 20.9033
394377 24264 0 11.1193
529281 28873 0 24.076
781078 34429 0 36.5653
588086 28361 0 26.2745
559676 26191 0 22.2893
538153 26102 0 25.1827
489696 24378 0 31.3105
484734 25858 0 19.9799
572295 28892 0 25.729
506993 27618 0 26.8057
517393 28439 0 25.5814
495059 24780 0 24.3292
562785 28493 0 30.4609
522551 24967 0 32.1166
540330 27807 0 33.3186
644654 26682 0 34.3554
502831 25519 0 22.873
388085 20374 0 14.5835
398135 20949 0 17.609
687786 26156 0 32.6912
453986 24065 0 13.7866
749388 32388 0 29.7021
525683 25588 0 16.3081
596541 25360 0 27.4819
584697 26634 0 17.0427
425328 21925 0 9.92133
695984 27350 0 22.0917
535098 25133 0 22.4776
532938 24439 0 26.6735
567120 26372 0 26.981
618759 29068 0 30.7852
756571 32247 0 28.0066
531480 27388 0 23.7724
604618 28226 0 25.6961
342689 29561 0 7.6844
461636 19742 0 16.5135
453589 19710 0 15.0863
428687 19420 0 15.7843
503250 20729 0 20.5897
553410 21801 0 24.0479
426734 19888 0 18.1826
608528 22158 0 25.9954
393581 17918 0 17.4348
396450 17790 0 13.2117
474955 19875 0 17.4231
506301 21465 0 20.0438
410479 18589 0 14.2121
393952 18043 0 23.9205
410924 18249 0 16.7831
426365 17811 0 23.7688
542280 21370 0 37.3289
387760 18592 0 22.6191
562437 21870 0 37.5119
430441 18990 0 22.4745
393951 17912 0 16.7834
580243 21990 0 39.8036
567017 22061 0 28.8738
575823 22356 0 29.547
398650 18355 0 17.6351
395736 18144 0 17.8703
680739 23949 0 33.0107
751493 25212 0 35.4388
588531 24234 0 23.9467
477520 19450 0 29.9201
441831 18875 0 25.7063
542825 20417 0 29.3978
533653 21077 0 36.598
642888 23540 0 39.9245
523470 20452 0 18.5358
434472 18464 0 17.3875
416316 18018 0 17.5069
445228 19790 0 15.3078
445087 18070 0 30.5259
419359 18294 0 26.2181
332057 15655 0 19.2565
574002 21334 0 40.9179
392606 17656 0 23.1403
514713 19990 0 35.0627
423724 18425 0 22.1506
388893 17577 0 12.352
570755 21651 0 20.3274
#/home/michal/Dropbox/study/university/kth/thesis/data/features/ds0,01/iter100/featuredata_fpfh_uniform_2015-05-21_08-46-33.txt
631220 0 0 30.2899
689862 0 0 34.6503
471208 0 0 19.3281
756021 0 0 32.3438
520946 0 0 20.9033
394377 0 0 11.1193
529281 0 0 24.076
781078 0 0 36.5653
588086 0 0 26.2745
559676 0 0 22.2893
538153 0 0 25.1827
489696 0 0 31.3105
484734 0 0 19.9799
572295 0 0 25.729
506993 0 0 26.8057
517393 0 0 25.5814
495059 0 0 24.3292
562785 0 0 30.4609
522551 0 0 32.1166
540330 0 0 33.3186
644654 0 0 34.3554
502831 0 0 22.873
388085 0 0 14.5835
398135 0 0 17.609
687786 0 0 32.6912
453986 0 0 13.7866
749388 0 0 29.7021
525683 0 0 16.3081
596541 0 0 27.4819
584697 0 0 17.0427
425328 0 0 9.92133
695984 0 0 22.0917
535098 0 0 22.4776
532938 0 0 26.6735
567120 0 0 26.981
618759 0 0 30.7852
756571 0 0 28.0066
531480 0 0 23.7724
604618 0 0 25.6961
342689 0 0 7.6844
461636 0 0 16.5135
453589 0 0 15.0863
428687 0 0 15.7843
503250 0 0 20.5897
553410 0 0 24.0479
426734 0 0 18.1826
608528 0 0 25.9954
393581 0 0 17.4348
396450 0 0 13.2117
474955 0 0 17.4231
506301 0 0 20.0438
410479 0 0 14.2121
393952 0 0 23.9205
410924 0 0 16.7831
426365 0 0 23.7688
542280 0 0 37.3289
387760 0 0 22.6191
562437 0 0 37.5119
430441 0 0 22.4745
393951 0 0 16.7834
580243 0 0 39.8036
567017 0 0 28.8738
575823 0 0 29.547
398650 0 0 17.6351
395736 0 0 17.8703
680739 0 0 33.0107
751493 0 0 35.4388
588531 0 0 23.9467
477520 0 0 29.9201
441831 0 0 25.7063
542825 0 0 29.3978
533653 0 0 36.598
642888 0 0 39.9245
523470 0 0 18.5358
434472 0 0 17.3875
416316 0 0 17.5069
445228 0 0 15.3078
445087 0 0 30.5259
419359 0 0 26.2181
332057 0 0 19.2565
574002 0 0 40.9179
392606 0 0 23.1403
514713 0 0 35.0627
423724 0 0 22.1506
388893 0 0 12.352
570755 0 0 20.3274
#/home/michal/Dropbox/study/university/kth/thesis/data/features/ds0,01/iter100/featuredata_fpfh_iss_2015-05-21_13-50-10.txt
631220 0 0 15.5909
689862 0 0 14.8167
471208 0 0 9.26751
756021 0 0 17.1095
520946 0 0 9.68473
394377 0 0 6.8921
529281 0 0 11.2444
781078 0 0 17.1005
588086 0 0 11.9444
559676 0 0 12.0015
538153 0 0 11.0311
489696 0 0 9.50809
484734 0 0 9.54235
572295 0 0 13.0917
506993 0 0 9.09364
517393 0 0 10.7792
495059 0 0 9.25412
562785 0 0 10.8493
522551 0 0 10.1407
540330 0 0 11.5382
644654 0 0 14.1339
502831 0 0 21.5516
388085 0 0 19.6859
398135 0 0 21.9884
687786 0 0 31.0447
453986 0 0 10.5276
749388 0 0 16.9697
525683 0 0 10.0685
596541 0 0 12.8257
584697 0 0 12.6496
425328 0 0 7.58503
695984 0 0 15.2578
535098 0 0 10.4654
532938 0 0 11.0635
567120 0 0 11.6634
618759 0 0 13.2274
756571 0 0 16.4775
531480 0 0 10.2035
604618 0 0 12.6174
342689 0 0 2.78734
461636 0 0 8.94272
453589 0 0 8.90026
428687 0 0 8.03679
503250 0 0 9.85723
553410 0 0 12.1127
426734 0 0 8.20661
608528 0 0 13.6328
393581 0 0 7.66366
396450 0 0 7.57294
474955 0 0 11.1283
506301 0 0 12.1471
410479 0 0 8.30043
393952 0 0 7.98144
410924 0 0 8.83151
426365 0 0 9.09839
542280 0 0 11.6353
387760 0 0 7.65265
562437 0 0 12.1554
430441 0 0 8.54566
393951 0 0 7.943
580243 0 0 12.916
567017 0 0 13.0057
575823 0 0 13.1166
398650 0 0 7.59683
395736 0 0 7.53596
680739 0 0 15.6761
751493 0 0 18.0039
588531 0 0 12.2987
477520 0 0 10.1642
441831 0 0 9.19661
542825 0 0 12.2328
533653 0 0 11.6278
642888 0 0 14.1668
523470 0 0 11.3803
434472 0 0 8.85879
416316 0 0 9.44492
445228 0 0 8.60901
445087 0 0 10.0333
419359 0 0 9.03835
332057 0 0 8.22278
574002 0 0 13.2662
392606 0 0 8.9361
514713 0 0 11.5084
423724 0 0 8.84496
388893 0 0 8.55761
570755 0 0 13.2741
#/home/michal/Dropbox/study/university/kth/thesis/data/features/ds0,01/iter100/fixed_featuredata_fpfh_susan_2015-05-21_15-36-51.txt
631220 3975 0 9.01308
689862 4768 0 8.85426
471208 3952 0 6.3219
756021 5106 0 12.1292
520946 3958 0 4.73566
394377 3637 0 3.42874
529281 3727 0 5.3483
781078 2586 0 5.8559
588086 4114 0 4.84212
559676 4273 0 6.06492
538153 3932 0 4.93069
489696 3798 0 5.24907
484734 4171 0 4.64462
572295 4340 0 5.91773
506993 3789 0 4.42227
517393 3810 0 5.88228
495059 3900 0 6.14463
562785 3843 0 6.45938
522551 3615 0 5.99559
540330 3802 0 6.05709
644654 3857 0 7.62342
502831 3816 0 6.63811
388085 3094 0 4.22053
398135 3381 0 4.42189
687786 4840 0 8.815
453986 3419 0 3.8751
749388 4862 0 7.06965
525683 4004 0 4.73339
596541 4048 0 5.53756
584697 4021 0 5.59083
425328 3404 0 3.47033
695984 4704 0 6.90624
535098 4113 0 4.84246
532938 3727 0 5.34873
567120 4352 0 5.61483
618759 4054 0 5.76143
756571 4647 0 7.95928
531480 3785 0 4.90027
604618 4062 0 5.59903
342689 4925 0 1.89761
461636 3602 0 4.43313
453589 3787 0 4.26727
428687 2865 0 3.48029
503250 3629 0 4.98309
553410 3717 0 5.56055
426734 3365 0 5.137
608528 4110 0 6.53379
393581 3515 0 3.45709
396450 3659 0 3.84572
474955 2522 0 3.61922
506301 3584 0 4.38135
410479 2985 0 3.39295
393952 2953 0 3.27039
410924 3337 0 3.48394
426365 3345 0 3.99168
542280 3727 0 5.40276
387760 3106 0 3.10907
562437 3756 0 4.95368
430441 3120 0 3.77043
393951 3140 0 3.42027
580243 3900 0 5.63663
567017 1379 0 2.34511
575823 4287 0 6.3984
398650 3481 0 3.70234
395736 3234 0 3.25298
680739 4075 0 6.33166
751493 4534 0 7.87216
588531 4180 0 5.33035
477520 3275 0 4.41798
441831 3211 0 3.83955
542825 3734 0 5.06487
533653 3854 0 5.40518
642888 4204 0 6.03643
523470 4004 0 5.2992
434472 3087 0 3.74013
416316 3278 0 3.94877
445228 3303 0 3.66475
445087 3308 0 4.66616
419359 3133 0 3.52348
332057 3023 0 3.43298
574002 3926 0 5.84228
392606 3304 0 3.61409
514713 3629 0 5.2535
423724 3470 0 3.91755
388893 3228 0 3.59077
570755 4274 0 6.44863
#/home/michal/Dropbox/study/university/kth/thesis/data/features/ds0,01/dt0,02_mp8000_pp0,001/fixed_featuredata_fpfh_iss_2015-05-22_03-05-17.txt
624843 10892 0 10.5206
597049 10497 0 10.3314
623732 10477 0 11.6593
665888 10947 0 10.8857
631087 9890 0 11.252
623891 9921 0 10.2582
575704 9314 0 11.3799
628377 10389 0 10.974
625499 10164 0 10.9185
556466 9041 0 11.4551
528274 9333 0 8.01085
627892 10510 0 12.8056
519527 9115 0 8.36382
625863 10569 0 10.6277
621813 10891 0 11.363
634491 10727 0 9.95101
555852 9995 0 9.58169
604856 10736 0 10.161
644458 10791 0 11.3181
623286 10849 0 13.3103
626994 10956 0 12.2491
616925 10215 0 12.2581
573563 10084 0 10.3667
568451 9551 0 10.564
577007 9659 0 9.33901
552968 9331 0 10.4445
612063 10348 0 11.4307
620128 10723 0 11.7612
637419 10726 0 10.2535
613045 10372 0 12.3762
585150 9955 0 9.86804
573336 9581 0 11.931
601522 10074 0 10.8703
655501 10841 0 11.7202
668833 10738 0 12.1654
661480 10810 0 12.5979
610495 10238 0 9.31346
664310 11451 0 11.4258
584658 10204 0 10.3351
629863 10797 0 11.5975
637062 11161 0 12.0183
606072 10664 0 10.2011
625867 10659 0 10.574
612590 10853 0 11.9423
595720 9701 0 11.6329
619192 10547 0 10.1731
584905 10275 0 11.128
558634 9492 0 10.077
547713 9746 0 9.7075
649131 11279 0 11.3732
679504 11070 0 12.2124
645683 10708 0 14.099
586301 10095 0 10.0424
567939 9866 0 10.6695
537450 9600 0 9.3877
643058 11027 0 11.4444
710388 11461 0 15.3957
641141 10880 0 11.3991
629354 10954 0 11.4704
658739 11108 0 12.508
678682 11091 0 13.1812
634741 10966 0 11.9129
698869 11934 0 15.8856
631658 10790 0 9.77487
642762 10550 0 12.2121
611702 10352 0 11.195
702650 11373 0 13.5254
655453 11404 0 11.7385
671697 11359 0 11.9381
667400 11663 0 11.5112
586928 10505 0 11.4598
644420 10984 0 13.7823
621952 11156 0 10.6831
612750 10746 0 9.55522
621328 10317 0 10.5942
678053 11185 0 12.1703
622769 10724 0 10.5531
521530 9487 0 8.3779
601585 10179 0 9.44588
566444 10120 0 8.37023
600123 10507 0 10.4834
582108 10342 0 10.5868
611062 10930 0 9.7721
559678 10104 0 10.3058
607643 11043 0 10.0408
625329 11371 0 12.6532
#/home/michal/Dropbox/study/university/kth/thesis/data/features/ds0,01/dt0,02_mp8000_pp0,001/featuredata_fpfh_uniform_2015-05-21_21-20-52.txt
624843 0 0 13.2701
597049 0 0 13.049
623732 0 0 12.3796
665888 0 0 12.4546
631087 0 0 12.367
623891 0 0 12.8155
575704 0 0 10.5663
628377 0 0 12.8025
625499 0 0 12.9439
556466 0 0 11.2281
528274 0 0 11.2663
627892 0 0 12.4587
519527 0 0 9.74923
625863 0 0 12.8928
621813 0 0 11.6707
634491 0 0 11.0575
555852 0 0 10.8443
604856 0 0 11.9436
644458 0 0 12.6747
623286 0 0 11.6085
626994 0 0 11.7915
616925 0 0 11.9447
573563 0 0 11.6199
568451 0 0 10.7905
577007 0 0 11.5309
552968 0 0 10.5679
612063 0 0 9.99055
620128 0 0 12.0533
637419 0 0 11.7332
613045 0 0 11.8738
585150 0 0 11.4189
573336 0 0 13.101
601522 0 0 12.5903
655501 0 0 16.3093
668833 0 0 16.5288
661480 0 0 14.8624
610495 0 0 12.4894
664310 0 0 14.2771
584658 0 0 13.042
629863 0 0 13.2091
637062 0 0 11.9519
606072 0 0 11.6042
625867 0 0 13.069
612590 0 0 12.2153
595720 0 0 13.7253
619192 0 0 13.4295
584905 0 0 11.2971
558634 0 0 13.0468
547713 0 0 11.6428
649131 0 0 13.1946
679504 0 0 15.1992
645683 0 0 15.3162
586301 0 0 13.0702
567939 0 0 9.8095
537450 0 0 11.5649
643058 0 0 13.9841
710388 0 0 15.5093
641141 0 0 12.784
629354 0 0 13.0538
658739 0 0 12.6729
678682 0 0 16.6706
634741 0 0 14.7458
698869 0 0 14.3867
631658 0 0 12.8336
642762 0 0 11.219
611702 0 0 11.1073
702650 0 0 14.7831
655453 0 0 12.0962
671697 0 0 14.5093
667400 0 0 12.8281
586928 0 0 9.76726
644420 0 0 14.5027
621952 0 0 13.4643
612750 0 0 12.4476
621328 0 0 12.2873
678053 0 0 15.4784
622769 0 0 13.457
521530 0 0 11.2391
601585 0 0 12.2952
566444 0 0 10.1762
600123 0 0 12.326
582108 0 0 10.4671
611062 0 0 12.9007
559678 0 0 10.6678
607643 0 0 14.2233
625329 0 0 11.3775
#/home/michal/Dropbox/study/university/kth/thesis/data/features/ds0,01/dt0,02_mp8000_pp0,001/fixed_featuredata_fpfh_sift_2015-05-22_06-41-23.txt
624843 616 0 1.40832
597049 673 0 1.26647
623732 697 0 1.72289
665888 678 0 1.50247
631087 630 0 1.40343
623891 650 0 1.3533
575704 576 0 1.12654
628377 676 0 1.62406
625499 508 0 1.2339
556466 623 0 1.2349
528274 602 0 1.05404
627892 609 0 1.37801
519527 579 0 1.12984
625863 633 0 1.25448
621813 615 0 1.44915
634491 639 0 1.45217
555852 591 0 1.09449
604856 591 0 1.31144
644458 626 0 1.39252
623286 681 0 1.56709
626994 627 0 1.37069
616925 640 0 1.37075
573563 614 0 1.36906
568451 572 0 1.3151
577007 571 0 1.22112
552968 620 0 1.10018
612063 658 0 1.40297
620128 630 0 1.23587
637419 673 0 1.50971
613045 623 0 1.25253
585150 629 0 1.41047
573336 581 0 1.16543
601522 635 0 1.28158
655501 633 0 1.47804
668833 633 0 1.43356
661480 662 0 1.64063
610495 605 0 1.18998
664310 603 0 1.49807
584658 596 0 1.22867
629863 628 0 1.26913
637062 618 0 1.32751
606072 592 0 1.24529
625867 616 0 1.31102
612590 619 0 1.32687
595720 625 0 1.23344
619192 654 0 1.27336
584905 596 0 1.22229
558634 597 0 1.13144
547713 594 0 1.06288
649131 530 0 1.29707
679504 690 0 1.73712
645683 648 0 1.92905
586301 586 0 1.25742
567939 620 0 1.23043
537450 580 0 1.23657
643058 684 0 1.78112
710388 677 0 1.69959
641141 636 0 1.39446
629354 665 0 1.42245
658739 662 0 1.59112
678682 660 0 1.66873
634741 422 0 1.07504
698869 666 0 1.69131
631658 673 0 1.54717
642762 721 0 1.64956
611702 717 0 1.50318
702650 694 0 1.94424
655453 743 0 1.4604
671697 693 0 1.62232
667400 703 0 1.63447
586928 671 0 1.27256
644420 629 0 1.59233
621952 677 0 1.36008
612750 653 0 1.38708
621328 638 0 1.39953
678053 643 0 1.48873
622769 722 0 1.42548
521530 582 0 1.08393
601585 690 0 1.63806
566444 606 0 1.26114
600123 635 0 1.23267
582108 626 0 1.19405
611062 647 0 1.37303
559678 636 0 1.25857
607643 644 0 1.43386
625329 640 0 1.58077
#/home/michal/Dropbox/study/university/kth/thesis/data/features/ds0,01/dt0,02_mp8000_pp0,001/featuredata_fpfh_iss_2015-05-22_03-05-17.txt
624843 0 0 10.5206
597049 0 0 10.3314
623732 0 0 11.6593
665888 0 0 10.8857
631087 0 0 11.252
623891 0 0 10.2582
575704 0 0 11.3799
628377 0 0 10.974
625499 0 0 10.9185
556466 0 0 11.4551
528274 0 0 8.01085
627892 0 0 12.8056
519527 0 0 8.36382
625863 0 0 10.6277
621813 0 0 11.363
634491 0 0 9.95101
555852 0 0 9.58169
604856 0 0 10.161
644458 0 0 11.3181
623286 0 0 13.3103
626994 0 0 12.2491
616925 0 0 12.2581
573563 0 0 10.3667
568451 0 0 10.564
577007 0 0 9.33901
552968 0 0 10.4445
612063 0 0 11.4307
620128 0 0 11.7612
637419 0 0 10.2535
613045 0 0 12.3762
585150 0 0 9.86804
573336 0 0 11.931
601522 0 0 10.8703
655501 0 0 11.7202
668833 0 0 12.1654
661480 0 0 12.5979
610495 0 0 9.31346
664310 0 0 11.4258
584658 0 0 10.3351
629863 0 0 11.5975
637062 0 0 12.0183
606072 0 0 10.2011
625867 0 0 10.574
612590 0 0 11.9423
595720 0 0 11.6329
619192 0 0 10.1731
584905 0 0 11.128
558634 0 0 10.077
547713 0 0 9.7075
649131 0 0 11.3732
679504 0 0 12.2124
645683 0 0 14.099
586301 0 0 10.0424
567939 0 0 10.6695
537450 0 0 9.3877
643058 0 0 11.4444
710388 0 0 15.3957
641141 0 0 11.3991
629354 0 0 11.4704
658739 0 0 12.508
678682 0 0 13.1812
634741 0 0 11.9129
698869 0 0 15.8856
631658 0 0 9.77487
642762 0 0 12.2121
611702 0 0 11.195
702650 0 0 13.5254
655453 0 0 11.7385
671697 0 0 11.9381
667400 0 0 11.5112
586928 0 0 11.4598
644420 0 0 13.7823
621952 0 0 10.6831
612750 0 0 9.55522
621328 0 0 10.5942
678053 0 0 12.1703
622769 0 0 10.5531
521530 0 0 8.3779
601585 0 0 9.44588
566444 0 0 8.37023
600123 0 0 10.4834
582108 0 0 10.5868
611062 0 0 9.7721
559678 0 0 10.3058
607643 0 0 10.0408
625329 0 0 12.6532
#/home/michal/Dropbox/study/university/kth/thesis/data/features/ds0,01/dt0,02_mp8000_pp0,001/featuredata_fpfh_sift_2015-05-22_06-41-23.txt
624843 0 0 1.40832
597049 0 0 1.26647
623732 0 0 1.72289
665888 0 0 1.50247
631087 0 0 1.40343
623891 0 0 1.3533
575704 0 0 1.12654
628377 0 0 1.62406
625499 0 0 1.2339
556466 0 0 1.2349
528274 0 0 1.05404
627892 0 0 1.37801
519527 0 0 1.12984
625863 0 0 1.25448
621813 0 0 1.44915
634491 0 0 1.45217
555852 0 0 1.09449
604856 0 0 1.31144
644458 0 0 1.39252
623286 0 0 1.56709
626994 0 0 1.37069
616925 0 0 1.37075
573563 0 0 1.36906
568451 0 0 1.3151
577007 0 0 1.22112
552968 0 0 1.10018
612063 0 0 1.40297
620128 0 0 1.23587
637419 0 0 1.50971
613045 0 0 1.25253
585150 0 0 1.41047
573336 0 0 1.16543
601522 0 0 1.28158
655501 0 0 1.47804
668833 0 0 1.43356
661480 0 0 1.64063
610495 0 0 1.18998
664310 0 0 1.49807
584658 0 0 1.22867
629863 0 0 1.26913
637062 0 0 1.32751
606072 0 0 1.24529
625867 0 0 1.31102
612590 0 0 1.32687
595720 0 0 1.23344
619192 0 0 1.27336
584905 0 0 1.22229
558634 0 0 1.13144
547713 0 0 1.06288
649131 0 0 1.29707
679504 0 0 1.73712
645683 0 0 1.92905
586301 0 0 1.25742
567939 0 0 1.23043
537450 0 0 1.23657
643058 0 0 1.78112
710388 0 0 1.69959
641141 0 0 1.39446
629354 0 0 1.42245
658739 0 0 1.59112
678682 0 0 1.66873
634741 0 0 1.07504
698869 0 0 1.69131
631658 0 0 1.54717
642762 0 0 1.64956
611702 0 0 1.50318
702650 0 0 1.94424
655453 0 0 1.4604
671697 0 0 1.62232
667400 0 0 1.63447
586928 0 0 1.27256
644420 0 0 1.59233
621952 0 0 1.36008
612750 0 0 1.38708
621328 0 0 1.39953
678053 0 0 1.48873
622769 0 0 1.42548
521530 0 0 1.08393
601585 0 0 1.63806
566444 0 0 1.26114
600123 0 0 1.23267
582108 0 0 1.19405
611062 0 0 1.37303
559678 0 0 1.25857
607643 0 0 1.43386
625329 0 0 1.58077
#/home/michal/Dropbox/study/university/kth/thesis/data/features/ds0,01/dt0,02_mp8000_pp0,001/fixed_featuredata_fpfh_uniform_2015-05-21_21-20-52.txt
624843 24635 0 13.2701
597049 24417 0 13.049
623732 24699 0 12.3796
665888 25061 0 12.4546
631087 24299 0 12.367
623891 24348 0 12.8155
575704 22790 0 10.5663
628377 24514 0 12.8025
625499 24316 0 12.9439
556466 22345 0 11.2281
528274 22013 0 11.2663
627892 25255 0 12.4587
519527 21548 0 9.74923
625863 24760 0 12.8928
621813 24745 0 11.6707
634491 24379 0 11.0575
555852 23618 0 10.8443
604856 24439 0 11.9436
644458 24690 0 12.6747
623286 24768 0 11.6085
626994 24162 0 11.7915
616925 23794 0 11.9447
573563 22368 0 11.6199
568451 22761 0 10.7905
577007 22580 0 11.5309
552968 22451 0 10.5679
612063 24250 0 9.99055
620128 24946 0 12.0533
637419 25138 0 11.7332
613045 24304 0 11.8738
585150 23921 0 11.4189
573336 23212 0 13.101
601522 24569 0 12.5903
655501 25016 0 16.3093
668833 25117 0 16.5288
661480 25614 0 14.8624
610495 24487 0 12.4894
664310 24963 0 14.2771
584658 23542 0 13.042
629863 25257 0 13.2091
637062 25026 0 11.9519
606072 24615 0 11.6042
625867 24937 0 13.069
612590 24950 0 12.2153
595720 24085 0 13.7253
619192 25426 0 13.4295
584905 23546 0 11.2971
558634 22811 0 13.0468
547713 22647 0 11.6428
649131 25185 0 13.1946
679504 26461 0 15.1992
645683 24884 0 15.3162
586301 24335 0 13.0702
567939 22968 0 9.8095
537450 22190 0 11.5649
643058 24625 0 13.9841
710388 25718 0 15.5093
641141 24666 0 12.784
629354 24732 0 13.0538
658739 25046 0 12.6729
678682 25060 0 16.6706
634741 25128 0 14.7458
698869 26205 0 14.3867
631658 24632 0 12.8336
642762 24570 0 11.219
611702 24862 0 11.1073
702650 25197 0 14.7831
655453 27065 0 12.0962
671697 25071 0 14.5093
667400 25711 0 12.8281
586928 24350 0 9.76726
644420 24531 0 14.5027
621952 25233 0 13.4643
612750 24499 0 12.4476
621328 24019 0 12.2873
678053 24647 0 15.4784
622769 25460 0 13.457
521530 22047 0 11.2391
601585 24008 0 12.2952
566444 23823 0 10.1762
600123 23346 0 12.326
582108 24036 0 10.4671
611062 24232 0 12.9007
559678 23404 0 10.6678
607643 24710 0 14.2233
625329 25048 0 11.3775
#/home/michal/Dropbox/study/university/kth/thesis/data/features/ds0,01/dt0,02_mp8000_pp0,001/featuredata_fpfh_susan_2015-05-22_05-55-24.txt
624843 0 0 4.76423
597049 0 0 3.8046
623732 0 0 4.39839
665888 0 0 5.94728
631087 0 0 6.66916
623891 0 0 5.29996
575704 0 0 5.45555
628377 0 0 5.83696
625499 0 0 3.24212
556466 0 0 3.72422
528274 0 0 4.68744
627892 0 0 5.93648
519527 0 0 4.70882
625863 0 0 5.54683
621813 0 0 5.53361
634491 0 0 5.30903
555852 0 0 4.26244
604856 0 0 5.13311
644458 0 0 4.96889
623286 0 0 3.9757
626994 0 0 5.58527
616925 0 0 5.05059
573563 0 0 5.11219
568451 0 0 4.91598
577007 0 0 4.64872
552968 0 0 4.66386
612063 0 0 4.32151
620128 0 0 5.26887
637419 0 0 5.118
613045 0 0 4.96969
585150 0 0 4.62792
573336 0 0 4.54411
601522 0 0 5.64215
655501 0 0 5.38646
668833 0 0 5.7708
661480 0 0 5.82657
610495 0 0 4.69504
664310 0 0 5.41661
584658 0 0 5.3195
629863 0 0 5.18088
637062 0 0 6.00878
606072 0 0 4.92454
625867 0 0 4.85763
612590 0 0 4.61087
595720 0 0 4.28531
619192 0 0 4.54171
584905 0 0 4.81255
558634 0 0 4.60277
547713 0 0 3.88677
649131 0 0 4.64503
679504 0 0 5.04973
645683 0 0 4.41015
586301 0 0 3.84191
567939 0 0 4.28988
537450 0 0 4.52342
643058 0 0 6.22897
710388 0 0 5.51925
641141 0 0 4.06533
629354 0 0 4.86051
658739 0 0 5.28202
678682 0 0 5.21113
634741 0 0 2.50427
698869 0 0 6.94736
631658 0 0 5.71172
642762 0 0 4.63258
611702 0 0 4.05832
702650 0 0 5.43612
655453 0 0 4.9331
671697 0 0 6.36578
667400 0 0 4.97127
586928 0 0 4.25347
644420 0 0 5.07895
621952 0 0 4.54967
612750 0 0 5.35731
621328 0 0 5.49323
678053 0 0 4.82477
622769 0 0 4.86403
521530 0 0 3.79459
601585 0 0 4.88435
566444 0 0 5.18611
600123 0 0 4.22938
582108 0 0 4.54202
611062 0 0 6.32406
559678 0 0 4.67034
607643 0 0 5.87074
625329 0 0 4.56474
#/home/michal/Dropbox/study/university/kth/thesis/data/features/ds0,01/dt0,02_mp8000_pp0,001/fixed_featuredata_fpfh_susan_2015-05-22_05-55-24.txt
624843 4280 0 4.76423
597049 4165 0 3.8046
623732 4161 0 4.39839
665888 4529 0 5.94728
631087 4436 0 6.66916
623891 4061 0 5.29996
575704 4437 0 5.45555
628377 4285 0 5.83696
625499 1917 0 3.24212
556466 3972 0 3.72422
528274 4622 0 4.68744
627892 4483 0 5.93648
519527 4339 0 4.70882
625863 4573 0 5.54683
621813 4729 0 5.53361
634491 4320 0 5.30903
555852 4161 0 4.26244
604856 4490 0 5.13311
644458 4115 0 4.96889
623286 4227 0 3.9757
626994 4198 0 5.58527
616925 4131 0 5.05059
573563 4057 0 5.11219
568451 4024 0 4.91598
577007 4197 0 4.64872
552968 4438 0 4.66386
612063 4100 0 4.32151
620128 4676 0 5.26887
637419 4348 0 5.118
613045 4204 0 4.96969
585150 4233 0 4.62792
573336 4052 0 4.54411
601522 4215 0 5.64215
655501 4663 0 5.38646
668833 4545 0 5.7708
661480 4705 0 5.82657
610495 3994 0 4.69504
664310 4398 0 5.41661
584658 4138 0 5.3195
629863 4697 0 5.18088
637062 4492 0 6.00878
606072 4376 0 4.92454
625867 3573 0 4.85763
612590 4270 0 4.61087
595720 4124 0 4.28531
619192 4271 0 4.54171
584905 4239 0 4.81255
558634 4291 0 4.60277
547713 4374 0 3.88677
649131 3079 0 4.64503
679504 4325 0 5.04973
645683 3878 0 4.41015
586301 3826 0 3.84191
567939 4029 0 4.28988
537450 3947 0 4.52342
643058 4430 0 6.22897
710388 4104 0 5.51925
641141 4043 0 4.06533
629354 3893 0 4.86051
658739 4174 0 5.28202
678682 4347 0 5.21113
634741 1519 0 2.50427
698869 4891 0 6.94736
631658 4640 0 5.71172
642762 4091 0 4.63258
611702 4076 0 4.05832
702650 4200 0 5.43612
655453 4555 0 4.9331
671697 4279 0 6.36578
667400 4442 0 4.97127
586928 4290 0 4.25347
644420 4307 0 5.07895
621952 4588 0 4.54967
612750 4612 0 5.35731
621328 3956 0 5.49323
678053 4196 0 4.82477
622769 4119 0 4.86403
521530 3935 0 3.79459
601585 3974 0 4.88435
566444 4397 0 5.18611
600123 4136 0 4.22938
582108 4316 0 4.54202
611062 4303 0 6.32406
559678 4283 0 4.67034
607643 4307 0 5.87074
625329 4557 0 4.56474
