#/home/michal/Dropbox/study/university/kth/thesis/data/features/ds0,01/iter500/fixed_featuredata_shot_iss_2015-05-19_06-04-31.txt
382893 6964 14.5947 1.1535
403050 7589 15.9663 1.12327
360002 6310 14.5011 1.06999
417964 7411 16.7017 1.00646
465784 7972 19.3531 1.52302
360875 5961 14.5236 1.08812
368526 6290 15.3047 0.926361
349861 6254 14.1012 1.00799
424691 7344 17.9789 1.19017
339021 5690 13.8413 0.943462
335978 6343 13.226 1.00868
433153 7137 17.9141 1.16342
332962 6326 12.6382 0.73656
399528 6940 15.6283 1.21841
386666 6637 16.2311 0.969686
383856 6595 16.1172 1.03701
357230 6567 14.0914 1.10072
449652 8008 18.1461 1.30794
444344 7679 18.0529 1.19291
414960 6979 17.2817 1.26001
352741 6542 13.7599 1.08418
394384 7066 16.6305 1.16487
307963 5790 12.4141 0.764199
351250 6205 13.7449 0.923432
320682 5824 11.8891 1.02887
359026 6534 14.3377 1.05498
376223 6608 14.6493 1.16879
438252 7986 17.8636 1.38749
465518 8144 19.0391 1.2284
406231 6936 16.7811 1.16655
408231 7398 16.1476 1.23512
372523 6478 14.6895 0.8777
393802 6786 16.0725 0.920712
413193 7351 16.9522 1.02079
439090 7129 18.3689 1.31697
463637 7821 19.2049 1.14734
426557 7462 17.3937 1.14107
407163 7202 16.268 0.919681
374022 6618 14.903 0.916226
378044 6568 14.998 0.873804
415910 7722 15.9499 1.04464
399001 7004 16.5275 1.00888
368803 6536 14.9885 0.977231
407700 7398 16.4737 1.11564
404929 7130 15.9732 1.21472
402553 7216 15.8223 1.21155
338813 6143 14.0135 1.01587
349335 6412 14.3689 0.848083
372085 6814 14.8287 0.93353
367917 6612 14.6597 0.913398
402297 7196 15.3374 0.926833
368286 6583 14.6438 0.862196
345603 6011 13.6992 1.00499
390601 7109 15.6562 1.06316
307277 5453 11.9936 0.72817
415685 7412 17.191 1.00439
376478 6710 15.026 1.17071
377404 6574 15.1617 1.14208
391320 6784 15.6828 1.07457
394159 6853 15.4992 0.958548
398942 7137 16.0638 1.17772
329650 5689 13.1549 0.910266
431037 7629 17.2055 1.01605
327323 5841 12.9727 0.77662
412028 7122 16.924 1.20848
475947 8063 19.2469 1.14124
447767 7856 17.7635 1.30343
486395 8819 20.0443 1.25411
414497 6905 17.6122 1.05467
367051 6540 14.5969 0.840139
442242 7788 17.9721 1.21629
387424 6721 15.7652 0.918889
392263 6959 15.8146 0.890307
387718 6839 15.5212 0.94233
365134 6223 15.1734 0.934369
335961 5951 13.1804 1.03334
398211 6911 16.509 1.20565
334990 5955 13.6205 0.93911
393477 6815 16.264 1.16328
337377 5937 13.9907 0.60134
387641 7122 15.697 1.13073
308669 5676 11.5476 0.770273
360264 6407 14.8373 0.909659
382482 7156 15.0421 1.24416
344219 6149 13.4891 0.789706
374773 6809 14.3799 1.17446
#/home/michal/Dropbox/study/university/kth/thesis/data/features/ds0,01/iter50/fixed_featuredata_shot_iss_2015-05-20_04-39-11.txt
698683 10980 30.0582 1.9048
724192 11493 31.2358 2.21116
630549 10027 28.2033 1.90814
649674 10060 29.3096 2.04074
585903 9112 25.9331 1.82443
503828 7900 21.3506 1.31044
599071 9728 26.3286 1.49155
548863 8913 23.3411 1.50971
564007 8762 23.7738 1.70621
398179 7278 16.1906 1.04364
516411 8271 22.6916 1.59418
615224 10454 25.7175 1.91501
410323 7154 16.1792 1.00813
593620 9657 25.5729 1.83893
454596 8037 17.3763 1.39871
434680 7265 18.1733 1.10362
671489 10742 29.228 2.07351
474366 7951 18.9234 1.40411
441074 7931 17.9279 1.19534
549980 9305 23.261 1.55425
592253 9723 24.8945 1.81486
349864 6170 13.9529 0.833178
356296 6606 12.4743 1.04252
494784 8014 21.4076 1.26225
396940 7104 14.5318 1.15299
601786 10251 25.6955 1.67994
623808 10279 27.0161 2.03875
484986 8105 19.9029 1.48114
557892 9178 23.2444 1.71711
721122 11572 30.7839 2.26696
640144 10328 27.4306 1.69505
636015 10204 27.8664 1.676
486991 8318 20.0545 1.4384
711745 11172 30.5158 2.20158
644991 10580 26.781 1.96559
640591 10977 27.0762 1.87398
608359 10123 26.312 1.66593
606619 10047 26.0382 1.72301
592340 9868 25.0341 1.66099
604826 9849 24.5979 1.80979
658365 10738 27.238 2.04218
709232 11433 29.8171 2.0647
607262 9857 26.3305 1.5138
540080 9132 23.5577 1.65137
609067 10229 24.7517 1.86364
452610 8164 17.2323 1.26543
448658 7744 18.6545 1.14783
619775 10096 26.1648 1.69098
667680 11115 26.7286 2.03736
547003 8920 23.6864 1.63236
630680 10496 27.1504 1.60494
411749 7341 15.6991 1.0585
475897 8319 20.1876 1.1156
549788 8981 23.6624 1.64423
567017 9352 23.5957 1.72559
543227 9031 21.8958 1.43398
493204 8383 20.8904 1.47079
492276 8419 19.2155 1.44644
545100 8852 22.549 1.32054
600266 9783 25.6117 1.51958
648616 10865 27.174 1.85195
753783 11635 32.5378 2.18023
770704 12199 34.2461 2.26366
577399 9649 24.3779 1.76568
443220 7458 17.6953 1.16411
542219 9282 22.8003 1.53909
510567 9149 19.2095 1.50968
561267 8742 24.1488 1.47781
416316 7369 16.7578 1.07681
412123 7241 15.9814 1.04071
500699 8347 21.7669 1.23939
779337 12039 34.2615 2.27806
365899 6466 14.4607 1.07083
451434 8078 17.3207 1.16006
730435 11512 31.6976 2.06772
660899 10876 28.4442 1.96036
710252 11736 30.8387 2.28991
673969 11394 28.8844 2.1595
776858 12306 34.4656 2.54387
#/home/michal/Dropbox/study/university/kth/thesis/data/features/ds0,01/nr0_04/fixed_featuredata_shot_iss_2015-05-20_15-48-59.txt
628409 10956 14.857 0.919465
536942 10372 22.0118 1.1487
555420 10269 22.1146 1.32674
554155 10209 11.4782 0.684829
526012 9538 19.9617 0.674912
545801 9796 9.11599 0.583767
504674 9033 7.5106 0.521473
523629 9478 7.92131 1.24314
523173 9612 23.4191 1.10605
616680 10896 28.1871 1.52671
518494 9260 23.007 1.07662
462484 9046 17.2485 0.521896
560430 10195 8.27616 0.578026
458473 9287 8.36263 0.777467
547806 10353 9.64411 0.618964
580150 10604 9.16536 0.661764
514036 9596 8.0238 0.568703
502669 10297 10.7621 0.594711
535120 9820 8.1292 0.786539
535196 10211 8.50144 0.58874
572348 10308 8.67415 0.700665
506191 10130 7.36194 0.536519
511456 9641 7.59374 0.669983
442011 8791 11.9206 0.552362
466377 8688 7.75245 0.512516
484949 8826 6.99597 0.497008
472924 8380 7.03824 0.494114
512346 9811 7.50095 0.578414
574968 11041 9.93288 0.611994
570567 10250 8.59709 0.647519
530186 9770 14.311 0.595108
568957 10430 9.71464 1.13726
560999 9946 12.0748 0.615461
572563 9978 11.3385 0.607098
510976 9180 13.6139 0.557184
659824 11016 16.6162 0.82618
555029 10171 12.2166 0.606295
541854 10408 8.00374 0.557824
535636 10346 7.98096 0.580274
510649 10043 13.6144 0.622379
550674 10335 8.56424 0.631255
325795 5519 10.2019 0.398674
462857 8417 9.34846 0.606487
562096 9728 22.9282 1.22582
499209 8741 17.2704 0.971177
502466 9109 11.8671 0.775538
567234 9400 10.1622 0.699867
466994 8598 6.68141 0.493931
430604 7829 6.25893 0.517518
465347 8133 11.5658 0.979
437366 7939 15.3722 0.94326
518434 9259 18.713 0.856313
509779 9087 17.1779 1.08744
476066 8497 17.3167 1.19005
442558 7911 16.9899 1.03308
415407 7501 9.23078 0.516895
415933 7786 14.8013 0.548402
576413 9761 20.5968 1.225
481972 8743 6.90949 0.524245
528352 9028 9.07745 0.692332
499563 9080 9.88303 0.549774
488447 8551 8.88938 1.19275
501947 8903 8.09628 0.552719
457596 8011 6.6967 0.499782
468482 8451 6.83624 0.853367
485223 8815 15.83 0.899341
485361 8375 13.9822 0.540724
507680 8795 19.8139 0.806883
480487 8727 6.77706 0.543456
571929 10064 18.0213 0.683573
522178 8530 18.8567 0.895113
495607 9080 11.1369 0.572725
474582 8488 17.6727 1.05571
502605 8772 14.3644 1.08494
467594 8622 10.9532 0.999906
492110 8491 9.643 0.780516
446818 7885 8.79001 0.593681
472148 8496 16.2091 1.03567
514395 8980 9.19808 0.789175
472286 8202 14.2647 0.878035
500004 8910 20.5861 1.25046
452901 8360 19.0949 0.980696
561052 9448 24.9439 1.22186
413635 7797 17.1505 0.886754
476782 8406 17.8489 0.550494
453507 8371 6.50058 0.516822
446360 8326 15.3256 1.00442
459467 8665 6.66502 0.553753
#/home/michal/Dropbox/study/university/kth/thesis/data/features/ds0,01/iter100/fixed_featuredata_shot_iss_2015-05-21_12-42-22.txt
631220 11034 29.727 1.80937
689862 12199 32.9912 1.85536
471208 9018 21.1377 1.31205
756021 12178 38.0715 1.95968
520946 9155 24.9133 1.46117
394377 7119 19.2882 0.860093
529281 9354 25.5667 0.984083
781078 12672 39.0273 2.1426
588086 10157 29.0947 1.42605
559676 10267 26.4209 1.87044
538153 9699 24.9851 1.94869
489696 9168 23.8347 1.69447
484734 9070 21.3451 1.21978
572295 10390 28.1134 1.5942
506993 9441 23.6553 1.48912
517393 10303 25.4557 1.58023
495059 8977 21.4865 1.44817
562785 10595 30.153 1.1888
522551 9663 24.7364 1.11608
540330 10268 25.2301 1.08401
644654 11106 15.3502 0.974153
502831 9710 10.4016 0.730851
388085 7235 7.45159 0.5266
398135 7432 7.81495 0.560279
687786 11491 14.8705 1.02272
453986 8860 8.63866 0.634047
749388 13279 15.4118 1.11027
525683 9495 11.3952 0.838152
596541 10150 13.4207 0.923295
584697 10455 19.6819 1.51408
425328 7868 17.771 1.17871
695984 11489 28.7531 1.09699
535098 9882 16.8085 1.67156
532938 8926 19.523 0.789371
567120 9756 14.5735 1.10974
618759 11091 19.6855 1.24936
756571 12711 24.7576 1.12708
531480 10151 11.3104 0.768134
604618 11038 13.1558 0.961585
342689 5685 7.62114 0.413524
461636 8279 9.23277 0.657414
453589 8178 9.13384 0.651927
428687 7627 8.61479 0.579538
503250 8867 10.2728 0.724375
553410 9165 11.495 0.797633
426734 7622 8.25275 0.602347
608528 9922 13.2509 0.863873
393581 6899 8.4204 0.756336
396450 7265 8.01001 0.57434
474955 8288 9.42449 0.725614
506301 8623 10.7491 0.735922
410479 7283 8.2145 0.563506
393952 6837 8.10497 0.553111
410924 7435 8.2216 0.569372
426365 7380 8.68252 0.59752
542280 9278 11.2837 0.816876
387760 6852 7.7289 0.53775
562437 9221 12.1564 0.850063
430441 7550 8.6859 0.605
393951 6870 7.77224 0.538492
580243 9537 12.4527 0.859484
567017 9352 11.9957 0.82873
575823 9653 12.1514 0.858466
398650 7509 7.86981 0.550184
395736 6866 7.85369 0.552264
680739 10611 14.888 0.993935
751493 11956 16.2074 1.14838
588531 10326 12.1504 0.936511
477520 7756 9.97216 0.702319
441831 7904 9.91207 0.88563
542825 8933 17.4459 1.38692
533653 9085 17.5417 1.3502
642888 10858 21.0144 1.26525
523470 9018 22.9404 1.54485
434472 7425 15.5607 0.899908
416316 7369 12.9793 0.689552
445228 7858 11.5251 1.08864
445087 7694 17.2032 1.32392
419359 7446 17.1809 0.865461
332057 5938 12.9941 0.951369
574002 9791 23.019 1.61586
392606 7383 14.2733 0.977028
514713 8584 20.3778 1.56416
423724 7940 16.7275 0.950755
388893 7191 14.6464 1.12636
570755 9931 21.0164 1.7608
#/home/michal/Dropbox/study/university/kth/thesis/data/features/ds0,01/dt0,02_mp8000_pp0,001/fixed_featuredata_shot_iss_2015-05-22_01-16-34.txt
624843 10892 26.3269 1.38044
597049 10497 17.247 0.707721
623732 10477 9.27273 0.707755
665888 10947 30.9748 1.50412
631087 9890 26.0828 0.719481
623891 9921 27.1522 1.30624
575704 9314 25.3613 1.21224
628377 10389 27.0094 1.4268
625499 10164 14.549 1.44509
556466 9041 15.4706 0.633726
528274 9333 19.8397 1.11863
627892 10510 27.0123 1.32852
519527 9115 21.7686 1.12862
625863 10569 26.9697 1.36645
621813 10891 26.2934 1.34641
634491 10727 27.434 1.38497
555852 9995 23.2231 1.17053
604856 10736 17.6442 0.721319
644458 10791 26.9114 1.27632
623286 10849 22.9991 1.37671
626994 10956 11.0867 0.77747
616925 10215 12.4673 0.717478
573563 10084 20.8342 1.28762
568451 9551 16.5386 1.26405
577007 9659 23.502 1.2499
552968 9331 23.7848 1.14575
612063 10348 26.282 1.26998
620128 10723 26.1327 1.36757
637419 10726 27.2724 1.44137
613045 10372 25.8763 1.28781
585150 9955 24.7201 1.216
573336 9581 24.0479 1.21553
601522 10074 25.7494 1.27277
655501 10841 28.7073 1.39215
668833 10738 29.2829 1.45522
661480 10810 28.514 1.47894
610495 10238 25.8638 1.2855
664310 11451 28.7266 1.42675
584658 10204 24.8451 1.14501
629863 10797 26.5574 1.32884
637062 11161 9.34864 0.780085
606072 10664 15.4188 0.717175
625867 10659 9.30835 0.775578
612590 10853 13.1216 0.742334
595720 9701 8.97268 0.650709
619192 10547 9.226 0.709228
584905 10275 24.7677 1.22487
558634 9492 14.6569 0.635427
547713 9746 22.9335 1.19487
649131 11279 27.3757 1.39135
679504 11070 17.8971 1.55695
645683 10708 27.4853 1.40651
586301 10095 24.5809 1.21569
567939 9866 23.2422 1.19879
537450 9600 23.9582 1.15889
643058 11027 15.6176 1.33312
710388 11461 31.6277 1.58292
641141 10880 27.4443 1.35807
629354 10954 26.6314 1.30784
658739 11108 10.0462 0.7342
678682 11091 26.4924 0.763834
634741 10966 27.0032 1.32286
698869 11934 29.9557 1.44668
631658 10790 26.8964 1.30471
642762 10550 9.8235 0.708925
611702 10352 21.3061 0.676172
702650 11373 11.1669 0.864508
655453 11404 9.76036 0.7574
671697 11359 20.2553 0.8236
667400 11663 23.6684 0.776372
586928 10505 21.518 1.33712
644420 10984 12.7678 1.42482
621952 11156 9.60271 0.776013
612750 10746 25.6113 1.33781
621328 10317 26.1464 1.32865
678053 11185 29.4848 1.42316
622769 10724 26.2428 1.28236
521530 9487 7.69806 0.612963
601585 10179 25.3032 1.26211
566444 10120 23.5995 1.0868
600123 10507 25.1662 1.2981
582108 10342 23.6127 1.23834
611062 10930 25.0949 1.31887
559678 10104 22.2441 1.20053
607643 11043 24.6203 1.35799
625329 11371 25.714 1.34213
