#/home/michal/Dropbox/study/university/kth/thesis/data/features/ds0,01/iter500/fixed_featuredata_shotcolor_uniform_2015-05-19_00-53-52.txt
382893 17892 0 1.69344
403050 18773 0 1.81147
360002 16744 0 1.58603
417964 18878 0 1.82683
465784 19905 0 1.90531
360875 16812 0 1.55027
368526 16865 0 1.69675
349861 16973 0 1.55181
424691 18424 0 1.67603
339021 15942 0 1.5091
335978 16122 0 1.55727
433153 18729 0 2.00072
332962 15744 0 1.42668
399528 17929 0 1.80239
386666 17801 0 1.64396
383856 17434 0 1.68218
357230 17157 0 1.74095
449652 19438 0 1.89862
444344 18802 0 2.01034
414960 17834 0 1.75592
352741 16874 0 1.66961
394384 17520 0 1.80738
307963 15008 0 1.14926
351250 16202 0 1.71982
320682 16077 0 1.42313
359026 16532 0 1.64389
376223 17652 0 1.54256
438252 19055 0 1.90226
465518 20196 0 2.08515
406231 18067 0 1.77465
408231 18502 0 1.70976
372523 17320 0 1.59413
393802 18273 0 1.77559
413193 18659 0 1.79288
439090 19201 0 1.9079
463637 19690 0 2.06024
426557 18934 0 1.85445
407163 18561 0 1.94889
374022 17192 0 1.43881
378044 17772 0 1.74704
415910 18891 0 1.86684
399001 17860 0 1.62682
368803 17554 0 1.63134
407700 18549 0 1.84466
404929 18443 0 1.81647
402553 18941 0 1.67913
338813 16229 0 1.5648
349335 16699 0 1.46133
372085 16827 0 1.65533
367917 17414 0 1.56881
402297 19246 0 1.78455
368286 17421 0 1.66307
345603 16918 0 1.59191
390601 17426 0 1.61432
307277 15036 0 1.45277
415685 18361 0 1.73221
376478 18216 0 1.74741
377404 17993 0 1.71588
391320 17831 0 1.7111
394159 17493 0 1.74275
398942 18202 0 1.93292
329650 16377 0 1.41691
431037 18983 0 1.97134
327323 16141 0 1.56146
412028 18123 0 1.77471
475947 19998 0 2.05138
447767 19323 0 2.10579
486395 21602 0 2.02171
414497 18202 0 1.91906
367051 17299 0 1.69533
442242 19023 0 1.92198
387424 17417 0 1.7973
392263 17793 0 1.53752
387718 17840 0 1.80202
365134 16666 0 1.60192
335961 15895 0 1.53209
398211 18303 0 1.76156
334990 15493 0 1.5273
393477 17166 0 1.57357
337377 15762 0 1.59283
387641 17023 0 1.67408
308669 15439 0 1.41026
360264 16559 0 1.61318
382482 17105 0 1.85371
344219 16211 0 1.49785
374773 17093 0 1.6724
#/home/michal/Dropbox/study/university/kth/thesis/data/features/ds0,01/iter500/featuredata_shotcolor_susan_2015-05-19_10-05-59.txt
382893 0 0 0.955564
403050 0 0 0.978839
360002 0 0 0.965327
417964 0 0 1.01532
465784 0 0 1.15731
360875 0 0 0.862264
368526 0 0 1.02916
349861 0 0 0.840005
424691 0 0 0.85521
339021 0 0 0.799145
335978 0 0 0.865049
433153 0 0 1.04197
332962 0 0 0.946574
399528 0 0 0.970929
386666 0 0 0.975997
383856 0 0 0.898946
357230 0 0 0.887638
449652 0 0 1.15756
444344 0 0 1.05715
414960 0 0 1.05508
352741 0 0 0.828474
394384 0 0 0.923616
307963 0 0 0.75686
351250 0 0 0.949333
320682 0 0 0.798603
359026 0 0 0.926973
376223 0 0 0.849417
438252 0 0 1.08608
465518 0 0 1.14468
406231 0 0 1.03099
408231 0 0 0.980368
372523 0 0 0.89984
393802 0 0 0.943121
413193 0 0 1.00636
439090 0 0 1.16874
463637 0 0 1.13519
426557 0 0 1.03515
407163 0 0 0.999183
374022 0 0 0.929728
378044 0 0 0.923432
415910 0 0 1.11767
399001 0 0 0.983944
368803 0 0 0.845492
407700 0 0 0.977859
404929 0 0 0.965181
402553 0 0 1.04738
338813 0 0 0.820331
349335 0 0 0.874059
372085 0 0 0.911001
367917 0 0 0.808037
402297 0 0 0.948873
368286 0 0 0.893584
345603 0 0 0.902306
390601 0 0 0.926806
307277 0 0 0.744868
415685 0 0 1.0072
376478 0 0 0.901898
377404 0 0 0.945013
391320 0 0 0.920627
394159 0 0 0.948375
398942 0 0 0.95151
329650 0 0 0.653616
431037 0 0 1.08916
327323 0 0 0.87279
412028 0 0 0.971188
475947 0 0 1.10569
447767 0 0 1.06492
486395 0 0 1.17975
414497 0 0 1.04446
367051 0 0 0.883765
442242 0 0 1.12599
387424 0 0 0.943977
392263 0 0 0.961693
387718 0 0 0.971299
365134 0 0 0.937641
335961 0 0 0.813794
398211 0 0 0.941412
334990 0 0 0.803852
393477 0 0 0.924199
337377 0 0 0.818831
387641 0 0 0.920601
308669 0 0 0.776333
360264 0 0 0.92865
382482 0 0 0.94043
344219 0 0 0.84278
374773 0 0 0.92695
#/home/michal/Dropbox/study/university/kth/thesis/data/features/ds0,01/iter500/fixed_featuredata_shotcolor_susan_2015-05-19_10-05-59.txt
382893 3197 0 0.955564
403050 3357 0 0.978839
360002 2946 0 0.965327
417964 3414 0 1.01532
465784 3845 0 1.15731
360875 2852 0 0.862264
368526 3327 0 1.02916
349861 2830 0 0.840005
424691 1564 0 0.85521
339021 2792 0 0.799145
335978 3417 0 0.865049
433153 3402 0 1.04197
332962 3230 0 0.946574
399528 3320 0 0.970929
386666 3409 0 0.975997
383856 3002 0 0.898946
357230 3142 0 0.887638
449652 3675 0 1.15756
444344 3282 0 1.05715
414960 3061 0 1.05508
352741 2738 0 0.828474
394384 2920 0 0.923616
307963 2666 0 0.75686
351250 2898 0 0.949333
320682 2841 0 0.798603
359026 3306 0 0.926973
376223 2851 0 0.849417
438252 3498 0 1.08608
465518 3725 0 1.14468
406231 3050 0 1.03099
408231 3267 0 0.980368
372523 2996 0 0.89984
393802 3120 0 0.943121
413193 3521 0 1.00636
439090 3470 0 1.16874
463637 3739 0 1.13519
426557 3324 0 1.03515
407163 3217 0 0.999183
374022 3013 0 0.929728
378044 3224 0 0.923432
415910 3515 0 1.11767
399001 3248 0 0.983944
368803 2510 0 0.845492
407700 3144 0 0.977859
404929 3191 0 0.965181
402553 3179 0 1.04738
338813 2973 0 0.820331
349335 3204 0 0.874059
372085 3376 0 0.911001
367917 2201 0 0.808037
402297 3256 0 0.948873
368286 2963 0 0.893584
345603 2735 0 0.902306
390601 3128 0 0.926806
307277 2726 0 0.744868
415685 3470 0 1.0072
376478 3063 0 0.901898
377404 3047 0 0.945013
391320 2955 0 0.920627
394159 3146 0 0.948375
398942 3227 0 0.95151
329650 1138 0 0.653616
431037 3778 0 1.08916
327323 3102 0 0.87279
412028 3292 0 0.971188
475947 3317 0 1.10569
447767 3359 0 1.06492
486395 3735 0 1.17975
414497 3086 0 1.04446
367051 2965 0 0.883765
442242 3450 0 1.12599
387424 3071 0 0.943977
392263 3372 0 0.961693
387718 3454 0 0.971299
365134 2780 0 0.937641
335961 2710 0 0.813794
398211 3049 0 0.941412
334990 2898 0 0.803852
393477 2989 0 0.924199
337377 3028 0 0.818831
387641 3194 0 0.920601
308669 2929 0 0.776333
360264 3075 0 0.92865
382482 3307 0 0.94043
344219 3015 0 0.84278
374773 3337 0 0.92695
#/home/michal/Dropbox/study/university/kth/thesis/data/features/ds0,01/iter500/fixed_featuredata_shotcolor_iss_2015-05-19_06-28-26.txt
382893 6964 0 1.40318
403050 7589 0 1.27828
360002 6310 0 0.857486
417964 7411 0 0.965409
465784 7972 0 1.36264
360875 5961 0 0.973908
368526 6290 0 0.931657
349861 6254 0 0.960455
424691 7344 0 1.24113
339021 5690 0 0.795554
335978 6343 0 0.908038
433153 7137 0 1.13812
332962 6326 0 1.02204
399528 6940 0 1.08716
386666 6637 0 1.20937
383856 6595 0 1.10366
357230 6567 0 0.92859
449652 8008 0 1.38426
444344 7679 0 1.49613
414960 6979 0 1.0705
352741 6542 0 0.897593
394384 7066 0 1.10759
307963 5790 0 0.941668
351250 6205 0 0.90063
320682 5824 0 0.874256
359026 6534 0 1.15774
376223 6608 0 0.880733
438252 7986 0 1.44466
465518 8144 0 1.15589
406231 6936 0 1.19016
408231 7398 0 1.10999
372523 6478 0 1.18319
393802 6786 0 1.21233
413193 7351 0 1.10952
439090 7129 0 1.16372
463637 7821 0 1.51487
426557 7462 0 1.32079
407163 7202 0 0.969416
374022 6618 0 1.17328
378044 6568 0 1.20237
415910 7722 0 1.23757
399001 7004 0 1.08207
368803 6536 0 0.939007
407700 7398 0 1.447
404929 7130 0 1.04591
402553 7216 0 1.12055
338813 6143 0 0.832367
349335 6412 0 0.978326
372085 6814 0 1.1597
367917 6612 0 0.941302
402297 7196 0 1.18322
368286 6583 0 1.05105
345603 6011 0 0.988467
390601 7109 0 1.10635
307277 5453 0 0.978707
415685 7412 0 1.34537
376478 6710 0 1.10874
377404 6574 0 1.03278
391320 6784 0 1.23141
394159 6853 0 0.99364
398942 7137 0 1.20849
329650 5689 0 0.803632
431037 7629 0 1.22155
327323 5841 0 0.812962
412028 7122 0 1.35434
475947 8063 0 1.46838
447767 7856 0 1.28256
486395 8819 0 1.47653
414497 6905 0 1.08894
367051 6540 0 0.955434
442242 7788 0 1.46016
387424 6721 0 1.29084
392263 6959 0 1.153
387718 6839 0 1.02379
365134 6223 0 1.03515
335961 5951 0 1.0122
398211 6911 0 1.12398
334990 5955 0 0.831299
393477 6815 0 1.34126
337377 5937 0 0.689567
387641 7122 0 1.3837
308669 5676 0 0.711816
360264 6407 0 1.14585
382482 7156 0 1.24416
344219 6149 0 1.04888
374773 6809 0 1.05896
#/home/michal/Dropbox/study/university/kth/thesis/data/features/ds0,01/iter500/featuredata_shotcolor_sift_2015-05-19_11-11-33.txt
382893 0 0 0.521796
403050 0 0 0.605608
360002 0 0 0.413741
417964 0 0 0.573482
465784 0 0 0.824414
360875 0 0 0.467951
368526 0 0 0.589187
349861 0 0 0.627727
424691 0 0 0.608764
339021 0 0 0.502446
335978 0 0 0.596261
433153 0 0 0.602341
332962 0 0 0.599977
399528 0 0 0.795747
386666 0 0 0.706061
383856 0 0 0.694485
357230 0 0 0.633948
449652 0 0 0.805097
444344 0 0 0.793268
414960 0 0 0.627619
352741 0 0 0.425123
394384 0 0 0.79112
307963 0 0 0.448279
351250 0 0 0.536175
320682 0 0 0.562691
359026 0 0 0.500198
376223 0 0 0.671339
438252 0 0 0.619125
465518 0 0 0.63106
406231 0 0 0.726439
408231 0 0 0.638194
372523 0 0 0.666167
393802 0 0 0.548519
413193 0 0 0.634553
439090 0 0 0.6578
463637 0 0 0.714737
426557 0 0 0.665919
407163 0 0 0.630405
374022 0 0 0.663687
378044 0 0 0.380861
415910 0 0 0.575156
399001 0 0 0.58178
368803 0 0 0.575439
407700 0 0 0.528124
404929 0 0 0.777925
402553 0 0 0.708836
338813 0 0 0.464242
349335 0 0 0.627672
372085 0 0 0.660504
367917 0 0 0.483943
402297 0 0 0.601417
368286 0 0 0.637521
345603 0 0 0.452913
390601 0 0 0.591759
307277 0 0 0.413286
415685 0 0 0.655449
376478 0 0 0.517126
377404 0 0 0.494926
391320 0 0 0.613707
394159 0 0 0.559645
398942 0 0 0.570037
329650 0 0 0.465241
431037 0 0 0.698444
327323 0 0 0.587134
412028 0 0 0.755208
475947 0 0 0.776326
447767 0 0 0.674696
486395 0 0 0.768236
414497 0 0 0.625863
367051 0 0 0.728799
442242 0 0 0.651889
387424 0 0 0.505716
392263 0 0 0.592659
387718 0 0 0.502093
365134 0 0 0.498247
335961 0 0 0.652919
398211 0 0 0.577571
334990 0 0 0.451351
393477 0 0 0.512702
337377 0 0 0.48806
387641 0 0 0.688797
308669 0 0 0.379723
360264 0 0 0.484212
382482 0 0 0.584081
344219 0 0 0.507753
374773 0 0 0.491253
#/home/michal/Dropbox/study/university/kth/thesis/data/features/ds0,01/iter500/featuredata_shotcolor_uniform_2015-05-19_00-53-52.txt
382893 0 0 1.69344
403050 0 0 1.81147
360002 0 0 1.58603
417964 0 0 1.82683
465784 0 0 1.90531
360875 0 0 1.55027
368526 0 0 1.69675
349861 0 0 1.55181
424691 0 0 1.67603
339021 0 0 1.5091
335978 0 0 1.55727
433153 0 0 2.00072
332962 0 0 1.42668
399528 0 0 1.80239
386666 0 0 1.64396
383856 0 0 1.68218
357230 0 0 1.74095
449652 0 0 1.89862
444344 0 0 2.01034
414960 0 0 1.75592
352741 0 0 1.66961
394384 0 0 1.80738
307963 0 0 1.14926
351250 0 0 1.71982
320682 0 0 1.42313
359026 0 0 1.64389
376223 0 0 1.54256
438252 0 0 1.90226
465518 0 0 2.08515
406231 0 0 1.77465
408231 0 0 1.70976
372523 0 0 1.59413
393802 0 0 1.77559
413193 0 0 1.79288
439090 0 0 1.9079
463637 0 0 2.06024
426557 0 0 1.85445
407163 0 0 1.94889
374022 0 0 1.43881
378044 0 0 1.74704
415910 0 0 1.86684
399001 0 0 1.62682
368803 0 0 1.63134
407700 0 0 1.84466
404929 0 0 1.81647
402553 0 0 1.67913
338813 0 0 1.5648
349335 0 0 1.46133
372085 0 0 1.65533
367917 0 0 1.56881
402297 0 0 1.78455
368286 0 0 1.66307
345603 0 0 1.59191
390601 0 0 1.61432
307277 0 0 1.45277
415685 0 0 1.73221
376478 0 0 1.74741
377404 0 0 1.71588
391320 0 0 1.7111
394159 0 0 1.74275
398942 0 0 1.93292
329650 0 0 1.41691
431037 0 0 1.97134
327323 0 0 1.56146
412028 0 0 1.77471
475947 0 0 2.05138
447767 0 0 2.10579
486395 0 0 2.02171
414497 0 0 1.91906
367051 0 0 1.69533
442242 0 0 1.92198
387424 0 0 1.7973
392263 0 0 1.53752
387718 0 0 1.80202
365134 0 0 1.60192
335961 0 0 1.53209
398211 0 0 1.76156
334990 0 0 1.5273
393477 0 0 1.57357
337377 0 0 1.59283
387641 0 0 1.67408
308669 0 0 1.41026
360264 0 0 1.61318
382482 0 0 1.85371
344219 0 0 1.49785
374773 0 0 1.6724
#/home/michal/Dropbox/study/university/kth/thesis/data/features/ds0,01/iter500/featuredata_shotcolor_iss_2015-05-19_06-28-26.txt
382893 0 0 1.40318
403050 0 0 1.27828
360002 0 0 0.857486
417964 0 0 0.965409
465784 0 0 1.36264
360875 0 0 0.973908
368526 0 0 0.931657
349861 0 0 0.960455
424691 0 0 1.24113
339021 0 0 0.795554
335978 0 0 0.908038
433153 0 0 1.13812
332962 0 0 1.02204
399528 0 0 1.08716
386666 0 0 1.20937
383856 0 0 1.10366
357230 0 0 0.92859
449652 0 0 1.38426
444344 0 0 1.49613
414960 0 0 1.0705
352741 0 0 0.897593
394384 0 0 1.10759
307963 0 0 0.941668
351250 0 0 0.90063
320682 0 0 0.874256
359026 0 0 1.15774
376223 0 0 0.880733
438252 0 0 1.44466
465518 0 0 1.15589
406231 0 0 1.19016
408231 0 0 1.10999
372523 0 0 1.18319
393802 0 0 1.21233
413193 0 0 1.10952
439090 0 0 1.16372
463637 0 0 1.51487
426557 0 0 1.32079
407163 0 0 0.969416
374022 0 0 1.17328
378044 0 0 1.20237
415910 0 0 1.23757
399001 0 0 1.08207
368803 0 0 0.939007
407700 0 0 1.447
404929 0 0 1.04591
402553 0 0 1.12055
338813 0 0 0.832367
349335 0 0 0.978326
372085 0 0 1.1597
367917 0 0 0.941302
402297 0 0 1.18322
368286 0 0 1.05105
345603 0 0 0.988467
390601 0 0 1.10635
307277 0 0 0.978707
415685 0 0 1.34537
376478 0 0 1.10874
377404 0 0 1.03278
391320 0 0 1.23141
394159 0 0 0.99364
398942 0 0 1.20849
329650 0 0 0.803632
431037 0 0 1.22155
327323 0 0 0.812962
412028 0 0 1.35434
475947 0 0 1.46838
447767 0 0 1.28256
486395 0 0 1.47653
414497 0 0 1.08894
367051 0 0 0.955434
442242 0 0 1.46016
387424 0 0 1.29084
392263 0 0 1.153
387718 0 0 1.02379
365134 0 0 1.03515
335961 0 0 1.0122
398211 0 0 1.12398
334990 0 0 0.831299
393477 0 0 1.34126
337377 0 0 0.689567
387641 0 0 1.3837
308669 0 0 0.711816
360264 0 0 1.14585
382482 0 0 1.24416
344219 0 0 1.04888
374773 0 0 1.05896
#/home/michal/Dropbox/study/university/kth/thesis/data/features/ds0,01/iter500/fixed_featuredata_shotcolor_sift_2015-05-19_11-11-33.txt
382893 607 0 0.521796
403050 643 0 0.605608
360002 624 0 0.413741
417964 667 0 0.573482
465784 639 0 0.824414
360875 602 0 0.467951
368526 551 0 0.589187
349861 615 0 0.627727
424691 482 0 0.608764
339021 576 0 0.502446
335978 571 0 0.596261
433153 585 0 0.602341
332962 547 0 0.599977
399528 613 0 0.795747
386666 608 0 0.706061
383856 573 0 0.694485
357230 544 0 0.633948
449652 594 0 0.805097
444344 606 0 0.793268
414960 623 0 0.627619
352741 591 0 0.425123
394384 618 0 0.79112
307963 561 0 0.448279
351250 553 0 0.536175
320682 548 0 0.562691
359026 620 0 0.500198
376223 601 0 0.671339
438252 609 0 0.619125
465518 649 0 0.63106
406231 570 0 0.726439
408231 577 0 0.638194
372523 549 0 0.666167
393802 599 0 0.548519
413193 575 0 0.634553
439090 546 0 0.6578
463637 634 0 0.714737
426557 613 0 0.665919
407163 583 0 0.630405
374022 548 0 0.663687
378044 598 0 0.380861
415910 612 0 0.575156
399001 568 0 0.58178
368803 529 0 0.575439
407700 568 0 0.528124
404929 581 0 0.777925
402553 640 0 0.708836
338813 551 0 0.464242
349335 562 0 0.627672
372085 550 0 0.660504
367917 525 0 0.483943
402297 657 0 0.601417
368286 574 0 0.637521
345603 559 0 0.452913
390601 569 0 0.591759
307277 530 0 0.413286
415685 603 0 0.655449
376478 637 0 0.517126
377404 583 0 0.494926
391320 625 0 0.613707
394159 656 0 0.559645
398942 608 0 0.570037
329650 423 0 0.465241
431037 649 0 0.698444
327323 564 0 0.587134
412028 643 0 0.755208
475947 634 0 0.776326
447767 666 0 0.674696
486395 716 0 0.768236
414497 591 0 0.625863
367051 592 0 0.728799
442242 646 0 0.651889
387424 575 0 0.505716
392263 585 0 0.592659
387718 670 0 0.502093
365134 573 0 0.498247
335961 590 0 0.652919
398211 652 0 0.577571
334990 538 0 0.451351
393477 630 0 0.512702
337377 548 0 0.48806
387641 560 0 0.688797
308669 557 0 0.379723
360264 567 0 0.484212
382482 580 0 0.584081
344219 609 0 0.507753
374773 630 0 0.491253
#/home/michal/Dropbox/study/university/kth/thesis/data/features/ds0,01/iter50/fixed_featuredata_shotcolor_sift_2015-05-20_11-21-02.txt
698683 620 0 0.66206
724192 690 0 0.972445
630549 664 0 0.662191
649674 657 0 0.761053
585903 622 0 1.04894
503828 572 0 0.45526
599071 668 0 1.05342
548863 496 0 0.371108
564007 600 0 0.516618
398179 618 0 0.62945
516411 630 0 0.79376
615224 619 0 0.955255
410323 620 0 0.938625
593620 624 0 0.886251
454596 557 0 0.529782
434680 570 0 0.481974
671489 623 0 0.642455
474366 634 0 0.361783
441074 605 0 0.790701
549980 614 0 1.03872
592253 581 0 0.856396
349864 592 0 0.586973
356296 571 0 0.536239
494784 586 0 0.885693
396940 577 0 0.289305
601786 601 0 0.41146
623808 664 0 0.930107
484986 591 0 0.714862
557892 608 0 0.82236
721122 639 0 0.958051
640144 631 0 0.900724
636015 614 0 0.795877
486991 604 0 0.547997
711745 583 0 1.14407
644991 602 0 0.502833
640591 604 0 0.567206
608359 590 0 0.449223
606619 581 0 0.69443
592340 622 0 1.32437
604826 605 0 0.479775
658365 631 0 0.506381
709232 591 0 0.81081
607262 599 0 0.787701
540080 594 0 0.750306
609067 562 0 0.753844
452610 675 0 0.472917
448658 591 0 0.408333
619775 588 0 1.15591
667680 611 0 0.720022
547003 564 0 0.411757
630680 640 0 0.585543
411749 660 0 0.619703
475897 636 0 0.730445
549788 673 0 0.884232
567017 462 0 0.879772
543227 639 0 0.900307
493204 597 0 0.659253
492276 635 0 0.776095
545100 683 0 0.365437
600266 685 0 0.937988
648616 735 0 1.08732
753783 683 0 0.546063
770704 671 0 1.38457
577399 634 0 0.409133
443220 591 0 0.779672
542219 692 0 0.915961
510567 651 0 0.824293
561267 629 0 0.673391
416316 620 0 0.349667
412123 685 0 0.503121
500699 590 0 0.665414
779337 647 0 1.4064
365899 561 0 0.310779
451434 594 0 0.805552
730435 613 0 1.30821
660899 638 0 0.505465
710252 636 0 0.496268
673969 670 0 1.30907
776858 636 0 0.561
#/home/michal/Dropbox/study/university/kth/thesis/data/features/ds0,01/iter50/fixed_featuredata_shotcolor_iss_2015-05-20_05-12-55.txt
698683 10980 0 2.17245
724192 11493 0 2.54859
630549 10027 0 2.04101
649674 10060 0 1.96058
585903 9112 0 1.70367
503828 7900 0 1.55014
599071 9728 0 1.73192
548863 8913 0 1.72662
564007 8762 0 1.80902
398179 7278 0 1.38362
516411 8271 0 1.7776
615224 10454 0 2.26398
410323 7154 0 1.42811
593620 9657 0 2.11094
454596 8037 0 1.57474
434680 7265 0 1.36512
671489 10742 0 2.36924
474366 7951 0 1.64148
441074 7931 0 1.53371
549980 9305 0 1.70856
592253 9723 0 1.94659
349864 6170 0 1.02861
356296 6606 0 1.19893
494784 8014 0 1.49381
396940 7104 0 1.3241
601786 10251 0 1.89111
623808 10279 0 2.03641
484986 8105 0 1.5217
557892 9178 0 2.00317
721122 11572 0 2.61333
640144 10328 0 2.44175
636015 10204 0 2.27425
486991 8318 0 1.74305
711745 11172 0 2.76878
644991 10580 0 2.42369
640591 10977 0 2.28762
608359 10123 0 2.05214
606619 10047 0 2.1471
592340 9868 0 1.92023
604826 9849 0 1.89006
658365 10738 0 2.27792
709232 11433 0 2.50023
607262 9857 0 2.24956
540080 9132 0 1.91548
609067 10229 0 2.14318
452610 8164 0 1.75633
448658 7744 0 1.56515
619775 10096 0 2.18253
667680 11115 0 2.56184
547003 8920 0 2.12143
630680 10496 0 2.38136
411749 7341 0 1.42296
475897 8319 0 1.58332
549788 8981 0 1.87109
567017 9352 0 1.87461
543227 9031 0 1.65289
493204 8383 0 1.64431
492276 8419 0 1.64376
545100 8852 0 1.75546
600266 9783 0 1.79714
648616 10865 0 2.3943
753783 11635 0 2.90745
770704 12199 0 3.00202
577399 9649 0 2.28648
443220 7458 0 1.57897
542219 9282 0 2.12384
510567 9149 0 1.94748
561267 8742 0 2.01153
416316 7369 0 1.34576
412123 7241 0 1.18501
500699 8347 0 1.61634
779337 12039 0 2.70359
365899 6466 0 1.34634
451434 8078 0 1.36914
730435 11512 0 2.39832
660899 10876 0 2.40882
710252 11736 0 2.69219
673969 11394 0 2.43463
776858 12306 0 3.07461
#/home/michal/Dropbox/study/university/kth/thesis/data/features/ds0,01/iter50/fixed_featuredata_shotcolor_susan_2015-05-20_10-03-11.txt
698683 4274 0 1.37161
724192 4568 0 1.41003
630549 4213 0 1.20733
649674 4249 0 1.26003
585903 3881 0 1.15616
503828 3801 0 1.01426
599071 3871 0 1.18623
548863 1717 0 0.968539
564007 3683 0 0.543987
398179 3736 0 0.784514
516411 3776 0 1.05409
615224 4278 0 1.16459
410323 3551 0 0.414853
593620 3998 0 1.17844
454596 3382 0 0.88388
434680 3387 0 0.878427
671489 4085 0 1.29006
474366 3371 0 0.893818
441074 3232 0 0.874793
549980 3558 0 1.04458
592253 3739 0 1.1446
349864 2812 0 0.655397
356296 3019 0 0.678704
494784 3740 0 0.961601
396940 2881 0 0.730224
601786 4193 0 1.23547
623808 4237 0 1.29363
484986 3529 0 0.922006
557892 3749 0 1.14156
721122 4613 0 1.44964
640144 4366 0 0.592032
636015 4299 0 1.20965
486991 3566 0 0.95261
711745 4483 0 1.85663
644991 4475 0 1.20807
640591 4747 0 1.25283
608359 4175 0 0.529488
606619 3390 0 0.554884
592340 3756 0 0.535084
604826 3906 0 0.499025
658365 4280 0 0.620626
709232 4533 0 1.41688
607262 4364 0 1.20511
540080 4269 0 0.538863
609067 2556 0 0.528179
452610 3539 0 0.865618
448658 3437 0 0.859238
619775 3860 0 1.173
667680 4359 0 1.29842
547003 3869 0 1.03001
630680 4175 0 1.16733
411749 3074 0 0.371082
475897 3547 0 0.813208
549788 3450 0 0.520206
567017 1379 0 0.996161
543227 4271 0 1.09827
493204 3783 0 0.941484
492276 3598 0 0.435547
545100 3743 0 0.52922
600266 3733 0 1.21981
648616 4233 0 0.585934
753783 4449 0 1.4762
770704 4641 0 0.733111
577399 3988 0 1.19976
443220 3356 0 0.841001
542219 3927 0 1.03377
510567 4057 0 1.01637
561267 3622 0 1.04971
416316 3278 0 0.816947
412123 3205 0 0.831315
500699 3663 0 0.951129
779337 4818 0 1.58417
365899 3140 0 0.716614
451434 3564 0 0.964223
730435 4877 0 1.43059
660899 4457 0 1.78314
710252 4861 0 1.43214
673969 4456 0 1.38309
776858 5005 0 1.56014
#/home/michal/Dropbox/study/university/kth/thesis/data/features/ds0,01/iter50/fixed_featuredata_shotcolor_uniform_2015-05-19_20-41-59.txt
698683 23879 0 2.85669
724192 24775 0 4.05481
630549 22663 0 3.16125
649674 23153 0 3.54129
585903 21710 0 3.25137
503828 19430 0 2.95604
599071 22032 0 3.27982
548863 20678 0 2.79707
564007 20345 0 3.20183
398179 17784 0 2.06078
516411 20321 0 2.72051
615224 22686 0 3.66232
410323 18041 0 2.504
593620 22011 0 2.81493
454596 19253 0 3.21315
434680 18324 0 2.57644
671489 23416 0 3.65923
474366 19471 0 2.72223
441074 18503 0 2.6102
549980 20886 0 2.91522
592253 20729 0 2.76209
349864 16284 0 2.01848
356296 16857 0 2.0231
494784 18756 0 2.53519
396940 18238 0 1.82659
601786 22218 0 3.42568
623808 23256 0 3.52159
484986 19684 0 2.67899
557892 21088 0 3.13438
721122 24970 0 3.55462
640144 23159 0 3.46645
636015 23390 0 3.01529
486991 20617 0 2.78591
711745 24535 0 3.65318
644991 24057 0 3.1723
640591 23491 0 3.03077
608359 22571 0 3.38267
606619 22419 0 3.34472
592340 22396 0 3.0956
604826 22700 0 3.3305
658365 24055 0 3.68951
709232 24251 0 3.86586
607262 21781 0 3.43613
540080 20628 0 3.22708
609067 22578 0 3.35322
452610 20590 0 2.63288
448658 19298 0 2.5833
619775 22753 0 3.52979
667680 23431 0 3.75544
547003 20165 0 2.5569
630680 23005 0 2.80763
411749 19097 0 2.26944
475897 20608 0 2.61086
549788 21125 0 2.52325
567017 22061 0 2.99345
543227 21668 0 3.08406
493204 19819 0 2.47972
492276 20331 0 2.17803
545100 21289 0 3.09724
600266 22131 0 3.16323
648616 24767 0 3.60356
753783 25076 0 3.84642
770704 25378 0 3.98874
577399 21393 0 3.18656
443220 18397 0 1.87414
542219 21432 0 2.73874
510567 20773 0 2.49548
561267 20456 0 2.83608
416316 18018 0 1.94742
412123 18644 0 1.81482
500699 19140 0 3.04425
779337 25038 0 3.66713
365899 16860 0 2.15108
451434 18858 0 2.05094
730435 24104 0 3.63965
660899 23190 0 3.66344
710252 23999 0 3.61355
673969 23653 0 3.46611
776858 25427 0 3.92892
#/home/michal/Dropbox/study/university/kth/thesis/data/features/ds0,01/iter50/featuredata_shotcolor_sift_2015-05-20_11-21-02.txt
698683 0 0 0.66206
724192 0 0 0.972445
630549 0 0 0.662191
649674 0 0 0.761053
585903 0 0 1.04894
503828 0 0 0.45526
599071 0 0 1.05342
548863 0 0 0.371108
564007 0 0 0.516618
398179 0 0 0.62945
516411 0 0 0.79376
615224 0 0 0.955255
410323 0 0 0.938625
593620 0 0 0.886251
454596 0 0 0.529782
434680 0 0 0.481974
671489 0 0 0.642455
474366 0 0 0.361783
441074 0 0 0.790701
549980 0 0 1.03872
592253 0 0 0.856396
349864 0 0 0.586973
356296 0 0 0.536239
494784 0 0 0.885693
396940 0 0 0.289305
601786 0 0 0.41146
623808 0 0 0.930107
484986 0 0 0.714862
557892 0 0 0.82236
721122 0 0 0.958051
640144 0 0 0.900724
636015 0 0 0.795877
486991 0 0 0.547997
711745 0 0 1.14407
644991 0 0 0.502833
640591 0 0 0.567206
608359 0 0 0.449223
606619 0 0 0.69443
592340 0 0 1.32437
604826 0 0 0.479775
658365 0 0 0.506381
709232 0 0 0.81081
607262 0 0 0.787701
540080 0 0 0.750306
609067 0 0 0.753844
452610 0 0 0.472917
448658 0 0 0.408333
619775 0 0 1.15591
667680 0 0 0.720022
547003 0 0 0.411757
630680 0 0 0.585543
411749 0 0 0.619703
475897 0 0 0.730445
549788 0 0 0.884232
567017 0 0 0.879772
543227 0 0 0.900307
493204 0 0 0.659253
492276 0 0 0.776095
545100 0 0 0.365437
600266 0 0 0.937988
648616 0 0 1.08732
753783 0 0 0.546063
770704 0 0 1.38457
577399 0 0 0.409133
443220 0 0 0.779672
542219 0 0 0.915961
510567 0 0 0.824293
561267 0 0 0.673391
416316 0 0 0.349667
412123 0 0 0.503121
500699 0 0 0.665414
779337 0 0 1.4064
365899 0 0 0.310779
451434 0 0 0.805552
730435 0 0 1.30821
660899 0 0 0.505465
710252 0 0 0.496268
673969 0 0 1.30907
776858 0 0 0.561
#/home/michal/Dropbox/study/university/kth/thesis/data/features/ds0,01/iter50/featuredata_shotcolor_iss_2015-05-20_05-12-55.txt
698683 0 0 2.17245
724192 0 0 2.54859
630549 0 0 2.04101
649674 0 0 1.96058
585903 0 0 1.70367
503828 0 0 1.55014
599071 0 0 1.73192
548863 0 0 1.72662
564007 0 0 1.80902
398179 0 0 1.38362
516411 0 0 1.7776
615224 0 0 2.26398
410323 0 0 1.42811
593620 0 0 2.11094
454596 0 0 1.57474
434680 0 0 1.36512
671489 0 0 2.36924
474366 0 0 1.64148
441074 0 0 1.53371
549980 0 0 1.70856
592253 0 0 1.94659
349864 0 0 1.02861
356296 0 0 1.19893
494784 0 0 1.49381
396940 0 0 1.3241
601786 0 0 1.89111
623808 0 0 2.03641
484986 0 0 1.5217
557892 0 0 2.00317
721122 0 0 2.61333
640144 0 0 2.44175
636015 0 0 2.27425
486991 0 0 1.74305
711745 0 0 2.76878
644991 0 0 2.42369
640591 0 0 2.28762
608359 0 0 2.05214
606619 0 0 2.1471
592340 0 0 1.92023
604826 0 0 1.89006
658365 0 0 2.27792
709232 0 0 2.50023
607262 0 0 2.24956
540080 0 0 1.91548
609067 0 0 2.14318
452610 0 0 1.75633
448658 0 0 1.56515
619775 0 0 2.18253
667680 0 0 2.56184
547003 0 0 2.12143
630680 0 0 2.38136
411749 0 0 1.42296
475897 0 0 1.58332
549788 0 0 1.87109
567017 0 0 1.87461
543227 0 0 1.65289
493204 0 0 1.64431
492276 0 0 1.64376
545100 0 0 1.75546
600266 0 0 1.79714
648616 0 0 2.3943
753783 0 0 2.90745
770704 0 0 3.00202
577399 0 0 2.28648
443220 0 0 1.57897
542219 0 0 2.12384
510567 0 0 1.94748
561267 0 0 2.01153
416316 0 0 1.34576
412123 0 0 1.18501
500699 0 0 1.61634
779337 0 0 2.70359
365899 0 0 1.34634
451434 0 0 1.36914
730435 0 0 2.39832
660899 0 0 2.40882
710252 0 0 2.69219
673969 0 0 2.43463
776858 0 0 3.07461
#/home/michal/Dropbox/study/university/kth/thesis/data/features/ds0,01/iter50/featuredata_shotcolor_susan_2015-05-20_10-03-11.txt
698683 0 0 1.37161
724192 0 0 1.41003
630549 0 0 1.20733
649674 0 0 1.26003
585903 0 0 1.15616
503828 0 0 1.01426
599071 0 0 1.18623
548863 0 0 0.968539
564007 0 0 0.543987
398179 0 0 0.784514
516411 0 0 1.05409
615224 0 0 1.16459
410323 0 0 0.414853
593620 0 0 1.17844
454596 0 0 0.88388
434680 0 0 0.878427
671489 0 0 1.29006
474366 0 0 0.893818
441074 0 0 0.874793
549980 0 0 1.04458
592253 0 0 1.1446
349864 0 0 0.655397
356296 0 0 0.678704
494784 0 0 0.961601
396940 0 0 0.730224
601786 0 0 1.23547
623808 0 0 1.29363
484986 0 0 0.922006
557892 0 0 1.14156
721122 0 0 1.44964
640144 0 0 0.592032
636015 0 0 1.20965
486991 0 0 0.95261
711745 0 0 1.85663
644991 0 0 1.20807
640591 0 0 1.25283
608359 0 0 0.529488
606619 0 0 0.554884
592340 0 0 0.535084
604826 0 0 0.499025
658365 0 0 0.620626
709232 0 0 1.41688
607262 0 0 1.20511
540080 0 0 0.538863
609067 0 0 0.528179
452610 0 0 0.865618
448658 0 0 0.859238
619775 0 0 1.173
667680 0 0 1.29842
547003 0 0 1.03001
630680 0 0 1.16733
411749 0 0 0.371082
475897 0 0 0.813208
549788 0 0 0.520206
567017 0 0 0.996161
543227 0 0 1.09827
493204 0 0 0.941484
492276 0 0 0.435547
545100 0 0 0.52922
600266 0 0 1.21981
648616 0 0 0.585934
753783 0 0 1.4762
770704 0 0 0.733111
577399 0 0 1.19976
443220 0 0 0.841001
542219 0 0 1.03377
510567 0 0 1.01637
561267 0 0 1.04971
416316 0 0 0.816947
412123 0 0 0.831315
500699 0 0 0.951129
779337 0 0 1.58417
365899 0 0 0.716614
451434 0 0 0.964223
730435 0 0 1.43059
660899 0 0 1.78314
710252 0 0 1.43214
673969 0 0 1.38309
776858 0 0 1.56014
#/home/michal/Dropbox/study/university/kth/thesis/data/features/ds0,01/iter50/featuredata_shotcolor_uniform_2015-05-19_20-41-59.txt
698683 0 0 2.85669
724192 0 0 4.05481
630549 0 0 3.16125
649674 0 0 3.54129
585903 0 0 3.25137
503828 0 0 2.95604
599071 0 0 3.27982
548863 0 0 2.79707
564007 0 0 3.20183
398179 0 0 2.06078
516411 0 0 2.72051
615224 0 0 3.66232
410323 0 0 2.504
593620 0 0 2.81493
454596 0 0 3.21315
434680 0 0 2.57644
671489 0 0 3.65923
474366 0 0 2.72223
441074 0 0 2.6102
549980 0 0 2.91522
592253 0 0 2.76209
349864 0 0 2.01848
356296 0 0 2.0231
494784 0 0 2.53519
396940 0 0 1.82659
601786 0 0 3.42568
623808 0 0 3.52159
484986 0 0 2.67899
557892 0 0 3.13438
721122 0 0 3.55462
640144 0 0 3.46645
636015 0 0 3.01529
486991 0 0 2.78591
711745 0 0 3.65318
644991 0 0 3.1723
640591 0 0 3.03077
608359 0 0 3.38267
606619 0 0 3.34472
592340 0 0 3.0956
604826 0 0 3.3305
658365 0 0 3.68951
709232 0 0 3.86586
607262 0 0 3.43613
540080 0 0 3.22708
609067 0 0 3.35322
452610 0 0 2.63288
448658 0 0 2.5833
619775 0 0 3.52979
667680 0 0 3.75544
547003 0 0 2.5569
630680 0 0 2.80763
411749 0 0 2.26944
475897 0 0 2.61086
549788 0 0 2.52325
567017 0 0 2.99345
543227 0 0 3.08406
493204 0 0 2.47972
492276 0 0 2.17803
545100 0 0 3.09724
600266 0 0 3.16323
648616 0 0 3.60356
753783 0 0 3.84642
770704 0 0 3.98874
577399 0 0 3.18656
443220 0 0 1.87414
542219 0 0 2.73874
510567 0 0 2.49548
561267 0 0 2.83608
416316 0 0 1.94742
412123 0 0 1.81482
500699 0 0 3.04425
779337 0 0 3.66713
365899 0 0 2.15108
451434 0 0 2.05094
730435 0 0 3.63965
660899 0 0 3.66344
710252 0 0 3.61355
673969 0 0 3.46611
776858 0 0 3.92892
#/home/michal/Dropbox/study/university/kth/thesis/data/features/ds0,01/nr0_04/fixed_featuredata_shotcolor_iss_2015-05-20_16-08-50.txt
628409 10956 0 0.895621
536942 10372 0 2.33907
555420 10269 0 2.76171
554155 10209 0 2.09733
526012 9538 0 1.38465
545801 9796 0 1.43946
504674 9033 0 1.42764
523629 9478 0 0.822028
523173 9612 0 1.46867
616680 10896 0 2.27045
518494 9260 0 1.34237
462484 9046 0 1.13398
560430 10195 0 1.96807
458473 9287 0 0.977886
547806 10353 0 0.663461
580150 10604 0 0.844899
514036 9596 0 0.606652
502669 10297 0 0.591715
535120 9820 0 1.84618
535196 10211 0 1.62945
572348 10308 0 0.838302
506191 10130 0 0.610975
511456 9641 0 0.63553
442011 8791 0 0.627072
466377 8688 0 1.04704
484949 8826 0 0.739892
472924 8380 0 1.08043
512346 9811 0 0.721786
574968 11041 0 0.713742
570567 10250 0 0.777843
530186 9770 0 1.23911
568957 10430 0 0.777531
560999 9946 0 1.91575
572563 9978 0 1.50852
510976 9180 0 1.44101
659824 11016 0 2.03068
555029 10171 0 0.794782
541854 10408 0 1.58607
535636 10346 0 1.60122
510649 10043 0 1.00509
550674 10335 0 0.830078
325795 5519 0 0.323409
462857 8417 0 0.92357
562096 9728 0 1.4026
499209 8741 0 1.26202
502466 9109 0 1.48133
567234 9400 0 1.41993
466994 8598 0 1.16306
430604 7829 0 1.23141
465347 8133 0 1.11232
437366 7939 0 1.07677
518434 9259 0 1.2745
509779 9087 0 1.38559
476066 8497 0 1.18685
442558 7911 0 1.2161
415407 7501 0 1.02024
415933 7786 0 1.03508
576413 9761 0 1.62153
481972 8743 0 1.19257
528352 9028 0 1.43577
499563 9080 0 1.2345
488447 8551 0 0.722271
501947 8903 0 0.721732
457596 8011 0 1.10241
468482 8451 0 1.30275
485223 8815 0 1.23301
485361 8375 0 1.35301
507680 8795 0 1.27188
480487 8727 0 1.38154
571929 10064 0 1.41642
522178 8530 0 0.805016
495607 9080 0 1.43863
474582 8488 0 1.19234
502605 8772 0 1.39312
467594 8622 0 1.19518
492110 8491 0 1.3774
446818 7885 0 1.06583
472148 8496 0 1.35779
514395 8980 0 1.4346
472286 8202 0 1.16012
500004 8910 0 1.46515
452901 8360 0 1.15649
561052 9448 0 1.63524
413635 7797 0 1.17961
476782 8406 0 1.24014
453507 8371 0 1.26908
446360 8326 0 1.22384
459467 8665 0 1.12197
#/home/michal/Dropbox/study/university/kth/thesis/data/features/ds0,01/nr0_04/fixed_featuredata_shotcolor_uniform_2015-05-20_11-33-01.txt
628409 30310 0 2.59193
536942 28369 0 2.42539
555420 32551 0 2.39671
554155 31118 0 2.2497
526012 31954 0 2.17626
545801 31436 0 1.73268
504674 28974 0 2.0383
523629 30854 0 1.6884
523173 31894 0 2.13126
616680 33449 0 2.38192
518494 28578 0 1.56807
462484 26593 0 2.00311
560430 29087 0 1.76929
458473 26232 0 1.88823
547806 29505 0 2.16493
580150 31097 0 2.41142
514036 29356 0 2.15395
502669 29970 0 2.30669
535120 27869 0 2.22818
535196 29805 0 2.2813
572348 27225 0 2.0226
506191 29815 0 1.70627
511456 26539 0 2.01581
442011 26022 0 1.81962
466377 24664 0 1.89937
484949 24398 0 2.04874
472924 23385 0 1.87335
512346 27050 0 2.14734
574968 30711 0 2.42733
570567 27996 0 2.43065
530186 26331 0 1.55543
568957 28317 0 2.19907
560999 26321 0 1.57862
572563 26332 0 2.21269
510976 25950 0 2.21562
659824 28259 0 2.38134
555029 28419 0 2.30799
541854 30215 0 1.85552
535636 30476 0 2.43289
510649 29145 0 1.77827
550674 29221 0 1.80594
325795 30039 0 1.71558
462857 21641 0 1.89555
562096 23216 0 2.08508
499209 22449 0 1.87598
502466 22841 0 2.15843
567234 23583 0 2.17312
466994 22854 0 1.84033
430604 20441 0 1.80252
465347 21162 0 1.66987
437366 20194 0 1.73185
518434 23023 0 2.01634
509779 23808 0 2.05658
476066 22255 0 1.90985
442558 21542 0 1.86053
415407 20076 0 1.61248
415933 19788 0 1.10076
576413 23293 0 1.43665
481972 22891 0 2.18012
528352 23172 0 1.50404
499563 22641 0 2.04932
488447 21968 0 2.09162
501947 22746 0 1.93241
457596 21741 0 1.85464
468482 22139 0 1.92842
485223 22110 0 1.94332
485361 21957 0 1.90336
507680 22880 0 2.23563
480487 22259 0 1.87556
571929 25295 0 2.0986
522178 22323 0 1.96223
495607 22680 0 1.84842
474582 21684 0 1.87802
502605 22031 0 1.44748
467594 21806 0 1.79693
492110 22288 0 1.4726
446818 20671 0 1.46399
472148 21805 0 2.08102
514395 23197 0 2.43951
472286 20465 0 1.98177
500004 22148 0 2.12351
452901 21174 0 2.06788
561052 22305 0 2.16483
413635 20893 0 1.5359
476782 21491 0 1.55174
453507 21007 0 1.76056
446360 21524 0 1.72136
459467 22017 0 1.91565
#/home/michal/Dropbox/study/university/kth/thesis/data/features/ds0,01/nr0_04/fixed_featuredata_shotcolor_susan_2015-05-20_19-52-18.txt
628409 4549 0 1.69907
536942 4247 0 1.37965
555420 4198 0 1.26916
554155 4417 0 1.32997
526012 4851 0 1.36014
545801 4178 0 1.45411
504674 4381 0 1.47749
523629 4032 0 1.31554
523173 2313 0 1.21735
616680 944 0 1.16376
518494 4347 0 1.33967
462484 4417 0 1.18628
560430 4182 0 1.4377
458473 4155 0 1.14335
547806 4528 0 1.42242
580150 4656 0 1.50381
514036 3974 0 1.42936
502669 3880 0 1.36554
535120 4258 0 1.31901
535196 3847 0 1.33267
572348 4154 0 1.39872
506191 3871 0 1.25674
511456 3798 0 1.20811
442011 3986 0 1.28445
466377 3690 0 1.31561
484949 3916 0 1.21966
472924 4045 0 1.17709
512346 3913 0 1.37725
574968 4508 0 1.429
570567 4457 0 1.39264
530186 3972 0 1.29107
568957 4234 0 1.45221
560999 4160 0 1.37438
572563 4242 0 1.37592
510976 4196 0 1.40226
659824 4513 0 1.60602
555029 4627 0 1.3816
541854 4105 0 1.38603
535636 4317 0 1.32113
510649 4086 0 1.22771
550674 4283 0 1.38984
325795 4443 0 0.940754
462857 3827 0 1.16365
562096 4226 0 1.51639
499209 3079 0 1.46705
502466 3850 0 1.78617
567234 3932 0 1.87155
466994 3860 0 1.55221
430604 3615 0 1.36426
465347 3992 0 1.27096
437366 3998 0 1.33243
518434 2666 0 1.25486
509779 3775 0 1.47093
476066 3547 0 1.35786
442558 3302 0 1.26984
415407 3455 0 1.0429
415933 3579 0 1.18164
576413 3978 0 1.43772
481972 3643 0 1.14688
528352 3950 0 1.34317
499563 3722 0 1.20433
488447 3569 0 1.15522
501947 3803 0 1.24981
457596 1353 0 1.01299
468482 4303 0 1.25255
485223 4183 0 1.22848
485361 3639 0 1.17422
507680 3876 0 1.34743
480487 3779 0 1.17767
571929 4022 0 1.40107
522178 3639 0 1.36225
495607 3846 0 1.36742
474582 3718 0 1.35097
502605 3868 0 1.38124
467594 3877 0 1.30498
492110 4102 0 1.37992
446818 3372 0 1.13607
472148 3668 0 1.31224
514395 3752 0 1.50272
472286 3798 0 1.12398
500004 3957 0 1.23356
452901 3928 0 1.13296
561052 4088 0 1.45363
413635 3886 0 1.05404
476782 3793 0 1.28479
453507 3739 0 1.44982
446360 3783 0 1.30109
459467 4061 0 1.59203
#/home/michal/Dropbox/study/university/kth/thesis/data/features/ds0,01/nr0_04/fixed_featuredata_shotcolor_sift_2015-05-20_21-18-22.txt
628409 957 0 1.33246
536942 925 0 1.14583
555420 1128 0 1.26529
554155 1169 0 1.19805
526012 1099 0 1.07375
545801 1057 0 1.19471
504674 998 0 0.988196
523629 1109 0 1.07954
523173 1032 0 1.06782
616680 945 0 1.25533
518494 1020 0 1.1116
462484 932 0 0.909626
560430 898 0 1.10585
458473 905 0 0.954062
547806 952 0 1.10526
580150 1018 0 1.18215
514036 1054 0 1.0466
502669 1012 0 1.04107
535120 892 0 1.20063
535196 992 0 1.08542
572348 909 0 1.19989
506191 1022 0 1.00123
511456 873 0 1.00015
442011 915 0 1.02468
466377 793 0 0.945918
484949 746 0 0.923262
472924 784 0 0.949373
512346 873 0 1.16222
574968 998 0 1.1489
570567 911 0 1.12604
530186 785 0 1.02139
568957 884 0 1.09504
560999 783 0 1.07522
572563 780 0 1.15028
510976 828 0 1.12811
659824 801 0 1.33914
555029 935 0 1.25802
541854 940 0 1.13295
535636 983 0 1.27082
510649 959 0 1.00289
550674 911 0 1.04594
325795 1066 0 0.712452
462857 641 0 0.992783
562096 585 0 1.11565
499209 628 0 0.993618
502466 642 0 1.00567
567234 635 0 1.1749
466994 664 0 0.925461
430604 586 0 0.823049
465347 574 0 0.892838
437366 616 0 0.966014
518434 559 0 1.00334
509779 692 0 0.995405
476066 648 0 0.928525
442558 579 0 0.832192
415407 615 0 0.78994
415933 585 0 1.02493
576413 646 0 1.08116
481972 700 0 0.940538
528352 615 0 1.06584
499563 684 0 0.942926
488447 672 0 0.924876
501947 678 0 1.04936
457596 453 0 0.862369
468482 638 0 0.990947
485223 658 0 0.918519
485361 706 0 0.940214
507680 706 0 0.979405
480487 676 0 1.05209
571929 776 0 1.15196
522178 664 0 1.04045
495607 692 0 0.949155
474582 646 0 1.02158
502605 654 0 0.977089
467594 681 0 0.911567
492110 693 0 0.960341
446818 672 0 0.854776
472148 658 0 1.06255
514395 740 0 1.01626
472286 583 0 0.87753
500004 683 0 0.958
452901 585 0 0.887915
561052 636 0 1.20733
413635 635 0 0.790043
476782 672 0 0.937964
453507 653 0 0.865384
446360 657 0 0.89551
459467 660 0 1.01264
#/home/michal/Dropbox/study/university/kth/thesis/data/features/ds0,01/nr0_04/featuredata_shotcolor_sift_2015-05-20_21-18-22.txt
628409 0 0 1.33246
536942 0 0 1.14583
555420 0 0 1.26529
554155 0 0 1.19805
526012 0 0 1.07375
545801 0 0 1.19471
504674 0 0 0.988196
523629 0 0 1.07954
523173 0 0 1.06782
616680 0 0 1.25533
518494 0 0 1.1116
462484 0 0 0.909626
560430 0 0 1.10585
458473 0 0 0.954062
547806 0 0 1.10526
580150 0 0 1.18215
514036 0 0 1.0466
502669 0 0 1.04107
535120 0 0 1.20063
535196 0 0 1.08542
572348 0 0 1.19989
506191 0 0 1.00123
511456 0 0 1.00015
442011 0 0 1.02468
466377 0 0 0.945918
484949 0 0 0.923262
472924 0 0 0.949373
512346 0 0 1.16222
574968 0 0 1.1489
570567 0 0 1.12604
530186 0 0 1.02139
568957 0 0 1.09504
560999 0 0 1.07522
572563 0 0 1.15028
510976 0 0 1.12811
659824 0 0 1.33914
555029 0 0 1.25802
541854 0 0 1.13295
535636 0 0 1.27082
510649 0 0 1.00289
550674 0 0 1.04594
325795 0 0 0.712452
462857 0 0 0.992783
562096 0 0 1.11565
499209 0 0 0.993618
502466 0 0 1.00567
567234 0 0 1.1749
466994 0 0 0.925461
430604 0 0 0.823049
465347 0 0 0.892838
437366 0 0 0.966014
518434 0 0 1.00334
509779 0 0 0.995405
476066 0 0 0.928525
442558 0 0 0.832192
415407 0 0 0.78994
415933 0 0 1.02493
576413 0 0 1.08116
481972 0 0 0.940538
528352 0 0 1.06584
499563 0 0 0.942926
488447 0 0 0.924876
501947 0 0 1.04936
457596 0 0 0.862369
468482 0 0 0.990947
485223 0 0 0.918519
485361 0 0 0.940214
507680 0 0 0.979405
480487 0 0 1.05209
571929 0 0 1.15196
522178 0 0 1.04045
495607 0 0 0.949155
474582 0 0 1.02158
502605 0 0 0.977089
467594 0 0 0.911567
492110 0 0 0.960341
446818 0 0 0.854776
472148 0 0 1.06255
514395 0 0 1.01626
472286 0 0 0.87753
500004 0 0 0.958
452901 0 0 0.887915
561052 0 0 1.20733
413635 0 0 0.790043
476782 0 0 0.937964
453507 0 0 0.865384
446360 0 0 0.89551
459467 0 0 1.01264
#/home/michal/Dropbox/study/university/kth/thesis/data/features/ds0,01/nr0_04/featuredata_shotcolor_uniform_2015-05-20_11-33-01.txt
628409 0 0 2.59193
536942 0 0 2.42539
555420 0 0 2.39671
554155 0 0 2.2497
526012 0 0 2.17626
545801 0 0 1.73268
504674 0 0 2.0383
523629 0 0 1.6884
523173 0 0 2.13126
616680 0 0 2.38192
518494 0 0 1.56807
462484 0 0 2.00311
560430 0 0 1.76929
458473 0 0 1.88823
547806 0 0 2.16493
580150 0 0 2.41142
514036 0 0 2.15395
502669 0 0 2.30669
535120 0 0 2.22818
535196 0 0 2.2813
572348 0 0 2.0226
506191 0 0 1.70627
511456 0 0 2.01581
442011 0 0 1.81962
466377 0 0 1.89937
484949 0 0 2.04874
472924 0 0 1.87335
512346 0 0 2.14734
574968 0 0 2.42733
570567 0 0 2.43065
530186 0 0 1.55543
568957 0 0 2.19907
560999 0 0 1.57862
572563 0 0 2.21269
510976 0 0 2.21562
659824 0 0 2.38134
555029 0 0 2.30799
541854 0 0 1.85552
535636 0 0 2.43289
510649 0 0 1.77827
550674 0 0 1.80594
325795 0 0 1.71558
462857 0 0 1.89555
562096 0 0 2.08508
499209 0 0 1.87598
502466 0 0 2.15843
567234 0 0 2.17312
466994 0 0 1.84033
430604 0 0 1.80252
465347 0 0 1.66987
437366 0 0 1.73185
518434 0 0 2.01634
509779 0 0 2.05658
476066 0 0 1.90985
442558 0 0 1.86053
415407 0 0 1.61248
415933 0 0 1.10076
576413 0 0 1.43665
481972 0 0 2.18012
528352 0 0 1.50404
499563 0 0 2.04932
488447 0 0 2.09162
501947 0 0 1.93241
457596 0 0 1.85464
468482 0 0 1.92842
485223 0 0 1.94332
485361 0 0 1.90336
507680 0 0 2.23563
480487 0 0 1.87556
571929 0 0 2.0986
522178 0 0 1.96223
495607 0 0 1.84842
474582 0 0 1.87802
502605 0 0 1.44748
467594 0 0 1.79693
492110 0 0 1.4726
446818 0 0 1.46399
472148 0 0 2.08102
514395 0 0 2.43951
472286 0 0 1.98177
500004 0 0 2.12351
452901 0 0 2.06788
561052 0 0 2.16483
413635 0 0 1.5359
476782 0 0 1.55174
453507 0 0 1.76056
446360 0 0 1.72136
459467 0 0 1.91565
#/home/michal/Dropbox/study/university/kth/thesis/data/features/ds0,01/nr0_04/featuredata_shotcolor_iss_2015-05-20_16-08-50.txt
628409 0 0 0.895621
536942 0 0 2.33907
555420 0 0 2.76171
554155 0 0 2.09733
526012 0 0 1.38465
545801 0 0 1.43946
504674 0 0 1.42764
523629 0 0 0.822028
523173 0 0 1.46867
616680 0 0 2.27045
518494 0 0 1.34237
462484 0 0 1.13398
560430 0 0 1.96807
458473 0 0 0.977886
547806 0 0 0.663461
580150 0 0 0.844899
514036 0 0 0.606652
502669 0 0 0.591715
535120 0 0 1.84618
535196 0 0 1.62945
572348 0 0 0.838302
506191 0 0 0.610975
511456 0 0 0.63553
442011 0 0 0.627072
466377 0 0 1.04704
484949 0 0 0.739892
472924 0 0 1.08043
512346 0 0 0.721786
574968 0 0 0.713742
570567 0 0 0.777843
530186 0 0 1.23911
568957 0 0 0.777531
560999 0 0 1.91575
572563 0 0 1.50852
510976 0 0 1.44101
659824 0 0 2.03068
555029 0 0 0.794782
541854 0 0 1.58607
535636 0 0 1.60122
510649 0 0 1.00509
550674 0 0 0.830078
325795 0 0 0.323409
462857 0 0 0.92357
562096 0 0 1.4026
499209 0 0 1.26202
502466 0 0 1.48133
567234 0 0 1.41993
466994 0 0 1.16306
430604 0 0 1.23141
465347 0 0 1.11232
437366 0 0 1.07677
518434 0 0 1.2745
509779 0 0 1.38559
476066 0 0 1.18685
442558 0 0 1.2161
415407 0 0 1.02024
415933 0 0 1.03508
576413 0 0 1.62153
481972 0 0 1.19257
528352 0 0 1.43577
499563 0 0 1.2345
488447 0 0 0.722271
501947 0 0 0.721732
457596 0 0 1.10241
468482 0 0 1.30275
485223 0 0 1.23301
485361 0 0 1.35301
507680 0 0 1.27188
480487 0 0 1.38154
571929 0 0 1.41642
522178 0 0 0.805016
495607 0 0 1.43863
474582 0 0 1.19234
502605 0 0 1.39312
467594 0 0 1.19518
492110 0 0 1.3774
446818 0 0 1.06583
472148 0 0 1.35779
514395 0 0 1.4346
472286 0 0 1.16012
500004 0 0 1.46515
452901 0 0 1.15649
561052 0 0 1.63524
413635 0 0 1.17961
476782 0 0 1.24014
453507 0 0 1.26908
446360 0 0 1.22384
459467 0 0 1.12197
#/home/michal/Dropbox/study/university/kth/thesis/data/features/ds0,01/nr0_04/featuredata_shotcolor_susan_2015-05-20_19-52-18.txt
628409 0 0 1.69907
536942 0 0 1.37965
555420 0 0 1.26916
554155 0 0 1.32997
526012 0 0 1.36014
545801 0 0 1.45411
504674 0 0 1.47749
523629 0 0 1.31554
523173 0 0 1.21735
616680 0 0 1.16376
518494 0 0 1.33967
462484 0 0 1.18628
560430 0 0 1.4377
458473 0 0 1.14335
547806 0 0 1.42242
580150 0 0 1.50381
514036 0 0 1.42936
502669 0 0 1.36554
535120 0 0 1.31901
535196 0 0 1.33267
572348 0 0 1.39872
506191 0 0 1.25674
511456 0 0 1.20811
442011 0 0 1.28445
466377 0 0 1.31561
484949 0 0 1.21966
472924 0 0 1.17709
512346 0 0 1.37725
574968 0 0 1.429
570567 0 0 1.39264
530186 0 0 1.29107
568957 0 0 1.45221
560999 0 0 1.37438
572563 0 0 1.37592
510976 0 0 1.40226
659824 0 0 1.60602
555029 0 0 1.3816
541854 0 0 1.38603
535636 0 0 1.32113
510649 0 0 1.22771
550674 0 0 1.38984
325795 0 0 0.940754
462857 0 0 1.16365
562096 0 0 1.51639
499209 0 0 1.46705
502466 0 0 1.78617
567234 0 0 1.87155
466994 0 0 1.55221
430604 0 0 1.36426
465347 0 0 1.27096
437366 0 0 1.33243
518434 0 0 1.25486
509779 0 0 1.47093
476066 0 0 1.35786
442558 0 0 1.26984
415407 0 0 1.0429
415933 0 0 1.18164
576413 0 0 1.43772
481972 0 0 1.14688
528352 0 0 1.34317
499563 0 0 1.20433
488447 0 0 1.15522
501947 0 0 1.24981
457596 0 0 1.01299
468482 0 0 1.25255
485223 0 0 1.22848
485361 0 0 1.17422
507680 0 0 1.34743
480487 0 0 1.17767
571929 0 0 1.40107
522178 0 0 1.36225
495607 0 0 1.36742
474582 0 0 1.35097
502605 0 0 1.38124
467594 0 0 1.30498
492110 0 0 1.37992
446818 0 0 1.13607
472148 0 0 1.31224
514395 0 0 1.50272
472286 0 0 1.12398
500004 0 0 1.23356
452901 0 0 1.13296
561052 0 0 1.45363
413635 0 0 1.05404
476782 0 0 1.28479
453507 0 0 1.44982
446360 0 0 1.30109
459467 0 0 1.59203
#/home/michal/Dropbox/study/university/kth/thesis/data/features/ds0,01/iter100/fixed_featuredata_shotcolor_iss_2015-05-21_12-58-35.txt
631220 11034 0 2.03642
689862 12199 0 2.25382
471208 9018 0 0.940148
756021 12178 0 1.8192
520946 9155 0 1.26861
394377 7119 0 0.720421
529281 9354 0 1.50274
781078 12672 0 2.23567
588086 10157 0 1.64434
559676 10267 0 1.55623
538153 9699 0 1.7073
489696 9168 0 1.65461
484734 9070 0 1.14444
572295 10390 0 1.66642
506993 9441 0 1.22826
517393 10303 0 1.54213
495059 8977 0 1.03777
562785 10595 0 1.552
522551 9663 0 1.64307
540330 10268 0 1.24956
644654 11106 0 1.73964
502831 9710 0 1.68389
388085 7235 0 1.23335
398135 7432 0 1.30743
687786 11491 0 2.22261
453986 8860 0 1.52829
749388 13279 0 2.40769
525683 9495 0 0.938668
596541 10150 0 1.52268
584697 10455 0 1.77924
425328 7868 0 1.38514
695984 11489 0 2.22183
535098 9882 0 1.13769
532938 8926 0 1.78054
567120 9756 0 1.91755
618759 11091 0 2.15038
756571 12711 0 1.85883
531480 10151 0 1.18083
604618 11038 0 2.30021
342689 5685 0 0.961895
461636 8279 0 1.19231
453589 8178 0 1.08063
428687 7627 0 0.844952
503250 8867 0 1.2829
553410 9165 0 2.5386
426734 7622 0 1.31098
608528 9922 0 2.18155
393581 6899 0 1.06459
396450 7265 0 0.768418
474955 8288 0 0.905954
506301 8623 0 0.989014
410479 7283 0 0.68802
393952 6837 0 0.626378
410924 7435 0 0.664302
426365 7380 0 0.688067
542280 9278 0 0.929777
387760 6852 0 0.606672
562437 9221 0 0.971287
430441 7550 0 0.692962
393951 6870 0 0.636808
580243 9537 0 0.993737
567017 9352 0 0.924576
575823 9653 0 1.05618
398650 7509 0 0.628671
395736 6866 0 0.611563
680739 10611 0 1.11977
751493 11956 0 1.36863
588531 10326 0 0.986607
477520 7756 0 0.75978
441831 7904 0 0.710826
542825 8933 0 0.925657
533653 9085 0 0.962613
642888 10858 0 1.15964
523470 9018 0 0.89025
434472 7425 0 0.68233
416316 7369 0 0.663435
445228 7858 0 0.709562
445087 7694 0 0.724127
419359 7446 0 0.669835
332057 5938 0 0.543601
574002 9791 0 1.05926
392606 7383 0 0.656119
514713 8584 0 0.864171
423724 7940 0 0.680998
388893 7191 0 0.633456
570755 9931 0 1.0059
#/home/michal/Dropbox/study/university/kth/thesis/data/features/ds0,01/iter100/featuredata_shotcolor_uniform_2015-05-20_21-36-38.txt
631220 0 0 4.06708
689862 0 0 4.44831
471208 0 0 2.57217
756021 0 0 4.86612
520946 0 0 3.18866
394377 0 0 3.03908
529281 0 0 3.30042
781078 0 0 4.8473
588086 0 0 3.63123
559676 0 0 3.49649
538153 0 0 2.8309
489696 0 0 3.05676
484734 0 0 3.14164
572295 0 0 3.46761
506993 0 0 3.45115
517393 0 0 3.41252
495059 0 0 3.04676
562785 0 0 3.44178
522551 0 0 3.27198
540330 0 0 3.43139
644654 0 0 3.76838
502831 0 0 2.85449
388085 0 0 2.49768
398135 0 0 2.50319
687786 0 0 3.7977
453986 0 0 2.27188
749388 0 0 4.61415
525683 0 0 3.25499
596541 0 0 3.42654
584697 0 0 3.61668
425328 0 0 2.61231
695984 0 0 4.02959
535098 0 0 3.27918
532938 0 0 3.62725
567120 0 0 4.30295
618759 0 0 3.83103
756571 0 0 4.37046
531480 0 0 3.62034
604618 0 0 3.57636
342689 0 0 2.50556
461636 0 0 2.40487
453589 0 0 2.13821
428687 0 0 1.75251
503250 0 0 3.00196
553410 0 0 3.08401
426734 0 0 1.98587
608528 0 0 3.55861
393581 0 0 2.4384
396450 0 0 2.29519
474955 0 0 2.78014
506301 0 0 2.97007
410479 0 0 2.29076
393952 0 0 2.2448
410924 0 0 2.26801
426365 0 0 2.38981
542280 0 0 2.94303
387760 0 0 2.60287
562437 0 0 3.14335
430441 0 0 2.53221
393951 0 0 2.38495
580243 0 0 3.39474
567017 0 0 2.90232
575823 0 0 3.28984
398650 0 0 2.35366
395736 0 0 2.41955
680739 0 0 3.68551
751493 0 0 3.57225
588531 0 0 2.88029
477520 0 0 2.65528
441831 0 0 2.58527
542825 0 0 2.81641
533653 0 0 3.27464
642888 0 0 3.01221
523470 0 0 2.96627
434472 0 0 2.60663
416316 0 0 2.42151
445228 0 0 2.59681
445087 0 0 2.54176
419359 0 0 2.4621
332057 0 0 2.03209
574002 0 0 3.28047
392606 0 0 2.3308
514713 0 0 3.07377
423724 0 0 2.41911
388893 0 0 2.62271
570755 0 0 3.32163
#/home/michal/Dropbox/study/university/kth/thesis/data/features/ds0,01/iter100/fixed_featuredata_shotcolor_susan_2015-05-21_15-22-37.txt
631220 3975 0 0.742459
689862 4768 0 1.03435
471208 3952 0 0.799882
756021 5106 0 1.04029
520946 3958 0 0.818674
394377 3637 0 0.561528
529281 3727 0 0.812231
781078 2586 0 0.961574
588086 4114 0 0.638164
559676 4273 0 0.635201
538153 3932 0 0.620627
489696 3798 0 0.576111
484734 4171 0 0.558327
572295 4340 0 0.708629
506993 3789 0 0.58034
517393 3810 0 0.579671
495059 3900 0 0.556309
562785 3843 0 0.650151
522551 3615 0 0.569721
540330 3802 0 0.616062
644654 3857 0 0.696805
502831 3816 0 0.569404
388085 3094 0 0.46878
398135 3381 0 0.477904
687786 4840 0 0.836708
453986 3419 0 0.497202
749388 4862 0 1.09009
525683 4004 0 0.594349
596541 4048 0 0.709973
584697 4021 0 0.666487
425328 3404 0 0.49153
695984 4704 0 0.79236
535098 4113 0 0.599238
532938 3727 0 0.596701
567120 4352 0 0.638494
618759 4054 0 0.71181
756571 4647 0 0.855471
531480 3785 0 0.581714
604618 4062 0 0.699871
342689 4925 0 0.431449
461636 3602 0 0.516854
453589 3787 0 0.512881
428687 2865 0 0.443583
503250 3629 0 0.553538
553410 3717 0 0.639646
426734 3365 0 0.48817
608528 4110 0 0.727172
393581 3515 0 0.459705
396450 3659 0 0.477868
474955 2522 0 0.502326
506301 3584 0 0.584675
410479 2985 0 0.452892
393952 2953 0 0.44282
410924 3337 0 0.466538
426365 3345 0 0.484238
542280 3727 0 0.610069
387760 3106 0 0.435667
562437 3756 0 0.602384
430441 3120 0 0.467562
393951 3140 0 0.43307
580243 3900 0 0.698447
567017 1379 0 0.528525
575823 4287 0 0.688559
398650 3481 0 0.47274
395736 3234 0 0.434451
680739 4075 0 0.742643
751493 4534 0 0.88585
588531 4180 0 0.687604
477520 3275 0 0.527691
441831 3211 0 0.475931
542825 3734 0 0.595774
533653 3854 0 0.603969
642888 4204 0 0.724453
523470 4004 0 0.61731
434472 3087 0 0.508629
416316 3278 0 0.459906
445228 3303 0 0.504976
445087 3308 0 0.511538
419359 3133 0 0.457711
332057 3023 0 0.385352
574002 3926 0 0.67408
392606 3304 0 0.442803
514713 3629 0 0.581377
423724 3470 0 0.480226
388893 3228 0 0.43721
570755 4274 0 0.724888
#/home/michal/Dropbox/study/university/kth/thesis/data/features/ds0,01/iter100/featuredata_shotcolor_susan_2015-05-21_15-22-37.txt
631220 0 0 0.742459
689862 0 0 1.03435
471208 0 0 0.799882
756021 0 0 1.04029
520946 0 0 0.818674
394377 0 0 0.561528
529281 0 0 0.812231
781078 0 0 0.961574
588086 0 0 0.638164
559676 0 0 0.635201
538153 0 0 0.620627
489696 0 0 0.576111
484734 0 0 0.558327
572295 0 0 0.708629
506993 0 0 0.58034
517393 0 0 0.579671
495059 0 0 0.556309
562785 0 0 0.650151
522551 0 0 0.569721
540330 0 0 0.616062
644654 0 0 0.696805
502831 0 0 0.569404
388085 0 0 0.46878
398135 0 0 0.477904
687786 0 0 0.836708
453986 0 0 0.497202
749388 0 0 1.09009
525683 0 0 0.594349
596541 0 0 0.709973
584697 0 0 0.666487
425328 0 0 0.49153
695984 0 0 0.79236
535098 0 0 0.599238
532938 0 0 0.596701
567120 0 0 0.638494
618759 0 0 0.71181
756571 0 0 0.855471
531480 0 0 0.581714
604618 0 0 0.699871
342689 0 0 0.431449
461636 0 0 0.516854
453589 0 0 0.512881
428687 0 0 0.443583
503250 0 0 0.553538
553410 0 0 0.639646
426734 0 0 0.48817
608528 0 0 0.727172
393581 0 0 0.459705
396450 0 0 0.477868
474955 0 0 0.502326
506301 0 0 0.584675
410479 0 0 0.452892
393952 0 0 0.44282
410924 0 0 0.466538
426365 0 0 0.484238
542280 0 0 0.610069
387760 0 0 0.435667
562437 0 0 0.602384
430441 0 0 0.467562
393951 0 0 0.43307
580243 0 0 0.698447
567017 0 0 0.528525
575823 0 0 0.688559
398650 0 0 0.47274
395736 0 0 0.434451
680739 0 0 0.742643
751493 0 0 0.88585
588531 0 0 0.687604
477520 0 0 0.527691
441831 0 0 0.475931
542825 0 0 0.595774
533653 0 0 0.603969
642888 0 0 0.724453
523470 0 0 0.61731
434472 0 0 0.508629
416316 0 0 0.459906
445228 0 0 0.504976
445087 0 0 0.511538
419359 0 0 0.457711
332057 0 0 0.385352
574002 0 0 0.67408
392606 0 0 0.442803
514713 0 0 0.581377
423724 0 0 0.480226
388893 0 0 0.43721
570755 0 0 0.724888
#/home/michal/Dropbox/study/university/kth/thesis/data/features/ds0,01/iter100/fixed_featuredata_shotcolor_uniform_2015-05-20_21-36-38.txt
631220 27617 0 4.06708
689862 33495 0 4.44831
471208 27438 0 2.57217
756021 33479 0 4.86612
520946 28655 0 3.18866
394377 24264 0 3.03908
529281 28873 0 3.30042
781078 34429 0 4.8473
588086 28361 0 3.63123
559676 26191 0 3.49649
538153 26102 0 2.8309
489696 24378 0 3.05676
484734 25858 0 3.14164
572295 28892 0 3.46761
506993 27618 0 3.45115
517393 28439 0 3.41252
495059 24780 0 3.04676
562785 28493 0 3.44178
522551 24967 0 3.27198
540330 27807 0 3.43139
644654 26682 0 3.76838
502831 25519 0 2.85449
388085 20374 0 2.49768
398135 20949 0 2.50319
687786 26156 0 3.7977
453986 24065 0 2.27188
749388 32388 0 4.61415
525683 25588 0 3.25499
596541 25360 0 3.42654
584697 26634 0 3.61668
425328 21925 0 2.61231
695984 27350 0 4.02959
535098 25133 0 3.27918
532938 24439 0 3.62725
567120 26372 0 4.30295
618759 29068 0 3.83103
756571 32247 0 4.37046
531480 27388 0 3.62034
604618 28226 0 3.57636
342689 29561 0 2.50556
461636 19742 0 2.40487
453589 19710 0 2.13821
428687 19420 0 1.75251
503250 20729 0 3.00196
553410 21801 0 3.08401
426734 19888 0 1.98587
608528 22158 0 3.55861
393581 17918 0 2.4384
396450 17790 0 2.29519
474955 19875 0 2.78014
506301 21465 0 2.97007
410479 18589 0 2.29076
393952 18043 0 2.2448
410924 18249 0 2.26801
426365 17811 0 2.38981
542280 21370 0 2.94303
387760 18592 0 2.60287
562437 21870 0 3.14335
430441 18990 0 2.53221
393951 17912 0 2.38495
580243 21990 0 3.39474
567017 22061 0 2.90232
575823 22356 0 3.28984
398650 18355 0 2.35366
395736 18144 0 2.41955
680739 23949 0 3.68551
751493 25212 0 3.57225
588531 24234 0 2.88029
477520 19450 0 2.65528
441831 18875 0 2.58527
542825 20417 0 2.81641
533653 21077 0 3.27464
642888 23540 0 3.01221
523470 20452 0 2.96627
434472 18464 0 2.60663
416316 18018 0 2.42151
445228 19790 0 2.59681
445087 18070 0 2.54176
419359 18294 0 2.4621
332057 15655 0 2.03209
574002 21334 0 3.28047
392606 17656 0 2.3308
514713 19990 0 3.07377
423724 18425 0 2.41911
388893 17577 0 2.62271
570755 21651 0 3.32163
#/home/michal/Dropbox/study/university/kth/thesis/data/features/ds0,01/iter100/featuredata_shotcolor_iss_2015-05-21_12-58-35.txt
631220 0 0 2.03642
689862 0 0 2.25382
471208 0 0 0.940148
756021 0 0 1.8192
520946 0 0 1.26861
394377 0 0 0.720421
529281 0 0 1.50274
781078 0 0 2.23567
588086 0 0 1.64434
559676 0 0 1.55623
538153 0 0 1.7073
489696 0 0 1.65461
484734 0 0 1.14444
572295 0 0 1.66642
506993 0 0 1.22826
517393 0 0 1.54213
495059 0 0 1.03777
562785 0 0 1.552
522551 0 0 1.64307
540330 0 0 1.24956
644654 0 0 1.73964
502831 0 0 1.68389
388085 0 0 1.23335
398135 0 0 1.30743
687786 0 0 2.22261
453986 0 0 1.52829
749388 0 0 2.40769
525683 0 0 0.938668
596541 0 0 1.52268
584697 0 0 1.77924
425328 0 0 1.38514
695984 0 0 2.22183
535098 0 0 1.13769
532938 0 0 1.78054
567120 0 0 1.91755
618759 0 0 2.15038
756571 0 0 1.85883
531480 0 0 1.18083
604618 0 0 2.30021
342689 0 0 0.961895
461636 0 0 1.19231
453589 0 0 1.08063
428687 0 0 0.844952
503250 0 0 1.2829
553410 0 0 2.5386
426734 0 0 1.31098
608528 0 0 2.18155
393581 0 0 1.06459
396450 0 0 0.768418
474955 0 0 0.905954
506301 0 0 0.989014
410479 0 0 0.68802
393952 0 0 0.626378
410924 0 0 0.664302
426365 0 0 0.688067
542280 0 0 0.929777
387760 0 0 0.606672
562437 0 0 0.971287
430441 0 0 0.692962
393951 0 0 0.636808
580243 0 0 0.993737
567017 0 0 0.924576
575823 0 0 1.05618
398650 0 0 0.628671
395736 0 0 0.611563
680739 0 0 1.11977
751493 0 0 1.36863
588531 0 0 0.986607
477520 0 0 0.75978
441831 0 0 0.710826
542825 0 0 0.925657
533653 0 0 0.962613
642888 0 0 1.15964
523470 0 0 0.89025
434472 0 0 0.68233
416316 0 0 0.663435
445228 0 0 0.709562
445087 0 0 0.724127
419359 0 0 0.669835
332057 0 0 0.543601
574002 0 0 1.05926
392606 0 0 0.656119
514713 0 0 0.864171
423724 0 0 0.680998
388893 0 0 0.633456
570755 0 0 1.0059
#/home/michal/Dropbox/study/university/kth/thesis/data/features/ds0,01/iter100/featuredata_shotcolor_sift_2015-05-21_16-24-06.txt
631220 0 0 1.14058
689862 0 0 1.25377
471208 0 0 0.841075
756021 0 0 1.34175
520946 0 0 0.922727
394377 0 0 0.696208
529281 0 0 0.9553
781078 0 0 1.39096
588086 0 0 0.857486
559676 0 0 1.00927
538153 0 0 0.958255
489696 0 0 0.866605
484734 0 0 0.777216
572295 0 0 0.488604
506993 0 0 0.455228
517393 0 0 0.444703
495059 0 0 0.617168
562785 0 0 0.488849
522551 0 0 0.446142
540330 0 0 0.480539
644654 0 0 0.550388
502831 0 0 0.428185
388085 0 0 0.434095
398135 0 0 0.464127
687786 0 0 1.10263
453986 0 0 0.441468
749388 0 0 0.849986
525683 0 0 0.484043
596541 0 0 0.543549
584697 0 0 0.552225
425328 0 0 0.471191
695984 0 0 0.640095
535098 0 0 0.585001
532938 0 0 0.481481
567120 0 0 0.504675
618759 0 0 0.549255
756571 0 0 0.836392
531480 0 0 0.496645
604618 0 0 0.817609
342689 0 0 0.473035
461636 0 0 0.812509
453589 0 0 0.809058
428687 0 0 0.685183
503250 0 0 0.81297
553410 0 0 0.97846
426734 0 0 0.761032
608528 0 0 0.622054
393581 0 0 0.384368
396450 0 0 0.626839
474955 0 0 0.836589
506301 0 0 0.910455
410479 0 0 0.72166
393952 0 0 0.674736
410924 0 0 0.669415
426365 0 0 0.749684
542280 0 0 0.778134
387760 0 0 0.348727
562437 0 0 0.967338
430441 0 0 0.761408
393951 0 0 0.697467
580243 0 0 1.01889
567017 0 0 1.01835
575823 0 0 1.14211
398650 0 0 0.774889
395736 0 0 0.766369
680739 0 0 1.35965
751493 0 0 0.890868
588531 0 0 0.808077
477520 0 0 0.888655
441831 0 0 0.706398
542825 0 0 0.644585
533653 0 0 0.444156
642888 0 0 0.635128
523470 0 0 0.76809
434472 0 0 0.553445
416316 0 0 0.548626
445228 0 0 0.532692
445087 0 0 0.789095
419359 0 0 0.620818
332057 0 0 0.546557
574002 0 0 1.01403
392606 0 0 0.692019
514713 0 0 0.932182
423724 0 0 0.586254
388893 0 0 0.69515
570755 0 0 0.859246
#/home/michal/Dropbox/study/university/kth/thesis/data/features/ds0,01/iter100/fixed_featuredata_shotcolor_sift_2015-05-21_16-24-06.txt
631220 910 0 1.14058
689862 1198 0 1.25377
471208 1096 0 0.841075
756021 1052 0 1.34175
520946 1006 0 0.922727
394377 921 0 0.696208
529281 1111 0 0.9553
781078 1008 0 1.39096
588086 967 0 0.857486
559676 922 0 1.00927
538153 891 0 0.958255
489696 880 0 0.866605
484734 913 0 0.777216
572295 996 0 0.488604
506993 1015 0 0.455228
517393 986 0 0.444703
495059 866 0 0.617168
562785 960 0 0.488849
522551 859 0 0.446142
540330 1021 0 0.480539
644654 810 0 0.550388
502831 899 0 0.428185
388085 757 0 0.434095
398135 738 0 0.464127
687786 753 0 1.10263
453986 823 0 0.441468
749388 984 0 0.849986
525683 886 0 0.484043
596541 775 0 0.543549
584697 842 0 0.552225
425328 740 0 0.471191
695984 805 0 0.640095
535098 811 0 0.585001
532938 756 0 0.481481
567120 881 0 0.504675
618759 924 0 0.549255
756571 941 0 0.836392
531480 905 0 0.496645
604618 919 0 0.817609
342689 1047 0 0.473035
461636 613 0 0.812509
453589 616 0 0.809058
428687 603 0 0.685183
503250 613 0 0.81297
553410 630 0 0.97846
426734 647 0 0.761032
608528 608 0 0.622054
393581 592 0 0.384368
396450 563 0 0.626839
474955 548 0 0.836589
506301 637 0 0.910455
410479 586 0 0.72166
393952 575 0 0.674736
410924 599 0 0.669415
426365 550 0 0.749684
542280 604 0 0.778134
387760 654 0 0.348727
562437 629 0 0.967338
430441 653 0 0.761408
393951 665 0 0.697467
580243 617 0 1.01889
567017 462 0 1.01835
575823 651 0 1.14211
398650 599 0 0.774889
395736 640 0 0.766369
680739 700 0 1.35965
751493 706 0 0.890868
588531 737 0 0.808077
477520 639 0 0.888655
441831 652 0 0.706398
542825 614 0 0.644585
533653 625 0 0.444156
642888 648 0 0.635128
523470 637 0 0.76809
434472 641 0 0.553445
416316 620 0 0.548626
445228 677 0 0.532692
445087 576 0 0.789095
419359 648 0 0.620818
332057 538 0 0.546557
574002 619 0 1.01403
392606 620 0 0.692019
514713 607 0 0.932182
423724 592 0 0.586254
388893 619 0 0.69515
570755 623 0 0.859246
#/home/michal/Dropbox/study/university/kth/thesis/data/features/ds0,01/dt0,02_mp8000_pp0,001/fixed_featuredata_shotcolor_susan_2015-05-22_05-30-24.txt
624843 4280 0 1.23277
597049 4165 0 1.16014
623732 4161 0 0.563775
665888 4529 0 0.569041
631087 4436 0 0.598588
623891 4061 0 0.495874
575704 4437 0 0.488617
628377 4285 0 0.61197
625499 1917 0 1.16639
556466 3972 0 1.10661
528274 4622 0 1.06193
627892 4483 0 1.26631
519527 4339 0 1.04349
625863 4573 0 1.25325
621813 4729 0 1.37787
634491 4320 0 1.2506
555852 4161 0 1.12967
604856 4490 0 1.24408
644458 4115 0 1.40252
623286 4227 0 1.22557
626994 4198 0 1.19654
616925 4131 0 1.28903
573563 4057 0 1.10391
568451 4024 0 0.491741
577007 4197 0 1.11392
552968 4438 0 1.07681
612063 4100 0 1.19836
620128 4676 0 1.18855
637419 4348 0 0.573314
613045 4204 0 1.26526
585150 4233 0 0.486567
573336 4052 0 0.473367
601522 4215 0 0.492876
655501 4663 0 0.619081
668833 4545 0 0.570809
661480 4705 0 0.576938
610495 3994 0 1.29489
664310 4398 0 1.28686
584658 4138 0 1.12979
629863 4697 0 1.31905
637062 4492 0 1.24888
606072 4376 0 1.10467
625867 3573 0 1.28271
612590 4270 0 1.18378
595720 4124 0 1.17551
619192 4271 0 1.18653
584905 4239 0 1.29275
558634 4291 0 1.07423
547713 4374 0 1.07625
649131 3079 0 1.32265
679504 4325 0 1.30612
645683 3878 0 1.33733
586301 3826 0 1.1181
567939 4029 0 1.08154
537450 3947 0 1.01703
643058 4430 0 1.32626
710388 4104 0 1.36962
641141 4043 0 1.31115
629354 3893 0 1.19474
658739 4174 0 1.26109
678682 4347 0 1.39141
634741 1519 0 1.11323
698869 4891 0 1.40523
631658 4640 0 1.23241
642762 4091 0 1.23882
611702 4076 0 1.244
702650 4200 0 1.33628
655453 4555 0 1.31969
671697 4279 0 1.32392
667400 4442 0 1.32133
586928 4290 0 1.23709
644420 4307 0 1.23106
621952 4588 0 1.18575
612750 4612 0 1.33141
621328 3956 0 1.17827
678053 4196 0 1.30062
622769 4119 0 1.19297
521530 3935 0 0.991984
601585 3974 0 1.15325
566444 4397 0 1.19527
600123 4136 0 1.15353
582108 4316 0 1.13617
611062 4303 0 1.26171
559678 4283 0 1.09358
607643 4307 0 1.1931
625329 4557 0 1.15095
#/home/michal/Dropbox/study/university/kth/thesis/data/features/ds0,01/dt0,02_mp8000_pp0,001/fixed_featuredata_shotcolor_uniform_2015-05-21_19-15-45.txt
624843 24635 0 2.22607
597049 24417 0 2.25937
623732 24699 0 2.22911
665888 25061 0 2.26905
631087 24299 0 1.31468
623891 24348 0 1.26598
575704 22790 0 1.45601
628377 24514 0 1.36879
625499 24316 0 1.35601
556466 22345 0 1.20239
528274 22013 0 1.15913
627892 25255 0 1.30237
519527 21548 0 1.13696
625863 24760 0 2.25626
621813 24745 0 2.29722
634491 24379 0 2.18821
555852 23618 0 1.9429
604856 24439 0 2.14972
644458 24690 0 2.24697
623286 24768 0 2.05266
626994 24162 0 2.11688
616925 23794 0 2.02544
573563 22368 0 1.81223
568451 22761 0 1.96412
577007 22580 0 1.8911
552968 22451 0 1.92592
612063 24250 0 2.21306
620128 24946 0 1.99435
637419 25138 0 2.17344
613045 24304 0 2.13997
585150 23921 0 2.01254
573336 23212 0 1.99633
601522 24569 0 2.40909
655501 25016 0 1.48257
668833 25117 0 1.5049
661480 25614 0 1.68327
610495 24487 0 1.7894
664310 24963 0 2.19063
584658 23542 0 1.92909
629863 25257 0 2.20036
637062 25026 0 2.17288
606072 24615 0 2.13469
625867 24937 0 2.48293
612590 24950 0 2.219
595720 24085 0 2.08252
619192 25426 0 2.08163
584905 23546 0 1.67374
558634 22811 0 2.03708
547713 22647 0 1.95227
649131 25185 0 2.3528
679504 26461 0 2.2664
645683 24884 0 2.18487
586301 24335 0 2.05785
567939 22968 0 2.01015
537450 22190 0 1.90946
643058 24625 0 2.05773
710388 25718 0 2.43178
641141 24666 0 2.38907
629354 24732 0 2.31208
658739 25046 0 1.44754
678682 25060 0 2.57058
634741 25128 0 2.02858
698869 26205 0 2.55885
631658 24632 0 2.17943
642762 24570 0 2.23751
611702 24862 0 1.98705
702650 25197 0 2.3425
655453 27065 0 2.30665
671697 25071 0 2.49495
667400 25711 0 2.19767
586928 24350 0 2.21851
644420 24531 0 2.15595
621952 25233 0 2.08766
612750 24499 0 2.2353
621328 24019 0 2.25897
678053 24647 0 2.102
622769 25460 0 2.19185
521530 22047 0 1.92143
601585 24008 0 1.50016
566444 23823 0 1.68993
600123 23346 0 1.98289
582108 24036 0 2.05098
611062 24232 0 1.28907
559678 23404 0 1.85925
607643 24710 0 2.19171
625329 25048 0 2.3533
#/home/michal/Dropbox/study/university/kth/thesis/data/features/ds0,01/dt0,02_mp8000_pp0,001/featuredata_shotcolor_iss_2015-05-22_01-49-45.txt
624843 0 0 1.50267
597049 0 0 1.54297
623732 0 0 1.48632
665888 0 0 1.66154
631087 0 0 0.839297
623891 0 0 0.853152
575704 0 0 0.749761
628377 0 0 1.5247
625499 0 0 1.47469
556466 0 0 1.32311
528274 0 0 1.22841
627892 0 0 1.45377
519527 0 0 0.739494
625863 0 0 1.42107
621813 0 0 1.45411
634491 0 0 1.46608
555852 0 0 1.3554
604856 0 0 1.41901
644458 0 0 0.862475
623286 0 0 0.848536
626994 0 0 0.906503
616925 0 0 0.902256
573563 0 0 0.816267
568451 0 0 1.39701
577007 0 0 1.43654
552968 0 0 1.32532
612063 0 0 1.52726
620128 0 0 1.55663
637419 0 0 1.53278
613045 0 0 0.885202
585150 0 0 0.886685
573336 0 0 1.35143
601522 0 0 0.871344
655501 0 0 0.921266
668833 0 0 1.68738
661480 0 0 1.63453
610495 0 0 0.802872
664310 0 0 1.08263
584658 0 0 0.897972
629863 0 0 1.68483
637062 0 0 1.7448
606072 0 0 1.60165
625867 0 0 1.57923
612590 0 0 1.49852
595720 0 0 1.36592
619192 0 0 0.899546
584905 0 0 0.891316
558634 0 0 1.35511
547713 0 0 1.38276
649131 0 0 1.02827
679504 0 0 1.71805
645683 0 0 1.67489
586301 0 0 1.36484
567939 0 0 1.50396
537450 0 0 1.4562
643058 0 0 1.7066
710388 0 0 1.81087
641141 0 0 1.11768
629354 0 0 1.52715
658739 0 0 1.67879
678682 0 0 1.59187
634741 0 0 1.70425
698869 0 0 1.82229
631658 0 0 1.68929
642762 0 0 1.57554
611702 0 0 1.61569
702650 0 0 1.85168
655453 0 0 1.64982
671697 0 0 1.74247
667400 0 0 1.61803
586928 0 0 1.47052
644420 0 0 1.61249
621952 0 0 1.01413
612750 0 0 1.61625
621328 0 0 1.52062
678053 0 0 1.66541
622769 0 0 1.47216
521530 0 0 1.41153
601585 0 0 1.60358
566444 0 0 1.60601
600123 0 0 1.57578
582108 0 0 1.50695
611062 0 0 1.53919
559678 0 0 1.48747
607643 0 0 1.53355
625329 0 0 1.6935
#/home/michal/Dropbox/study/university/kth/thesis/data/features/ds0,01/dt0,02_mp8000_pp0,001/featuredata_shotcolor_susan_2015-05-22_05-30-24.txt
624843 0 0 1.23277
597049 0 0 1.16014
623732 0 0 0.563775
665888 0 0 0.569041
631087 0 0 0.598588
623891 0 0 0.495874
575704 0 0 0.488617
628377 0 0 0.61197
625499 0 0 1.16639
556466 0 0 1.10661
528274 0 0 1.06193
627892 0 0 1.26631
519527 0 0 1.04349
625863 0 0 1.25325
621813 0 0 1.37787
634491 0 0 1.2506
555852 0 0 1.12967
604856 0 0 1.24408
644458 0 0 1.40252
623286 0 0 1.22557
626994 0 0 1.19654
616925 0 0 1.28903
573563 0 0 1.10391
568451 0 0 0.491741
577007 0 0 1.11392
552968 0 0 1.07681
612063 0 0 1.19836
620128 0 0 1.18855
637419 0 0 0.573314
613045 0 0 1.26526
585150 0 0 0.486567
573336 0 0 0.473367
601522 0 0 0.492876
655501 0 0 0.619081
668833 0 0 0.570809
661480 0 0 0.576938
610495 0 0 1.29489
664310 0 0 1.28686
584658 0 0 1.12979
629863 0 0 1.31905
637062 0 0 1.24888
606072 0 0 1.10467
625867 0 0 1.28271
612590 0 0 1.18378
595720 0 0 1.17551
619192 0 0 1.18653
584905 0 0 1.29275
558634 0 0 1.07423
547713 0 0 1.07625
649131 0 0 1.32265
679504 0 0 1.30612
645683 0 0 1.33733
586301 0 0 1.1181
567939 0 0 1.08154
537450 0 0 1.01703
643058 0 0 1.32626
710388 0 0 1.36962
641141 0 0 1.31115
629354 0 0 1.19474
658739 0 0 1.26109
678682 0 0 1.39141
634741 0 0 1.11323
698869 0 0 1.40523
631658 0 0 1.23241
642762 0 0 1.23882
611702 0 0 1.244
702650 0 0 1.33628
655453 0 0 1.31969
671697 0 0 1.32392
667400 0 0 1.32133
586928 0 0 1.23709
644420 0 0 1.23106
621952 0 0 1.18575
612750 0 0 1.33141
621328 0 0 1.17827
678053 0 0 1.30062
622769 0 0 1.19297
521530 0 0 0.991984
601585 0 0 1.15325
566444 0 0 1.19527
600123 0 0 1.15353
582108 0 0 1.13617
611062 0 0 1.26171
559678 0 0 1.09358
607643 0 0 1.1931
625329 0 0 1.15095
#/home/michal/Dropbox/study/university/kth/thesis/data/features/ds0,01/dt0,02_mp8000_pp0,001/featuredata_shotcolor_uniform_2015-05-21_19-15-45.txt
624843 0 0 2.22607
597049 0 0 2.25937
623732 0 0 2.22911
665888 0 0 2.26905
631087 0 0 1.31468
623891 0 0 1.26598
575704 0 0 1.45601
628377 0 0 1.36879
625499 0 0 1.35601
556466 0 0 1.20239
528274 0 0 1.15913
627892 0 0 1.30237
519527 0 0 1.13696
625863 0 0 2.25626
621813 0 0 2.29722
634491 0 0 2.18821
555852 0 0 1.9429
604856 0 0 2.14972
644458 0 0 2.24697
623286 0 0 2.05266
626994 0 0 2.11688
616925 0 0 2.02544
573563 0 0 1.81223
568451 0 0 1.96412
577007 0 0 1.8911
552968 0 0 1.92592
612063 0 0 2.21306
620128 0 0 1.99435
637419 0 0 2.17344
613045 0 0 2.13997
585150 0 0 2.01254
573336 0 0 1.99633
601522 0 0 2.40909
655501 0 0 1.48257
668833 0 0 1.5049
661480 0 0 1.68327
610495 0 0 1.7894
664310 0 0 2.19063
584658 0 0 1.92909
629863 0 0 2.20036
637062 0 0 2.17288
606072 0 0 2.13469
625867 0 0 2.48293
612590 0 0 2.219
595720 0 0 2.08252
619192 0 0 2.08163
584905 0 0 1.67374
558634 0 0 2.03708
547713 0 0 1.95227
649131 0 0 2.3528
679504 0 0 2.2664
645683 0 0 2.18487
586301 0 0 2.05785
567939 0 0 2.01015
537450 0 0 1.90946
643058 0 0 2.05773
710388 0 0 2.43178
641141 0 0 2.38907
629354 0 0 2.31208
658739 0 0 1.44754
678682 0 0 2.57058
634741 0 0 2.02858
698869 0 0 2.55885
631658 0 0 2.17943
642762 0 0 2.23751
611702 0 0 1.98705
702650 0 0 2.3425
655453 0 0 2.30665
671697 0 0 2.49495
667400 0 0 2.19767
586928 0 0 2.21851
644420 0 0 2.15595
621952 0 0 2.08766
612750 0 0 2.2353
621328 0 0 2.25897
678053 0 0 2.102
622769 0 0 2.19185
521530 0 0 1.92143
601585 0 0 1.50016
566444 0 0 1.68993
600123 0 0 1.98289
582108 0 0 2.05098
611062 0 0 1.28907
559678 0 0 1.85925
607643 0 0 2.19171
625329 0 0 2.3533
#/home/michal/Dropbox/study/university/kth/thesis/data/features/ds0,01/dt0,02_mp8000_pp0,001/fixed_featuredata_shotcolor_iss_2015-05-22_01-49-45.txt
624843 10892 0 1.50267
597049 10497 0 1.54297
623732 10477 0 1.48632
665888 10947 0 1.66154
631087 9890 0 0.839297
623891 9921 0 0.853152
575704 9314 0 0.749761
628377 10389 0 1.5247
625499 10164 0 1.47469
556466 9041 0 1.32311
528274 9333 0 1.22841
627892 10510 0 1.45377
519527 9115 0 0.739494
625863 10569 0 1.42107
621813 10891 0 1.45411
634491 10727 0 1.46608
555852 9995 0 1.3554
604856 10736 0 1.41901
644458 10791 0 0.862475
623286 10849 0 0.848536
626994 10956 0 0.906503
616925 10215 0 0.902256
573563 10084 0 0.816267
568451 9551 0 1.39701
577007 9659 0 1.43654
552968 9331 0 1.32532
612063 10348 0 1.52726
620128 10723 0 1.55663
637419 10726 0 1.53278
613045 10372 0 0.885202
585150 9955 0 0.886685
573336 9581 0 1.35143
601522 10074 0 0.871344
655501 10841 0 0.921266
668833 10738 0 1.68738
661480 10810 0 1.63453
610495 10238 0 0.802872
664310 11451 0 1.08263
584658 10204 0 0.897972
629863 10797 0 1.68483
637062 11161 0 1.7448
606072 10664 0 1.60165
625867 10659 0 1.57923
612590 10853 0 1.49852
595720 9701 0 1.36592
619192 10547 0 0.899546
584905 10275 0 0.891316
558634 9492 0 1.35511
547713 9746 0 1.38276
649131 11279 0 1.02827
679504 11070 0 1.71805
645683 10708 0 1.67489
586301 10095 0 1.36484
567939 9866 0 1.50396
537450 9600 0 1.4562
643058 11027 0 1.7066
710388 11461 0 1.81087
641141 10880 0 1.11768
629354 10954 0 1.52715
658739 11108 0 1.67879
678682 11091 0 1.59187
634741 10966 0 1.70425
698869 11934 0 1.82229
631658 10790 0 1.68929
642762 10550 0 1.57554
611702 10352 0 1.61569
702650 11373 0 1.85168
655453 11404 0 1.64982
671697 11359 0 1.74247
667400 11663 0 1.61803
586928 10505 0 1.47052
644420 10984 0 1.61249
621952 11156 0 1.01413
612750 10746 0 1.61625
621328 10317 0 1.52062
678053 11185 0 1.66541
622769 10724 0 1.47216
521530 9487 0 1.41153
601585 10179 0 1.60358
566444 10120 0 1.60601
600123 10507 0 1.57578
582108 10342 0 1.50695
611062 10930 0 1.53919
559678 10104 0 1.48747
607643 11043 0 1.53355
625329 11371 0 1.6935
#/home/michal/Dropbox/study/university/kth/thesis/data/features/ds0,01/dt0,02_mp8000_pp0,001/fixed_featuredata_shotcolor_sift_2015-05-22_06-36-30.txt
624843 616 0 1.07772
597049 673 0 1.02221
623732 697 0 1.07361
665888 678 0 1.13512
631087 630 0 1.0838
623891 650 0 1.10885
575704 576 0 0.979637
628377 676 0 1.08091
625499 508 0 1.06062
556466 623 0 0.94361
528274 602 0 0.895602
627892 609 0 1.06326
519527 579 0 0.871802
625863 633 0 1.13389
621813 615 0 1.06197
634491 639 0 1.07635
555852 591 0 1.00923
604856 591 0 1.03439
644458 626 0 1.14309
623286 681 0 1.07088
626994 627 0 1.09305
616925 640 0 0.959298
573563 614 0 1.03442
568451 572 0 0.970328
577007 571 0 1.01045
552968 620 0 0.934052
612063 658 0 1.03375
620128 630 0 1.06062
637419 673 0 1.10455
613045 623 0 1.04933
585150 629 0 0.992357
573336 581 0 0.975533
601522 635 0 0.393052
655501 633 0 1.12651
668833 633 0 1.18889
661480 662 0 1.13283
610495 605 0 0.386082
664310 603 0 0.421312
584658 596 0 0.405704
629863 628 0 1.09666
637062 618 0 1.09548
606072 592 0 1.03758
625867 616 0 1.03213
612590 619 0 1.06093
595720 625 0 1.00125
619192 654 0 0.976812
584905 596 0 0.396959
558634 597 0 0.35286
547713 594 0 0.358171
649131 530 0 0.405831
679504 690 0 0.46189
645683 648 0 0.413601
586301 586 0 0.411147
567939 620 0 0.979976
537450 580 0 0.935588
643058 684 0 1.19265
710388 677 0 1.26582
641141 636 0 1.24811
629354 665 0 1.07826
658739 662 0 1.11612
678682 660 0 1.15157
634741 422 0 1.12516
698869 666 0 1.19674
631658 673 0 1.1608
642762 721 0 1.13958
611702 717 0 1.13626
702650 694 0 1.22918
655453 743 0 1.23319
671697 693 0 1.20008
667400 703 0 1.16577
586928 671 0 1.0229
644420 629 0 1.1192
621952 677 0 1.10263
612750 653 0 1.03999
621328 638 0 0.754965
678053 643 0 1.18577
622769 722 0 1.13522
521530 582 0 0.898666
601585 690 0 0.821279
566444 606 0 0.989545
600123 635 0 1.0342
582108 626 0 1.00369
611062 647 0 1.04109
559678 636 0 0.961003
607643 644 0 1.0857
625329 640 0 1.07125
#/home/michal/Dropbox/study/university/kth/thesis/data/features/ds0,01/dt0,02_mp8000_pp0,001/featuredata_shotcolor_sift_2015-05-22_06-36-30.txt
624843 0 0 1.07772
597049 0 0 1.02221
623732 0 0 1.07361
665888 0 0 1.13512
631087 0 0 1.0838
623891 0 0 1.10885
575704 0 0 0.979637
628377 0 0 1.08091
625499 0 0 1.06062
556466 0 0 0.94361
528274 0 0 0.895602
627892 0 0 1.06326
519527 0 0 0.871802
625863 0 0 1.13389
621813 0 0 1.06197
634491 0 0 1.07635
555852 0 0 1.00923
604856 0 0 1.03439
644458 0 0 1.14309
623286 0 0 1.07088
626994 0 0 1.09305
616925 0 0 0.959298
573563 0 0 1.03442
568451 0 0 0.970328
577007 0 0 1.01045
552968 0 0 0.934052
612063 0 0 1.03375
620128 0 0 1.06062
637419 0 0 1.10455
613045 0 0 1.04933
585150 0 0 0.992357
573336 0 0 0.975533
601522 0 0 0.393052
655501 0 0 1.12651
668833 0 0 1.18889
661480 0 0 1.13283
610495 0 0 0.386082
664310 0 0 0.421312
584658 0 0 0.405704
629863 0 0 1.09666
637062 0 0 1.09548
606072 0 0 1.03758
625867 0 0 1.03213
612590 0 0 1.06093
595720 0 0 1.00125
619192 0 0 0.976812
584905 0 0 0.396959
558634 0 0 0.35286
547713 0 0 0.358171
649131 0 0 0.405831
679504 0 0 0.46189
645683 0 0 0.413601
586301 0 0 0.411147
567939 0 0 0.979976
537450 0 0 0.935588
643058 0 0 1.19265
710388 0 0 1.26582
641141 0 0 1.24811
629354 0 0 1.07826
658739 0 0 1.11612
678682 0 0 1.15157
634741 0 0 1.12516
698869 0 0 1.19674
631658 0 0 1.1608
642762 0 0 1.13958
611702 0 0 1.13626
702650 0 0 1.22918
655453 0 0 1.23319
671697 0 0 1.20008
667400 0 0 1.16577
586928 0 0 1.0229
644420 0 0 1.1192
621952 0 0 1.10263
612750 0 0 1.03999
621328 0 0 0.754965
678053 0 0 1.18577
622769 0 0 1.13522
521530 0 0 0.898666
601585 0 0 0.821279
566444 0 0 0.989545
600123 0 0 1.0342
582108 0 0 1.00369
611062 0 0 1.04109
559678 0 0 0.961003
607643 0 0 1.0857
625329 0 0 1.07125
