#/home/michal/Dropbox/study/university/kth/thesis/data/features/ds0,01/iter500/fixed_featuredata_shot_sift_2015-05-19_11-06-58.txt
382893 607 2.38012 0.671338
403050 643 2.7218 0.604275
360002 624 2.26402 0.522618
417964 667 2.8 0.676595
465784 639 2.87555 0.843801
360875 602 2.33571 0.60784
368526 551 2.35878 0.497616
349861 615 2.31362 0.584154
424691 482 2.64082 0.583532
339021 576 2.1689 0.568411
335978 571 2.24265 0.565718
433153 585 2.80413 0.738476
332962 547 2.16675 0.433839
399528 613 2.57322 0.50291
386666 608 2.53741 0.490783
383856 573 2.5344 0.639409
357230 544 2.44367 0.605813
449652 594 2.92554 0.647168
444344 606 2.66012 0.648596
414960 623 2.56883 0.842372
352741 591 2.4076 0.604612
394384 618 2.45742 0.566956
307963 561 2.00732 0.511583
351250 553 2.1648 0.597388
320682 548 2.21916 0.369213
359026 620 2.32229 0.494075
376223 601 2.44032 0.639529
438252 609 2.85442 0.724578
465518 649 3.05294 0.803919
406231 570 2.77793 0.693487
408231 577 2.75292 0.690648
372523 549 2.55334 0.619891
393802 599 2.72948 0.662438
413193 575 2.7794 0.528561
439090 546 2.90536 0.657885
463637 634 2.82518 0.933505
426557 613 2.83836 0.73549
407163 583 2.71719 0.692196
374022 548 2.44821 0.62795
378044 598 2.57986 0.624744
415910 612 2.7631 0.628448
399001 568 2.64805 0.672933
368803 529 2.69464 0.617973
407700 568 2.71063 0.682078
404929 581 2.64344 0.679835
402553 640 2.70762 0.489757
338813 551 2.30854 0.461774
349335 562 2.43872 0.400332
372085 550 2.4119 0.47192
367917 525 2.42042 0.469088
402297 657 2.50662 0.548378
368286 574 2.46856 0.558118
345603 559 2.30782 0.500162
390601 569 2.51695 0.523133
307277 530 1.98424 0.376301
415685 603 2.65208 0.543111
376478 637 2.57381 0.653797
377404 583 2.54114 0.505019
391320 625 2.50094 0.508309
394159 656 2.47634 0.498516
398942 608 2.60538 0.789169
329650 423 2.2961 0.4455
431037 649 2.77412 0.754813
327323 564 2.23176 0.426307
412028 643 2.62804 0.698286
475947 634 3.06459 0.833727
447767 666 2.94067 0.674441
486395 716 3.25234 0.780609
414497 591 2.6984 0.707554
367051 592 2.50931 0.465452
442242 646 2.88675 0.775496
387424 575 2.35606 0.567882
392263 585 2.62476 0.526233
387718 670 2.51598 0.505825
365134 573 2.33633 0.464813
335961 590 2.0341 0.572689
398211 652 2.64619 0.67692
334990 538 2.15531 0.390041
393477 630 2.44864 0.506453
337377 548 2.24003 0.565277
387641 560 2.5494 0.520198
308669 557 2.10856 0.529719
360264 567 2.39554 0.471688
382482 580 2.25106 0.641896
344219 609 2.19058 0.587413
374773 630 2.31167 0.627491
#/home/michal/Dropbox/study/university/kth/thesis/data/features/ds0,01/default/fixed_featuredata_shot_sift_2015-05-30_00-33-26.txt
376555 966 3.86373 0.637772
410845 929 3.98515 0.700007
417081 988 3.8456 0.720583
431769 1020 1.46973 0.287474
404631 870 1.29716 0.262841
404192 883 1.39409 0.279279
345184 826 3.43258 0.562821
345400 900 3.38299 0.545679
393110 667 3.64683 0.690827
343838 790 3.32322 0.569194
363797 849 3.58503 0.604132
429019 951 4.12424 0.741085
291930 765 2.87903 0.490262
360349 851 3.62778 0.598563
370714 871 3.90622 0.61313
416305 923 3.60685 0.701118
376403 866 3.92321 0.633764
453577 903 4.60484 0.776343
435504 921 4.48933 0.800299
447861 956 1.52905 0.283797
410178 954 1.38656 0.278348
363430 890 3.00727 0.530027
339905 804 3.10592 0.563588
320583 803 1.08158 0.201128
342349 870 1.1878 0.485515
316676 803 3.02514 0.468598
440188 956 1.89211 0.286279
387058 873 3.77125 0.459332
471941 1001 4.35166 0.665112
412370 820 3.75123 0.573447
404209 845 3.98812 0.67984
406466 851 1.47408 0.250991
454516 908 4.35406 0.811599
418521 853 4.19556 0.699104
505724 867 1.68904 0.834368
546267 994 2.43693 0.844285
427460 892 1.49629 0.273604
407163 889 4.03682 0.61978
346968 862 3.40293 0.543547
482467 934 1.66353 0.29669
377662 877 3.83711 0.625857
421811 853 4.1897 0.704956
389185 823 4.18802 0.254063
388971 857 4.05171 0.656084
431225 912 4.26002 0.71935
394057 944 3.90885 0.664982
353653 886 3.41933 0.628102
402025 888 1.47631 0.675171
341041 794 1.25799 0.216551
345676 739 1.47669 0.224648
358712 929 1.27892 0.235653
355685 913 3.29893 0.601267
383041 864 3.41759 0.250088
338401 842 3.10915 0.532438
361108 811 3.19253 0.609361
447411 892 1.52044 0.279926
386968 960 3.97045 0.466591
413527 897 3.91448 0.614357
442084 971 3.97838 0.665833
368583 953 3.29597 0.447935
469494 967 4.35141 0.323384
344289 598 3.1819 0.542464
410583 954 3.76404 0.68305
353065 835 3.66104 0.50488
403503 933 3.97619 0.625344
417407 957 4.09451 0.708999
408514 919 3.46262 0.66026
460612 1051 4.64756 0.753456
383883 915 1.35769 0.243161
406856 949 3.91126 0.522626
458288 915 1.57971 0.285855
382053 837 3.68969 0.635471
507241 926 1.67769 0.718928
361570 911 3.60258 0.443651
414010 935 3.84413 0.689329
404875 890 1.44684 0.581213
386269 950 3.31984 0.249996
365851 854 1.2587 0.23923
363982 872 3.12843 0.246623
337377 837 2.82446 0.574233
377898 816 1.27419 0.234667
324429 804 1.08089 0.215167
321223 898 1.12447 0.541377
382127 884 3.68877 0.627725
399290 924 1.37026 0.648795
401355 920 3.83289 0.641887
#/home/michal/Dropbox/study/university/kth/thesis/data/features/ds0,01/iter50/fixed_featuredata_shot_sift_2015-05-20_11-16-26.txt
698683 620 3.51367 1.12992
724192 690 3.18923 0.510251
630549 664 3.62567 1.13857
649674 657 2.3312 1.17291
585903 622 3.37044 1.36495
503828 572 2.98792 0.887965
599071 668 1.34658 0.426405
548863 496 3.61379 0.941046
564007 600 3.05084 0.992672
398179 618 1.97546 0.279958
516411 630 2.73457 0.7942
615224 619 3.4942 0.994997
410323 620 2.30219 0.627914
593620 624 2.99725 0.9193
454596 557 2.41896 0.690077
434680 570 2.40593 0.680212
671489 623 1.37189 1.46592
474366 634 1.06717 0.32127
441074 605 1.00539 0.300582
549980 614 2.09707 0.989442
592253 581 1.77788 0.42902
349864 592 1.96239 0.554082
356296 571 2.10377 0.542791
494784 586 2.85627 0.763062
396940 577 2.66267 0.71003
601786 601 3.66341 1.07938
623808 664 3.53119 0.977596
484986 591 1.46676 0.336546
557892 608 2.50733 1.29474
721122 639 3.33822 1.09534
640144 631 1.5473 0.444063
636015 614 3.14463 0.991237
486991 604 3.16668 0.747116
711745 583 3.4558 1.13508
644991 602 2.02686 0.9903
640591 604 3.4898 0.982008
608359 590 3.09671 0.935349
606619 581 3.45122 0.948061
592340 622 3.01392 0.898775
604826 605 3.39693 0.883014
658365 631 3.24404 1.02717
709232 591 3.4336 0.931428
607262 599 2.55135 0.422808
540080 594 2.83257 0.816983
609067 562 3.04079 0.963508
452610 675 2.54595 0.524596
448658 591 2.36418 0.69622
619775 588 3.2436 0.967529
667680 611 3.24637 1.01733
547003 564 2.97395 0.82109
630680 640 3.26994 0.983619
411749 660 1.02373 0.272839
475897 636 1.4152 0.46688
549788 673 1.1767 0.396231
567017 462 2.98392 0.919584
543227 639 2.85221 0.850834
493204 597 2.8596 0.770412
492276 635 2.70136 0.7558
545100 683 2.87371 0.830541
600266 685 3.07458 1.16867
648616 735 1.47139 0.468097
753783 683 1.60331 0.540042
770704 671 1.54836 0.548491
577399 634 3.05864 0.886622
443220 591 2.34707 0.628035
542219 692 2.74926 0.847222
510567 651 2.68834 0.810352
561267 629 1.49076 0.370602
416316 620 0.953782 0.280154
412123 685 2.36663 0.745385
500699 590 3.06949 0.341199
779337 647 3.13208 0.549412
365899 561 2.12996 0.797878
451434 594 2.39941 0.651929
730435 613 3.38545 1.34393
660899 638 2.5598 1.13206
710252 636 3.35646 0.549347
673969 670 1.37299 0.698938
776858 636 2.11521 0.949489
#/home/michal/Dropbox/study/university/kth/thesis/data/features/ds0,01/nr0_04/fixed_featuredata_shot_sift_2015-05-20_21-10-42.txt
628409 957 4.92165 1.38675
536942 925 4.59106 1.04771
555420 1128 5.44622 1.06529
554155 1169 5.2463 1.06677
526012 1099 5.2976 1.01512
545801 1057 5.3278 1.0445
504674 998 4.63129 0.932455
523629 1109 5.18514 1.00685
523173 1032 5.2465 0.989803
616680 945 5.82753 1.20608
518494 1020 4.61549 0.989369
462484 932 4.34828 0.868063
560430 898 4.82467 1.11518
458473 905 4.32777 0.857269
547806 952 5.02887 1.03216
580150 1018 5.10225 1.14301
514036 1054 4.79883 0.975619
502669 1012 4.85399 0.949917
535120 892 4.42268 0.975124
535196 992 4.95101 1.08003
572348 909 4.54325 1.11822
506191 1022 5.0249 0.992395
511456 873 4.38849 0.996843
442011 915 3.97635 0.822039
466377 793 3.8273 0.862811
484949 746 4.03788 1.00546
472924 784 3.86511 0.895077
512346 873 4.50236 0.969383
574968 998 5.10393 1.22545
570567 911 4.63778 1.13857
530186 785 4.38751 0.977786
568957 884 4.86672 1.08238
560999 783 4.21665 1.07976
572563 780 4.49832 1.10541
510976 828 4.29335 0.945341
659824 801 4.83953 1.36755
555029 935 4.69574 1.06681
541854 940 4.85918 1.10039
535636 983 4.85215 1.02115
510649 959 4.6734 0.960463
550674 911 4.77854 1.0598
325795 1066 4.6128 0.60852
462857 641 3.4713 0.851239
562096 585 3.96088 1.07037
499209 628 3.69606 0.922128
502466 642 3.78432 0.928471
567234 635 4.00004 1.15272
466994 664 3.69154 0.847856
430604 586 3.26168 0.773194
465347 574 3.52817 0.884585
437366 616 3.15804 0.803005
518434 559 3.81324 0.959454
509779 692 3.83318 0.934635
476066 648 3.5381 0.866224
442558 579 3.5119 0.831033
415407 615 3.24377 0.850023
415933 585 3.14749 0.762927
576413 646 3.96996 1.12118
481972 700 4.00507 0.934656
528352 615 3.90423 0.988598
499563 684 3.71575 0.913641
488447 672 3.643 0.925903
501947 678 3.88441 0.986756
457596 453 3.56266 0.819209
468482 638 3.57583 0.860253
485223 658 3.56511 0.986611
485361 706 3.54714 0.868001
507680 706 3.84863 0.963164
480487 676 3.66006 0.883007
571929 776 4.4018 1.12768
522178 664 3.6441 0.96376
495607 692 3.72607 0.945418
474582 646 3.5742 0.909484
502605 654 3.71535 0.924028
467594 681 3.61545 0.900779
492110 693 3.68591 0.935642
446818 672 3.38707 0.87719
472148 658 3.56646 0.873188
514395 740 3.83771 0.986624
472286 583 3.35972 0.879153
500004 683 3.71407 0.956399
452901 585 3.55668 0.896514
561052 636 3.57165 1.03268
413635 635 3.27974 0.753662
476782 672 3.58426 0.90741
453507 653 3.33351 0.849641
446360 657 3.31921 0.837589
459467 660 3.58773 0.851205
#/home/michal/Dropbox/study/university/kth/thesis/data/features/ds0,01/iter100/fixed_featuredata_shot_sift_2015-05-21_16-18-08.txt
631220 910 4.49971 1.51504
689862 1198 5.28869 1.11208
471208 1096 4.06018 0.716417
756021 1052 4.75497 0.720738
520946 1006 2.85508 0.575738
394377 921 3.56903 0.676739
529281 1111 2.89476 0.735832
781078 1008 5.62679 0.875531
588086 967 3.9964 1.09411
559676 922 3.9216 1.07364
538153 891 4.00952 0.99706
489696 880 3.84299 0.886059
484734 913 5.14146 1.23295
572295 996 4.70794 1.37539
506993 1015 4.20689 0.938564
517393 986 4.3566 0.956545
495059 866 3.54948 0.90747
562785 960 4.53025 1.04033
522551 859 3.83321 0.960921
540330 1021 4.20297 0.985891
644654 810 3.9466 0.876199
502831 899 2.043 0.447966
388085 757 2.37097 0.706969
398135 738 2.87351 0.727448
687786 753 3.60624 0.642556
453986 823 2.49802 0.412379
749388 984 4.19147 0.818788
525683 886 3.87207 0.976131
596541 775 4.12382 1.11927
584697 842 5.5969 1.27649
425328 740 3.25284 0.770485
695984 805 4.58108 1.03189
535098 811 4.17164 1.36799
532938 756 4.81709 1.34549
567120 881 3.98252 1.02175
618759 924 4.74114 1.15221
756571 941 4.9442 1.37322
531480 905 5.3715 1.38966
604618 919 4.56212 1.10611
342689 1047 4.75771 0.656882
461636 613 2.86063 1.03132
453589 616 3.02032 0.822347
428687 603 2.95612 0.778812
503250 613 4.05475 0.91385
553410 630 3.40661 0.997945
426734 647 2.68262 0.769104
608528 608 2.79464 0.635907
393581 592 2.39183 0.563337
396450 563 2.53956 0.66882
474955 548 2.84808 0.809405
506301 637 3.08573 0.861037
410479 586 2.70551 0.706238
393952 575 2.34735 0.66342
410924 599 2.63512 0.738856
426365 550 2.24016 0.776305
542280 604 2.43099 0.6558
387760 654 2.68069 0.673243
562437 629 3.31585 0.969846
430441 653 2.85121 0.780679
393951 665 2.54241 0.67084
580243 617 3.16422 1.02467
567017 462 2.60016 0.852324
575823 651 2.96665 0.592526
398650 599 2.28425 0.665372
395736 640 2.62166 0.663428
680739 700 3.19202 1.15253
751493 706 3.75794 1.27695
588531 737 3.87161 1.008
477520 639 2.58712 0.794773
441831 652 1.65529 0.393804
542825 614 1.92252 0.435741
533653 625 1.61639 0.523815
642888 648 2.77234 0.520624
523470 637 1.74671 0.420741
434472 641 1.25912 0.341833
416316 620 1.29114 0.338782
445228 677 1.45419 0.749353
445087 576 1.92522 0.751786
419359 648 2.80346 0.73302
332057 538 1.77748 0.288792
574002 619 2.67621 0.684543
392606 620 1.15274 0.381922
514713 607 1.35749 0.547322
423724 592 1.99895 0.612869
388893 619 1.927 0.655217
570755 623 3.22183 0.967477
#/home/michal/Dropbox/study/university/kth/thesis/data/features/ds0,01/dt0,02_mp8000_pp0,001/fixed_featuredata_shot_sift_2015-05-22_06-31-05.txt
624843 616 3.6168 0.895855
597049 673 1.39754 0.421478
623732 697 3.66402 0.961566
665888 678 3.3482 0.475774
631087 630 3.58925 0.494052
623891 650 3.61359 0.97908
575704 576 3.21773 0.841028
628377 676 1.40497 0.477964
625499 508 1.4068 0.431136
556466 623 1.23379 0.384306
528274 602 1.22001 0.355055
627892 609 3.83686 0.917431
519527 579 3.07226 0.776075
625863 633 3.65469 0.926295
621813 615 3.59586 0.928283
634491 639 3.33452 0.977818
555852 591 3.45969 0.823832
604856 591 3.74118 0.967761
644458 626 3.68898 0.996221
623286 681 1.4423 0.475444
626994 627 3.39966 0.945549
616925 640 3.37979 0.911054
573563 614 3.18421 0.886557
568451 572 3.16511 0.865655
577007 571 3.21995 0.861832
552968 620 3.13 0.817172
612063 658 3.63903 1.02075
620128 630 3.72168 0.975297
637419 673 3.80834 0.978085
613045 623 1.42531 0.435145
585150 629 3.33489 0.765592
573336 581 3.21973 0.843565
601522 635 1.47709 0.41583
655501 633 3.83531 1.03589
668833 633 1.50349 0.46577
661480 662 3.90103 1.07338
610495 605 3.63413 0.54978
664310 603 1.47752 0.469271
584658 596 3.47312 0.845668
629863 628 3.71262 0.925751
637062 618 3.72325 0.943616
606072 592 3.62213 0.863332
625867 616 1.46999 0.452398
612590 619 3.678 0.971472
595720 625 3.53313 0.87109
619192 654 2.84508 0.429393
584905 596 1.35337 0.397439
558634 597 3.38256 0.749445
547713 594 3.28594 0.786201
649131 530 1.48193 0.448867
679504 690 1.55289 0.478936
645683 648 3.66965 0.971402
586301 586 3.2851 0.408498
567939 620 3.34455 0.817585
537450 580 3.18267 0.819315
643058 684 3.66514 0.996175
710388 677 3.88025 1.13519
641141 636 3.6472 0.911956
629354 665 3.52828 0.939279
658739 662 1.46409 0.486642
678682 660 1.47973 0.471184
634741 422 1.50745 0.429537
698869 666 1.60298 0.490033
631658 673 3.65699 0.907862
642762 721 1.4227 0.500709
611702 717 1.47456 0.427286
702650 694 3.63018 1.05759
655453 743 4.06412 1.00191
671697 693 3.69988 1.04586
667400 703 3.93987 1.05167
586928 671 1.42984 0.407154
644420 629 1.45354 0.459145
621952 677 1.48045 0.442445
612750 653 2.74403 0.426324
621328 638 3.4427 0.832333
678053 643 3.68108 1.03297
622769 722 3.75362 0.905106
521530 582 3.03586 0.781031
601585 690 1.40379 0.412773
566444 606 3.60904 0.833867
600123 635 3.29297 0.804755
582108 626 3.33993 0.793585
611062 647 3.60239 1.0214
559678 636 3.54526 0.975071
607643 644 3.85546 1.00871
625329 640 3.96533 1.03919
