#/home/michal/Dropbox/study/university/kth/thesis/data/features/ds0,01/iter500/fixed_featuredata_shot_uniform_2015-05-19_00-51-38.txt
382893 17892 0.0783932 1.66452
403050 18773 0.0457903 1.38629
360002 16744 0.0374849 1.2262
417964 18878 0.0438163 1.46649
465784 19905 0.0471438 1.41931
360875 16812 0.0800822 1.40285
368526 16865 0.0424088 1.34014
349861 16973 0.037376 1.26134
424691 18424 0.0424587 1.52121
339021 15942 0.0343487 1.16668
335978 16122 0.039435 1.19612
433153 18729 0.0527481 1.52076
332962 15744 0.0342517 1.14559
399528 17929 0.0401519 1.4311
386666 17801 0.0378411 1.48063
383856 17434 0.0401763 1.22954
357230 17157 0.0667776 1.64494
449652 19438 0.0490842 1.48614
444344 18802 0.0501614 1.6441
414960 17834 0.0429621 1.51899
352741 16874 0.0403827 1.16308
394384 17520 0.0431811 1.50846
307963 15008 0.0327866 1.13753
351250 16202 0.0736435 1.43734
320682 16077 0.033513 1.16296
359026 16532 0.0368379 1.28666
376223 17652 0.0402822 1.51495
438252 19055 0.0464587 1.58619
465518 20196 0.0527019 1.72983
406231 18067 0.048102 1.5096
408231 18502 0.0466043 1.33718
372523 17320 0.0397344 1.3681
393802 18273 0.0395486 1.36853
413193 18659 0.0421643 1.46952
439090 19201 0.0438991 1.65314
463637 19690 0.0988055 1.77268
426557 18934 0.0432418 1.52015
407163 18561 0.0429089 1.29773
374022 17192 0.0457222 1.55353
378044 17772 0.0388229 1.46181
415910 18891 0.0439895 1.40799
399001 17860 0.0404823 1.47765
368803 17554 0.0352325 1.24421
407700 18549 0.0412765 1.52788
404929 18443 0.0404682 1.49875
402553 18941 0.0393579 1.34997
338813 16229 0.0329703 1.21087
349335 16699 0.0348558 1.20618
372085 16827 0.0814428 1.38986
367917 17414 0.0378971 1.34678
402297 19246 0.0409184 1.43435
368286 17421 0.0399933 1.39049
345603 16918 0.0327235 1.20693
390601 17426 0.0392167 1.41032
307277 15036 0.0292635 1.20302
415685 18361 0.0880516 1.69966
376478 18216 0.0383766 1.35768
377404 17993 0.0375351 1.23522
391320 17831 0.0813076 1.47933
394159 17493 0.0442134 1.46123
398942 18202 0.038879 1.40041
329650 16377 0.0315866 1.20996
431037 18983 0.043919 1.71738
327323 16141 0.034482 1.14239
412028 18123 0.0728091 1.52353
475947 19998 0.0596371 1.86946
447767 19323 0.091652 1.59982
486395 21602 0.053971 1.79166
414497 18202 0.0419947 1.65742
367051 17299 0.0730109 1.33239
442242 19023 0.0453208 1.67086
387424 17417 0.0388702 1.40509
392263 17793 0.0395203 1.42038
387718 17840 0.0425634 1.54742
365134 16666 0.0365873 1.19954
335961 15895 0.0741402 1.34209
398211 18303 0.0427893 1.51489
334990 15493 0.0344516 1.16197
393477 17166 0.041513 1.42504
337377 15762 0.0342612 1.199
387641 17023 0.0416257 1.5337
308669 15439 0.0301881 1.02152
360264 16559 0.0358209 1.41607
382482 17105 0.0393889 1.3862
344219 16211 0.0731984 1.42737
374773 17093 0.0387628 1.42922
#/home/michal/Dropbox/study/university/kth/thesis/data/features/ds0,01/default/fixed_featuredata_shot_uniform_2015-05-29_18-13-05.txt
376555 17656 0.0815358 1.39112
410845 18784 0.0330333 1.24708
417081 18445 0.0743865 1.04602
431769 18975 0.0905088 1.5315
404631 18117 0.0842709 0.999266
404192 17990 0.0821554 1.15464
345184 16585 0.0457141 1.1163
345400 16785 0.0269443 1.29324
393110 17621 0.0356871 1.46779
343838 16093 0.0698944 0.842173
363797 16487 0.0397564 0.936018
429019 18739 0.0341718 1.51046
291930 14397 0.0229012 1.04413
360349 17311 0.0289026 1.20431
370714 17425 0.0320779 1.02571
416305 18565 0.0549591 1.0579
376403 18140 0.0579123 0.968067
453577 19649 0.0359304 1.57154
435504 18767 0.0476779 1.48505
447861 18754 0.0987346 1.57029
410178 18017 0.0618583 1.49434
363430 16885 0.0393529 1.01524
339905 15501 0.0695883 1.23014
320583 15431 0.0661031 1.18358
342349 16743 0.0709189 1.21339
316676 15193 0.0251378 1.15336
440188 19281 0.0915291 1.38499
387058 18079 0.0317347 1.36776
471941 20475 0.10449 1.87201
412370 18076 0.0956507 1.40262
404209 18448 0.0892911 1.09312
406466 18265 0.0865033 1.59056
454516 19606 0.0699783 1.59665
418521 18133 0.0456966 1.07227
505724 20337 0.0390869 1.26684
546267 22153 0.0440572 1.95772
427460 18925 0.0899861 1.11709
407163 18561 0.085453 1.37156
346968 17197 0.07288 1.24287
482467 20339 0.0383298 1.75778
377662 18096 0.0817595 0.9405
421811 18720 0.0875997 1.54959
389185 18107 0.0490936 1.44345
388971 18319 0.0415556 1.27487
431225 18860 0.0365669 1.52714
394057 18995 0.0833018 1.48291
353653 16578 0.0281819 1.17356
402025 18030 0.0337524 0.970816
341041 16331 0.0356787 1.32312
345676 16478 0.0356505 0.872301
358712 17738 0.0287219 0.934687
355685 17229 0.0742055 0.856686
383041 18048 0.0310893 1.27638
338401 16100 0.0393279 1.21029
361108 16711 0.0557347 0.936608
447411 19157 0.0873814 1.07382
386968 18370 0.0299423 1.44627
413527 18769 0.0865805 1.45858
442084 19313 0.089808 1.10892
368583 16678 0.0767496 1.50861
469494 19968 0.0366255 1.118
344289 17005 0.0708286 1.32274
410583 18644 0.0328502 1.51997
353065 16884 0.0747395 1.30103
403503 18193 0.0849338 1.57454
417407 19023 0.0866849 1.47551
408514 18360 0.0842518 1.48277
460612 21225 0.0965497 1.63897
383883 17659 0.0301399 1.36978
406856 18504 0.0847563 1.46189
458288 19471 0.0358778 1.62224
382053 17063 0.0302049 1.4857
507241 20473 0.106083 1.26348
361570 17286 0.0743707 1.23413
414010 18272 0.0838603 1.57896
404875 17790 0.084089 1.0182
386269 17788 0.0803048 1.44739
365851 16532 0.0283494 1.35641
363982 16460 0.0720994 1.3972
337377 15762 0.0270471 1.34784
377898 16774 0.0764808 1.44309
324429 15424 0.0670687 1.13393
321223 15936 0.0655498 1.15489
382127 17022 0.0789125 1.38484
399290 18237 0.0309577 1.46552
401355 18128 0.031492 1.04827
#/home/michal/Dropbox/study/university/kth/thesis/data/features/ds0,01/iter50/fixed_featuredata_shot_uniform_2015-05-19_20-38-20.txt
698683 23879 0.0883626 2.67013
724192 24775 0.150589 3.15012
630549 22663 0.135458 2.71652
649674 23153 0.0671516 2.88291
585903 21710 0.127652 3.10951
503828 19430 0.114183 3.26628
599071 22032 0.143602 3.60943
548863 20678 0.114145 2.89674
564007 20345 0.167957 2.93397
398179 17784 0.0853841 2.01396
516411 20321 0.118524 2.28815
615224 22686 0.131027 2.74638
410323 18041 0.0567602 1.24064
593620 22011 0.0999622 2.52093
454596 19253 0.0958642 1.90538
434680 18324 0.0909973 1.80268
671489 23416 0.100896 3.1877
474366 19471 0.0971124 1.94534
441074 18503 0.092418 1.86561
549980 20886 0.12447 2.27059
592253 20729 0.130441 2.34078
349864 16284 0.0739145 1.43331
356296 16857 0.0815368 1.69084
494784 18756 0.100988 2.321
396940 18238 0.0821028 1.88303
601786 22218 0.0732637 2.79103
623808 23256 0.0686033 2.86461
484986 19684 0.100718 2.29306
557892 21088 0.115737 2.6356
721122 24970 0.15027 3.01022
640144 23159 0.068793 2.5212
636015 23390 0.132101 2.08234
486991 20617 0.104341 2.22225
711745 24535 0.085929 2.85084
644991 24057 0.140464 2.64289
640591 23491 0.074454 2.48515
608359 22571 0.129683 2.49368
606619 22419 0.165769 2.83103
592340 22396 0.124155 2.92943
604826 22700 0.125288 2.6452
658365 24055 0.137751 2.48572
709232 24251 0.148326 2.86355
607262 21781 0.0589533 2.37882
540080 20628 0.109066 2.04496
609067 22578 0.128947 2.29389
452610 20590 0.103617 2.22181
448658 19298 0.0943241 2.07834
619775 22753 0.0948417 3.3317
667680 23431 0.149476 3.19764
547003 20165 0.164153 3.00838
630680 23005 0.133779 2.878
411749 19097 0.0862148 1.9029
475897 20608 0.101623 2.08419
549788 21125 0.123755 2.37749
567017 22061 0.121093 2.19775
543227 21668 0.114101 2.69038
493204 19819 0.102061 2.93169
492276 20331 0.101309 2.78491
545100 21289 0.0645107 2.27568
600266 22131 0.0704875 2.22438
648616 24767 0.142139 3.03496
753783 25076 0.217038 3.51123
770704 25378 0.213994 3.87222
577399 21393 0.0680348 2.75961
443220 18397 0.0910242 1.84618
542219 21432 0.0587694 2.07607
510567 20773 0.0584846 2.08997
561267 20456 0.117835 2.26317
416316 18018 0.0882007 1.7457
412123 18644 0.0886849 1.97038
500699 19140 0.0667728 2.34336
779337 25038 0.164739 3.52887
365899 16860 0.0772768 1.3588
451434 18858 0.088311 1.71117
730435 24104 0.154984 3.29147
660899 23190 0.145802 2.94469
710252 23999 0.149697 3.16764
673969 23653 0.143674 3.08498
776858 25427 0.177345 3.4437
#/home/michal/Dropbox/study/university/kth/thesis/data/features/ds0,01/dt0,02_mp8000_pp0,001/fixed_featuredata_shot_uniform_2015-05-21_19-12-48.txt
624843 24635 0.11516 1.53191
597049 24417 0.126101 1.75279
623732 24699 0.133425 1.89523
665888 25061 0.118329 1.91082
631087 24299 0.125927 2.01856
623891 24348 0.125876 1.97197
575704 22790 0.117287 1.72184
628377 24514 0.136687 1.83117
625499 24316 0.128254 1.72394
556466 22345 0.121709 1.84006
528274 22013 0.106524 1.59049
627892 25255 0.116139 2.22238
519527 21548 0.104077 1.5537
625863 24760 0.131576 1.88557
621813 24745 0.128532 1.95332
634491 24379 0.136293 1.85635
555852 23618 0.107553 1.78453
604856 24439 0.0944079 1.87432
644458 24690 0.145402 1.81865
623286 24768 0.130787 1.86972
626994 24162 0.121207 1.87388
616925 23794 0.128481 1.78817
573563 22368 0.107981 1.62962
568451 22761 0.120989 1.67479
577007 22580 0.120312 1.77415
552968 22451 0.117073 1.69166
612063 24250 0.11915 1.8527
620128 24946 0.122839 1.66218
637419 25138 0.0600248 1.97978
613045 24304 0.120418 1.8074
585150 23921 0.11569 1.76421
573336 23212 0.104706 1.62347
601522 24569 0.0636333 2.11409
655501 25016 0.149204 1.45639
668833 25117 0.134134 2.0491
661480 25614 0.150078 2.10344
610495 24487 0.0552399 2.07628
664310 24963 0.0595921 1.94717
584658 23542 0.122581 1.93592
629863 25257 0.134257 2.03174
637062 25026 0.057106 2.14665
606072 24615 0.108973 1.76016
625867 24937 0.0747621 1.86377
612590 24950 0.110936 1.89214
595720 24085 0.117046 1.78765
619192 25426 0.112519 1.90414
584905 23546 0.128038 1.99042
558634 22811 0.0481615 1.80375
547713 22647 0.116794 1.44678
649131 25185 0.137519 2.06432
679504 26461 0.0827357 1.97543
645683 24884 0.129708 1.91105
586301 24335 0.114854 1.79828
567939 22968 0.050777 1.70351
537450 22190 0.10058 1.59423
643058 24625 0.133003 1.91308
710388 25718 0.114858 2.31527
641141 24666 0.11378 1.77599
629354 24732 0.108942 1.86972
658739 25046 0.128609 1.92144
678682 25060 0.0624224 2.20396
634741 25128 0.145948 2.04682
698869 26205 0.146376 2.19791
631658 24632 0.128584 1.588
642762 24570 0.137277 1.82979
611702 24862 0.119828 1.81515
702650 25197 0.129941 1.96369
655453 27065 0.140157 2.18364
671697 25071 0.144441 1.8617
667400 25711 0.139347 1.94363
586928 24350 0.125206 1.74242
644420 24531 0.134902 1.86936
621952 25233 0.131369 1.79485
612750 24499 0.128887 1.72059
621328 24019 0.0499744 1.73371
678053 24647 0.144522 1.22641
622769 25460 0.134687 1.88254
521530 22047 0.111292 1.60152
601585 24008 0.0502211 1.06458
566444 23823 0.0462346 1.62786
600123 23346 0.12713 1.9288
582108 24036 0.124506 1.69707
611062 24232 0.129859 1.80186
559678 23404 0.0456636 1.63789
607643 24710 0.0506879 1.52591
625329 25048 0.136929 1.12527
