obj_search:
  camera_z: 1.7
  ceiling_z: 2.27
  floor_z: 0
  object_query: {K: 5}
  processed_data_dir: /home/michal/Downloads/pcddata/processed/
  raw_data_dir: /media/michal/Pauli/masterdata/raw/
object_query: {K: 10, cluster_maxsize: 500, cluster_minsize: 12, cluster_tolerance: 0.25,
  clusters_to_results: true, extract_mult: 1.3, match: nonPlanes<pfhrgb_uniform, n_max_points: 400,
  output_dir: 'NULL', query_features: '/home/michal/Downloads/pcddata/processed/query/queryobjects/0,01/backpack2/features/rgb_0003_label_backpack2<pfhrgb_uniform_2015-05-26_14-51-16.pcd',
  results_out: '/home/michal/Downloads/pcddata/processed/query/k10_mx400_t0,25/dt0,02_mp8000_pp0,001',
  subdirs: 4, target_features: '/media/michal/Pauli/masterdata/processed/paramtest/dt0,02_mp8000_pp0,001',
  x_step_hough: 0.05, y_step_hough: 0.05, z_step_hough: 0.05}
rosdistro: 'indigo

  '
roslaunch:
  uris: {host_tycho__34804: 'http://tycho:34804/'}
rosversion: '1.11.10

  '
run_id: bcd3888a-08c2-11e5-8ae7-3c970e77227e
BEGIN_DATA
# fname t_query t_hough t_cluster cluster_n cluster_scores cluster_points cluster_inobb n_hough_tot nonzero_hough hough_votes boxpts boxvotes maxpts maxvotes maxboxpts maxboxvotes hough_hist box_hist max_hist boxmax_hist
/media/michal/Pauli/masterdata/processed/paramtest/dt0,02_mp8000_pp0,001/annotated/rares/20140820/patrol_run_2/room_1/features/nonPlanes<pfhrgb_uniform_2015-05-21_21-39-02.pcd 0.201604 0.00174102 0.00364846 11 300,130,91,85,64,62,53,48,39,38,27 65,64,32,24,22,22,23,21,14,12,13 1,0,0,0,0,0,0,0,0,0,0 449955 505 1260 49 255 400 1155 46 252 449450,220,116,69,31,28,15,7,9,4,1,1,0,1,0,1,1,0,0,0,0,0,0,0,0,1 0,4,8,10,6,6,2,3,2,3,1,1,0,1,0,0,1,0,0,0,0,0,0,0,0,1 0,115,116,69,31,28,15,7,9,4,1,1,0,1,0,1,1,0,0,0,0,0,0,0,0,1 0,1,8,10,6,6,2,3,2,3,1,1,0,1,0,0,1,0,0,0,0,0,0,0,0,1
/media/michal/Pauli/masterdata/processed/paramtest/dt0,02_mp8000_pp0,001/annotated/rares/20140820/patrol_run_4/room_0/features/nonPlanes<pfhrgb_uniform_2015-05-21_21-42-25.pcd 0.216341 0.00117461 0.00322291 9 356,190,148,67,58,45,44,34,31 92,82,52,21,14,12,29,12,13 1,0,0,0,0,0,0,0,0 424446 478 1260 60 290 400 1182 58 288 423968,220,106,56,22,20,18,8,9,6,3,2,2,0,1,1,1,0,1,0,0,1,1 0,6,13,11,6,5,5,3,2,3,1,1,1,0,0,1,1,0,1,0,0,0,0 0,142,106,56,22,20,18,8,9,6,3,2,2,0,1,1,1,0,1,0,0,1,1 0,4,13,11,6,5,5,3,2,3,1,1,1,0,0,1,1,0,1,0,0,0,0
/media/michal/Pauli/masterdata/processed/paramtest/dt0,02_mp8000_pp0,001/annotated/rares/20140828/patrol_run_19/room_3/features/nonPlanes<pfhrgb_uniform_2015-05-21_21-43-51.pcd 0.187745 0.000976666 0.00254105 8 263,187,148,67,58,46,24,23 98,58,34,13,22,16,13,12 0,0,0,0,0,0,0,0 445269 485 1260 32 108 400 1175 26 102 444784,211,119,53,35,24,10,9,7,6,0,3,3,0,2,0,1,0,0,0,0,0,1,0,1 0,9,9,2,5,2,2,0,1,0,0,1,0,0,1,0,0,0,0,0,0,0,0,0,0 0,126,119,53,35,24,10,9,7,6,0,3,3,0,2,0,1,0,0,0,0,0,1,0,1 0,3,9,2,5,2,2,0,1,0,0,1,0,0,1,0,0,0,0,0,0,0,0,0,0
/media/michal/Pauli/masterdata/processed/paramtest/dt0,02_mp8000_pp0,001/annotated/rares/20140829/patrol_run_20/room_3/features/nonPlanes<pfhrgb_uniform_2015-05-21_21-46-06.pcd 0.202253 0.0013534 0.00376161 9 470,173,95,75,75,45,39,34,23 124,46,37,19,13,14,17,14,15 1,0,0,0,0,0,0,0,0 461736 416 1260 68 291 400 1244 68 291 461320,165,72,59,37,22,17,17,10,4,2,1,1,2,3,1,1,0,1,1 0,12,12,9,8,6,6,6,3,3,1,0,0,1,1,0,0,0,0,0 0,149,72,59,37,22,17,17,10,4,2,1,1,2,3,1,1,0,1,1 0,12,12,9,8,6,6,6,3,3,1,0,0,1,1,0,0,0,0,0
/media/michal/Pauli/masterdata/processed/paramtest/dt0,02_mp8000_pp0,001/annotated/rares/20140829/patrol_run_26/room_2/features/nonPlanes<pfhrgb_uniform_2015-05-21_21-48-05.pcd 0.191471 0.00278201 0.00350791 6 274,227,117,90,61,53 103,59,38,33,13,31 0,1,0,0,0,0 404481 517 1260 50 193 400 1143 43 186 403964,225,127,67,38,17,14,15,3,3,1,1,2,2,1,0,0,0,1 0,12,6,8,10,4,2,4,1,0,0,1,0,2,0,0,0,0,0 0,108,127,67,38,17,14,15,3,3,1,1,2,2,1,0,0,0,1 0,5,6,8,10,4,2,4,1,0,0,1,0,2,0,0,0,0,0
/media/michal/Pauli/masterdata/processed/paramtest/dt0,02_mp8000_pp0,001/annotated/rares/20140901/patrol_run_27/room_2/features/nonPlanes<pfhrgb_uniform_2015-05-21_21-50-17.pcd 0.163677 0.00140576 0.00320565 6 378,207,134,119,46,40 105,75,37,50,14,17 0,0,0,0,0,0 424710 500 1260 50 227 400 1160 44 221 424210,223,107,60,43,22,18,6,5,6,3,2,3,1,0,0,1 0,13,5,4,8,5,3,1,3,4,1,0,2,0,0,0,1 0,123,107,60,43,22,18,6,5,6,3,2,3,1,0,0,1 0,7,5,4,8,5,3,1,3,4,1,0,2,0,0,0,1
/media/michal/Pauli/masterdata/processed/paramtest/dt0,02_mp8000_pp0,001/annotated/rares/20140901/patrol_run_31/room_2/features/nonPlanes<pfhrgb_uniform_2015-05-21_21-52-28.pcd 0.232933 0.000902281 0.0021929 7 320,256,174,81,73,68,38 98,63,41,18,18,21,14 0,0,1,0,0,0,0 456456 398 1260 23 140 398 1260 23 140 456058,167,71,48,25,15,19,16,6,8,8,5,4,1,1,1,0,0,0,0,2,1 0,3,3,1,3,2,4,0,0,3,0,1,2,0,0,0,0,0,0,0,1,0 0,167,71,48,25,15,19,16,6,8,8,5,4,1,1,1,0,0,0,0,2,1 0,3,3,1,3,2,4,0,0,3,0,1,2,0,0,0,0,0,0,0,1,0
/media/michal/Pauli/masterdata/processed/paramtest/dt0,02_mp8000_pp0,001/annotated/rares/20140901/patrol_run_32/room_2/features/nonPlanes<pfhrgb_uniform_2015-05-21_21-54-39.pcd 0.180366 0.00107483 0.00292419 9 297,150,63,57,42,41,36,28,27 88,54,23,26,13,13,14,17,14 0,0,0,0,0,0,0,0,0 449592 507 1260 53 163 400 1153 45 155 449085,229,114,57,41,17,22,8,7,2,3,2,2,0,1,1,1 0,16,10,10,8,3,3,0,1,1,0,0,0,0,0,1,0 0,122,114,57,41,17,22,8,7,2,3,2,2,0,1,1,1 0,8,10,10,8,3,3,0,1,1,0,0,0,0,0,1,0
/media/michal/Pauli/masterdata/processed/paramtest/dt0,02_mp8000_pp0,001/annotated/rares/20140901/patrol_run_33/room_1/features/nonPlanes<pfhrgb_uniform_2015-05-21_21-57-11.pcd 0.198636 0.000888934 0.00246334 8 208,170,128,94,69,65,53,39 63,47,26,39,16,23,31,18 -1 451044 492 1260 -1 -1 400 1168 -1 -1 450552,230,119,47,28,17,16,8,5,7,0,3,2,7,1,0,0,0,1,1 -1 0,138,119,47,28,17,16,8,5,7,0,3,2,7,1,0,0,0,1,1 -1
/media/michal/Pauli/masterdata/processed/paramtest/dt0,02_mp8000_pp0,001/annotated/rares/20140902/patrol_run_35/room_2/features/nonPlanes<pfhrgb_uniform_2015-05-21_21-59-20.pcd 0.162282 0.00133916 0.0034331 5 510,180,79,70,23 130,68,36,26,14 0,0,0,0,0 451044 507 1260 59 276 400 1153 51 268 450537,214,138,55,29,24,16,13,6,3,3,2,2,1,0,0,0,0,1 0,9,14,5,5,7,5,4,1,2,3,0,2,1,0,0,0,0,1 0,107,138,55,29,24,16,13,6,3,3,2,2,1,0,0,0,0,1 0,1,14,5,5,7,5,4,1,2,3,0,2,1,0,0,0,0,1
/media/michal/Pauli/masterdata/processed/paramtest/dt0,02_mp8000_pp0,001/annotated/rares/20140902/patrol_run_38/room_0/features/nonPlanes<pfhrgb_uniform_2015-05-21_22-00-35.pcd 0.211717 0.000839238 0.0025376 8 362,269,115,95,44,34,21,17 99,75,46,31,16,15,13,12 0,0,0,1,0,0,0,0 427977 416 1260 28 92 400 1244 28 92 427561,165,94,46,39,12,14,13,8,5,5,2,4,2,1,0,1,1,2,1,0,1 0,10,6,5,3,0,0,0,2,0,0,1,0,0,0,0,1,0,0,0,0,0 0,149,94,46,39,12,14,13,8,5,5,2,4,2,1,0,1,1,2,1,0,1 0,10,6,5,3,0,0,0,2,0,0,1,0,0,0,0,1,0,0,0,0,0
/media/michal/Pauli/masterdata/processed/paramtest/dt0,02_mp8000_pp0,001/annotated/rares/20140903/patrol_run_1/room_4/features/nonPlanes<pfhrgb_uniform_2015-05-21_22-02-18.pcd 0.222262 0.00215645 0.00312253 8 486,164,54,52,48,40,40,31 131,51,18,19,22,17,13,24 1,0,0,0,0,0,0,0 470184 478 1260 73 304 400 1182 65 296 469706,218,101,61,17,26,13,14,10,5,5,1,2,3,0,0,1,0,1 0,21,7,13,5,5,5,6,5,1,1,1,1,1,0,0,0,0,1 0,140,101,61,17,26,13,14,10,5,5,1,2,3,0,0,1,0,1 0,13,7,13,5,5,5,6,5,1,1,1,1,1,0,0,0,0,1
/media/michal/Pauli/masterdata/processed/paramtest/dt0,02_mp8000_pp0,001/annotated/rares/20140903/patrol_run_10/room_2/features/nonPlanes<pfhrgb_uniform_2015-05-21_22-04-32.pcd 0.249296 0.000935432 0.00427729 9 151,143,134,132,118,88,66,22,19 28,26,44,37,32,50,18,12,13 1,0,0,0,0,0,0,0,0 453024 409 1260 20 109 400 1251 20 109 452615,181,84,38,25,20,13,10,9,5,5,4,2,2,2,1,3,0,4,0,0,0,0,0,0,1 0,4,2,3,4,2,0,1,0,1,1,0,0,0,0,1,0,0,0,0,0,0,0,0,0,1 0,172,84,38,25,20,13,10,9,5,5,4,2,2,2,1,3,0,4,0,0,0,0,0,0,1 0,4,2,3,4,2,0,1,0,1,1,0,0,0,0,1,0,0,0,0,0,0,0,0,0,1
/media/michal/Pauli/masterdata/processed/paramtest/dt0,02_mp8000_pp0,001/annotated/rares/20140903/patrol_run_12/room_2/features/nonPlanes<pfhrgb_uniform_2015-05-21_22-06-02.pcd 0.196738 0.000930405 0.00348553 7 497,148,89,62,45,40,30 152,31,17,15,17,24,17 1,0,0,0,0,0,0 434214 462 1260 61 228 400 1198 61 228 433752,190,103,60,39,16,13,10,12,8,4,2,2,1,1,0,0,0,0,1 0,10,17,9,8,4,3,2,5,0,2,0,0,1,0,0,0,0,0,0 0,128,103,60,39,16,13,10,12,8,4,2,2,1,1,0,0,0,0,1 0,10,17,9,8,4,3,2,5,0,2,0,0,1,0,0,0,0,0,0
/media/michal/Pauli/masterdata/processed/paramtest/dt0,02_mp8000_pp0,001/annotated/rares/20140903/patrol_run_14/room_1/features/nonPlanes<pfhrgb_uniform_2015-05-21_22-08-50.pcd 0.199926 0.000914505 0.00308861 8 196,178,101,98,70,70,65,17 72,61,27,30,25,21,27,12 1,0,0,0,0,0,0,0 434313 516 1260 35 96 400 1144 32 93 433797,218,132,64,35,24,16,6,8,7,5,1 0,11,11,6,2,0,2,1,0,2,0,0 0,102,132,64,35,24,16,6,8,7,5,1 0,8,11,6,2,0,2,1,0,2,0,0
/media/michal/Pauli/masterdata/processed/paramtest/dt0,02_mp8000_pp0,001/annotated/rares/20140903/patrol_run_2/room_4/features/nonPlanes<pfhrgb_uniform_2015-05-21_22-11-47.pcd 0.210956 0.00127487 0.00357127 6 534,175,118,86,46,45 132,75,40,42,17,20 1,0,0,0,0,0 462264 472 1260 61 302 400 1188 56 297 461792,202,111,50,38,18,18,8,10,5,3,3,1,1,0,1,1,0,2 0,16,8,6,6,3,5,2,4,3,2,1,1,0,0,1,1,0,2 0,130,111,50,38,18,18,8,10,5,3,3,1,1,0,1,1,0,2 0,11,8,6,6,3,5,2,4,3,2,1,1,0,0,1,1,0,2
/media/michal/Pauli/masterdata/processed/paramtest/dt0,02_mp8000_pp0,001/annotated/rares/20140903/patrol_run_9/room_2/features/nonPlanes<pfhrgb_uniform_2015-05-21_22-15-22.pcd 0.190989 0.000674195 0.0060016 8 463,130,117,72,59,52,47,32 122,30,35,21,20,18,25,12 1,0,0,0,0,0,0,0 491568 442 1260 64 320 400 1218 61 317 491126,186,104,41,31,26,11,10,7,4,6,8,2,3,0,0,2,0,1 0,9,11,7,8,10,2,2,4,3,1,3,0,2,0,0,2,0,0 0,144,104,41,31,26,11,10,7,4,6,8,2,3,0,0,2,0,1 0,6,11,7,8,10,2,2,4,3,1,3,0,2,0,0,2,0,0
/media/michal/Pauli/masterdata/processed/paramtest/dt0,02_mp8000_pp0,001/annotated/rares/20140904/patrol_run_15/room_2/features/nonPlanes<pfhrgb_uniform_2015-05-21_22-18-16.pcd 0.20949 0.000947096 0.00404797 6 455,248,91,88,52,31 131,115,27,26,12,17 1,0,0,0,0,0 517902 512 1260 61 272 400 1148 56 267 517390,232,107,70,40,21,15,6,5,4,4,5,3 0,11,8,8,11,6,4,2,3,1,3,2,2 0,120,107,70,40,21,15,6,5,4,4,5,3 0,6,8,8,11,6,4,2,3,1,3,2,2
/media/michal/Pauli/masterdata/processed/paramtest/dt0,02_mp8000_pp0,001/annotated/rares/20140905/patrol_run_17/room_2/features/nonPlanes<pfhrgb_uniform_2015-05-21_22-20-19.pcd 0.164986 0.000921615 0.00434223 10 275,174,118,94,69,64,38,37,35,27 101,51,38,24,24,15,19,16,17,12 1,0,0,0,0,0,0,0,0,0 446160 492 1260 45 165 400 1168 41 161 445668,226,102,57,34,26,13,9,8,4,5,4,1,0,1,1,0,1 0,9,9,9,5,2,5,2,1,2,0,1,0,0,0,0,0,0 0,134,102,57,34,26,13,9,8,4,5,4,1,0,1,1,0,1 0,5,9,9,5,2,5,2,1,2,0,1,0,0,0,0,0,0
/media/michal/Pauli/masterdata/processed/paramtest/dt0,02_mp8000_pp0,001/annotated/rares/20140905/patrol_run_19/room_1/features/nonPlanes<pfhrgb_uniform_2015-05-21_22-23-27.pcd 0.173153 0.000954081 0.00348983 8 316,200,180,157,61,43,29,23 100,62,50,47,19,19,12,16 1,0,0,0,0,0,0,0 453024 465 1260 38 153 400 1195 34 149 452559,207,89,53,35,29,19,4,14,3,3,3,2,1,1,0,1,0,0,0,1 0,9,5,9,3,2,3,0,4,0,1,0,1,1,0,0,0,0,0,0,0 0,142,89,53,35,29,19,4,14,3,3,3,2,1,1,0,1,0,0,0,1 0,5,5,9,3,2,3,0,4,0,1,0,1,1,0,0,0,0,0,0,0
/media/michal/Pauli/masterdata/processed/paramtest/dt0,02_mp8000_pp0,001/annotated/rares/20140905/patrol_run_21/room_2/features/nonPlanes<pfhrgb_uniform_2015-05-21_22-26-39.pcd 0.17721 0.000918711 0.00301651 6 323,240,129,121,81,56 113,92,29,35,30,19 1,0,0,0,0,0 419265 497 1260 49 175 400 1163 43 169 418768,208,116,57,41,27,22,12,6,2,2,3,0,0,0,1 0,13,8,6,5,4,7,4,1,0,1,0,0,0,0,0 0,111,116,57,41,27,22,12,6,2,2,3,0,0,0,1 0,7,8,6,5,4,7,4,1,0,1,0,0,0,0,0
/media/michal/Pauli/masterdata/processed/paramtest/dt0,02_mp8000_pp0,001/annotated/rares/20140905/patrol_run_23/room_2/features/nonPlanes<pfhrgb_uniform_2015-05-21_22-29-39.pcd 0.186492 0.000907115 0.00345075 6 494,143,132,85,85,19 139,40,50,35,31,13 1,0,0,0,0,0 463320 491 1260 57 247 400 1169 52 242 462829,219,101,55,41,28,18,11,3,3,5,4,1,1,0,1 0,12,10,8,6,5,4,3,1,2,2,1,1,1,0,1 0,128,101,55,41,28,18,11,3,3,5,4,1,1,0,1 0,7,10,8,6,5,4,3,1,2,2,1,1,1,0,1
/media/michal/Pauli/masterdata/processed/paramtest/dt0,02_mp8000_pp0,001/annotated/rares/20140905/patrol_run_25/room_1/features/nonPlanes<pfhrgb_uniform_2015-05-21_22-31-56.pcd 0.18283 0.00121934 0.00311595 6 433,215,112,61,44,24 116,34,41,37,21,18 1,0,0,0,0,0 410652 447 1260 47 213 400 1213 43 209 410205,190,101,45,39,18,22,6,4,8,2,1,3,0,1,1,2,0,1,0,2,0,0,1 0,13,8,3,3,6,4,3,1,1,1,0,2,0,1,0,0,0,0,0,0,0,0,1 0,143,101,45,39,18,22,6,4,8,2,1,3,0,1,1,2,0,1,0,2,0,0,1 0,9,8,3,3,6,4,3,1,1,1,0,2,0,1,0,0,0,0,0,0,0,0,1
/media/michal/Pauli/masterdata/processed/paramtest/dt0,02_mp8000_pp0,001/annotated/rares/20140905/patrol_run_27/room_2/features/nonPlanes<pfhrgb_uniform_2015-05-21_22-33-57.pcd 0.161736 0.00105507 0.00222207 8 367,144,96,79,63,46,28,17 101,39,36,35,22,20,15,13 1,0,0,0,0,0,0,0 470448 544 1260 54 222 400 1116 42 210 469904,267,116,62,34,24,16,8,6,5,1,0,3,0,2 0,16,11,3,2,4,7,4,2,1,0,0,2,0,2 0,123,116,62,34,24,16,8,6,5,1,0,3,0,2 0,4,11,3,2,4,7,4,2,1,0,0,2,0,2
/media/michal/Pauli/masterdata/processed/paramtest/dt0,02_mp8000_pp0,001/annotated/rares/20140905/patrol_run_29/room_2/features/nonPlanes<pfhrgb_uniform_2015-05-21_22-36-05.pcd 0.179059 0.00105679 0.00375371 6 358,108,105,78,77,72 97,28,35,39,26,24 1,0,0,0,0,0 433290 446 1260 47 217 400 1214 46 216 432844,189,103,45,26,21,21,10,7,8,6,3,2,1,1,0,1,0,1,1 0,12,6,8,2,4,4,1,4,0,3,1,0,0,0,0,0,0,1,1 0,143,103,45,26,21,21,10,7,8,6,3,2,1,1,0,1,0,1,1 0,11,6,8,2,4,4,1,4,0,3,1,0,0,0,0,0,0,1,1
/media/michal/Pauli/masterdata/processed/paramtest/dt0,02_mp8000_pp0,001/annotated/rares/20140905/patrol_run_30/room_1/features/nonPlanes<pfhrgb_uniform_2015-05-21_22-38-05.pcd 0.201381 0.000914512 0.00336587 7 212,197,183,153,82,62,48 53,48,78,36,32,21,14 0,0,0,0,1,0,0 451044 454 1260 20 59 400 1206 20 59 450590,196,92,51,43,18,14,15,4,7,5,1,1,2,3,0,1,0,0,0,0,0,0,0,1 0,8,3,2,4,1,0,0,1,0,1,0,0,0,0,0,0,0,0,0,0,0,0,0,0 0,142,92,51,43,18,14,15,4,7,5,1,1,2,3,0,1,0,0,0,0,0,0,0,1 0,8,3,2,4,1,0,0,1,0,1,0,0,0,0,0,0,0,0,0,0,0,0,0,0
/media/michal/Pauli/masterdata/processed/paramtest/dt0,02_mp8000_pp0,001/annotated/rares/20140905/patrol_run_30/room_7/features/nonPlanes<pfhrgb_uniform_2015-05-21_22-40-41.pcd 0.154545 0.000930899 0.00375375 8 240,155,113,108,84,49,23,23 95,70,25,44,22,13,13,12 0,0,0,0,0,0,0,0 458865 581 1260 22 37 400 1079 13 28 458284,290,138,70,32,20,6,8,7,3,4,0,0,2,0,1 0,12,7,1,2,0,0,0,0,0,0,0,0,0,0,0 0,109,138,70,32,20,6,8,7,3,4,0,0,2,0,1 0,3,7,1,2,0,0,0,0,0,0,0,0,0,0,0
/media/michal/Pauli/masterdata/processed/paramtest/dt0,02_mp8000_pp0,001/annotated/rares/20140908/patrol_run_32/room_2/features/nonPlanes<pfhrgb_uniform_2015-05-21_22-42-50.pcd 0.154034 0.000915751 0.00311795 8 341,120,103,86,73,50,41,39 111,39,30,29,25,26,13,14 1,0,0,0,0,0,0,0 448668 552 1260 42 163 400 1108 32 153 448116,273,114,62,45,26,9,8,4,5,1,1,1,0,2,1 0,11,5,6,5,3,3,5,2,1,0,1,0,0,0,0 0,121,114,62,45,26,9,8,4,5,1,1,1,0,2,1 0,1,5,6,5,3,3,5,2,1,0,1,0,0,0,0
/media/michal/Pauli/masterdata/processed/paramtest/dt0,02_mp8000_pp0,001/annotated/rares/20140908/patrol_run_34/room_2/features/nonPlanes<pfhrgb_uniform_2015-05-21_22-45-05.pcd 0.201469 0.00161629 0.00372179 8 318,159,153,79,63,56,38,21 79,62,50,25,29,29,13,12 1,0,0,0,0,0,0,0 423720 517 1260 71 278 400 1143 62 269 423203,238,120,71,30,15,11,5,4,9,4,4,2,4 0,18,16,10,5,6,5,0,0,4,2,1,1,3 0,121,120,71,30,15,11,5,4,9,4,4,2,4 0,9,16,10,5,6,5,0,0,4,2,1,1,3
/media/michal/Pauli/masterdata/processed/paramtest/dt0,02_mp8000_pp0,001/annotated/rares/20140908/patrol_run_36/room_3/features/nonPlanes<pfhrgb_uniform_2015-05-21_22-47-10.pcd 0.17502 0.00136654 0.00324218 7 421,173,88,66,64,43,33 120,56,33,26,20,26,17 1,0,0,0,0,0,0 423654 506 1260 59 229 400 1154 56 226 423148,235,101,65,36,24,15,11,6,5,1,2,1,2,0,1,0,0,0,1 0,12,12,13,5,4,2,3,3,1,1,1,1,0,0,1,0,0,0,0 0,129,101,65,36,24,15,11,6,5,1,2,1,2,0,1,0,0,0,1 0,9,12,13,5,4,2,3,3,1,1,1,1,0,0,1,0,0,0,0
/media/michal/Pauli/masterdata/processed/paramtest/dt0,02_mp8000_pp0,001/annotated/rares/20140908/patrol_run_38/room_2/features/nonPlanes<pfhrgb_uniform_2015-05-21_22-49-07.pcd 0.19162 0.000983147 0.00357845 8 482,164,93,90,61,52,36,34 130,62,26,19,22,14,13,17 1,0,0,0,0,0,0,0 433356 441 1260 56 271 400 1219 56 271 432915,178,105,46,33,16,22,8,13,4,4,6,1,1,2,1,0,0,0,0,1 0,8,9,8,10,1,7,2,5,0,1,2,0,1,0,1,0,0,0,0,1 0,137,105,46,33,16,22,8,13,4,4,6,1,1,2,1,0,0,0,0,1 0,8,9,8,10,1,7,2,5,0,1,2,0,1,0,1,0,0,0,0,1
/media/michal/Pauli/masterdata/processed/paramtest/dt0,02_mp8000_pp0,001/annotated/rares/20140908/patrol_run_39/room_3/features/nonPlanes<pfhrgb_uniform_2015-05-21_22-51-30.pcd 0.198718 0.000755598 0.00257344 7 312,185,83,65,59,50,40 120,61,24,19,26,17,13 -1 414678 511 1260 -1 -1 400 1149 -1 -1 414167,220,127,57,43,18,22,6,8,2,4,0,1,2,0,0,0,0,0,1 -1 0,109,127,57,43,18,22,6,8,2,4,0,1,2,0,0,0,0,0,1 -1
/media/michal/Pauli/masterdata/processed/paramtest/dt0,02_mp8000_pp0,001/annotated/rares/20140908/patrol_run_41/room_3/features/nonPlanes<pfhrgb_uniform_2015-05-21_22-53-24.pcd 0.225264 0.00188576 0.00363305 8 373,212,116,68,55,51,34,29 101,71,49,15,18,14,14,16 1,0,0,0,0,0,0,0 455400 480 1260 69 306 400 1180 67 304 454920,215,102,54,34,25,17,8,8,4,4,4,1,2,0,0,0,0,1,0,1 0,15,10,12,5,8,4,3,4,2,3,0,1,0,0,0,0,0,1,0,1 0,135,102,54,34,25,17,8,8,4,4,4,1,2,0,0,0,0,1,0,1 0,13,10,12,5,8,4,3,4,2,3,0,1,0,0,0,0,0,1,0,1
/media/michal/Pauli/masterdata/processed/paramtest/dt0,02_mp8000_pp0,001/annotated/rares/20140908/patrol_run_43/room_3/features/nonPlanes<pfhrgb_uniform_2015-05-21_22-55-56.pcd 0.184021 0.00116674 0.0032789 8 350,187,155,119,42,29,24,24 100,39,61,38,18,20,13,12 1,0,0,0,0,0,0,0 414018 482 1260 50 212 400 1178 48 210 413536,215,113,55,27,25,11,9,8,8,3,2,1,0,1,0,1,0,2,0,0,0,0,0,0,0,1 0,7,12,9,5,4,4,2,1,2,1,2,0,0,0,0,0,0,1,0,0,0,0,0,0,0,0 0,133,113,55,27,25,11,9,8,8,3,2,1,0,1,0,1,0,2,0,0,0,0,0,0,0,1 0,5,12,9,5,4,4,2,1,2,1,2,0,0,0,0,0,0,1,0,0,0,0,0,0,0,0
/media/michal/Pauli/masterdata/processed/paramtest/dt0,02_mp8000_pp0,001/annotated/rares/20140908/patrol_run_45/room_2/features/nonPlanes<pfhrgb_uniform_2015-05-21_22-58-07.pcd 0.189054 0.000704025 0.00261466 7 289,241,170,94,88,65,48 66,67,52,39,25,23,28 0,1,0,0,0,0,0 442200 434 1260 48 188 400 1226 48 188 441766,176,95,54,33,20,21,7,7,3,1,4,4,3,1,0,1,2,1,1 0,17,7,6,3,4,4,0,1,1,0,1,1,1,1,0,1,0,0,0 0,142,95,54,33,20,21,7,7,3,1,4,4,3,1,0,1,2,1,1 0,17,7,6,3,4,4,0,1,1,0,1,1,1,1,0,1,0,0,0
/media/michal/Pauli/masterdata/processed/paramtest/dt0,02_mp8000_pp0,001/annotated/rares/20140908/patrol_run_47/room_3/features/nonPlanes<pfhrgb_uniform_2015-05-21_23-01-21.pcd 0.185102 0.00149777 0.00240036 4 306,241,207,32 86,86,92,14 1,0,0,0 465300 517 1260 54 222 400 1143 50 218 464783,234,113,70,38,17,14,10,6,6,4,4,0,1 0,11,10,5,9,5,4,3,1,1,2,3,0,0 0,117,113,70,38,17,14,10,6,6,4,4,0,1 0,7,10,5,9,5,4,3,1,1,2,3,0,0
/media/michal/Pauli/masterdata/processed/paramtest/dt0,02_mp8000_pp0,001/annotated/rares/20140909/patrol_run_49/room_3/features/nonPlanes<pfhrgb_uniform_2015-05-21_23-04-45.pcd 0.210236 0.00143234 0.00368932 8 300,236,134,123,70,55,52,23 90,94,39,39,20,19,14,15 1,0,0,0,0,0,0,0 437778 505 1260 46 189 400 1155 39 182 437273,234,112,60,33,18,19,9,7,4,2,1,1,0,1,1,0,0,0,1,2 0,10,12,3,5,3,5,3,2,0,1,0,0,0,1,0,0,0,0,0,1 0,129,112,60,33,18,19,9,7,4,2,1,1,0,1,1,0,0,0,1,2 0,3,12,3,5,3,5,3,2,0,1,0,0,0,1,0,0,0,0,0,1
/media/michal/Pauli/masterdata/processed/paramtest/dt0,02_mp8000_pp0,001/annotated/rares/20140909/patrol_run_51/room_3/features/nonPlanes<pfhrgb_uniform_2015-05-21_23-07-54.pcd 0.172497 0.00124834 0.00301154 8 447,257,94,62,45,35,35,33 99,92,27,27,15,19,15,12 1,0,0,0,0,0,0,0 812328 443 1260 70 378 400 1217 69 377 811885,178,105,46,39,26,16,6,10,4,3,2,0,1,0,2,0,0,2,1,1,0,0,0,1 0,9,11,13,8,5,4,2,6,3,2,1,0,1,0,1,0,0,2,1,0,0,0,0,1 0,135,105,46,39,26,16,6,10,4,3,2,0,1,0,2,0,0,2,1,1,0,0,0,1 0,8,11,13,8,5,4,2,6,3,2,1,0,1,0,1,0,0,2,1,0,0,0,0,1
/media/michal/Pauli/masterdata/processed/paramtest/dt0,02_mp8000_pp0,001/annotated/rares/20140909/patrol_run_53/room_3/features/nonPlanes<pfhrgb_uniform_2015-05-21_23-10-05.pcd 0.170411 0.000830204 0.00363171 8 448,159,128,64,46,44,42,37 118,53,48,24,23,13,15,15 1,0,0,0,0,0,0,0 456456 478 1260 56 259 400 1182 52 255 455978,211,97,63,34,20,25,7,6,4,1,2,2,2,0,1,2,0,1 0,11,6,11,6,2,8,3,3,2,0,0,2,0,0,0,1,0,1 0,133,97,63,34,20,25,7,6,4,1,2,2,2,0,1,2,0,1 0,7,6,11,6,2,8,3,3,2,0,0,2,0,0,0,1,0,1
/media/michal/Pauli/masterdata/processed/paramtest/dt0,02_mp8000_pp0,001/annotated/rares/20140909/patrol_run_55/room_3/features/nonPlanes<pfhrgb_uniform_2015-05-21_23-12-21.pcd 0.215405 0.00125951 0.00346473 8 411,74,73,71,57,57,41,35 126,42,32,31,27,22,19,13 1,0,0,0,0,0,0,0 446622 645 1260 85 269 400 1015 65 249 445977,339,162,71,30,19,13,4,5,0,1,0,0,1 0,20,26,11,5,9,8,2,3,0,0,0,0,1 0,94,162,71,30,19,13,4,5,0,1,0,0,1 0,0,26,11,5,9,8,2,3,0,0,0,0,1
/media/michal/Pauli/masterdata/processed/paramtest/dt0,02_mp8000_pp0,001/annotated/rares/20140909/patrol_run_59/room_3/features/nonPlanes<pfhrgb_uniform_2015-05-21_23-14-17.pcd 0.189057 0.0009537 0.00390493 8 337,166,122,89,58,49,22,22 105,59,31,46,24,21,13,13 1,0,0,0,0,0,0,0 446622 585 1260 69 199 400 1075 52 182 446037,285,146,59,37,23,18,9,3,3,1,1 0,26,16,8,3,5,4,4,1,1,0,1 0,100,146,59,37,23,18,9,3,3,1,1 0,9,16,8,3,5,4,4,1,1,0,1
/media/michal/Pauli/masterdata/processed/paramtest/dt0,02_mp8000_pp0,001/annotated/rares/20140909/patrol_run_61/room_3/features/nonPlanes<pfhrgb_uniform_2015-05-21_23-16-08.pcd 0.184578 0.000848065 0.00333905 7 369,170,157,144,41,25,23 101,53,48,28,20,13,13 0,0,0,0,0,0,0 447579 487 1260 34 133 400 1173 31 130 447092,213,113,53,37,19,20,9,7,6,3,3,0,0,2,0,1,0,0,1 0,4,10,4,4,2,5,2,2,0,0,1,0,0,0,0,0,0,0,0 0,126,113,53,37,19,20,9,7,6,3,3,0,0,2,0,1,0,0,1 0,1,10,4,4,2,5,2,2,0,0,1,0,0,0,0,0,0,0,0
/media/michal/Pauli/masterdata/processed/paramtest/dt0,02_mp8000_pp0,001/annotated/rares/20140909/patrol_run_63/room_3/features/nonPlanes<pfhrgb_uniform_2015-05-21_23-18-31.pcd 0.203101 0.000700036 0.00312987 12 157,119,76,68,47,46,45,42,41,39,33,29 53,32,23,23,18,18,19,19,17,13,13,13 0,0,0,0,0,0,0,0,0,0,0,0 420420 564 1260 3 4 400 1096 3 4 419856,270,133,60,49,15,17,10,3,1,1,3,1,1 0,2,1,0,0,0,0,0,0,0,0,0,0,0 0,106,133,60,49,15,17,10,3,1,1,3,1,1 0,2,1,0,0,0,0,0,0,0,0,0,0,0
/media/michal/Pauli/masterdata/processed/paramtest/dt0,02_mp8000_pp0,001/annotated/rares/20140910/patrol_run_67/room_3/features/nonPlanes<pfhrgb_uniform_2015-05-21_23-20-33.pcd 0.198614 0.000911932 0.0037048 6 362,191,147,133,68,45 103,79,57,49,18,17 1,0,0,0,0,0 473286 538 1260 58 233 400 1122 51 226 472748,251,121,63,40,28,10,9,5,2,4,4,0,1 0,11,12,10,6,5,2,5,0,1,3,3,0,0 0,113,121,63,40,28,10,9,5,2,4,4,0,1 0,4,12,10,6,5,2,5,0,1,3,3,0,0
/media/michal/Pauli/masterdata/processed/paramtest/dt0,02_mp8000_pp0,001/annotated/rares/20140910/patrol_run_69/room_3/features/nonPlanes<pfhrgb_uniform_2015-05-21_23-22-26.pcd 0.18217 0.000877876 0.00380575 5 436,185,118,93,69 124,79,42,26,23 1,0,0,0,0 446622 529 1260 71 261 400 1131 62 252 446093,236,134,58,40,23,15,5,6,6,0,1,2,1,0,1,0,1 0,13,19,6,12,8,5,0,3,3,0,1,1,0,0,0,0,0 0,107,134,58,40,23,15,5,6,6,0,1,2,1,0,1,0,1 0,4,19,6,12,8,5,0,3,3,0,1,1,0,0,0,0,0
/media/michal/Pauli/masterdata/processed/paramtest/dt0,02_mp8000_pp0,001/annotated/rares/20140910/patrol_run_71/room_3/features/nonPlanes<pfhrgb_uniform_2015-05-21_23-24-55.pcd 0.207715 0.00130013 0.00359238 8 348,169,119,109,47,46,33,33 86,75,41,31,20,16,18,14 1,0,0,0,0,0,0,0 477048 492 1260 69 306 400 1168 64 301 476556,216,114,57,33,24,9,16,7,8,1,2,1,2,1,1 0,13,9,13,9,6,2,3,6,4,0,1,0,1,1,1 0,124,114,57,33,24,9,16,7,8,1,2,1,2,1,1 0,8,9,13,9,6,2,3,6,4,0,1,0,1,1,1
/media/michal/Pauli/masterdata/processed/paramtest/dt0,02_mp8000_pp0,001/annotated/rares/20140910/patrol_run_74/room_3/features/nonPlanes<pfhrgb_uniform_2015-05-21_23-27-20.pcd 0.161609 0.000637995 0.00323494 7 283,279,119,103,50,36,25 101,84,30,41,15,22,15 0,1,0,0,0,0,0 442200 548 1260 51 162 400 1112 35 146 441652,271,124,57,34,17,14,12,9,3,2,2,1,1,0,1 0,18,7,9,3,6,3,1,3,0,0,0,1,0,0,0 0,123,124,57,34,17,14,12,9,3,2,2,1,1,0,1 0,2,7,9,3,6,3,1,3,0,0,0,1,0,0,0
/media/michal/Pauli/masterdata/processed/paramtest/dt0,02_mp8000_pp0,001/annotated/rares/20140910/patrol_run_77/room_4/features/nonPlanes<pfhrgb_uniform_2015-05-21_23-29-24.pcd 0.198116 0.00126776 0.00223472 7 233,189,186,82,76,56,52 64,41,76,22,24,26,28 0,0,1,0,0,0,0 446622 500 1260 38 85 400 1160 33 80 446122,207,132,52,36,33,11,9,8,5,2,2,1,0,1,0,0,0,1 0,17,9,4,4,3,0,1,0,0,0,0,0,0,0,0,0,0,0 0,107,132,52,36,33,11,9,8,5,2,2,1,0,1,0,0,0,1 0,12,9,4,4,3,0,1,0,0,0,0,0,0,0,0,0,0,0
/media/michal/Pauli/masterdata/processed/paramtest/dt0,02_mp8000_pp0,001/annotated/rares/20140910/patrol_run_79/room_2/features/nonPlanes<pfhrgb_uniform_2015-05-21_23-31-00.pcd 0.216827 0.000699194 0.00218825 10 173,163,151,139,79,74,57,44,29,18 37,46,47,39,38,14,13,15,16,12 0,0,0,0,0,0,0,0,1,0 396627 431 1260 7 9 400 1229 7 9 396196,186,98,41,29,17,16,11,8,5,4,4,3,0,0,3,3,0,2,0,0,0,0,1 0,5,2,0,0,0,0,0,0,0,0,0,0,0,0,0,0,0,0,0,0,0,0,0 0,155,98,41,29,17,16,11,8,5,4,4,3,0,0,3,3,0,2,0,0,0,0,1 0,5,2,0,0,0,0,0,0,0,0,0,0,0,0,0,0,0,0,0,0,0,0,0
/media/michal/Pauli/masterdata/processed/paramtest/dt0,02_mp8000_pp0,001/annotated/rares/20140910/patrol_run_81/room_2/features/nonPlanes<pfhrgb_uniform_2015-05-21_23-33-35.pcd 0.209432 0.00169232 0.00207752 8 161,135,109,72,72,63,55,27 45,19,33,20,16,27,21,13 0,0,0,0,0,0,0,0 432300 495 1260 3 5 400 1165 3 5 431805,216,120,63,27,19,17,12,8,2,3,2,1,1,0,2,0,0,1,1 0,1,2,0,0,0,0,0,0,0,0,0,0,0,0,0,0,0,0,0 0,121,120,63,27,19,17,12,8,2,3,2,1,1,0,2,0,0,1,1 0,1,2,0,0,0,0,0,0,0,0,0,0,0,0,0,0,0,0,0
/media/michal/Pauli/masterdata/processed/paramtest/dt0,02_mp8000_pp0,001/annotated/rares/20140911/patrol_run_82/room_3/features/nonPlanes<pfhrgb_uniform_2015-05-21_23-36-04.pcd 0.204769 0.0012695 0.00296679 8 382,248,65,61,59,50,31,29 107,93,18,20,17,20,19,19 1,0,0,0,0,0,0,0 473154 523 1260 69 273 400 1137 62 266 472631,247,118,59,31,23,15,8,6,6,5,2,0,1,2 0,13,14,12,9,5,3,4,1,4,1,2,0,1,0 0,124,118,59,31,23,15,8,6,6,5,2,0,1,2 0,6,14,12,9,5,3,4,1,4,1,2,0,1,0
/media/michal/Pauli/masterdata/processed/paramtest/dt0,02_mp8000_pp0,001/annotated/rares/20140911/patrol_run_84/room_3/features/nonPlanes<pfhrgb_uniform_2015-05-21_23-38-46.pcd 0.184107 0.00191088 0.00341124 6 298,297,106,58,40,26 89,75,40,22,15,15 0,1,0,0,0,0 455400 484 1260 51 226 400 1176 49 224 454916,203,112,65,41,21,13,6,3,7,2,4,2,1,2,0,1,1 0,4,8,9,12,6,2,2,1,5,1,0,1,0,0,0,0,0 0,119,112,65,41,21,13,6,3,7,2,4,2,1,2,0,1,1 0,2,8,9,12,6,2,2,1,5,1,0,1,0,0,0,0,0
/media/michal/Pauli/masterdata/processed/paramtest/dt0,02_mp8000_pp0,001/annotated/rares/20140911/patrol_run_88/room_3/features/nonPlanes<pfhrgb_uniform_2015-05-21_23-41-22.pcd 0.197785 0.000884347 0.00261184 7 376,140,131,89,48,30,21 122,41,48,27,17,15,13 1,0,0,0,0,0,0 474606 569 1260 53 194 400 1091 44 185 474037,280,141,57,36,12,22,6,5,2,4,1,1,0,2 0,9,14,10,5,3,6,1,3,0,0,1,0,0,1 0,111,141,57,36,12,22,6,5,2,4,1,1,0,2 0,0,14,10,5,3,6,1,3,0,0,1,0,0,1
/media/michal/Pauli/masterdata/processed/paramtest/dt0,02_mp8000_pp0,001/annotated/rares/20140911/patrol_run_90/room_3/features/nonPlanes<pfhrgb_uniform_2015-05-21_23-44-36.pcd 0.193171 0.000838704 0.00331617 6 336,99,97,96,93,43 94,38,51,20,40,17 1,0,0,0,0,0 408408 553 1260 49 145 400 1107 37 133 407855,262,127,65,42,20,13,10,5,3,4,0,0,2 0,19,6,7,7,1,5,2,2,0,0,0,0,0 0,109,127,65,42,20,13,10,5,3,4,0,0,2 0,7,6,7,7,1,5,2,2,0,0,0,0,0
/media/michal/Pauli/masterdata/processed/paramtest/dt0,02_mp8000_pp0,001/annotated/rares/20140911/patrol_run_92/room_3/features/nonPlanes<pfhrgb_uniform_2015-05-21_23-47-45.pcd 0.195057 0.00126925 0.0034021 9 315,124,114,50,50,50,43,41,31 81,40,56,27,19,12,13,13,15 1,0,0,0,0,0,0,0,0 454740 523 1260 37 168 400 1137 33 164 454217,230,112,84,31,27,20,8,2,3,2,0,1,1,1,0,0,1 0,8,5,4,3,2,8,2,1,1,1,0,0,1,1,0,0,0 0,107,112,84,31,27,20,8,2,3,2,0,1,1,1,0,0,1 0,4,5,4,3,2,8,2,1,1,1,0,0,1,1,0,0,0
/media/michal/Pauli/masterdata/processed/paramtest/dt0,02_mp8000_pp0,001/annotated/rares/20140912/patrol_run_100/room_3/features/nonPlanes<pfhrgb_uniform_2015-05-21_23-50-18.pcd 0.201006 0.0012414 0.00344448 6 402,142,80,59,53,48 108,71,26,23,15,22 1,0,0,0,0,0 437778 544 1260 47 235 400 1116 42 230 437234,272,103,67,34,18,24,13,5,3,3,1,1 0,6,6,5,4,4,9,3,4,3,2,0,1 0,128,103,67,34,18,24,13,5,3,3,1,1 0,1,6,5,4,4,9,3,4,3,2,0,1
/media/michal/Pauli/masterdata/processed/paramtest/dt0,02_mp8000_pp0,001/annotated/rares/20140912/patrol_run_102/room_3/features/nonPlanes<pfhrgb_uniform_2015-05-21_23-53-50.pcd 0.187091 0.000932385 0.00385563 8 432,177,82,78,73,54,44,34 111,53,24,20,32,20,13,16 0,0,0,0,0,0,0,0 463320 456 1260 60 311 400 1204 57 308 462864,195,96,58,28,25,14,9,9,8,1,3,5,3,1,1 0,8,10,6,6,5,5,5,5,3,0,2,3,2,0,0 0,139,96,58,28,25,14,9,9,8,1,3,5,3,1,1 0,5,10,6,6,5,5,5,5,3,0,2,3,2,0,0
/media/michal/Pauli/masterdata/processed/paramtest/dt0,02_mp8000_pp0,001/annotated/rares/20140912/patrol_run_104/room_3/features/nonPlanes<pfhrgb_uniform_2015-05-21_23-58-17.pcd 0.186855 0.000835412 0.00304842 7 375,153,100,64,62,60,54 114,62,43,25,22,16,18 1,0,0,0,0,0,0 445500 566 1260 47 202 400 1094 39 194 444934,271,147,58,30,18,19,8,5,5,3,0,0,2 0,11,6,6,3,2,8,5,1,2,3,0,0,0 0,105,147,58,30,18,19,8,5,5,3,0,0,2 0,3,6,6,3,2,8,5,1,2,3,0,0,0
/media/michal/Pauli/masterdata/processed/paramtest/dt0,02_mp8000_pp0,001/annotated/rares/20140912/patrol_run_94/room_3/features/nonPlanes<pfhrgb_uniform_2015-05-22_00-01-57.pcd 0.197466 0.00111219 0.00261595 8 348,184,98,78,78,78,38,25 92,64,35,36,25,25,22,15 1,0,0,0,0,0,0,0 445500 527 1260 55 240 400 1133 47 232 444973,260,121,50,25,25,15,11,6,1,1,6,5,0,0,0,0,0,0,0,0,0,0,1 0,14,10,5,4,10,3,1,1,0,0,3,3,0,0,0,0,0,0,0,0,0,0,1 0,133,121,50,25,25,15,11,6,1,1,6,5,0,0,0,0,0,0,0,0,0,0,1 0,6,10,5,4,10,3,1,1,0,0,3,3,0,0,0,0,0,0,0,0,0,0,1
/media/michal/Pauli/masterdata/processed/paramtest/dt0,02_mp8000_pp0,001/annotated/rares/20140912/patrol_run_96/room_2/features/nonPlanes<pfhrgb_uniform_2015-05-22_00-05-35.pcd 0.174699 0.000974989 0.00253088 8 463,133,81,68,63,59,51,29 118,58,34,27,18,22,13,14 1,0,0,0,0,0,0,0 434511 495 1260 57 245 400 1165 49 237 434016,213,116,61,43,24,12,9,2,3,4,1,0,1,1,1,2,1,0,0,1 0,19,9,7,3,4,2,4,1,1,2,1,0,0,0,1,2,0,0,0,1 0,118,116,61,43,24,12,9,2,3,4,1,0,1,1,1,2,1,0,0,1 0,11,9,7,3,4,2,4,1,1,2,1,0,0,0,1,2,0,0,0,1
/media/michal/Pauli/masterdata/processed/paramtest/dt0,02_mp8000_pp0,001/annotated/rares/20140912/patrol_run_98/room_3/features/nonPlanes<pfhrgb_uniform_2015-05-22_00-07-48.pcd 0.214877 0.000625698 0.00384606 8 410,95,79,62,61,58,53,40 112,26,27,25,26,38,22,12 1,0,0,0,0,0,0,0 446622 532 1260 58 226 400 1128 52 220 446090,255,114,56,44,23,13,9,6,2,5,1,2,2 0,15,8,8,7,5,6,1,3,2,1,1,1,0 0,123,114,56,44,23,13,9,6,2,5,1,2,2 0,9,8,8,7,5,6,1,3,2,1,1,1,0
/media/michal/Pauli/masterdata/processed/paramtest/dt0,02_mp8000_pp0,001/annotated/rares/20140921/patrol_run_110/room_2/features/nonPlanes<pfhrgb_uniform_2015-05-22_00-11-07.pcd 0.18666 0.000840702 0.0022737 6 667,93,73,73,23,19 147,19,41,31,12,12 0,0,0,0,0,0 411840 384 1260 0 0 384 1260 0 0 411456,166,79,37,20,16,17,11,5,9,2,2,1,6,3,2,2,0,0,2,2,0,0,0,1,0,0,1 0,0,0,0,0,0,0,0,0,0,0,0,0,0,0,0,0,0,0,0,0,0,0,0,0,0,0,0 0,166,79,37,20,16,17,11,5,9,2,2,1,6,3,2,2,0,0,2,2,0,0,0,1,0,0,1 0,0,0,0,0,0,0,0,0,0,0,0,0,0,0,0,0,0,0,0,0,0,0,0,0,0,0,0
/media/michal/Pauli/masterdata/processed/paramtest/dt0,02_mp8000_pp0,001/annotated/rares/20140921/patrol_run_112/room_2/features/nonPlanes<pfhrgb_uniform_2015-05-22_00-12-18.pcd 0.201813 0.000932874 0.00230117 10 229,137,131,117,71,49,35,27,27,26 75,53,44,40,20,13,15,14,13,14 0,0,0,0,0,0,0,0,0,0 423258 526 1260 20 53 400 1134 15 48 422732,244,113,54,48,27,13,13,6,3,3,0,0,1,1 0,7,5,4,1,2,0,0,0,0,1,0,0,0,0 0,118,113,54,48,27,13,13,6,3,3,0,0,1,1 0,2,5,4,1,2,0,0,0,0,1,0,0,0,0
/media/michal/Pauli/masterdata/processed/paramtest/dt0,02_mp8000_pp0,001/annotated/rares/20140921/patrol_run_114/room_1/features/nonPlanes<pfhrgb_uniform_2015-05-22_00-15-01.pcd 0.221389 0.000899077 0.00342402 10 184,168,127,109,51,37,34,30,28,26 55,43,39,28,18,12,19,16,15,14 0,0,0,0,0,0,0,0,0,0 421476 484 1260 12 52 400 1176 10 50 420992,204,124,56,26,23,14,7,10,8,4,5,1,0,1,1 0,3,4,0,0,1,1,1,1,0,0,0,0,0,0,1 0,120,124,56,26,23,14,7,10,8,4,5,1,0,1,1 0,1,4,0,0,1,1,1,1,0,0,0,0,0,0,1
/media/michal/Pauli/masterdata/processed/paramtest/dt0,02_mp8000_pp0,001/annotated/rares/20140922/patrol_run_116/room_2/features/nonPlanes<pfhrgb_uniform_2015-05-22_00-17-09.pcd 0.145448 0.000905007 0.00328449 6 301,224,142,94,90,22 72,76,37,41,51,13 0,0,0,0,0,0 424116 507 1260 24 54 400 1153 14 44 423609,246,97,51,33,35,13,12,8,5,2,1,0,1,1,1,1 0,11,4,4,2,3,0,0,0,0,0,0,0,0,0,0,0 0,139,97,51,33,35,13,12,8,5,2,1,0,1,1,1,1 0,1,4,4,2,3,0,0,0,0,0,0,0,0,0,0,0
/media/michal/Pauli/masterdata/processed/paramtest/dt0,02_mp8000_pp0,001/annotated/rares/20140922/patrol_run_118/room_2/features/nonPlanes<pfhrgb_uniform_2015-05-22_00-20-10.pcd 0.183212 0.000910801 0.00327454 9 257,233,100,92,69,61,56,37,20 79,72,45,33,27,15,21,15,15 0,0,0,0,0,0,0,0,0 451044 555 1260 45 120 400 1105 29 104 450489,252,134,71,41,24,13,8,5,3,2,2 0,18,12,3,5,3,0,1,0,3,0,0 0,97,134,71,41,24,13,8,5,3,2,2 0,2,12,3,5,3,0,1,0,3,0,0
/media/michal/Pauli/masterdata/processed/paramtest/dt0,02_mp8000_pp0,001/annotated/rares/20140922/patrol_run_120/room_1/features/nonPlanes<pfhrgb_uniform_2015-05-22_00-21-24.pcd 0.173171 0.00109473 0.00321005 6 305,215,155,91,56,51 85,76,46,35,21,26 0,0,0,0,0,0 478401 488 1260 31 103 400 1172 24 96 477913,198,116,67,39,23,18,8,6,4,0,2,5,1,0,1 0,10,8,1,3,3,4,0,0,0,0,1,1,0,0,0 0,110,116,67,39,23,18,8,6,4,0,2,5,1,0,1 0,3,8,1,3,3,4,0,0,0,0,1,1,0,0,0
/media/michal/Pauli/masterdata/processed/paramtest/dt0,02_mp8000_pp0,001/annotated/rares/20140922/patrol_run_124/room_2/features/nonPlanes<pfhrgb_uniform_2015-05-22_00-23-42.pcd 0.209563 0.00131634 0.00218354 9 155,144,111,80,67,66,61,56,42 52,45,45,24,41,28,20,12,14 0,0,0,0,0,0,0,0,0 483516 609 1260 25 73 400 1051 20 68 482907,305,157,60,34,23,14,11,1,1,1,2 0,7,4,7,2,2,2,1,0,0,0,0 0,96,157,60,34,23,14,11,1,1,1,2 0,2,4,7,2,2,2,1,0,0,0,0
/media/michal/Pauli/masterdata/processed/paramtest/dt0,02_mp8000_pp0,001/annotated/rares/20140922/patrol_run_126/room_2/features/nonPlanes<pfhrgb_uniform_2015-05-22_00-25-17.pcd 0.176222 0.00284371 0.00346518 8 254,120,100,88,77,68,63,52 90,34,35,28,22,20,29,22 0,0,0,0,0,0,0,0 455499 542 1260 12 17 400 1118 5 10 454957,249,137,63,32,20,19,7,4,1,2,3,2,3 0,7,5,0,0,0,0,0,0,0,0,0,0,0 0,107,137,63,32,20,19,7,4,1,2,3,2,3 0,0,5,0,0,0,0,0,0,0,0,0,0,0
/media/michal/Pauli/masterdata/processed/paramtest/dt0,02_mp8000_pp0,001/annotated/rares/20140922/patrol_run_128/room_2/features/nonPlanes<pfhrgb_uniform_2015-05-22_00-28-35.pcd 0.178137 0.000903828 0.00228739 9 209,176,156,129,78,59,50,45,28 68,50,54,43,23,26,28,13,14 0,0,0,0,0,0,0,0,0 454410 567 1260 37 105 400 1093 21 89 453843,280,134,51,44,19,14,10,7,4,2,2 0,17,4,4,4,3,3,0,1,0,0,1 0,113,134,51,44,19,14,10,7,4,2,2 0,1,4,4,4,3,3,0,1,0,0,1
/media/michal/Pauli/masterdata/processed/paramtest/dt0,02_mp8000_pp0,001/annotated/rares/20140922/patrol_run_130/room_2/features/nonPlanes<pfhrgb_uniform_2015-05-22_00-32-18.pcd 0.19943 0.00119321 0.00245774 9 331,158,129,121,97,50,31,28,25 97,43,36,43,48,20,12,12,15 0,0,0,0,0,0,0,0,0 443289 525 1260 40 146 400 1135 34 140 442764,237,126,65,33,29,14,6,4,1,4,0,1,0,3,0,1,0,0,0,0,0,1 0,11,7,5,4,5,1,2,2,1,2,0,0,0,0,0,0,0,0,0,0,0,0 0,112,126,65,33,29,14,6,4,1,4,0,1,0,3,0,1,0,0,0,0,0,1 0,5,7,5,4,5,1,2,2,1,2,0,0,0,0,0,0,0,0,0,0,0,0
/media/michal/Pauli/masterdata/processed/paramtest/dt0,02_mp8000_pp0,001/annotated/rares/20140922/patrol_run_132/room_1/features/nonPlanes<pfhrgb_uniform_2015-05-22_00-35-22.pcd 0.179395 0.0011738 0.00356562 9 322,175,138,89,63,61,59,55,17 101,60,47,21,19,21,18,20,14 -1 454740 512 1260 -1 -1 400 1148 -1 -1 454228,232,108,61,32,35,24,4,4,7,3,0,0,0,1,1 -1 0,120,108,61,32,35,24,4,4,7,3,0,0,0,1,1 -1
/media/michal/Pauli/masterdata/processed/paramtest/dt0,02_mp8000_pp0,001/annotated/rares/20140922/patrol_run_134/room_2/features/nonPlanes<pfhrgb_uniform_2015-05-22_00-38-58.pcd 0.20462 0.000863299 0.00434736 9 247,127,119,91,81,60,53,37,19 90,29,47,37,25,14,17,17,15 0,1,0,0,0,0,0,0,0 411840 579 1260 31 101 400 1081 24 94 411261,287,133,63,37,21,21,8,3,2,3,1 0,8,7,5,4,2,2,1,0,1,1,0 0,108,133,63,37,21,21,8,3,2,3,1 0,1,7,5,4,2,2,1,0,1,1,0
/media/michal/Pauli/masterdata/processed/paramtest/dt0,02_mp8000_pp0,001/annotated/rares/20140922/patrol_run_138/room_2/features/nonPlanes<pfhrgb_uniform_2015-05-22_00-42-10.pcd 0.232165 0.000899791 0.00211972 6 179,164,122,119,109,57 56,45,45,40,28,27 0,0,0,0,0,1 443223 477 1260 18 32 400 1183 16 30 442746,223,105,46,24,31,6,11,8,10,2,2,3,2,0,0,2,1,1 0,9,5,3,1,0,0,0,0,0,0,0,0,0,0,0,0,0,0 0,146,105,46,24,31,6,11,8,10,2,2,3,2,0,0,2,1,1 0,7,5,3,1,0,0,0,0,0,0,0,0,0,0,0,0,0,0
/media/michal/Pauli/masterdata/processed/paramtest/dt0,02_mp8000_pp0,001/annotated/rares/20140923/patrol_run_139/room_2/features/nonPlanes<pfhrgb_uniform_2015-05-22_00-45-20.pcd 0.187338 0.00123743 0.00232907 12 261,195,71,70,70,63,59,55,52,43,40,19 63,59,23,24,19,30,17,24,29,12,15,15 0,1,0,0,0,0,0,0,0,0,0,0 430782 507 1260 58 187 400 1153 55 184 430275,227,106,62,47,25,12,11,6,4,2,1,0,3,0,0,0,0,0,1 0,15,11,9,11,2,4,4,1,1,0,0,0,0,0,0,0,0,0,0 0,120,106,62,47,25,12,11,6,4,2,1,0,3,0,0,0,0,0,1 0,12,11,9,11,2,4,4,1,1,0,0,0,0,0,0,0,0,0,0
/media/michal/Pauli/masterdata/processed/paramtest/dt0,02_mp8000_pp0,001/annotated/rares/20140923/patrol_run_141/room_2/features/nonPlanes<pfhrgb_uniform_2015-05-22_00-48-40.pcd 0.187599 0.00117137 0.00296868 9 265,232,113,98,88,77,48,27,20 53,94,32,38,36,28,20,12,12 1,0,0,0,0,0,0,0,0 407286 475 1260 52 241 400 1185 46 235 406811,209,100,59,28,29,16,10,9,4,5,0,1,1,0,1,0,1,2 0,12,6,7,3,7,3,5,2,2,2,0,1,1,0,0,0,1,0 0,134,100,59,28,29,16,10,9,4,5,0,1,1,0,1,0,1,2 0,6,6,7,3,7,3,5,2,2,2,0,1,1,0,0,0,1,0
/media/michal/Pauli/masterdata/processed/paramtest/dt0,02_mp8000_pp0,001/annotated/rares/20140923/patrol_run_144/room_2/features/nonPlanes<pfhrgb_uniform_2015-05-22_00-52-10.pcd 0.197646 0.000751155 0.00433388 7 278,153,151,125,89,36,33 77,42,71,35,31,21,13 0,0,0,0,0,0,0 438471 508 1260 43 139 400 1152 32 128 437963,232,102,64,43,25,17,8,8,5,0,0,0,2,0,0,0,0,1,0,0,0,0,0,1 0,13,10,4,4,3,5,1,1,2,0,0,0,0,0,0,0,0,0,0,0,0,0,0,0 0,124,102,64,43,25,17,8,8,5,0,0,0,2,0,0,0,0,1,0,0,0,0,0,1 0,2,10,4,4,3,5,1,1,2,0,0,0,0,0,0,0,0,0,0,0,0,0,0,0
/media/michal/Pauli/masterdata/processed/paramtest/dt0,02_mp8000_pp0,001/annotated/rares/20140923/patrol_run_146/room_2/features/nonPlanes<pfhrgb_uniform_2015-05-22_00-54-34.pcd 0.175372 0.00125153 0.0036629 8 361,164,148,94,79,60,46,39 103,46,65,43,23,17,16,18 0,0,0,0,0,0,0,0 391248 530 1260 47 168 400 1130 39 160 390718,233,139,65,27,22,22,6,4,4,2,3,1,1,0,0,1 0,15,6,8,2,5,6,1,0,1,1,2,0,0,0,0,0 0,103,139,65,27,22,22,6,4,4,2,3,1,1,0,0,1 0,7,6,8,2,5,6,1,0,1,1,2,0,0,0,0,0
/media/michal/Pauli/masterdata/processed/paramtest/dt0,02_mp8000_pp0,001/annotated/rares/20140923/patrol_run_148/room_2/features/nonPlanes<pfhrgb_uniform_2015-05-22_00-56-04.pcd 0.177656 0.000867272 0.00316899 9 271,120,119,103,102,68,56,41,25 62,39,50,32,37,25,15,15,14 0,0,0,0,0,0,1,0,0 444246 498 1260 14 45 400 1162 10 41 443748,216,112,63,35,25,17,11,5,6,3,1,2,0,2 0,4,4,1,1,1,1,1,1,0,0,0,0,0,0 0,118,112,63,35,25,17,11,5,6,3,1,2,0,2 0,0,4,1,1,1,1,1,1,0,0,0,0,0,0
/media/michal/Pauli/masterdata/processed/paramtest/dt0,02_mp8000_pp0,001/annotated/rares/20140923/patrol_run_150/room_2/features/nonPlanes<pfhrgb_uniform_2015-05-22_00-57-31.pcd 0.219249 0.00114955 0.00404641 8 281,130,124,122,90,75,37,26 91,49,30,37,37,33,12,13 0,0,0,1,0,0,0,0 454740 512 1260 34 99 400 1148 28 93 454228,224,124,59,42,18,21,8,5,3,3,0,0,2,1,0,1,0,1 0,10,8,3,7,1,4,1,0,0,0,0,0,0,0,0,0,0,0 0,112,124,59,42,18,21,8,5,3,3,0,0,2,1,0,1,0,1 0,4,8,3,7,1,4,1,0,0,0,0,0,0,0,0,0,0,0
/media/michal/Pauli/masterdata/processed/paramtest/dt0,02_mp8000_pp0,001/annotated/rares/20140924/patrol_run_152/room_2/features/nonPlanes<pfhrgb_uniform_2015-05-22_00-58-37.pcd 0.200843 0.00096538 0.00322464 9 171,168,160,152,75,57,55,43,29 44,56,47,70,17,14,27,15,20 0,0,1,0,0,0,0,0,0 384087 504 1260 42 135 400 1156 37 130 383583,212,123,65,36,11,30,10,3,7,6,1 0,13,9,7,3,0,4,3,1,2,0,0 0,108,123,65,36,11,30,10,3,7,6,1 0,8,9,7,3,0,4,3,1,2,0,0
/media/michal/Pauli/masterdata/processed/paramtest/dt0,02_mp8000_pp0,001/annotated/rares/20140924/patrol_run_156/room_2/features/nonPlanes<pfhrgb_uniform_2015-05-22_01-00-57.pcd 0.177109 0.000845619 0.00256663 8 235,228,146,109,63,53,44,37 64,73,47,32,22,30,16,21 0,0,0,0,0,0,1,0 395010 526 1260 20 46 400 1134 13 39 394484,251,122,48,34,24,12,12,12,6,1,2,0,1,1 0,9,3,4,2,1,1,0,0,0,0,0,0,0,0 0,125,122,48,34,24,12,12,12,6,1,2,0,1,1 0,2,3,4,2,1,1,0,0,0,0,0,0,0,0
/media/michal/Pauli/masterdata/processed/paramtest/dt0,02_mp8000_pp0,001/annotated/rares/20140924/patrol_run_158/room_1/features/nonPlanes<pfhrgb_uniform_2015-05-22_01-04-06.pcd 0.184905 0.000918564 0.00225099 8 234,179,116,81,69,66,36,33 88,68,41,19,22,25,15,12 0,0,0,0,1,0,0,0 438471 551 1260 21 61 400 1109 14 54 437920,251,139,72,27,20,22,7,5,3,1,1,2,0,1 0,7,8,0,2,0,3,0,0,0,0,0,1,0,0 0,100,139,72,27,20,22,7,5,3,1,1,2,0,1 0,0,8,0,2,0,3,0,0,0,0,0,1,0,0
/media/michal/Pauli/masterdata/processed/paramtest/dt0,02_mp8000_pp0,001/annotated/rares/20140924/patrol_run_162/room_2/features/nonPlanes<pfhrgb_uniform_2015-05-22_01-07-31.pcd 0.196072 0.00133322 0.00321345 10 296,265,85,53,45,43,39,39,28,25 85,84,26,18,12,13,16,16,12,12 -1 435600 477 1260 -1 -1 400 1183 -1 -1 435123,204,107,62,35,20,17,9,5,6,2,5,1,0,0,2,1,0,0,0,0,0,0,0,1 -1 0,127,107,62,35,20,17,9,5,6,2,5,1,0,0,2,1,0,0,0,0,0,0,0,1 -1
/media/michal/Pauli/masterdata/processed/paramtest/dt0,02_mp8000_pp0,001/annotated/rares/20140924/patrol_run_164/room_1/features/nonPlanes<pfhrgb_uniform_2015-05-22_01-09-54.pcd 0.17964 0.000835826 0.00346778 8 344,238,96,49,39,35,30,23 115,65,22,13,16,19,14,14 -1 425568 501 1260 -1 -1 400 1159 -1 -1 425067,231,101,65,34,24,13,14,6,3,3,2,1,1,1,1,0,0,0,1 -1 0,130,101,65,34,24,13,14,6,3,3,2,1,1,1,1,0,0,0,1 -1
/media/michal/Pauli/masterdata/processed/paramtest/dt0,02_mp8000_pp0,001/annotated/rares/20140924/patrol_run_166/room_2/features/nonPlanes<pfhrgb_uniform_2015-05-22_01-13-09.pcd 0.190589 0.00129055 0.00348231 6 303,267,91,90,42,20 108,75,16,26,22,12 -1 411642 477 1260 -1 -1 400 1183 -1 -1 411165,203,105,50,37,32,14,11,12,7,1,3,1,0,1 -1 0,126,105,50,37,32,14,11,12,7,1,3,1,0,1 -1
