obj_search:
  camera_z: 1.7
  ceiling_z: 2.27
  floor_z: 0
  object_query: {K: 5}
  processed_data_dir: /home/michal/Downloads/pcddata/processed/
  raw_data_dir: /media/michal/Pauli/masterdata/raw/
object_query: {K: 10, cluster_maxsize: 500, cluster_minsize: 12, cluster_tolerance: 0.25,
  clusters_to_results: true, extract_mult: 1.3, match: nonPlanes<pfh_uniform, n_max_points: 400,
  output_dir: 'NULL', query_features: '/home/michal/Downloads/pcddata/processed/query/queryobjects/0,01/laptop1/features/rgb_0012_label_laptop1<pfh_uniform_2015-05-26_14-47-51.pcd',
  results_out: '/home/michal/Downloads/pcddata/processed/query/k10_mx400_t0,25/rares',
  subdirs: 4, target_features: /media/michal/Pauli/masterdata/processed/annotated/rares,
  x_step_hough: 0.05, y_step_hough: 0.05, z_step_hough: 0.05}
rosdistro: 'indigo

  '
roslaunch:
  uris: {host_tycho__49101: 'http://tycho:49101/', host_tycho__49217: 'http://tycho:49217/'}
rosversion: '1.11.10

  '
run_id: 9e604bc4-0708-11e5-991f-3c970e77227e
BEGIN_DATA
# fname t_query t_hough t_cluster cluster_n cluster_scores cluster_points cluster_inobb n_hough_tot nonzero_hough hough_votes boxpts boxvotes maxpts maxvotes maxboxpts maxboxvotes hough_hist box_hist max_hist boxmax_hist
/media/michal/Pauli/masterdata/processed/annotated/rares/20140820/patrol_run_2/room_1/features/nonPlanes<pfh_uniform_2015-05-17_11-42-41.pcd 0.077781 0.000928915 0.00270013 7 87,86,68,67,57,41,28 36,45,34,24,31,16,17 0,0,0,0,0,0,0 449955 814 1280 3 6 400 866 1 4 449141,532,174,62,27,14,1,2,2 0,2,0,0,1,0,0,0,0 0,118,174,62,27,14,1,2,2 0,0,0,0,1,0,0,0,0
/media/michal/Pauli/masterdata/processed/annotated/rares/20140820/patrol_run_4/room_0/features/nonPlanes<pfh_uniform_2015-05-17_11-43-22.pcd 0.0609689 0.000854789 0.00218065 8 133,129,52,44,33,30,29,22 63,62,26,22,17,13,17,14 0,0,1,0,0,0,0,0 424446 855 1280 22 38 400 825 11 27 423591,589,169,55,30,6,5,0,1 0,11,7,3,1,0,0,0,0 0,134,169,55,30,6,5,0,1 0,0,7,3,1,0,0,0,0
/media/michal/Pauli/masterdata/processed/annotated/rares/20140828/patrol_run_19/room_3/features/nonPlanes<pfh_uniform_2015-05-17_11-44-13.pcd 0.0573481 0.00197725 0.00181646 8 99,94,57,43,37,36,27,17 57,57,22,22,20,14,16,14 -1 445269 877 1280 -1 -1 400 803 -1 -1 444392,630,158,50,23,8,5,2,1 -1 0,153,158,50,23,8,5,2,1 -1
/media/michal/Pauli/masterdata/processed/annotated/rares/20140829/patrol_run_20/room_3/features/nonPlanes<pfh_uniform_2015-05-17_11-44-46.pcd 0.0563481 0.000907536 0.00211642 8 118,83,72,45,42,41,31,16 63,37,29,21,26,18,21,12 -1 461736 834 1280 -1 -1 400 846 -1 -1 460902,577,166,45,21,12,6,3,1,3 -1 0,143,166,45,21,12,6,3,1,3 -1
/media/michal/Pauli/masterdata/processed/annotated/rares/20140829/patrol_run_26/room_2/features/nonPlanes<pfh_uniform_2015-05-17_11-45-19.pcd 0.0580188 0.000868274 0.000767129 9 142,85,52,51,42,40,39,24,18 76,30,14,31,19,23,19,12,15 0,1,0,0,0,0,0,0,0 404481 879 1280 26 48 400 801 14 36 403602,616,177,51,27,5,0,1,1,1 0,12,9,3,1,1,0,0,0,0 0,137,177,51,27,5,0,1,1,1 0,0,9,3,1,1,0,0,0,0
/media/michal/Pauli/masterdata/processed/annotated/rares/20140901/patrol_run_27/room_2/features/nonPlanes<pfh_uniform_2015-05-17_11-46-33.pcd 0.054806 0.000845128 0.00219323 7 197,75,49,40,35,31,29 79,36,18,21,17,15,16 0,0,0,0,0,0,0 424710 782 1280 10 14 400 898 4 8 423928,508,155,66,28,12,7,2,2,0,2 0,7,2,1,0,0,0,0,0,0,0 0,126,155,66,28,12,7,2,2,0,2 0,1,2,1,0,0,0,0,0,0,0
/media/michal/Pauli/masterdata/processed/annotated/rares/20140901/patrol_run_31/room_2/features/nonPlanes<pfh_uniform_2015-05-17_11-47-07.pcd 0.0286269 0.00050622 0.0011604 10 110,70,56,56,46,44,43,35,34,31 41,27,25,24,16,20,17,22,21,14 0,0,0,0,0,0,0,0,0,0 456456 741 1280 13 23 400 939 7 17 455715,460,160,56,29,17,9,8,1,0,0,0,0,1 0,6,5,1,1,0,0,0,0,0,0,0,0,0 0,119,160,56,29,17,9,8,1,0,0,0,0,1 0,0,5,1,1,0,0,0,0,0,0,0,0,0
/media/michal/Pauli/masterdata/processed/annotated/rares/20140901/patrol_run_32/room_2/features/nonPlanes<pfh_uniform_2015-05-17_11-47-57.pcd 0.0556695 0.00137434 0.00186993 8 81,59,49,45,38,37,35,23 41,38,21,22,17,21,15,13 -1 449592 843 1280 -1 -1 400 837 -1 -1 448749,576,166,59,25,10,5,1,1 -1 0,133,166,59,25,10,5,1,1 -1
/media/michal/Pauli/masterdata/processed/annotated/rares/20140901/patrol_run_33/room_1/features/nonPlanes<pfh_uniform_2015-05-17_11-48-40.pcd 0.0541812 0.000717319 0.00177927 9 212,50,48,45,40,40,31,30,20 86,24,22,26,25,20,13,15,13 -1 451044 805 1280 -1 -1 400 875 -1 -1 450239,515,179,63,32,11,3,0,1,1 -1 0,110,179,63,32,11,3,0,1,1 -1
/media/michal/Pauli/masterdata/processed/annotated/rares/20140902/patrol_run_35/room_2/features/nonPlanes<pfh_uniform_2015-05-17_11-49-13.pcd 0.077662 0.000914725 0.00258944 7 113,65,57,41,35,27,22 44,29,35,21,13,17,13 0,0,0,0,0,0,0 451044 839 1280 41 71 400 841 10 40 450205,576,163,50,35,6,6,2,1 0,31,3,2,2,1,0,1,1 0,137,163,50,35,6,6,2,1 0,0,3,2,2,1,0,1,1
/media/michal/Pauli/masterdata/processed/annotated/rares/20140902/patrol_run_38/room_0/features/nonPlanes<pfh_uniform_2015-05-17_11-50-01.pcd 0.0366275 0.00157778 0.00112994 9 89,61,61,56,51,41,35,23,21 36,25,25,31,31,17,20,12,12 -1 427977 811 1280 -1 -1 400 869 -1 -1 427166,546,148,67,33,6,7,1,1,2 -1 0,135,148,67,33,6,7,1,1,2 -1
/media/michal/Pauli/masterdata/processed/annotated/rares/20140903/patrol_run_1/room_4/features/nonPlanes<pfh_uniform_2015-05-17_11-50-49.pcd 0.0594666 0.00120052 0.00189684 10 108,67,65,64,50,50,37,32,24,15 55,26,38,25,21,17,25,13,15,13 0,1,0,0,0,0,0,0,0,0 470184 841 1280 33 59 400 839 15 41 469343,571,176,53,26,8,4,0,1,0,0,2 0,18,8,5,1,0,1,0,0,0,0,0 0,130,176,53,26,8,4,0,1,0,0,2 0,0,8,5,1,0,1,0,0,0,0,0
/media/michal/Pauli/masterdata/processed/annotated/rares/20140903/patrol_run_10/room_2/features/nonPlanes<pfh_uniform_2015-05-17_11-51-36.pcd 0.0551272 0.000842321 0.00204825 8 250,67,57,56,36,34,25,18 112,27,20,18,14,13,18,12 -1 453024 762 1280 -1 -1 400 918 -1 -1 452262,478,164,59,32,16,6,4,2,1 -1 0,116,164,59,32,16,6,4,2,1 -1
/media/michal/Pauli/masterdata/processed/annotated/rares/20140903/patrol_run_12/room_2/features/nonPlanes<pfh_uniform_2015-05-17_11-51-57.pcd 0.0577581 0.001102 0.00176147 11 69,62,49,46,39,32,27,23,22,20,18 36,24,17,29,19,13,17,13,12,14,13 -1 434214 813 1280 -1 -1 400 867 -1 -1 433401,530,186,55,25,10,3,1,1,0,1,0,0,0,0,0,0,0,0,0,1 -1 0,117,186,55,25,10,3,1,1,0,1,0,0,0,0,0,0,0,0,0,1 -1
/media/michal/Pauli/masterdata/processed/annotated/rares/20140903/patrol_run_14/room_1/features/nonPlanes<pfh_uniform_2015-05-17_11-52-33.pcd 0.0550486 0.000762979 0.00206994 8 67,53,41,36,35,35,26,24 29,26,21,28,17,16,17,12 -1 434313 820 1280 -1 -1 400 860 -1 -1 433493,541,185,46,30,9,3,2,3,0,1 -1 0,121,185,46,30,9,3,2,3,0,1 -1
/media/michal/Pauli/masterdata/processed/annotated/rares/20140903/patrol_run_2/room_4/features/nonPlanes<pfh_uniform_2015-05-17_11-53-35.pcd 0.0581758 0.00100588 0.00202951 5 145,96,88,84,74 68,45,38,41,36 -1 462264 839 1280 -1 -1 400 841 -1 -1 461425,566,175,61,18,11,5,1,1,1 -1 0,127,175,61,18,11,5,1,1,1 -1
/media/michal/Pauli/masterdata/processed/annotated/rares/20140903/patrol_run_9/room_2/features/nonPlanes<pfh_uniform_2015-05-17_11-54-32.pcd 0.0558956 0.000923883 0.00200485 8 112,106,69,45,43,33,28,23 44,56,28,23,21,12,14,12 -1 491568 827 1280 -1 -1 400 853 -1 -1 490741,550,176,58,24,11,6,0,1,1 -1 0,123,176,58,24,11,6,0,1,1 -1
/media/michal/Pauli/masterdata/processed/annotated/rares/20140904/patrol_run_15/room_2/features/nonPlanes<pfh_uniform_2015-05-17_11-55-19.pcd 0.0565603 0.000950516 0.00239538 8 93,59,39,35,34,32,31,28 58,32,21,27,14,16,14,12 0,0,0,0,0,0,0,0 517902 898 1280 10 14 400 782 3 7 517004,653,160,52,24,5,2,0,1,0,1 0,7,2,1,0,0,0,0,0,0,0 0,155,160,52,24,5,2,0,1,0,1 0,0,2,1,0,0,0,0,0,0,0
/media/michal/Pauli/masterdata/processed/annotated/rares/20140905/patrol_run_17/room_2/features/nonPlanes<pfh_uniform_2015-05-17_11-56-11.pcd 0.0537304 0.000899522 0.00186716 12 121,104,60,52,48,42,36,36,35,35,27,15 56,56,21,14,21,17,15,12,15,13,17,12 -1 446160 785 1280 -1 -1 400 895 -1 -1 445375,501,175,51,29,18,8,2,1 -1 0,116,175,51,29,18,8,2,1 -1
/media/michal/Pauli/masterdata/processed/annotated/rares/20140905/patrol_run_19/room_1/features/nonPlanes<pfh_uniform_2015-05-17_11-57-13.pcd 0.0583108 0.00121849 0.00225765 6 170,134,89,64,46,29 77,66,31,37,24,16 -1 453024 792 1280 -1 -1 400 888 -1 -1 452232,521,154,70,21,10,8,5,3 -1 0,129,154,70,21,10,8,5,3 -1
/media/michal/Pauli/masterdata/processed/annotated/rares/20140905/patrol_run_21/room_2/features/nonPlanes<pfh_uniform_2015-05-17_11-58-24.pcd 0.0752247 0.000743284 0.00280714 8 118,102,102,66,54,40,18,14 52,54,38,31,23,15,12,12 -1 419265 790 1280 -1 -1 400 890 -1 -1 418475,507,174,54,30,15,6,3,0,0,0,1 -1 0,117,174,54,30,15,6,3,0,0,0,1 -1
/media/michal/Pauli/masterdata/processed/annotated/rares/20140905/patrol_run_23/room_2/features/nonPlanes<pfh_uniform_2015-05-17_11-59-11.pcd 0.0583013 0.000891657 0.00191828 6 209,82,65,34,33,31 88,34,28,21,16,12 -1 463320 767 1280 -1 -1 400 913 -1 -1 462553,484,159,69,31,12,5,2,3,1,1 -1 0,117,159,69,31,12,5,2,3,1,1 -1
/media/michal/Pauli/masterdata/processed/annotated/rares/20140905/patrol_run_25/room_1/features/nonPlanes<pfh_uniform_2015-05-17_11-59-52.pcd 0.0602762 0.00158614 0.00219779 7 141,130,105,53,52,37,32 77,68,34,19,21,15,14 -1 410652 780 1280 -1 -1 400 900 -1 -1 409872,504,160,58,34,14,5,2,1,0,0,1,0,1 -1 0,124,160,58,34,14,5,2,1,0,0,1,0,1 -1
/media/michal/Pauli/masterdata/processed/annotated/rares/20140905/patrol_run_27/room_2/features/nonPlanes<pfh_uniform_2015-05-17_12-00-42.pcd 0.0541009 0.00125492 0.00205141 7 188,76,46,45,43,42,30 85,38,18,31,22,13,17 -1 470448 806 1280 -1 -1 400 874 -1 -1 469642,535,161,60,27,9,10,2,2 -1 0,129,161,60,27,9,10,2,2 -1
/media/michal/Pauli/masterdata/processed/annotated/rares/20140905/patrol_run_29/room_2/features/nonPlanes<pfh_uniform_2015-05-17_12-01-14.pcd 0.0532554 0.00114957 0.00178566 7 166,74,64,52,41,28,27 87,27,20,26,19,12,16 -1 437580 811 1280 -1 -1 400 869 -1 -1 436769,544,165,50,31,8,5,5,1,1,1 -1 0,133,165,50,31,8,5,5,1,1,1 -1
/media/michal/Pauli/masterdata/processed/annotated/rares/20140905/patrol_run_30/room_1/features/nonPlanes<pfh_uniform_2015-05-17_12-01-53.pcd 0.0746382 0.00148701 0.00271395 6 253,108,70,69,32,23 125,47,33,27,16,13 -1 451044 782 1280 -1 -1 400 898 -1 -1 450262,503,159,68,30,11,4,5,0,0,1,1 -1 0,121,159,68,30,11,4,5,0,0,1,1 -1
/media/michal/Pauli/masterdata/processed/annotated/rares/20140905/patrol_run_30/room_7/features/nonPlanes<pfh_uniform_2015-05-17_12-02-53.pcd 0.0599268 0.000622179 0.00175084 7 130,87,77,31,30,29,25 75,32,49,14,12,15,15 -1 458865 894 1280 -1 -1 400 786 -1 -1 457971,642,163,54,25,10 -1 0,148,163,54,25,10 -1
/media/michal/Pauli/masterdata/processed/annotated/rares/20140908/patrol_run_32/room_2/features/nonPlanes<pfh_uniform_2015-05-17_12-04-17.pcd 0.0575761 0.000872132 0.0036082 7 149,113,109,55,50,27,18 56,46,62,22,25,15,14 -1 448668 803 1280 -1 -1 400 877 -1 -1 447865,536,156,59,27,15,4,2,3,0,1 -1 0,133,156,59,27,15,4,2,3,0,1 -1
/media/michal/Pauli/masterdata/processed/annotated/rares/20140908/patrol_run_34/room_2/features/nonPlanes<pfh_uniform_2015-05-17_12-05-02.pcd 0.0590526 0.000893718 0.00225645 6 134,100,63,44,35,34 71,58,36,25,21,13 0,0,0,0,0,0 423720 882 1280 10 16 400 798 6 12 422838,620,181,48,22,5,3,1,2 0,5,4,1,0,0,0,0,0 0,138,181,48,22,5,3,1,2 0,1,4,1,0,0,0,0,0
/media/michal/Pauli/masterdata/processed/annotated/rares/20140908/patrol_run_36/room_3/features/nonPlanes<pfh_uniform_2015-05-17_12-05-49.pcd 0.0321709 0.00109589 0.00187514 8 119,97,62,57,57,34,27,23 49,43,34,35,26,12,12,13 1,0,0,0,0,0,0,0 423654 794 1280 36 66 400 886 20 50 422860,509,180,55,30,6,9,0,3,2 0,18,10,6,1,0,1,0,0,0 0,115,180,55,30,6,9,0,3,2 0,2,10,6,1,0,1,0,0,0
/media/michal/Pauli/masterdata/processed/annotated/rares/20140908/patrol_run_38/room_2/features/nonPlanes<pfh_uniform_2015-05-17_12-06-49.pcd 0.0774425 0.000799053 0.00264466 9 172,68,64,47,44,40,34,29,22 79,32,29,23,16,14,12,12,13 0,0,0,0,0,1,0,0,0 433356 785 1280 27 54 400 895 15 42 432571,486,194,62,18,16,4,1,1,1,2 0,12,9,3,1,1,1,0,0,0,0 0,101,194,62,18,16,4,1,1,1,2 0,0,9,3,1,1,1,0,0,0,0
/media/michal/Pauli/masterdata/processed/annotated/rares/20140908/patrol_run_39/room_3/features/nonPlanes<pfh_uniform_2015-05-17_12-07-44.pcd 0.0557355 0.00084171 0.00184444 13 80,79,45,44,42,41,39,34,33,33,30,27,22 32,38,23,25,15,16,14,15,14,13,14,14,14 0,0,0,0,0,0,0,0,1,0,0,0,0 414678 798 1280 15 34 400 882 13 32 413880,518,168,65,23,13,6,2,3 0,9,0,2,2,1,1,0,0 0,120,168,65,23,13,6,2,3 0,7,0,2,2,1,1,0,0
/media/michal/Pauli/masterdata/processed/annotated/rares/20140908/patrol_run_41/room_3/features/nonPlanes<pfh_uniform_2015-05-17_12-08-50.pcd 0.0548972 0.000860105 0.00185435 11 115,79,63,59,44,43,39,36,33,30,17 47,32,29,32,15,18,26,14,16,18,15 0,0,0,0,0,0,0,0,0,0,0 455400 824 1280 32 55 400 856 12 35 454576,550,171,63,22,8,4,3,2,0,1 0,20,5,3,4,0,0,0,0,0,0 0,126,171,63,22,8,4,3,2,0,1 0,0,5,3,4,0,0,0,0,0,0
/media/michal/Pauli/masterdata/processed/annotated/rares/20140908/patrol_run_43/room_3/features/nonPlanes<pfh_uniform_2015-05-17_12-10-07.pcd 0.0328569 0.000635211 0.00179141 8 95,86,79,59,53,52,26,25 39,36,52,19,22,22,15,12 0,0,0,1,0,0,0,0 414018 768 1280 25 52 400 912 12 39 413250,481,167,59,36,15,4,3,3 0,13,5,1,4,2,0,0,0 0,113,167,59,36,15,4,3,3 0,0,5,1,4,2,0,0,0
/media/michal/Pauli/masterdata/processed/annotated/rares/20140908/patrol_run_45/room_2/features/nonPlanes<pfh_uniform_2015-05-17_12-11-24.pcd 0.095009 0.00160742 0.0029379 6 209,89,69,48,38,28 91,48,19,28,25,20 1,0,0,0,0,0 442200 830 1280 35 71 400 850 19 55 441370,583,146,54,25,6,9,2,2,1,2 0,23,5,2,1,1,1,1,0,0,1 0,153,146,54,25,6,9,2,2,1,2 0,7,5,2,1,1,1,1,0,0,1
/media/michal/Pauli/masterdata/processed/annotated/rares/20140908/patrol_run_47/room_3/features/nonPlanes<pfh_uniform_2015-05-17_12-12-32.pcd 0.0639508 0.00124093 0.00295623 8 109,94,64,63,35,35,31,28 52,50,30,29,17,15,13,21 0,0,0,0,0,0,0,0 465300 891 1280 19 24 400 789 5 10 464409,633,183,41,20,10,0,4 0,14,5,0,0,0,0,0 0,142,183,41,20,10,0,4 0,0,5,0,0,0,0,0
/media/michal/Pauli/masterdata/processed/annotated/rares/20140909/patrol_run_49/room_3/features/nonPlanes<pfh_uniform_2015-05-17_12-13-38.pcd 0.0757466 0.00186294 0.00192335 10 96,91,83,80,65,45,39,23,23,21 38,42,43,26,41,16,19,19,16,13 0,0,0,1,0,0,0,0,0,0 437778 814 1280 30 72 400 866 19 61 436964,563,143,56,23,14,11,2,1,0,0,0,0,1 0,11,7,7,2,2,0,0,1,0,0,0,0,0 0,149,143,56,23,14,11,2,1,0,0,0,0,1 0,0,7,7,2,2,0,0,1,0,0,0,0,0
/media/michal/Pauli/masterdata/processed/annotated/rares/20140909/patrol_run_51/room_3/features/nonPlanes<pfh_uniform_2015-05-17_12-14-42.pcd 0.0790915 0.00118644 0.00243517 7 134,69,61,60,53,35,21 77,37,22,35,21,12,12 0,0,0,0,0,0,0 816816 829 1280 23 37 400 851 9 23 815987,555,172,59,25,8,6,4 0,15,4,2,2,0,0,0 0,126,172,59,25,8,6,4 0,1,4,2,2,0,0,0
/media/michal/Pauli/masterdata/processed/annotated/rares/20140909/patrol_run_53/room_3/features/nonPlanes<pfh_uniform_2015-05-17_12-15-40.pcd 0.0553113 0.00115655 0.00195651 8 116,87,85,69,57,51,36,30 50,34,27,31,30,17,13,15 0,0,0,0,0,0,0,0 456456 766 1280 8 11 400 914 2 5 455690,483,171,59,23,15,11,1,0,0,2,0,0,0,0,0,0,0,1 0,6,1,1,0,0,0,0,0,0,0,0,0,0,0,0,0,0,0 0,117,171,59,23,15,11,1,0,0,2,0,0,0,0,0,0,0,1 0,0,1,1,0,0,0,0,0,0,0,0,0,0,0,0,0,0,0
/media/michal/Pauli/masterdata/processed/annotated/rares/20140909/patrol_run_55/room_3/features/nonPlanes<pfh_uniform_2015-05-17_12-16-06.pcd 0.0872734 0.000795793 0.00256726 8 82,75,67,57,42,41,34,24 40,31,43,36,21,21,20,12 0,0,0,0,0,0,0,0 446622 932 1280 24 30 400 748 4 10 445690,679,187,41,22,2,1 0,20,3,0,1,0,0 0,147,187,41,22,2,1 0,0,3,0,1,0,0
/media/michal/Pauli/masterdata/processed/annotated/rares/20140909/patrol_run_59/room_3/features/nonPlanes<pfh_uniform_2015-05-17_21-52-14.pcd 0.0634038 0.00134406 0.00194678 12 114,71,65,63,43,37,33,30,27,24,17,13 61,33,42,23,17,27,14,20,14,15,12,13 -1 1089992 916 1280 -1 -1 400 764 -1 -1 1089076,677,156,56,16,8,2,1 -1 0,161,156,56,16,8,2,1 -1
/media/michal/Pauli/masterdata/processed/annotated/rares/20140909/patrol_run_61/room_3/features/nonPlanes<pfh_uniform_2015-05-17_21-53-40.pcd 0.0663772 0.00157052 0.00191366 11 84,57,52,51,48,43,42,41,33,27,20 36,23,31,19,21,16,24,16,16,15,13 -1 1053360 833 1280 -1 -1 400 847 -1 -1 1052527,553,180,56,29,9,5,0,1 -1 0,120,180,56,29,9,5,0,1 -1
/media/michal/Pauli/masterdata/processed/annotated/rares/20140909/patrol_run_63/room_3/features/nonPlanes<pfh_uniform_2015-05-17_21-55-01.pcd 0.0584028 0.00137219 0.000943132 6 99,82,66,63,54,38 39,39,32,41,24,18 -1 1102304 819 1280 -1 -1 400 861 -1 -1 1101485,553,159,63,22,11,4,6,0,0,0,1 -1 0,134,159,63,22,11,4,6,0,0,0,1 -1
/media/michal/Pauli/masterdata/processed/annotated/rares/20140910/patrol_run_67/room_3/features/nonPlanes<pfh_uniform_2015-05-17_21-56-22.pcd 0.057441 0.00139202 0.000975189 6 97,72,63,49,33,24 50,41,26,29,13,14 1,0,0,0,0,0 1057571 874 1280 45 70 400 806 19 44 1056697,604,194,39,25,8,1,2,0,0,0,1 0,27,13,3,2,0,0,0,0,0,0,0 0,130,194,39,25,8,1,2,0,0,0,1 0,1,13,3,2,0,0,0,0,0,0,0
/media/michal/Pauli/masterdata/processed/annotated/rares/20140910/patrol_run_69/room_3/features/nonPlanes<pfh_uniform_2015-05-17_21-57-41.pcd 0.0632057 0.0013789 0.00182819 9 133,44,32,30,30,28,27,25,23 71,24,22,21,14,14,16,14,19 0,0,0,0,0,0,0,0,0 1078478 931 1280 35 53 400 749 12 30 1077547,692,165,50,18,2,2,2 0,23,6,6,0,0,0,0 0,161,165,50,18,2,2,2 0,0,6,6,0,0,0,0
/media/michal/Pauli/masterdata/processed/annotated/rares/20140910/patrol_run_71/room_3/features/nonPlanes<pfh_uniform_2015-05-17_21-58-53.pcd 0.0627942 0.00105046 0.00177764 8 173,57,55,52,28,27,26,21 87,23,24,17,12,12,13,13 0,0,0,0,0,0,0,0 1098656 829 1280 15 23 400 851 5 13 1097827,553,177,62,19,12,2,1,0,0,2,0,1 0,10,2,3,0,0,0,0,0,0,0,0,0 0,124,177,62,19,12,2,1,0,0,2,0,1 0,0,2,3,0,0,0,0,0,0,0,0,0
/media/michal/Pauli/masterdata/processed/annotated/rares/20140910/patrol_run_74/room_3/features/nonPlanes<pfh_uniform_2015-05-17_21-59-36.pcd 0.0327509 0.000966371 0.000912377 8 86,85,83,57,43,40,40,35 37,38,40,32,14,18,14,20 0,0,0,0,0,0,1,0 1048800 825 1280 23 45 400 855 12 34 1047975,558,164,54,30,8,6,4,1 0,11,8,1,1,1,1,0,0 0,133,164,54,30,8,6,4,1 0,0,8,1,1,1,1,0,0
/media/michal/Pauli/masterdata/processed/annotated/rares/20140910/patrol_run_77/room_4/features/nonPlanes<pfh_uniform_2015-05-17_22-00-35.pcd 0.0606781 0.0013833 0.000869186 8 122,111,59,49,48,27,21,20 59,47,41,24,20,18,12,12 -1 1101506 838 1280 -1 -1 400 842 -1 -1 1100668,581,158,56,20,12,5,4,1,1 -1 0,143,158,56,20,12,5,4,1,1 -1
/media/michal/Pauli/masterdata/processed/annotated/rares/20140910/patrol_run_79/room_2/features/nonPlanes<pfh_uniform_2015-05-17_22-01-51.pcd 0.0551535 0.00135559 0.0019607 8 267,69,45,43,38,35,33,19 122,22,13,20,19,12,12,15 -1 1097668 780 1280 -1 -1 400 900 -1 -1 1096888,490,188,50,29,8,7,2,3,2,1 -1 0,110,188,50,29,8,7,2,3,2,1 -1
/media/michal/Pauli/masterdata/processed/annotated/rares/20140910/patrol_run_81/room_2/features/nonPlanes<pfh_uniform_2015-05-17_22-02-27.pcd 0.058507 0.0014863 0.00244581 6 105,91,82,80,68,41 44,23,46,34,37,21 -1 1075400 787 1280 -1 -1 400 893 -1 -1 1074613,500,182,57,24,15,3,3,1,0,0,1,0,0,0,0,1 -1 0,113,182,57,24,15,3,3,1,0,0,1,0,0,0,0,1 -1
/media/michal/Pauli/masterdata/processed/annotated/rares/20140911/patrol_run_82/room_3/features/nonPlanes<pfh_uniform_2015-05-17_22-03-15.pcd 0.0613736 0.00138568 0.00190326 9 165,68,43,36,28,28,26,24,24 94,22,14,15,12,12,15,15,12 -1 1146612 845 1280 -1 -1 400 835 -1 -1 1145767,572,176,59,24,6,4,3,1 -1 0,127,176,59,24,6,4,3,1 -1
/media/michal/Pauli/masterdata/processed/annotated/rares/20140911/patrol_run_84/room_3/features/nonPlanes<pfh_uniform_2015-05-17_22-04-05.pcd 0.0669377 0.00253989 0.00279741 6 113,65,59,44,43,30 55,33,29,27,25,16 0,0,0,0,0,0 1094400 895 1280 13 21 400 785 7 15 1093505,636,182,44,21,8,4 0,9,3,0,0,0,1 0,141,182,44,21,8,4 0,3,3,0,0,0,1
/media/michal/Pauli/masterdata/processed/annotated/rares/20140911/patrol_run_88/room_3/features/nonPlanes<pfh_uniform_2015-05-17_22-04-46.pcd 0.0682749 0.00155855 0.00192998 7 119,83,52,48,40,34,26 68,45,23,26,17,15,12 1,0,0,0,0,0,0 960636 896 1280 22 35 400 784 19 32 959740,648,165,49,23,9,1,0,0,0,0,0,1 0,13,7,1,0,1,0,0,0,0,0,0,0 0,152,165,49,23,9,1,0,0,0,0,0,1 0,10,7,1,0,1,0,0,0,0,0,0,0
/media/michal/Pauli/masterdata/processed/annotated/rares/20140911/patrol_run_90/room_3/features/nonPlanes<pfh_uniform_2015-05-17_22-05-27.pcd 0.0780872 0.00235637 0.00232943 9 80,76,67,33,32,31,29,28,22 41,39,41,15,20,16,19,17,14 0,0,0,0,0,0,0,0,0 1165840 890 1280 24 35 400 790 15 26 1164950,647,158,51,22,6,2,2,0,1,0,1 0,15,7,2,0,0,0,0,0,0,0,0 0,157,158,51,22,6,2,2,0,1,0,1 0,6,7,2,0,0,0,0,0,0,0,0
/media/michal/Pauli/masterdata/processed/annotated/rares/20140911/patrol_run_92/room_3/features/nonPlanes<pfh_uniform_2015-05-17_22-06-34.pcd 0.0756503 0.00143409 0.00278747 9 165,111,56,55,43,28,25,25,20 73,46,30,21,15,20,15,15,13 1,0,0,0,0,0,0,0,0 1127840 821 1280 38 92 400 859 31 85 1127019,551,164,64,25,8,3,4,0,0,1,0,0,1 0,18,7,6,2,2,0,2,0,0,1,0,0,0 0,130,164,64,25,8,3,4,0,0,1,0,0,1 0,11,7,6,2,2,0,2,0,0,1,0,0,0
/media/michal/Pauli/masterdata/processed/annotated/rares/20140912/patrol_run_100/room_3/features/nonPlanes<pfh_uniform_2015-05-17_22-07-41.pcd 0.0611527 0.00168333 0.00182536 9 133,121,58,49,48,31,20,19,16 50,68,22,25,23,16,15,16,15 0,0,0,0,0,0,0,0,0 1057122 871 1280 20 31 400 809 6 17 1056251,611,173,52,23,5,4,1,1,0,0,1 0,14,3,1,2,0,0,0,0,0,0,0 0,140,173,52,23,5,4,1,1,0,0,1 0,0,3,1,2,0,0,0,0,0,0,0
/media/michal/Pauli/masterdata/processed/annotated/rares/20140912/patrol_run_102/room_3/features/nonPlanes<pfh_uniform_2015-05-17_22-08-59.pcd 0.0310251 0.000849857 0.00195521 7 144,104,85,50,41,36,26 79,52,38,26,21,13,14 0,0,0,0,0,0,0 1110512 847 1280 27 45 400 833 8 26 1109665,581,164,64,19,13,5,0,1 0,19,2,3,2,1,0,0,0 0,134,164,64,19,13,5,0,1 0,0,2,3,2,1,0,0,0
/media/michal/Pauli/masterdata/processed/annotated/rares/20140912/patrol_run_104/room_3/features/nonPlanes<pfh_uniform_2015-05-17_22-10-08.pcd 0.0629973 0.00125702 0.00230533 7 123,98,87,60,37,32,23 55,60,41,26,24,14,14 1,0,0,0,0,0,0 1109600 878 1280 35 59 400 802 13 37 1108722,615,184,40,25,10,2,1,1 0,22,6,4,2,1,0,0,0 0,137,184,40,25,10,2,1,1 0,0,6,4,2,1,0,0,0
/media/michal/Pauli/masterdata/processed/annotated/rares/20140912/patrol_run_94/room_3/features/nonPlanes<pfh_uniform_2015-05-17_22-11-28.pcd 0.0603071 0.00105156 0.00182453 7 147,102,98,58,57,34,22 56,43,43,34,32,15,16 0,0,0,0,0,0,0 948600 839 1280 17 29 400 841 7 19 947761,579,162,54,27,8,2,3,2,2 0,10,4,1,2,0,0,0,0,0 0,140,162,54,27,8,2,3,2,2 0,0,4,1,2,0,0,0,0,0
/media/michal/Pauli/masterdata/processed/annotated/rares/20140912/patrol_run_96/room_2/features/nonPlanes<pfh_uniform_2015-05-17_22-12-47.pcd 0.0860498 0.00159687 0.0011989 7 118,79,73,67,52,47,38 75,29,23,33,18,26,14 0,0,1,0,0,0,0 1124838 817 1280 35 85 400 863 23 73 1124021,538,181,59,17,13,3,1,4,0,0,0,0,1 0,12,12,3,3,4,0,0,1,0,0,0,0,0 0,121,181,59,17,13,3,1,4,0,0,0,0,1 0,0,12,3,3,4,0,0,1,0,0,0,0,0
/media/michal/Pauli/masterdata/processed/annotated/rares/20140912/patrol_run_98/room_3/features/nonPlanes<pfh_uniform_2015-05-17_22-13-53.pcd 0.0471156 0.000881022 0.0025742 4 202,119,66,62 107,56,29,28 0,1,0,0 1043936 836 1280 44 77 400 844 24 57 1043100,573,170,46,28,8,7,2,1,0,0,0,0,1 0,29,8,3,1,1,1,0,1,0,0,0,0,0 0,137,170,46,28,8,7,2,1,0,0,0,0,1 0,9,8,3,1,1,1,0,1,0,0,0,0,0
/media/michal/Pauli/masterdata/processed/annotated/rares/20140921/patrol_run_110/room_2/features/nonPlanes<pfh_uniform_2015-05-17_22-15-10.pcd 0.0651755 0.00193507 0.00178255 9 76,65,56,48,46,44,39,30,26 42,47,28,22,24,19,15,15,15 -1 1150032 887 1280 -1 -1 400 793 -1 -1 1149145,642,150,61,21,9,2,2 -1 0,155,150,61,21,9,2,2 -1
/media/michal/Pauli/masterdata/processed/annotated/rares/20140921/patrol_run_112/room_2/features/nonPlanes<pfh_uniform_2015-05-17_22-16-32.pcd 0.0583365 0.00142415 0.00179835 9 89,77,68,67,50,43,34,18,15 32,35,43,28,24,14,18,12,12 -1 1137150 864 1280 -1 -1 400 816 -1 -1 1136286,594,178,60,20,6,3,2,1 -1 0,130,178,60,20,6,3,2,1 -1
/media/michal/Pauli/masterdata/processed/annotated/rares/20140921/patrol_run_114/room_1/features/nonPlanes<pfh_uniform_2015-05-17_22-17-51.pcd 0.0379855 0.00100201 0.00129515 8 142,49,40,39,37,29,22,15 70,37,19,20,19,12,12,12 -1 1135060 820 1280 -1 -1 400 860 -1 -1 1134240,543,176,55,22,14,8,2 -1 0,123,176,55,22,14,8,2 -1
/media/michal/Pauli/masterdata/processed/annotated/rares/20140922/patrol_run_116/room_2/features/nonPlanes<pfh_uniform_2015-05-17_22-19-06.pcd 0.0619379 0.00166506 0.00193498 6 162,102,88,84,72,19 78,40,42,43,38,12 -1 1135668 840 1280 -1 -1 400 840 -1 -1 1134828,570,169,60,23,9,8,1 -1 0,130,169,60,23,9,8,1 -1
/media/michal/Pauli/masterdata/processed/annotated/rares/20140922/patrol_run_118/room_2/features/nonPlanes<pfh_uniform_2015-05-17_22-20-28.pcd 0.0321669 0.000894341 0.00296549 9 109,68,55,51,49,41,38,36,17 61,38,29,24,23,13,17,18,12 0,0,0,0,1,0,0,0,0 1197684 855 1280 22 34 400 825 6 18 1196829,595,149,73,28,6,2,2 0,16,1,4,1,0,0,0 0,140,149,73,28,6,2,2 0,0,1,4,1,0,0,0
/media/michal/Pauli/masterdata/processed/annotated/rares/20140922/patrol_run_120/room_1/features/nonPlanes<pfh_uniform_2015-05-17_22-21-34.pcd 0.0305128 0.000884535 0.0008643 8 121,105,61,55,51,48,39,25 61,48,29,21,22,28,21,16 -1 1163902 814 1280 -1 -1 400 866 -1 -1 1163088,546,169,45,30,12,4,7,1 -1 0,132,169,45,30,12,4,7,1 -1
/media/michal/Pauli/masterdata/processed/annotated/rares/20140922/patrol_run_124/room_2/features/nonPlanes<pfh_uniform_2015-05-17_22-22-45.pcd 0.0686057 0.00161163 0.00192949 7 216,120,27,23,21,18,16 109,54,13,19,15,12,13 0,0,0,0,0,0,0 1189476 897 1280 30 48 400 783 17 35 1188579,623,196,54,18,5,1 0,16,10,4,0,0,0 0,126,196,54,18,5,1 0,3,10,4,0,0,0
/media/michal/Pauli/masterdata/processed/annotated/rares/20140922/patrol_run_126/room_2/features/nonPlanes<pfh_uniform_2015-05-17_22-24-20.pcd 0.0619931 0.00153314 0.00192361 9 115,89,77,69,38,34,29,25,22 63,37,33,29,17,19,20,15,12 0,0,0,0,0,0,0,0,0 1158810 837 1280 17 35 400 843 8 26 1157973,560,176,65,18,12,2,3,1 0,9,4,2,0,1,0,1,0 0,123,176,65,18,12,2,3,1 0,0,4,2,0,1,0,1,0
/media/michal/Pauli/masterdata/processed/annotated/rares/20140922/patrol_run_128/room_2/features/nonPlanes<pfh_uniform_2015-05-17_22-25-34.pcd 0.029799 0.000846609 0.000848148 8 127,89,70,45,40,33,30,25 52,52,33,22,17,21,21,12 0,0,0,0,0,0,0,0 1108536 863 1280 41 79 400 817 20 58 1107673,597,181,45,25,10,1,2,2 0,21,7,9,3,1,0,0,0 0,134,181,45,25,10,1,2,2 0,0,7,9,3,1,0,0,0
/media/michal/Pauli/masterdata/processed/annotated/rares/20140922/patrol_run_130/room_2/features/nonPlanes<pfh_uniform_2015-05-17_22-26-15.pcd 0.0584696 0.00123019 0.00187266 9 134,85,70,57,55,40,39,32,15 64,36,37,32,19,17,14,15,12 0,0,0,0,0,0,1,0,0 1066964 819 1280 16 38 400 861 12 34 1066145,555,153,61,29,15,2,1,2,0,1 0,4,5,5,1,1,0,0,0,0,0 0,136,153,61,29,15,2,1,2,0,1 0,0,5,5,1,1,0,0,0,0,0
/media/michal/Pauli/masterdata/processed/annotated/rares/20140922/patrol_run_132/room_1/features/nonPlanes<pfh_uniform_2015-05-17_22-26-58.pcd 0.0648584 0.00147666 0.00177861 3 243,160,42 117,66,20 0,0,0 1156036 846 1280 11 20 400 834 9 18 1155190,584,174,45,23,13,2,0,2,2,1 0,7,1,2,0,1,0,0,0,0,0 0,138,174,45,23,13,2,0,2,2,1 0,5,1,2,0,1,0,0,0,0,0
/media/michal/Pauli/masterdata/processed/annotated/rares/20140922/patrol_run_134/room_2/features/nonPlanes<pfh_uniform_2015-05-17_22-27-54.pcd 0.0579039 0.00137274 0.00184141 7 146,47,46,44,43,34,24 75,22,26,17,24,15,13 0,0,0,1,0,0,0 1114464 872 1280 28 51 400 808 11 34 1113592,611,174,51,21,10,3,0,2 0,17,5,2,2,2,0,0,0 0,139,174,51,21,10,3,0,2 0,0,5,2,2,2,0,0,0
/media/michal/Pauli/masterdata/processed/annotated/rares/20140922/patrol_run_138/room_2/features/nonPlanes<pfh_uniform_2015-05-17_22-29-06.pcd 0.027843 0.00070191 0.0015044 11 61,61,58,58,47,44,43,42,38,29,26 32,23,29,24,22,18,21,26,15,20,19 -1 1197912 837 1280 -1 -1 400 843 -1 -1 1197075,568,165,55,33,11,5 -1 0,131,165,55,33,11,5 -1
/media/michal/Pauli/masterdata/processed/annotated/rares/20140923/patrol_run_139/room_2/features/nonPlanes<pfh_uniform_2015-05-17_22-29-50.pcd 0.0422272 0.00182569 0.00119235 6 166,160,50,38,32,29 86,75,21,16,16,20 0,1,0,0,0,0 996812 834 1280 41 64 400 846 17 40 995978,557,179,60,22,9,1,3,2,1 0,24,12,4,1,0,0,0,0,0 0,123,179,60,22,9,1,3,2,1 0,0,12,4,1,0,0,0,0,0
/media/michal/Pauli/masterdata/processed/annotated/rares/20140923/patrol_run_141/room_2/features/nonPlanes<pfh_uniform_2015-05-17_22-30-32.pcd 0.0847807 0.000742841 0.000943461 9 126,61,59,58,53,43,26,22,20 56,35,34,25,27,13,15,13,12 0,0,0,0,0,0,0,0,0 1166676 809 1280 25 51 400 871 11 37 1165867,530,171,65,21,10,10,0,1,0,0,1 0,14,3,4,2,1,1,0,0,0,0,0 0,121,171,65,21,10,10,0,1,0,0,1 0,0,3,4,2,1,1,0,0,0,0,0
/media/michal/Pauli/masterdata/processed/annotated/rares/20140923/patrol_run_144/room_2/features/nonPlanes<pfh_uniform_2015-05-17_22-31-09.pcd 0.0326365 0.000694648 0.000957913 9 105,87,65,43,35,32,29,26,24 52,48,26,14,19,19,14,14,17 0,0,0,0,0,0,0,0,0 1021554 838 1280 14 23 400 842 5 14 1020716,574,172,44,28,10,5,2,3 0,9,4,0,0,0,1,0,0 0,136,172,44,28,10,5,2,3 0,0,4,0,0,0,1,0,0
/media/michal/Pauli/masterdata/processed/annotated/rares/20140923/patrol_run_146/room_2/features/nonPlanes<pfh_uniform_2015-05-17_22-32-04.pcd 0.0627633 0.00103154 0.00183931 5 268,114,72,29,23 121,46,36,18,12 0,0,0,0,0 961792 779 1280 9 11 400 901 2 4 961013,495,168,59,30,17,4,5,1 0,7,2,0,0,0,0,0,0 0,116,168,59,30,17,4,5,1 0,0,2,0,0,0,0,0,0
/media/michal/Pauli/masterdata/processed/annotated/rares/20140923/patrol_run_148/room_2/features/nonPlanes<pfh_uniform_2015-05-17_22-33-10.pcd 0.060664 0.00148176 0.00210444 7 142,104,92,42,34,27,25 72,50,50,16,17,15,14 -1 1143952 827 1280 -1 -1 400 853 -1 -1 1143125,558,169,52,30,9,4,2,2,1 -1 0,131,169,52,30,9,4,2,2,1 -1
/media/michal/Pauli/masterdata/processed/annotated/rares/20140923/patrol_run_150/room_2/features/nonPlanes<pfh_uniform_2015-05-17_22-34-34.pcd 0.0585384 0.00169679 0.0018441 9 104,96,94,51,41,28,27,17,13 54,41,39,24,23,13,17,14,12 -1 1115756 827 1280 -1 -1 400 853 -1 -1 1114929,554,176,55,27,8,3,2,0,1,0,0,0,0,0,0,0,0,0,0,1 -1 0,127,176,55,27,8,3,2,0,1,0,0,0,0,0,0,0,0,0,0,1 -1
/media/michal/Pauli/masterdata/processed/annotated/rares/20140924/patrol_run_152/room_2/features/nonPlanes<pfh_uniform_2015-05-17_22-35-15.pcd 0.0259768 0.00111545 0.000822229 7 97,94,56,45,45,37,31 54,43,16,30,18,20,22 -1 1068522 824 1280 -1 -1 400 856 -1 -1 1067698,539,186,58,28,5,4,1,1,1,1 -1 0,115,186,58,28,5,4,1,1,1,1 -1
/media/michal/Pauli/masterdata/processed/annotated/rares/20140924/patrol_run_156/room_2/features/nonPlanes<pfh_uniform_2015-05-17_22-35-47.pcd 0.0418089 0.000801116 0.00100587 11 102,88,45,44,42,26,25,24,23,23,19 48,43,19,30,20,13,12,16,17,13,13 -1 1129170 861 1280 -1 -1 400 819 -1 -1 1128309,602,166,56,18,10,7,2 -1 0,141,166,56,18,10,7,2 -1
/media/michal/Pauli/masterdata/processed/annotated/rares/20140924/patrol_run_158/room_1/features/nonPlanes<pfh_uniform_2015-05-17_22-36-20.pcd 0.056322 0.00127609 0.00181115 6 173,107,58,52,40,40 89,45,23,22,20,16 -1 1068522 809 1280 -1 -1 400 871 -1 -1 1067713,520,185,64,21,11,3,2,1,1,1 -1 0,111,185,64,21,11,3,2,1,1,1 -1
/media/michal/Pauli/masterdata/processed/annotated/rares/20140924/patrol_run_162/room_2/features/nonPlanes<pfh_uniform_2015-05-17_22-36-56.pcd 0.0562025 0.00131987 0.00195123 7 145,103,90,76,34,32,15 79,39,41,35,17,16,12 -1 1090600 819 1280 -1 -1 400 861 -1 -1 1089781,545,176,53,26,9,4,2,2,0,1,1 -1 0,126,176,53,26,9,4,2,2,0,1,1 -1
/media/michal/Pauli/masterdata/processed/annotated/rares/20140924/patrol_run_164/room_1/features/nonPlanes<pfh_uniform_2015-05-17_22-37-35.pcd 0.0622506 0.00125145 0.00190568 8 123,101,40,36,31,26,22,18 72,39,24,25,21,13,12,15 -1 975936 898 1280 -1 -1 400 782 -1 -1 975038,650,165,51,19,9,3,0,1 -1 0,152,165,51,19,9,3,0,1 -1
/media/michal/Pauli/masterdata/processed/annotated/rares/20140924/patrol_run_166/room_2/features/nonPlanes<pfh_uniform_2015-05-17_22-38-14.pcd 0.057323 0.00184363 0.00188107 9 133,81,57,37,34,32,23,19,17 78,30,29,12,17,19,20,12,12 -1 1121076 851 1280 -1 -1 400 829 -1 -1 1120225,592,163,57,21,11,4,1,1,0,0,0,0,1 -1 0,141,163,57,21,11,4,1,1,0,0,0,0,1 -1
