feature_extraction: {cloud_offset: 0, compute_features: false, downsample_leaf_size: 0.05,
  feature_selection: susan, feature_type: shot, fpfh_radius: 0.05, harris_nonmax: true,
  harris_radius: 0.05, harris_refine: true, harris_thresh: 0.001, input_cloud: /media/michal/Pauli/masterdata/processed/annotated/rares/20140908/patrol_run_36/room_3/nonPlanes.pcd,
  iss_min_neighbours: 5, iss_nonmax_mult: 4, iss_salient_mult: 6, iss_thresh21: 0.975,
  iss_thresh32: 0.975, match: 'NULL', output_dir: '/home/michal/Downloads/pcddata/testing/ipselect/susan/r0,05_it15',
  pfh_radius: 0.05, pfhrgb_radius: 0.05, shot_radius: 0.05, sift_min_contrast: 0,
  sift_min_scale: 0.04, sift_octave_scales: 5, sift_octaves: 4, susan_ang_thresh: 0.001,
  susan_dist_thresh: 0.001, susan_intensity_thresh: 15, susan_nonmax: true, susan_radius: 0.05,
  usc_density_radius: 0.01, usc_local_radius: 0.05, usc_minimal_radius: 0.005, usc_radius: 0.05}
obj_search:
  camera_z: 1.7
  ceiling_z: 2.27
  floor_z: 0
  object_query: {K: 5}
  processed_data_dir: /home/michal/Downloads/pcddata/processed/
  raw_data_dir: /media/michal/Pauli/masterdata/raw/
object_query: {K: 10, cluster_maxsize: 500, cluster_minsize: 12, cluster_tolerance: 0.2,
  clusters_to_results: true, extract_mult: 1.3, match: nonPlanes<pfh_uniform, n_max_points: 400,
  output_dir: 'NULL', query_features: '/home/michal/Downloads/pcddata/processed/query/queryobjects/0,02/chair1/features/rgb_0015_label_chair1<pfh_uniform_2015-05-28_10-59-57.pcd',
  results_out: '/home/michal/Downloads/pcddata/processed/query/k10_mx400_t0,2/ds0_02mp_4500',
  subdirs: 4, target_features: /media/michal/Pauli/masterdata/processed/paramtest/ds0_02mp_4500,
  x_step_hough: 0.05, y_step_hough: 0.05, z_step_hough: 0.05}
rosdistro: 'indigo

  '
roslaunch:
  uris: {host_tycho__37774: 'http://tycho:37774/', host_tycho__45608: 'http://tycho:45608/',
    host_tycho__47618: 'http://tycho:47618/', host_tycho__51292: 'http://tycho:51292/',
    host_tycho__54664: 'http://tycho:54664/', host_tycho__55589: 'http://tycho:55589/'}
rosversion: '1.11.10

  '
run_id: e1b364d6-076e-11e5-ae87-3c970e77227e
BEGIN_DATA
# fname t_query t_hough t_cluster cluster_n cluster_scores cluster_points cluster_inobb n_hough_tot nonzero_hough hough_votes boxpts boxvotes maxpts maxvotes maxboxpts maxboxvotes hough_hist box_hist max_hist boxmax_hist
/media/michal/Pauli/masterdata/processed/paramtest/ds0_02mp_4500/annotated/rares/20140820/patrol_run_2/room_1/features/nonPlanes<pfh_uniform_2015-05-18_22-00-52.pcd 0.132966 0.00102299 0.00207457 10 290,193,177,88,75,66,65,56,50,49 59,45,39,22,19,16,16,14,12,13 1,0,0,0,0,0,0,0,0,0 453288 1531 3150 155 407 400 1680 54 270 451757,792,341,173,95,65,31,24,5,1,1,1,0,0,2 0,65,36,17,10,14,5,3,0,1,1,1,0,0,2 0,0,2,173,95,65,31,24,5,1,1,1,0,0,2 0,0,0,17,10,14,5,3,0,1,1,1,0,0,2
/media/michal/Pauli/masterdata/processed/paramtest/ds0_02mp_4500/annotated/rares/20140820/patrol_run_4/room_0/features/nonPlanes<pfh_uniform_2015-05-18_22-00-57.pcd 0.198468 0.00146276 0.00273595 8 294,161,148,72,72,59,47,46 69,44,40,18,12,12,12,13 0,0,1,0,0,0,0,0 424446 1550 3150 119 260 400 1638 42 156 422896,789,360,169,137,44,25,12,9,1,2,0,0,0,0,1,1 0,50,27,22,12,6,2,0,0,0,0,0,0,0,0,0,0 0,0,0,168,137,44,25,12,9,1,2,0,0,0,0,1,1 0,0,0,22,12,6,2,0,0,0,0,0,0,0,0,0,0
/media/michal/Pauli/masterdata/processed/paramtest/ds0_02mp_4500/annotated/rares/20140828/patrol_run_19/room_3/features/nonPlanes<pfh_uniform_2015-05-18_22-01-02.pcd 0.0861322 0.000702896 0.00196539 6 375,202,75,73,65,47 96,52,20,15,19,12 1,0,0,0,0,0 407880 1692 3150 147 372 400 1502 66 256 406188,936,375,200,105,45,14,9,4,2,0,2 0,46,36,33,18,8,2,2,1,1,0,0 0,0,19,200,105,45,14,9,4,2,0,2 0,0,1,33,18,8,2,2,1,1,0,0
/media/michal/Pauli/masterdata/processed/paramtest/ds0_02mp_4500/annotated/rares/20140829/patrol_run_20/room_3/features/nonPlanes<pfh_uniform_2015-05-18_22-01-08.pcd 0.225072 0.00103299 0.000948519 7 274,213,95,62,61,54,47 71,46,23,13,18,16,12 0,0,0,0,0,0,1 461736 1664 3150 58 132 400 1546 20 80 460072,924,368,180,98,52,18,11,8,3,0,2 0,24,15,7,7,3,0,2,0,0,0,0 0,0,28,180,98,52,18,11,8,3,0,2 0,0,1,7,7,3,0,2,0,0,0,0
/media/michal/Pauli/masterdata/processed/paramtest/ds0_02mp_4500/annotated/rares/20140829/patrol_run_26/room_2/features/nonPlanes<pfh_uniform_2015-05-18_22-01-13.pcd 0.180042 0.00125955 0.0016689 6 248,226,181,116,55,51 58,58,43,35,13,14 1,0,0,0,0,0 404481 1670 3150 154 345 400 1515 48 205 402811,905,406,172,106,37,23,12,3,2,1,2,1 0,72,37,17,11,7,5,3,0,2,0,0,0 0,0,41,172,106,37,23,12,3,2,1,2,1 0,0,3,17,11,7,5,3,0,2,0,0,0
/media/michal/Pauli/masterdata/processed/paramtest/ds0_02mp_4500/annotated/rares/20140901/patrol_run_27/room_2/features/nonPlanes<pfh_uniform_2015-05-18_22-01-18.pcd 0.229724 0.0020754 0.00237685 7 220,216,196,61,57,55,46 56,52,43,12,13,13,13 0,1,0,0,0,0,0 424710 1513 3150 115 290 400 1668 50 203 423197,770,317,204,108,53,27,18,7,1,6,0,2 0,43,22,25,9,11,1,2,1,1,0,0,0 0,0,0,178,108,53,27,18,7,1,6,0,2 0,0,0,25,9,11,1,2,1,1,0,0,0
/media/michal/Pauli/masterdata/processed/paramtest/ds0_02mp_4500/annotated/rares/20140901/patrol_run_31/room_2/features/nonPlanes<pfh_uniform_2015-05-18_22-01-23.pcd 0.219607 0.00240258 0.00275229 9 231,124,103,83,79,66,55,55,46 53,24,24,18,18,15,14,13,13 0,0,0,0,0,0,0,1,0 460845 1491 3150 23 59 400 1734 9 39 459354,766,331,150,112,58,42,13,9,3,2,1,1,1,0,0,0,0,2 0,8,6,4,2,1,1,0,1,0,0,0,0,0,0,0,0,0,0 0,0,6,150,112,58,42,13,9,3,2,1,1,1,0,0,0,0,2 0,0,0,4,2,1,1,0,1,0,0,0,0,0,0,0,0,0,0
/media/michal/Pauli/masterdata/processed/paramtest/ds0_02mp_4500/annotated/rares/20140901/patrol_run_32/room_2/features/nonPlanes<pfh_uniform_2015-05-18_22-01-28.pcd 0.13073 0.00268951 0.0025037 4 208,129,102,86 57,30,29,22 0,0,0,0 446160 1695 3150 21 31 400 1521 3 9 444465,961,369,183,102,35,24,12,2,3,0,2,1,0,1 0,14,4,3,0,0,0,0,0,0,0,0,0,0,0 0,0,35,183,102,35,24,12,2,3,0,2,1,0,1 0,0,0,3,0,0,0,0,0,0,0,0,0,0,0
/media/michal/Pauli/masterdata/processed/paramtest/ds0_02mp_4500/annotated/rares/20140901/patrol_run_33/room_1/features/nonPlanes<pfh_uniform_2015-05-18_22-01-33.pcd 0.109937 0.000828544 0.00161457 8 339,101,95,91,62,56,46,46 82,18,22,22,14,15,13,13 -1 451044 1596 3150 -1 -1 400 1618 -1 -1 449448,860,365,156,107,49,29,11,12,2,1,4 -1 0,0,29,156,107,49,29,11,12,2,1,4 -1
/media/michal/Pauli/masterdata/processed/paramtest/ds0_02mp_4500/annotated/rares/20140902/patrol_run_35/room_2/features/nonPlanes<pfh_uniform_2015-05-18_22-01-39.pcd 0.247598 0.00132418 0.00262552 7 215,171,128,89,87,85,67 47,44,37,20,22,22,20 1,0,0,0,0,0,0 451044 1632 3150 119 311 400 1564 47 215 449412,878,387,165,105,48,27,9,8,3,0,1,0,0,0,0,1 0,48,27,18,9,3,7,3,2,1,0,0,0,0,0,0,1 0,0,33,165,105,48,27,9,8,3,0,1,0,0,0,0,1 0,0,3,18,9,3,7,3,2,1,0,0,0,0,0,0,1
/media/michal/Pauli/masterdata/processed/paramtest/ds0_02mp_4500/annotated/rares/20140902/patrol_run_38/room_0/features/nonPlanes<pfh_uniform_2015-05-18_22-01-44.pcd 0.225776 0.00181607 0.00281918 10 297,155,150,135,132,102,87,71,61,58 60,31,31,30,31,20,17,15,13,12 0,0,0,0,1,0,0,0,0,0 427977 1327 3150 96 236 400 1837 31 132 426650,577,314,172,121,52,38,17,15,3,11,5,1,0,1 0,28,35,11,13,6,1,1,0,0,1,0,0,0,0 0,0,0,136,121,52,38,17,15,3,11,5,1,0,1 0,0,0,9,13,6,1,1,0,0,1,0,0,0,0
/media/michal/Pauli/masterdata/processed/paramtest/ds0_02mp_4500/annotated/rares/20140903/patrol_run_1/room_4/features/nonPlanes<pfh_uniform_2015-05-18_22-01-48.pcd 0.233827 0.00166295 0.00241009 9 225,131,123,92,82,80,76,57,55 55,22,28,25,18,19,19,13,13 0,0,0,0,0,0,0,0,0 470184 1475 3150 56 122 400 1720 17 69 468709,727,341,179,132,26,24,15,14,5,4,3,3,0,0,1,1 0,25,14,8,7,1,0,0,0,0,0,0,1,0,0,0,0 0,0,0,172,132,26,24,15,14,5,4,3,3,0,0,1,1 0,0,0,8,7,1,0,0,0,0,0,0,1,0,0,0,0
/media/michal/Pauli/masterdata/processed/paramtest/ds0_02mp_4500/annotated/rares/20140903/patrol_run_10/room_2/features/nonPlanes<pfh_uniform_2015-05-18_22-01-54.pcd 0.163765 0.00144722 0.00247956 6 326,92,87,86,81,62 75,21,20,15,20,17 0,0,0,0,0,0 453024 1513 3150 27 64 400 1682 10 41 451511,758,361,162,111,66,24,13,8,0,5,3,0,1,0,1 0,11,6,5,2,1,1,1,0,0,0,0,0,0,0,0 0,0,6,162,111,66,24,13,8,0,5,3,0,1,0,1 0,0,0,5,2,1,1,1,0,0,0,0,0,0,0,0
/media/michal/Pauli/masterdata/processed/paramtest/ds0_02mp_4500/annotated/rares/20140903/patrol_run_12/room_2/features/nonPlanes<pfh_uniform_2015-05-18_22-01-58.pcd 0.142437 0.000537547 0.000716055 8 188,158,124,113,96,78,75,48 41,35,25,28,24,13,17,13 0,0,0,0,0,0,0,0 434214 1426 3150 45 88 400 1712 10 40 432788,650,340,201,121,46,25,26,7,0,3,3,2,1,0,1 0,22,13,3,4,3,0,0,0,0,0,0,0,0,0,0 0,0,0,165,121,46,25,26,7,0,3,3,2,1,0,1 0,0,0,3,4,3,0,0,0,0,0,0,0,0,0,0
/media/michal/Pauli/masterdata/processed/paramtest/ds0_02mp_4500/annotated/rares/20140903/patrol_run_14/room_1/features/nonPlanes<pfh_uniform_2015-05-18_22-02-03.pcd 0.209787 0.00136429 0.00103233 8 245,94,79,65,63,50,47,46 64,24,19,21,13,12,13,13 0,0,0,0,0,0,1,0 434313 1692 3150 46 92 400 1515 15 54 432621,949,378,175,119,31,19,7,9,2,0,1,1,1 0,24,8,7,5,1,1,0,0,0,0,0,0,0 0,0,35,175,119,31,19,7,9,2,0,1,1,1 0,0,1,7,5,1,1,0,0,0,0,0,0,0
/media/michal/Pauli/masterdata/processed/paramtest/ds0_02mp_4500/annotated/rares/20140903/patrol_run_2/room_4/features/nonPlanes<pfh_uniform_2015-05-18_22-02-09.pcd 0.210167 0.00127554 0.00277737 7 259,191,110,106,99,93,54 69,48,27,30,25,24,13 0,1,0,0,0,1,0 462264 1622 3150 168 387 400 1548 62 238 460642,842,381,198,121,41,23,9,2,4,1 0,63,44,28,19,9,4,1,0,0,0 0,0,1,198,121,41,23,9,2,4,1 0,0,1,28,19,9,4,1,0,0,0
/media/michal/Pauli/masterdata/processed/paramtest/ds0_02mp_4500/annotated/rares/20140903/patrol_run_9/room_2/features/nonPlanes<pfh_uniform_2015-05-18_22-02-14.pcd 0.161622 0.00103109 0.00183075 9 171,162,86,80,80,78,59,59,47 40,42,19,18,17,20,17,14,13 0,0,0,0,0,0,0,0,0 473088 1573 3150 38 75 400 1612 11 42 471515,811,359,186,125,51,15,10,8,3,2,1,1,0,1 0,21,6,4,5,2,0,0,0,0,0,0,0,0,0 0,0,0,183,125,51,15,10,8,3,2,1,1,0,1 0,0,0,4,5,2,0,0,0,0,0,0,0,0,0
/media/michal/Pauli/masterdata/processed/paramtest/ds0_02mp_4500/annotated/rares/20140904/patrol_run_15/room_2/features/nonPlanes<pfh_uniform_2015-05-18_22-02-19.pcd 0.161208 0.00145232 0.0016691 7 167,163,81,68,56,51,42 44,42,28,14,15,16,12 0,1,0,0,0,0,0 517902 1718 3150 131 283 400 1488 39 163 516184,974,400,172,91,38,18,16,3,1,4,0,0,1 0,64,33,14,6,5,3,5,0,1,0,0,0,0 0,0,56,172,91,38,18,16,3,1,4,0,0,1 0,0,5,14,6,5,3,5,0,1,0,0,0,0
/media/michal/Pauli/masterdata/processed/paramtest/ds0_02mp_4500/annotated/rares/20140905/patrol_run_17/room_2/features/nonPlanes<pfh_uniform_2015-05-18_22-02-24.pcd 0.152687 0.00103616 0.00164619 7 199,122,106,97,76,64,58 49,28,26,25,17,14,13 1,0,0,0,0,0,0 446160 1558 3150 122 280 400 1658 47 187 444602,824,346,176,100,43,29,21,10,3,4,1,1 0,57,22,19,11,6,4,2,0,0,1,0,0 0,0,12,176,100,43,29,21,10,3,4,1,1 0,0,4,19,11,6,4,2,0,0,1,0,0
/media/michal/Pauli/masterdata/processed/paramtest/ds0_02mp_4500/annotated/rares/20140905/patrol_run_19/room_1/features/nonPlanes<pfh_uniform_2015-05-18_22-02-29.pcd 0.208175 0.00152526 0.00242221 11 115,105,105,88,80,67,66,64,52,47,44 28,24,22,18,20,19,16,15,13,13,12 1,0,0,0,0,0,0,0,0,0,0 453024 1577 3150 101 204 400 1632 29 111 451447,836,355,175,113,41,26,12,5,5,5,1,3 0,51,21,12,12,4,0,1,0,0,0,0,0 0,0,14,175,113,41,26,12,5,5,5,1,3 0,0,0,12,12,4,0,1,0,0,0,0,0
/media/michal/Pauli/masterdata/processed/paramtest/ds0_02mp_4500/annotated/rares/20140905/patrol_run_21/room_2/features/nonPlanes<pfh_uniform_2015-05-18_22-02-35.pcd 0.160591 0.00138185 0.00166736 6 179,116,113,75,49,46 43,33,32,17,14,12 0,0,0,0,0,0 419265 1567 3150 88 189 400 1630 23 106 417698,814,362,199,98,38,23,19,4,1,0,3,1,1,2,0,0,1,1 0,47,18,9,2,4,5,3,0,0,0,0,0,0,0,0,0,0,0 0,0,9,199,98,38,23,19,4,1,0,3,1,1,2,0,0,1,1 0,0,0,9,2,4,5,3,0,0,0,0,0,0,0,0,0,0,0
/media/michal/Pauli/masterdata/processed/paramtest/ds0_02mp_4500/annotated/rares/20140905/patrol_run_23/room_2/features/nonPlanes<pfh_uniform_2015-05-18_22-02-41.pcd 0.144928 0.00100518 0.0016382 8 121,116,106,98,67,66,60,59 29,27,26,26,14,20,15,16 0,0,0,1,0,0,0,0 463320 1565 3150 88 196 400 1643 30 118 461755,823,352,182,109,49,16,12,9,5,2,3,0,0,0,2,1 0,38,20,15,9,4,0,0,1,1,0,0,0,0,0,0,0 0,0,10,182,109,49,16,12,9,5,2,3,0,0,0,2,1 0,0,0,15,9,4,0,0,1,1,0,0,0,0,0,0,0
/media/michal/Pauli/masterdata/processed/paramtest/ds0_02mp_4500/annotated/rares/20140905/patrol_run_25/room_1/features/nonPlanes<pfh_uniform_2015-05-18_22-02-47.pcd 0.14068 0.00108692 0.00255276 8 190,122,102,96,93,72,66,56 44,26,22,26,18,17,12,14 0,1,0,0,0,0,0,0 407286 1443 3150 95 233 400 1765 31 149 405843,728,288,183,112,59,27,14,15,8,2,4,1,2 0,44,20,9,8,10,0,0,2,0,0,1,0,1 0,0,0,156,112,59,27,14,15,8,2,4,1,2 0,0,0,9,8,10,0,0,2,0,0,1,0,1
/media/michal/Pauli/masterdata/processed/paramtest/ds0_02mp_4500/annotated/rares/20140905/patrol_run_27/room_2/features/nonPlanes<pfh_uniform_2015-05-18_22-02-52.pcd 0.0779218 0.00091712 0.00222798 9 242,104,103,89,86,80,68,60,45 66,26,32,23,21,16,12,15,14 0,0,0,0,0,0,0,1,0 470448 1631 3150 93 201 400 1536 26 107 468817,848,398,209,95,33,30,8,4,2,2,1,0,0,0,0,0,1 0,40,27,12,7,3,2,1,0,1,0,0,0,0,0,0,0,0 0,0,15,209,95,33,30,8,4,2,2,1,0,0,0,0,0,1 0,0,0,12,7,3,2,1,0,1,0,0,0,0,0,0,0,0
/media/michal/Pauli/masterdata/processed/paramtest/ds0_02mp_4500/annotated/rares/20140905/patrol_run_29/room_2/features/nonPlanes<pfh_uniform_2015-05-18_22-02-57.pcd 0.149029 0.001607 0.00164013 8 376,122,116,87,86,76,71,53 89,30,25,19,14,14,14,12 0,1,0,0,0,0,0,0 437580 1502 3150 61 154 400 1719 24 100 436078,773,333,170,107,45,37,13,8,5,5,1,2,1,2 0,20,17,12,5,3,1,2,0,1,0,0,0,0,0 0,0,4,170,107,45,37,13,8,5,5,1,2,1,2 0,0,0,12,5,3,1,2,0,1,0,0,0,0,0
/media/michal/Pauli/masterdata/processed/paramtest/ds0_02mp_4500/annotated/rares/20140905/patrol_run_30/room_1/features/nonPlanes<pfh_uniform_2015-05-18_22-03-03.pcd 0.147016 0.00101218 0.00179093 8 314,193,127,99,96,84,68,44 66,39,27,26,18,20,15,12 0,0,0,0,0,0,0,1 400554 1410 3150 57 119 400 1760 18 63 399144,665,310,194,116,58,25,14,10,6,2,3,2,1,3,1 0,22,17,13,3,1,0,1,0,0,0,0,0,0,0,0 0,0,0,159,116,58,25,14,10,6,2,3,2,1,3,1 0,0,0,13,3,1,0,1,0,0,0,0,0,0,0,0
/media/michal/Pauli/masterdata/processed/paramtest/ds0_02mp_4500/annotated/rares/20140905/patrol_run_30/room_7/features/nonPlanes<pfh_uniform_2015-05-18_22-03-08.pcd 0.148639 0.00103388 0.00170043 11 165,97,87,87,75,64,57,55,53,50,46 45,22,24,24,18,18,17,15,12,14,13 0,0,0,0,0,1,0,0,0,0,1 458865 1640 3150 98 208 400 1523 31 111 457225,853,393,209,113,36,17,10,4,2,3 0,37,33,14,11,1,0,2,0,0,0 0,0,6,209,113,36,17,10,4,2,3 0,0,3,14,11,1,0,2,0,0,0
/media/michal/Pauli/masterdata/processed/paramtest/ds0_02mp_4500/annotated/rares/20140908/patrol_run_32/room_2/features/nonPlanes<pfh_uniform_2015-05-18_22-03-13.pcd 0.16103 0.00158046 0.00163381 9 170,114,114,111,84,72,62,57,51 41,28,20,24,24,15,15,13,14 0,0,0,0,0,0,0,0,0 448668 1550 3150 54 107 400 1650 15 57 447118,800,356,174,114,48,30,13,6,3,2,1,0,1,1,0,1 0,28,11,7,4,4,0,0,0,0,0,0,0,0,0,0,0 0,0,6,174,114,48,30,13,6,3,2,1,0,1,1,0,1 0,0,0,7,4,4,0,0,0,0,0,0,0,0,0,0,0
/media/michal/Pauli/masterdata/processed/paramtest/ds0_02mp_4500/annotated/rares/20140908/patrol_run_34/room_2/features/nonPlanes<pfh_uniform_2015-05-18_22-03-19.pcd 0.162037 0.00101719 0.00247522 6 325,105,98,93,76,42 81,30,20,22,18,12 0,1,1,0,0,0 423720 1602 3150 100 240 400 1578 38 155 422118,832,393,188,97,41,21,12,7,5,4,1,0,1 0,39,26,18,8,3,2,1,0,1,2,0,0,0 0,0,23,188,97,41,21,12,7,5,4,1,0,1 0,0,3,18,8,3,2,1,0,1,2,0,0,0
/media/michal/Pauli/masterdata/processed/paramtest/ds0_02mp_4500/annotated/rares/20140908/patrol_run_36/room_3/features/nonPlanes<pfh_uniform_2015-05-18_22-03-24.pcd 0.171166 0.0010679 0.00167498 6 297,175,167,112,79,48 64,48,41,27,20,14 1,0,0,0,0,0 420420 1619 3150 135 372 400 1572 58 267 418801,860,379,194,99,37,23,9,10,3,3,0,1,0,0,0,0,0,0,1 0,49,35,23,8,5,5,2,4,0,2,0,1,0,0,0,0,0,0,1 0,0,20,194,99,37,23,9,10,3,3,0,1,0,0,0,0,0,0,1 0,0,7,23,8,5,5,2,4,0,2,0,1,0,0,0,0,0,0,1
/media/michal/Pauli/masterdata/processed/paramtest/ds0_02mp_4500/annotated/rares/20140908/patrol_run_38/room_2/features/nonPlanes<pfh_uniform_2015-05-18_22-03-32.pcd 0.165892 0.00100016 0.00165721 7 323,243,110,80,74,67,55 66,69,25,21,22,20,13 1,0,0,0,0,0,0 433356 1591 3150 142 405 400 1603 52 276 431765,835,380,180,98,48,23,9,5,6,2,1,1,1,0,0,2 0,51,42,19,9,5,3,1,3,3,2,1,0,1,0,0,2 0,0,24,180,98,48,23,9,5,6,2,1,1,1,0,0,2 0,0,3,19,9,5,3,1,3,3,2,1,0,1,0,0,2
/media/michal/Pauli/masterdata/processed/paramtest/ds0_02mp_4500/annotated/rares/20140908/patrol_run_39/room_3/features/nonPlanes<pfh_uniform_2015-05-18_22-03-39.pcd 0.158717 0.00152287 0.00170351 9 232,186,171,165,148,81,68,45,44 45,47,39,32,34,16,15,13,12 1,0,0,0,0,0,0,0,0 414678 1391 3150 115 328 400 1762 44 228 413287,649,287,205,122,56,29,15,10,9,3,4,1,0,0,0,0,0,1 0,44,25,15,11,8,4,1,1,3,1,1,0,0,0,0,0,0,1 0,0,0,150,122,56,29,15,10,9,3,4,1,0,0,0,0,0,1 0,0,0,13,11,8,4,1,1,3,1,1,0,0,0,0,0,0,1
/media/michal/Pauli/masterdata/processed/paramtest/ds0_02mp_4500/annotated/rares/20140908/patrol_run_41/room_3/features/nonPlanes<pfh_uniform_2015-05-18_22-03-45.pcd 0.156831 0.00129963 0.00173478 7 304,114,103,89,82,67,66 68,27,29,19,21,20,21 1,0,0,0,0,0,0 455400 1593 3150 124 330 400 1589 55 240 453807,825,390,187,96,46,17,13,6,6,2,5 0,48,22,23,9,11,5,2,2,2,0,0 0,0,22,187,96,46,17,13,6,6,2,5 0,0,1,23,9,11,5,2,2,2,0,0
/media/michal/Pauli/masterdata/processed/paramtest/ds0_02mp_4500/annotated/rares/20140908/patrol_run_43/room_3/features/nonPlanes<pfh_uniform_2015-05-18_22-03-51.pcd 0.1498 0.000966797 0.0020357 9 263,102,92,85,77,76,73,69,55 65,20,22,17,21,14,18,17,13 0,0,0,1,0,0,0,0,0 418077 1501 3150 46 136 400 1717 22 105 416576,770,330,180,103,53,20,24,4,5,3,6,1,0,0,2 0,17,7,10,5,1,2,1,0,1,0,2,0,0,0,0 0,0,0,179,103,53,20,24,4,5,3,6,1,0,0,2 0,0,0,10,5,1,2,1,0,1,0,2,0,0,0,0
/media/michal/Pauli/masterdata/processed/paramtest/ds0_02mp_4500/annotated/rares/20140908/patrol_run_45/room_2/features/nonPlanes<pfh_uniform_2015-05-18_22-03-56.pcd 0.1833 0.00115752 0.00204117 3 358,275,47 82,71,12 1,0,0 442200 1609 3150 170 426 400 1576 69 292 440591,844,380,176,128,37,18,9,11,2,2,1,0,1 0,68,35,28,18,11,2,2,4,1,1,0,0,0 0,0,15,176,128,37,18,9,11,2,2,1,0,1 0,0,2,28,18,11,2,2,4,1,1,0,0,0
/media/michal/Pauli/masterdata/processed/paramtest/ds0_02mp_4500/annotated/rares/20140908/patrol_run_47/room_3/features/nonPlanes<pfh_uniform_2015-05-18_22-04-03.pcd 0.11852 0.000997139 0.00163849 6 275,192,119,58,44,42 67,50,35,14,12,12 1,0,0,0,0,0 465300 1697 3150 188 460 400 1481 76 316 463603,925,401,191,114,30,21,8,4,1,1,1 0,80,37,26,21,12,6,3,1,1,1,0 0,0,29,191,114,30,21,8,4,1,1,1 0,0,5,26,21,12,6,3,1,1,1,0
/media/michal/Pauli/masterdata/processed/paramtest/ds0_02mp_4500/annotated/rares/20140909/patrol_run_49/room_3/features/nonPlanes<pfh_uniform_2015-05-18_22-04-10.pcd 0.151073 0.00132551 0.00159918 8 205,79,78,68,63,62,62,61 59,21,20,15,12,15,14,13 0,0,0,0,1,0,0,1 437778 1588 3150 91 225 400 1612 31 143 436190,838,373,173,111,37,21,13,7,8,4,3 0,38,24,11,8,2,2,2,1,1,1,1 0,0,23,173,111,37,21,13,7,8,4,3 0,0,2,11,8,2,2,2,1,1,1,1
/media/michal/Pauli/masterdata/processed/paramtest/ds0_02mp_4500/annotated/rares/20140909/patrol_run_51/room_3/features/nonPlanes<pfh_uniform_2015-05-18_22-04-16.pcd 0.162086 0.00126768 0.00202761 11 192,179,92,91,89,68,64,52,50,48,47 50,35,23,25,23,16,14,16,12,12,12 1,0,0,0,0,0,0,0,0,0,0 816816 1611 3150 140 286 400 1588 36 145 815205,860,362,192,102,46,23,8,9,7,1,0,0,1 0,67,37,17,8,8,1,1,0,1,0,0,0,0 0,0,11,192,102,46,23,8,9,7,1,0,0,1 0,0,0,17,8,8,1,1,0,1,0,0,0,0
/media/michal/Pauli/masterdata/processed/paramtest/ds0_02mp_4500/annotated/rares/20140909/patrol_run_53/room_3/features/nonPlanes<pfh_uniform_2015-05-18_22-04-21.pcd 0.154787 0.00111188 0.00175792 10 186,129,110,78,77,69,60,47,44,44 48,36,16,19,17,17,17,13,13,12 1,0,0,0,0,0,0,0,0,0 456456 1615 3150 150 353 400 1587 49 222 454841,867,385,174,93,45,21,8,10,3,3,3,0,1,1,1 0,71,33,23,7,5,3,3,2,0,0,1,0,1,0,1 0,0,37,174,93,45,21,8,10,3,3,3,0,1,1,1 0,0,3,23,7,5,3,3,2,0,0,1,0,1,0,1
/media/michal/Pauli/masterdata/processed/paramtest/ds0_02mp_4500/annotated/rares/20140909/patrol_run_55/room_3/features/nonPlanes<pfh_uniform_2015-05-18_22-04-27.pcd 0.113417 0.00105882 0.00164743 8 133,100,84,84,79,59,49,44 45,32,26,24,22,13,14,14 0,0,0,1,0,0,0,0 446622 1798 3150 113 220 400 1410 34 123 444824,1056,406,172,108,31,10,8,2,3,2 0,61,27,9,9,2,4,0,1,0,0 0,0,64,172,108,31,10,8,2,3,2 0,0,9,9,9,2,4,0,1,0,0
/media/michal/Pauli/masterdata/processed/paramtest/ds0_02mp_4500/annotated/rares/20140909/patrol_run_59/room_3/features/nonPlanes<pfh_uniform_2015-05-18_22-04-33.pcd 0.158461 0.00154655 0.00163956 9 178,153,104,101,86,78,63,61,47 50,39,27,25,23,22,17,19,12 0,0,0,0,1,0,0,0,0 446622 1719 3150 103 209 400 1483 32 120 444903,971,380,192,106,35,20,8,3,1,0,2,0,1 0,53,21,14,7,4,4,0,0,0,0,0,0,0 0,0,32,192,106,35,20,8,3,1,0,2,0,1 0,0,3,14,7,4,4,0,0,0,0,0,0,0
/media/michal/Pauli/masterdata/processed/paramtest/ds0_02mp_4500/annotated/rares/20140909/patrol_run_61/room_3/features/nonPlanes<pfh_uniform_2015-05-18_22-04-39.pcd 0.103812 0.000601623 0.00237099 10 147,132,125,125,106,81,68,65,61,58 36,28,31,26,24,15,14,13,14,13 0,0,1,0,0,0,0,0,0,0 447579 1440 3150 94 220 400 1725 31 126 446139,686,323,192,112,50,38,24,6,4,1,0,2,0,0,2 0,35,25,19,7,3,1,3,1,0,0,0,0,0,0,0 0,0,0,161,112,50,38,24,6,4,1,0,2,0,0,2 0,0,0,16,7,3,1,3,1,0,0,0,0,0,0,0
/media/michal/Pauli/masterdata/processed/paramtest/ds0_02mp_4500/annotated/rares/20140909/patrol_run_63/room_3/features/nonPlanes<pfh_uniform_2015-05-18_22-04-44.pcd 0.156791 0.000964187 0.00163207 11 201,110,105,93,91,74,70,69,59,56,54 45,23,22,24,22,20,14,13,14,13,14 0,0,0,0,0,0,0,0,0,1,0 420420 1519 3150 104 201 400 1704 26 99 418901,793,325,166,112,58,31,16,6,8,1,1,0,0,0,1,0,1 0,54,24,15,6,1,3,1,0,0,0,0,0,0,0,0,0,0 0,0,0,165,112,58,31,16,6,8,1,1,0,0,0,1,0,1 0,0,0,15,6,1,3,1,0,0,0,0,0,0,0,0,0,0
/media/michal/Pauli/masterdata/processed/paramtest/ds0_02mp_4500/annotated/rares/20140910/patrol_run_67/room_3/features/nonPlanes<pfh_uniform_2015-05-18_22-04-50.pcd 0.158365 0.000616298 0.000702675 5 289,179,64,52,43 75,51,17,13,13 1,0,0,0,0 473286 1705 3150 195 428 400 1491 66 265 471581,951,392,193,90,35,22,14,5,1,0,2 0,95,40,27,11,10,8,2,2,0,0,0 0,0,38,193,90,35,22,14,5,1,0,2 0,0,6,27,11,10,8,2,2,0,0,0
/media/michal/Pauli/masterdata/processed/paramtest/ds0_02mp_4500/annotated/rares/20140910/patrol_run_69/room_3/features/nonPlanes<pfh_uniform_2015-05-18_22-04-56.pcd 0.174533 0.00104252 0.0017056 7 377,105,78,73,66,63,57 90,26,19,20,17,18,15 1,0,0,0,0,0,0 443289 1652 3150 173 472 400 1513 79 332 441637,867,406,193,111,33,27,5,5,4,1 0,48,53,26,22,6,12,1,2,3,0 0,0,21,193,111,33,27,5,5,4,1 0,0,7,26,22,6,12,1,2,3,0
/media/michal/Pauli/masterdata/processed/paramtest/ds0_02mp_4500/annotated/rares/20140910/patrol_run_71/room_3/features/nonPlanes<pfh_uniform_2015-05-18_22-05-02.pcd 0.1014 0.00104871 0.00153301 10 214,170,108,84,76,70,66,65,62,45 42,40,19,16,18,18,15,17,16,12 0,0,0,0,0,0,0,1,0,0 477048 1478 3150 61 133 400 1729 19 73 475570,735,347,157,118,49,29,22,7,4,4,2,2,1,1 0,24,18,9,6,3,0,1,0,0,0,0,0,0,0 0,0,4,157,118,49,29,22,7,4,4,2,2,1,1 0,0,0,9,6,3,0,1,0,0,0,0,0,0,0
/media/michal/Pauli/masterdata/processed/paramtest/ds0_02mp_4500/annotated/rares/20140910/patrol_run_74/room_3/features/nonPlanes<pfh_uniform_2015-05-18_22-05-08.pcd 0.228835 0.00166783 0.00255775 11 173,153,129,105,100,85,68,63,52,48,37 28,39,34,27,23,18,16,14,13,12,12 0,0,1,0,0,0,0,0,0,0,0 442200 1450 3150 81 199 400 1713 33 126 440750,680,353,191,111,57,19,15,5,6,5,2,5,0,0,0,0,1 0,23,25,16,12,3,1,0,0,1,0,0,0,0,0,0,0,0 0,0,0,174,111,57,19,15,5,6,5,2,5,0,0,0,0,1 0,0,0,16,12,3,1,0,0,1,0,0,0,0,0,0,0,0
/media/michal/Pauli/masterdata/processed/paramtest/ds0_02mp_4500/annotated/rares/20140910/patrol_run_77/room_4/features/nonPlanes<pfh_uniform_2015-05-18_22-05-13.pcd 0.218912 0.00248045 0.00266333 8 223,160,149,113,93,86,84,73 48,35,33,24,19,16,16,18 0,0,0,1,0,0,0,0 449955 1365 3150 44 134 400 1792 20 93 448590,609,319,178,110,68,34,22,8,8,5,3,1 0,9,13,8,4,5,2,2,1,0,0,0,0 0,0,0,141,110,68,34,22,8,8,5,3,1 0,0,0,6,4,5,2,2,1,0,0,0,0
/media/michal/Pauli/masterdata/processed/paramtest/ds0_02mp_4500/annotated/rares/20140910/patrol_run_79/room_2/features/nonPlanes<pfh_uniform_2015-05-18_22-05-18.pcd 0.180267 0.00156875 0.00163202 10 356,90,89,73,72,71,65,57,50,47 88,19,26,19,16,14,14,13,12,12 0,1,0,0,0,0,0,0,0,0 396627 1507 3150 75 166 400 1698 20 91 395120,773,323,190,111,42,28,15,13,6,2,2,0,1,0,0,0,0,0,0,0,1 0,36,18,7,5,4,3,1,1,0,0,0,0,0,0,0,0,0,0,0,0,0 0,0,0,179,111,42,28,15,13,6,2,2,0,1,0,0,0,0,0,0,0,1 0,0,0,6,5,4,3,1,1,0,0,0,0,0,0,0,0,0,0,0,0,0
/media/michal/Pauli/masterdata/processed/paramtest/ds0_02mp_4500/annotated/rares/20140910/patrol_run_81/room_2/features/nonPlanes<pfh_uniform_2015-05-18_22-05-23.pcd 0.213359 0.00213599 0.00235043 11 160,130,130,102,95,81,78,72,66,64,56 43,36,26,23,19,16,18,17,15,16,12 0,0,0,1,0,0,0,0,0,0,0 432300 1525 3150 65 157 400 1684 23 102 430775,784,358,177,91,42,25,17,13,10,7,0,1 0,29,15,9,1,4,5,0,1,1,0,0,0 0,0,17,177,91,42,25,17,13,10,7,0,1 0,0,2,9,1,4,5,0,1,1,0,0,0
/media/michal/Pauli/masterdata/processed/paramtest/ds0_02mp_4500/annotated/rares/20140911/patrol_run_82/room_3/features/nonPlanes<pfh_uniform_2015-05-18_22-05-28.pcd 0.227993 0.00144802 0.00236174 10 196,120,83,78,77,77,72,63,45,44 51,29,17,17,19,18,16,13,13,13 0,0,1,0,0,0,0,0,0,0 473154 1494 3150 81 202 400 1654 24 117 471660,701,384,207,94,51,26,12,5,6,2,1,2,2,1 0,29,28,11,1,5,2,2,2,0,0,0,0,1,0 0,0,0,198,94,51,26,12,5,6,2,1,2,2,1 0,0,0,11,1,5,2,2,2,0,0,0,0,1,0
/media/michal/Pauli/masterdata/processed/paramtest/ds0_02mp_4500/annotated/rares/20140911/patrol_run_84/room_3/features/nonPlanes<pfh_uniform_2015-05-18_22-05-33.pcd 0.127758 0.00166056 0.00247416 4 326,137,101,46 80,34,28,12 1,0,0,0 452100 1663 3150 221 510 400 1532 82 332 450437,908,363,193,119,45,19,8,6,2 0,100,43,33,25,4,10,3,3,0 0,0,8,193,119,45,19,8,6,2 0,0,4,33,25,4,10,3,3,0
/media/michal/Pauli/masterdata/processed/paramtest/ds0_02mp_4500/annotated/rares/20140911/patrol_run_88/room_3/features/nonPlanes<pfh_uniform_2015-05-18_22-05-39.pcd 0.166915 0.0010061 0.001789 7 261,190,151,117,98,80,79 56,48,32,26,22,22,19 1,0,0,0,0,0,0 474606 1493 3150 149 391 400 1675 58 269 473113,727,350,183,125,53,21,12,12,3,4,1,1,1 0,60,31,22,16,11,1,1,1,2,2,0,1,1 0,0,0,167,125,53,21,12,12,3,4,1,1,1 0,0,0,22,16,11,1,1,1,2,2,0,1,1
/media/michal/Pauli/masterdata/processed/paramtest/ds0_02mp_4500/annotated/rares/20140911/patrol_run_90/room_3/features/nonPlanes<pfh_uniform_2015-05-18_22-05-45.pcd 0.207526 0.000970004 0.0027707 7 242,186,167,112,110,48,46 59,53,37,31,28,12,12 1,0,0,0,0,0,0 408408 1611 3150 148 364 400 1571 59 242 406797,843,400,173,103,40,25,7,9,8,1,1,1 0,56,40,19,16,5,6,3,2,1,0,0,0 0,0,32,173,103,40,25,7,9,8,1,1,1 0,0,7,19,16,5,6,3,2,1,0,0,0
/media/michal/Pauli/masterdata/processed/paramtest/ds0_02mp_4500/annotated/rares/20140911/patrol_run_92/room_3/features/nonPlanes<pfh_uniform_2015-05-18_22-05-50.pcd 0.146933 0.00121385 0.00163627 10 304,146,130,113,71,70,66,54,53,48 62,32,31,21,15,15,14,12,13,12 1,0,0,0,0,0,0,0,0,0 454740 1376 3150 120 319 400 1805 43 212 453364,642,299,188,111,47,32,22,17,8,3,4,1,1,1 0,49,26,12,11,8,9,2,1,0,0,2,0,0,0 0,0,0,153,111,47,32,22,17,8,3,4,1,1,1 0,0,0,10,11,8,9,2,1,0,0,2,0,0,0
/media/michal/Pauli/masterdata/processed/paramtest/ds0_02mp_4500/annotated/rares/20140912/patrol_run_100/room_3/features/nonPlanes<pfh_uniform_2015-05-18_22-05-55.pcd 0.215613 0.00147461 0.00250131 7 398,131,108,88,76,75,54 90,33,29,25,18,16,14 1,0,0,0,0,0,0 437778 1545 3150 181 432 400 1615 62 271 436233,755,390,188,115,45,26,13,6,2,3,1,1 0,77,42,30,13,7,2,4,3,1,1,1,0 0,0,0,188,115,45,26,13,6,2,3,1,1 0,0,0,30,13,7,2,4,3,1,1,1,0
/media/michal/Pauli/masterdata/processed/paramtest/ds0_02mp_4500/annotated/rares/20140912/patrol_run_102/room_3/features/nonPlanes<pfh_uniform_2015-05-18_22-06-00.pcd 0.217238 0.00108948 0.00274231 6 228,212,164,123,80,64 50,49,35,30,15,13 0,1,0,0,0,0 459888 1448 3150 143 348 400 1770 51 225 458440,716,332,168,107,45,29,26,7,6,3,1,5,1,0,1,0,0,1 0,61,31,23,9,10,3,4,0,0,0,0,2,0,0,0,0,0,0 0,0,0,168,107,45,29,26,7,6,3,1,5,1,0,1,0,0,1 0,0,0,23,9,10,3,4,0,0,0,0,2,0,0,0,0,0,0
/media/michal/Pauli/masterdata/processed/paramtest/ds0_02mp_4500/annotated/rares/20140912/patrol_run_104/room_3/features/nonPlanes<pfh_uniform_2015-05-18_22-06-06.pcd 0.151099 0.000955555 0.00165229 8 244,141,121,119,93,88,60,55 55,38,34,33,18,19,14,12 1,0,0,0,0,0,0,0 445500 1581 3150 140 337 400 1590 45 203 443919,802,382,202,111,38,21,6,8,5,2,2,1,1 0,56,39,16,15,5,3,1,4,0,0,0,0,1 0,0,3,202,111,38,21,6,8,5,2,2,1,1 0,0,0,16,15,5,3,1,4,0,0,0,0,1
/media/michal/Pauli/masterdata/processed/paramtest/ds0_02mp_4500/annotated/rares/20140912/patrol_run_94/room_3/features/nonPlanes<pfh_uniform_2015-05-18_22-06-11.pcd 0.153003 0.00106171 0.00169528 6 352,153,123,65,60,53 86,37,28,14,17,13 0,1,0,0,0,0 445500 1567 3150 124 283 400 1599 40 166 443933,788,374,203,124,33,13,15,10,1,4,0,1,0,0,0,0,0,0,0,1 0,51,33,17,12,6,1,3,0,0,1,0,0,0,0,0,0,0,0,0,0 0,0,0,198,124,33,13,15,10,1,4,0,1,0,0,0,0,0,0,0,1 0,0,0,17,12,6,1,3,0,0,1,0,0,0,0,0,0,0,0,0,0
/media/michal/Pauli/masterdata/processed/paramtest/ds0_02mp_4500/annotated/rares/20140912/patrol_run_96/room_2/features/nonPlanes<pfh_uniform_2015-05-18_22-06-17.pcd 0.156732 0.00100102 0.0015891 7 331,142,88,83,65,60,59 79,34,17,24,15,16,12 0,0,0,0,1,0,0 431244 1537 3150 67 140 400 1665 22 86 429707,789,354,193,95,42,23,19,9,4,2,2,4,0,0,1 0,36,9,13,5,0,2,1,1,0,0,0,0,0,0,0 0,0,6,193,95,42,23,19,9,4,2,2,4,0,0,1 0,0,0,13,5,0,2,1,1,0,0,0,0,0,0,0
/media/michal/Pauli/masterdata/processed/paramtest/ds0_02mp_4500/annotated/rares/20140912/patrol_run_98/room_3/features/nonPlanes<pfh_uniform_2015-05-18_22-06-23.pcd 0.152465 0.00102723 0.00168539 9 338,119,103,100,100,77,58,55,53 71,27,26,29,25,20,13,13,12 1,0,0,0,0,0,0,0,0 446622 1496 3150 216 530 400 1694 71 340 445126,736,364,173,107,49,32,9,11,8,3,2,0,1,1 0,100,45,23,17,14,7,3,3,0,1,2,0,0,1 0,0,4,173,107,49,32,9,11,8,3,2,0,1,1 0,0,0,23,17,14,7,3,3,0,1,2,0,0,1
/media/michal/Pauli/masterdata/processed/paramtest/ds0_02mp_4500/annotated/rares/20140921/patrol_run_110/room_2/features/nonPlanes<pfh_uniform_2015-05-18_22-06-28.pcd 0.157868 0.000940597 0.00191088 9 135,125,118,108,97,76,52,50,43 33,31,27,23,20,17,13,12,13 0,0,0,1,0,0,0,0,0 411840 1533 3150 95 228 400 1641 30 140 410307,762,366,199,103,51,24,4,10,8,2,2,0,2 0,42,23,8,10,7,2,0,0,2,0,1,0,0 0,0,0,194,103,51,24,4,10,8,2,2,0,2 0,0,0,8,10,7,2,0,0,2,0,1,0,0
/media/michal/Pauli/masterdata/processed/paramtest/ds0_02mp_4500/annotated/rares/20140921/patrol_run_112/room_2/features/nonPlanes<pfh_uniform_2015-05-18_22-06-34.pcd 0.146174 0.000938793 0.00169056 11 277,107,102,94,84,67,57,56,53,53,49 60,24,22,20,18,15,15,15,15,15,13 0,0,0,0,0,0,0,1,0,0,0 419265 1494 3150 85 180 400 1657 27 98 417771,726,337,197,133,48,23,13,6,7,0,2,1,1 0,34,24,17,6,2,1,1,0,0,0,0,0,0 0,0,0,166,133,48,23,13,6,7,0,2,1,1 0,0,0,17,6,2,1,1,0,0,0,0,0,0
/media/michal/Pauli/masterdata/processed/paramtest/ds0_02mp_4500/annotated/rares/20140921/patrol_run_114/room_1/features/nonPlanes<pfh_uniform_2015-05-18_22-06-39.pcd 0.159168 0.00123066 0.00161823 8 193,141,130,108,96,68,60,55 55,33,34,22,24,19,12,14 0,0,0,0,0,0,1,1 417384 1529 3150 71 176 400 1659 25 112 415855,767,377,173,110,37,24,13,13,9,4,1,0,0,1 0,28,21,7,4,2,5,3,1,0,0,0,0,0,0 0,0,15,173,110,37,24,13,13,9,4,1,0,0,1 0,0,3,7,4,2,5,3,1,0,0,0,0,0,0
/media/michal/Pauli/masterdata/processed/paramtest/ds0_02mp_4500/annotated/rares/20140922/patrol_run_116/room_2/features/nonPlanes<pfh_uniform_2015-05-18_22-06-45.pcd 0.151195 0.00134784 0.00167839 6 283,149,74,58,53,43 68,36,20,14,12,12 0,0,0,0,0,0 424116 1621 3150 79 163 400 1583 24 86 422495,875,374,160,123,39,25,11,3,7,2,1,0,0,0,1 0,33,22,13,10,0,0,1,0,0,0,0,0,0,0,0 0,0,28,160,123,39,25,11,3,7,2,1,0,0,0,1 0,0,0,13,10,0,0,1,0,0,0,0,0,0,0,0
/media/michal/Pauli/masterdata/processed/paramtest/ds0_02mp_4500/annotated/rares/20140922/patrol_run_118/room_2/features/nonPlanes<pfh_uniform_2015-05-18_22-06-50.pcd 0.192297 0.00194659 0.00262658 8 205,187,165,91,90,67,62,47 49,49,43,20,20,13,14,14 0,1,0,0,0,0,0,0 451044 1639 3150 114 256 400 1588 44 170 449405,916,336,188,106,44,24,8,8,3,4,1,1 0,54,19,21,11,5,1,1,0,1,1,0,0 0,0,13,188,106,44,24,8,8,3,4,1,1 0,0,3,21,11,5,1,1,0,1,1,0,0
/media/michal/Pauli/masterdata/processed/paramtest/ds0_02mp_4500/annotated/rares/20140922/patrol_run_120/room_1/features/nonPlanes<pfh_uniform_2015-05-18_22-06-56.pcd 0.172833 0.00105759 0.00167305 5 269,204,143,62,58 67,53,35,17,17 0,0,0,0,0 478401 1657 3150 86 157 400 1505 22 77 476744,869,399,210,107,34,27,4,4,1,0,1,0,1 0,48,17,15,4,0,1,0,1,0,0,0,0,0 0,0,11,210,107,34,27,4,4,1,0,1,0,1 0,0,1,15,4,0,1,0,1,0,0,0,0,0
/media/michal/Pauli/masterdata/processed/paramtest/ds0_02mp_4500/annotated/rares/20140922/patrol_run_124/room_2/features/nonPlanes<pfh_uniform_2015-05-18_22-07-03.pcd 0.132593 0.000642155 0.000804866 9 223,98,95,56,55,54,51,44,39 65,24,27,15,15,18,12,12,14 0,0,0,0,0,0,0,0,0 483516 1767 3150 83 146 400 1437 16 59 481749,1021,390,200,94,29,19,8,3,1,0,1,0,0,1 0,47,21,9,2,2,2,0,0,0,0,0,0,0,0 0,0,44,200,94,29,19,8,3,1,0,1,0,0,1 0,0,1,9,2,2,2,0,0,0,0,0,0,0,0
/media/michal/Pauli/masterdata/processed/paramtest/ds0_02mp_4500/annotated/rares/20140922/patrol_run_126/room_2/features/nonPlanes<pfh_uniform_2015-05-18_22-07-13.pcd 0.158004 0.00092723 0.00169999 9 181,144,124,76,70,67,65,60,48 48,39,31,16,17,14,15,15,14 0,0,0,0,1,0,0,0,0 459756 1588 3150 122 250 400 1576 30 121 458168,802,401,186,107,44,20,17,2,7,1,0,1 0,55,39,14,2,8,2,1,1,0,0,0,0 0,0,15,186,107,44,20,17,2,7,1,0,1 0,0,2,14,2,8,2,1,1,0,0,0,0
/media/michal/Pauli/masterdata/processed/paramtest/ds0_02mp_4500/annotated/rares/20140922/patrol_run_128/room_2/features/nonPlanes<pfh_uniform_2015-05-18_22-07-19.pcd 0.163339 0.00103939 0.00161846 6 285,104,99,77,61,58 83,27,28,18,19,14 0,0,0,0,0,0 454410 1734 3150 110 212 400 1475 26 105 452676,993,376,188,104,38,20,8,5,1,1 0,61,24,11,6,4,3,0,1,0,0 0,0,35,188,104,38,20,8,5,1,1 0,0,1,11,6,4,3,0,1,0,0
/media/michal/Pauli/masterdata/processed/paramtest/ds0_02mp_4500/annotated/rares/20140922/patrol_run_130/room_2/features/nonPlanes<pfh_uniform_2015-05-18_22-07-25.pcd 0.163129 0.001078 0.00164601 10 131,129,115,113,112,108,76,70,55,38 22,31,30,27,27,30,18,16,13,13 0,0,0,0,1,0,1,0,0,0 443289 1572 3150 161 352 400 1612 45 191 441717,806,378,194,103,34,27,10,11,3,1,2,0,2,0,0,0,0,0,1 0,71,45,18,10,9,5,2,1,0,0,0,0,0,0,0,0,0,0,0 0,0,12,194,103,34,27,10,11,3,1,2,0,2,0,0,0,0,0,1 0,0,0,18,10,9,5,2,1,0,0,0,0,0,0,0,0,0,0,0
/media/michal/Pauli/masterdata/processed/paramtest/ds0_02mp_4500/annotated/rares/20140922/patrol_run_132/room_1/features/nonPlanes<pfh_uniform_2015-05-18_22-07-32.pcd 0.16507 0.00102394 0.00174335 6 269,183,147,89,71,58 67,47,27,18,17,17 0,0,0,0,0,0 454740 1570 3150 16 34 400 1633 4 14 453170,823,372,172,100,46,20,14,10,7,0,2,1,0,3 0,4,8,2,2,0,0,0,0,0,0,0,0,0,0 0,0,25,172,100,46,20,14,10,7,0,2,1,0,3 0,0,0,2,2,0,0,0,0,0,0,0,0,0,0
/media/michal/Pauli/masterdata/processed/paramtest/ds0_02mp_4500/annotated/rares/20140922/patrol_run_134/room_2/features/nonPlanes<pfh_uniform_2015-05-18_22-07-39.pcd 0.166821 0.00104833 0.00179051 8 304,156,104,80,79,57,45,40 75,44,32,21,24,17,12,13 0,0,0,0,1,0,0,0 411840 1740 3150 95 174 400 1446 24 78 410100,976,404,188,112,33,13,7,4,2,0,0,1 0,46,28,12,9,0,0,0,0,0,0,0,0 0,0,40,188,112,33,13,7,4,2,0,0,1 0,0,3,12,9,0,0,0,0,0,0,0,0
/media/michal/Pauli/masterdata/processed/paramtest/ds0_02mp_4500/annotated/rares/20140922/patrol_run_138/room_2/features/nonPlanes<pfh_uniform_2015-05-18_22-07-45.pcd 0.0666876 0.000552188 0.000949815 9 325,112,108,87,68,66,65,60,56 67,21,23,22,15,16,18,15,12 0,0,1,0,0,0,0,0,0 443223 1416 3150 91 221 400 1748 35 149 441807,655,336,182,104,68,39,8,11,3,4,3,1,0,1,0,0,1 0,40,16,14,8,8,3,0,1,1,0,0,0,0,0,0,0,0 0,0,0,157,104,68,39,8,11,3,4,3,1,0,1,0,0,1 0,0,0,14,8,8,3,0,1,1,0,0,0,0,0,0,0,0
/media/michal/Pauli/masterdata/processed/paramtest/ds0_02mp_4500/annotated/rares/20140923/patrol_run_139/room_2/features/nonPlanes<pfh_uniform_2015-05-18_22-07-51.pcd 0.159791 0.000673965 0.00127202 9 271,184,110,95,87,76,74,74,58 66,41,24,23,21,19,17,16,14 1,0,0,0,0,0,0,0,0 430782 1492 3150 182 416 400 1662 56 235 429290,727,334,192,130,47,28,21,10,2,0,1 0,77,43,31,17,2,4,6,2,0,0,0 0,0,0,161,130,47,28,21,10,2,0,1 0,0,0,25,17,2,4,6,2,0,0,0
/media/michal/Pauli/masterdata/processed/paramtest/ds0_02mp_4500/annotated/rares/20140923/patrol_run_141/room_2/features/nonPlanes<pfh_uniform_2015-05-18_22-07-56.pcd 0.106056 0.000472286 0.000888526 9 321,253,125,89,81,69,65,51,50 82,69,30,18,17,15,12,13,14 0,1,0,0,0,0,0,0,0 407286 1551 3150 157 335 400 1636 53 192 405735,788,369,181,113,38,33,15,2,3,6,3 0,65,39,32,15,2,2,2,0,0,0,0 0,0,6,181,113,38,33,15,2,3,6,3 0,0,0,32,15,2,2,2,0,0,0,0
/media/michal/Pauli/masterdata/processed/paramtest/ds0_02mp_4500/annotated/rares/20140923/patrol_run_144/room_2/features/nonPlanes<pfh_uniform_2015-05-18_22-08-04.pcd 0.114457 0.000554677 0.00106469 10 165,133,91,89,74,69,55,48,47,47 46,38,23,20,16,16,15,12,13,12 0,0,1,0,0,1,0,0,0,0 438471 1647 3150 107 241 400 1532 39 160 436824,876,404,173,118,31,18,13,10,1,2,0,1 0,55,19,16,6,3,3,2,1,1,0,0,1 0,0,33,173,118,31,18,13,10,1,2,0,1 0,0,6,16,6,3,3,2,1,1,0,0,1
/media/michal/Pauli/masterdata/processed/paramtest/ds0_02mp_4500/annotated/rares/20140923/patrol_run_146/room_2/features/nonPlanes<pfh_uniform_2015-05-18_22-08-09.pcd 0.104976 0.000690117 0.00235163 7 229,178,95,73,62,59,49 50,44,22,19,12,14,12 1,0,0,0,0,0,0 391248 1559 3150 136 354 400 1617 50 232 389689,785,377,193,112,29,34,13,10,2,0,2,2 0,50,36,20,11,2,9,5,1,1,0,0,1 0,0,3,193,112,29,34,13,10,2,0,2,2 0,0,0,20,11,2,9,5,1,1,0,0,1
/media/michal/Pauli/masterdata/processed/paramtest/ds0_02mp_4500/annotated/rares/20140923/patrol_run_148/room_2/features/nonPlanes<pfh_uniform_2015-05-18_22-08-14.pcd 0.185622 0.0015242 0.00187101 8 189,123,90,87,83,64,64,58 45,25,21,20,18,16,14,14 0,0,0,1,0,0,0,0 444246 1433 3150 84 188 400 1712 25 110 442813,660,341,192,123,49,27,12,16,11,1,0,1 0,41,17,8,9,5,2,0,2,0,0,0,0 0,0,0,160,123,49,27,12,16,11,1,0,1 0,0,0,7,9,5,2,0,2,0,0,0,0
/media/michal/Pauli/masterdata/processed/paramtest/ds0_02mp_4500/annotated/rares/20140923/patrol_run_150/room_2/features/nonPlanes<pfh_uniform_2015-05-18_22-08-19.pcd 0.20359 0.000969526 0.00235128 10 155,152,117,92,83,67,62,56,54,45 38,43,31,26,18,19,16,14,14,12 0,0,0,0,0,0,0,0,1,0 454740 1641 3150 77 153 400 1543 21 78 453099,875,384,188,116,38,16,9,10,3,1,0,0,1 0,37,19,12,5,3,0,1,0,0,0,0,0,0 0,0,18,188,116,38,16,9,10,3,1,0,0,1 0,0,0,12,5,3,0,1,0,0,0,0,0,0
/media/michal/Pauli/masterdata/processed/paramtest/ds0_02mp_4500/annotated/rares/20140924/patrol_run_152/room_2/features/nonPlanes<pfh_uniform_2015-05-18_22-08-25.pcd 0.147611 0.00156499 0.00221852 8 305,102,74,71,71,65,52,49 82,23,16,19,16,14,16,13 0,0,0,0,0,0,0,0 384087 1602 3150 81 149 400 1608 17 64 382485,862,353,190,100,39,33,8,6,5,0,5,0,0,0,1 0,43,21,8,6,2,1,0,0,0,0,0,0,0,0,0 0,0,13,190,100,39,33,8,6,5,0,5,0,0,0,1 0,0,0,8,6,2,1,0,0,0,0,0,0,0,0,0
/media/michal/Pauli/masterdata/processed/paramtest/ds0_02mp_4500/annotated/rares/20140924/patrol_run_156/room_2/features/nonPlanes<pfh_uniform_2015-05-18_22-08-29.pcd 0.140133 0.00102088 0.00219276 9 234,149,84,75,66,65,59,54,43 58,37,20,15,15,18,16,15,12 0,0,1,0,0,0,0,0,0 395010 1540 3150 100 214 400 1647 25 109 393470,780,357,174,123,56,22,10,8,5,4,1 0,45,30,10,9,2,1,0,1,1,1,0 0,0,0,171,123,56,22,10,8,5,4,1 0,0,0,10,9,2,1,0,1,1,1,0
/media/michal/Pauli/masterdata/processed/paramtest/ds0_02mp_4500/annotated/rares/20140924/patrol_run_158/room_1/features/nonPlanes<pfh_uniform_2015-05-18_22-08-34.pcd 0.146865 0.000979034 0.00230508 10 229,161,132,102,88,82,67,61,59,45 48,45,28,22,18,22,14,12,15,12 0,0,0,0,0,1,0,0,0,0 434214 1476 3150 80 169 400 1694 24 90 432738,705,362,175,123,54,23,15,7,4,3,1,2,0,0,0,1,0,1 0,33,23,14,5,3,1,1,0,0,0,0,0,0,0,0,0,0,0 0,0,0,166,123,54,23,15,7,4,3,1,2,0,0,0,1,0,1 0,0,0,14,5,3,1,1,0,0,0,0,0,0,0,0,0,0,0
/media/michal/Pauli/masterdata/processed/paramtest/ds0_02mp_4500/annotated/rares/20140924/patrol_run_162/room_2/features/nonPlanes<pfh_uniform_2015-05-18_22-08-39.pcd 0.153044 0.00137517 0.001615 7 250,149,136,62,60,58,50 67,34,33,16,13,15,13 0,0,0,1,0,0,0 435600 1588 3150 59 127 400 1600 19 76 434012,826,376,181,114,49,16,6,10,2,5,0,0,2,0,0,1 0,29,11,7,7,3,2,0,0,0,0,0,0,0,0,0,0 0,0,14,181,114,49,16,6,10,2,5,0,0,2,0,0,1 0,0,0,7,7,3,2,0,0,0,0,0,0,0,0,0,0
/media/michal/Pauli/masterdata/processed/paramtest/ds0_02mp_4500/annotated/rares/20140924/patrol_run_164/room_1/features/nonPlanes<pfh_uniform_2015-05-18_22-08-44.pcd 0.142542 0.00140177 0.00166913 7 193,186,163,111,109,69,55 45,43,35,31,27,14,12 0,0,0,0,1,0,0 425568 1449 3150 70 176 400 1705 27 109 424119,675,352,166,137,51,35,17,8,5,1,2 0,20,22,13,6,6,2,1,0,0,0,0 0,0,0,144,137,51,35,17,8,5,1,2 0,0,0,12,6,6,2,1,0,0,0,0
/media/michal/Pauli/masterdata/processed/paramtest/ds0_02mp_4500/annotated/rares/20140924/patrol_run_166/room_2/features/nonPlanes<pfh_uniform_2015-05-18_22-08-49.pcd 0.142532 0.000910165 0.00215748 6 302,142,136,102,91,43 66,34,34,24,21,12 0,0,0,0,0,0 411642 1470 3150 51 95 400 1664 12 39 410172,688,348,202,126,54,20,17,5,2,4,2,1,0,0,1 0,22,17,9,3,0,0,0,0,0,0,0,0,0,0,0 0,0,0,168,126,54,20,17,5,2,4,2,1,0,0,1 0,0,0,9,3,0,0,0,0,0,0,0,0,0,0,0
