obj_search:
  camera_z: 1.7
  ceiling_z: 2.27
  floor_z: 0
  object_query: {K: 5}
  processed_data_dir: /home/michal/Downloads/pcddata/processed/
  raw_data_dir: /media/michal/Pauli/masterdata/raw/
object_query: {K: 10, cluster_maxsize: 500, cluster_minsize: 12, cluster_tolerance: 0.2,
  clusters_to_results: true, extract_mult: 1.3, match: nonPlanes<fpfh_iss, n_max_points: 400,
  output_dir: 'NULL', query_features: '/home/michal/Downloads/pcddata/processed/query/queryobjects/0,01/chair1/features/rgb_0015_label_chair1<fpfh_iss_2015-05-26_14-59-37.pcd',
  results_out: '/home/michal/Downloads/pcddata/processed/query/k10_mx400_t0,2/dt0,02_mp8000_pp0,001',
  subdirs: 4, target_features: '/home/michal/Downloads/pcddata/processed/paramtest/dt0,02_mp8000_pp0,001',
  x_step_hough: 0.05, y_step_hough: 0.05, z_step_hough: 0.05}
rosdistro: 'indigo

  '
roslaunch:
  uris: {host_tycho__49557: 'http://tycho:49557/'}
rosversion: '1.11.10

  '
run_id: 53a916a8-077e-11e5-95f7-3c970e77227e
BEGIN_DATA
# fname t_query t_hough t_cluster cluster_n cluster_scores cluster_points cluster_inobb n_hough_tot nonzero_hough hough_votes boxpts boxvotes maxpts maxvotes maxboxpts maxboxvotes hough_hist box_hist max_hist boxmax_hist
/home/michal/Downloads/pcddata/processed/paramtest/dt0,02_mp8000_pp0,001/annotated/rares/20140820/patrol_run_2/room_1/features/nonPlanes<fpfh_iss_2015-05-22_03-05-17.pcd 0.0222114 0.00197284 0.00290036 10 146,94,80,78,74,60,50,47,40,37 34,25,18,30,30,16,13,13,16,14 0,0,0,0,1,0,0,0,0,0 386100 900 1760 77 146 400 1260 37 106 385200,539,166,80,39,29,17,14,6,6,0,2,2 0,45,15,7,7,0,1,1,0,1,0,0,0 0,39,166,80,39,29,17,14,6,6,0,2,2 0,5,15,7,7,0,1,1,0,1,0,0,0
/home/michal/Downloads/pcddata/processed/paramtest/dt0,02_mp8000_pp0,001/annotated/rares/20140820/patrol_run_4/room_0/features/nonPlanes<fpfh_iss_2015-05-22_03-05-28.pcd 0.028348 0.00163531 0.0029573 11 126,122,84,84,69,64,64,60,48,41,29 40,31,24,18,14,21,21,15,12,13,13 1,0,0,0,0,0,0,0,0,0,0 413127 834 1760 54 140 400 1326 39 125 412293,471,151,80,60,26,12,9,10,3,6,3,1,0,0,2 0,15,17,12,4,3,1,1,0,0,0,1,0,0,0,0 0,37,151,80,60,26,12,9,10,3,6,3,1,0,0,2 0,0,17,12,4,3,1,1,0,0,0,1,0,0,0,0
/home/michal/Downloads/pcddata/processed/paramtest/dt0,02_mp8000_pp0,001/annotated/rares/20140828/patrol_run_19/room_3/features/nonPlanes<fpfh_iss_2015-05-22_03-05-38.pcd 0.0268663 0.000729029 0.00281359 8 191,172,118,112,50,46,42,35 58,45,38,28,14,17,15,12 0,1,0,0,0,0,0,0 400554 888 1760 64 190 400 1272 43 169 399666,505,168,102,50,24,17,7,5,6,1,0,2,0,1 0,22,14,11,5,3,3,2,1,2,0,0,0,0,1 0,17,168,102,50,24,17,7,5,6,1,0,2,0,1 0,1,14,11,5,3,3,2,1,2,0,0,0,0,1
/home/michal/Downloads/pcddata/processed/paramtest/dt0,02_mp8000_pp0,001/annotated/rares/20140829/patrol_run_20/room_3/features/nonPlanes<fpfh_iss_2015-05-22_03-05-50.pcd 0.0263233 0.000815624 0.00272464 7 156,141,128,125,119,50,38 41,40,32,37,36,18,13 0,0,0,0,0,0,0 394284 869 1760 29 46 400 1291 13 30 393415,484,181,91,42,31,11,11,5,6,1,4,0,1,1 0,18,7,3,0,1,0,0,0,0,0,0,0,0,0 0,15,181,91,42,31,11,11,5,6,1,4,0,1,1 0,2,7,3,0,1,0,0,0,0,0,0,0,0,0
/home/michal/Downloads/pcddata/processed/paramtest/dt0,02_mp8000_pp0,001/annotated/rares/20140829/patrol_run_26/room_2/features/nonPlanes<fpfh_iss_2015-05-22_03-06-01.pcd 0.0259399 0.00080761 0.00255235 7 254,103,87,72,51,41,34 75,32,25,19,15,15,12 0,1,0,0,0,0,1 393822 834 1760 66 172 400 1326 36 142 392988,474,158,73,47,29,18,14,6,2,5,3,2,3 0,34,11,4,6,1,5,2,1,0,1,0,0,1 0,40,158,73,47,29,18,14,6,2,5,3,2,3 0,4,11,4,6,1,5,2,1,0,1,0,0,1
/home/michal/Downloads/pcddata/processed/paramtest/dt0,02_mp8000_pp0,001/annotated/rares/20140901/patrol_run_27/room_2/features/nonPlanes<fpfh_iss_2015-05-22_03-06-12.pcd 0.0233999 0.000800764 0.00160051 10 176,119,105,97,64,55,50,45,40,40 48,32,33,25,13,12,13,12,17,13 0,1,0,0,0,0,0,0,0,0 371910 860 1760 53 138 400 1300 31 116 371050,505,149,84,46,25,20,8,6,6,6,3,1,1 0,24,8,8,5,2,3,1,0,1,1,0,0,0 0,45,149,84,46,25,20,8,6,6,6,3,1,1 0,2,8,8,5,2,3,1,0,1,1,0,0,0
/home/michal/Downloads/pcddata/processed/paramtest/dt0,02_mp8000_pp0,001/annotated/rares/20140901/patrol_run_31/room_2/features/nonPlanes<fpfh_iss_2015-05-22_03-06-22.pcd 0.0203785 0.000818478 0.0025444 6 155,133,85,45,45,37 39,42,27,14,12,14 0,0,0,0,0,0 408408 802 1760 8 22 400 1358 4 18 407606,451,138,87,47,22,14,15,11,3,2,4,2,4,0,2 0,4,2,0,1,0,0,0,0,0,1,0,0,0,0,0 0,49,138,87,47,22,14,15,11,3,2,4,2,4,0,2 0,0,2,0,1,0,0,0,0,0,1,0,0,0,0,0
/home/michal/Downloads/pcddata/processed/paramtest/dt0,02_mp8000_pp0,001/annotated/rares/20140901/patrol_run_32/room_2/features/nonPlanes<fpfh_iss_2015-05-22_03-06-34.pcd 0.0222005 0.00118532 0.00281394 7 201,111,71,69,52,45,30 64,31,19,16,19,13,12 0,0,0,0,0,0,0 392704 851 1760 5 14 400 1309 1 10 391853,472,174,81,46,38,15,4,9,4,3,1,0,2,1,0,1 0,4,0,0,0,0,0,0,0,0,1,0,0,0,0,0,0 0,21,174,81,46,38,15,4,9,4,3,1,0,2,1,0,1 0,0,0,0,0,0,0,0,0,0,1,0,0,0,0,0,0
/home/michal/Downloads/pcddata/processed/paramtest/dt0,02_mp8000_pp0,001/annotated/rares/20140901/patrol_run_33/room_1/features/nonPlanes<fpfh_iss_2015-05-22_03-06-45.pcd 0.025739 0.00144381 0.00256407 5 182,142,69,65,41 38,43,18,18,13 -1 399960 834 1760 -1 -1 400 1326 -1 -1 399126,473,147,77,45,42,24,8,6,2,6,2,2 -1 0,39,147,77,45,42,24,8,6,2,6,2,2 -1
/home/michal/Downloads/pcddata/processed/paramtest/dt0,02_mp8000_pp0,001/annotated/rares/20140902/patrol_run_35/room_2/features/nonPlanes<fpfh_iss_2015-05-22_03-06-56.pcd 0.0239763 0.0012047 0.00255331 7 127,99,91,82,72,58,48 39,29,26,21,19,18,13 1,0,0,0,0,0,0 378972 847 1760 54 137 400 1313 37 120 378125,481,166,79,49,19,18,9,9,6,5,4,0,1,0,1 0,20,17,10,3,1,0,0,0,0,1,1,0,0,0,1 0,34,166,79,49,19,18,9,9,6,5,4,0,1,0,1 0,3,17,10,3,1,0,0,0,0,1,1,0,0,0,1
/home/michal/Downloads/pcddata/processed/paramtest/dt0,02_mp8000_pp0,001/annotated/rares/20140902/patrol_run_38/room_0/features/nonPlanes<fpfh_iss_2015-05-22_03-07-07.pcd 0.0272157 0.000746411 0.00266283 4 342,120,51,40 89,36,22,12 0,0,1,0 420420 872 1760 37 65 400 1288 22 50 419548,519,156,76,43,33,14,8,7,7,3,2,0,3,1 0,21,7,6,3,0,0,0,0,0,0,0,0,0,0 0,47,156,76,43,33,14,8,7,7,3,2,0,3,1 0,6,7,6,3,0,0,0,0,0,0,0,0,0,0
/home/michal/Downloads/pcddata/processed/paramtest/dt0,02_mp8000_pp0,001/annotated/rares/20140903/patrol_run_1/room_4/features/nonPlanes<fpfh_iss_2015-05-22_03-07-16.pcd 0.020941 0.000827902 0.00161762 5 176,120,98,73,45 45,35,34,18,14 0,0,0,0,0 418077 847 1760 18 36 400 1313 11 29 417230,500,155,75,37,22,20,12,5,9,3,3,1,3,2 0,8,5,3,1,1,0,0,0,0,0,0,0,0,0 0,53,155,75,37,22,20,12,5,9,3,3,1,3,2 0,1,5,3,1,1,0,0,0,0,0,0,0,0,0
/home/michal/Downloads/pcddata/processed/paramtest/dt0,02_mp8000_pp0,001/annotated/rares/20140903/patrol_run_10/room_2/features/nonPlanes<fpfh_iss_2015-05-22_03-07-28.pcd 0.0182906 0.00086208 0.00164817 8 159,117,97,74,72,51,42,38 47,32,33,22,21,13,13,12 0,0,0,0,0,0,0,0 401082 886 1760 15 29 400 1274 9 23 400196,530,151,85,43,33,17,12,5,2,4,2,1,0,0,0,0,0,1 0,7,4,3,0,1,0,0,0,0,0,0,0,0,0,0,0,0,0 0,44,151,85,43,33,17,12,5,2,4,2,1,0,0,0,0,0,1 0,1,4,3,0,1,0,0,0,0,0,0,0,0,0,0,0,0,0
/home/michal/Downloads/pcddata/processed/paramtest/dt0,02_mp8000_pp0,001/annotated/rares/20140903/patrol_run_12/room_2/features/nonPlanes<fpfh_iss_2015-05-22_03-07-37.pcd 0.0247975 0.000842402 0.00156327 5 180,139,84,63,52 51,35,23,19,12 0,0,0,0,0 393294 867 1760 6 9 400 1293 3 6 392427,497,176,83,37,23,20,7,12,1,5,2,1,1,2 0,3,3,0,0,0,0,0,0,0,0,0,0,0,0 0,30,176,83,37,23,20,7,12,1,5,2,1,1,2 0,0,3,0,0,0,0,0,0,0,0,0,0,0,0
/home/michal/Downloads/pcddata/processed/paramtest/dt0,02_mp8000_pp0,001/annotated/rares/20140903/patrol_run_14/room_1/features/nonPlanes<fpfh_iss_2015-05-22_03-07-47.pcd 0.0287107 0.00132934 0.00292312 6 142,116,96,57,50,40 41,38,26,20,18,16 0,0,0,0,0,0 415800 877 1760 23 63 400 1283 14 54 414923,502,175,92,38,23,21,9,4,5,1,2,1,2,1,1 0,11,3,2,2,1,2,1,1,0,0,0,0,0,0,0 0,25,175,92,38,23,21,9,4,5,1,2,1,2,1,1 0,2,3,2,2,1,2,1,1,0,0,0,0,0,0,0
/home/michal/Downloads/pcddata/processed/paramtest/dt0,02_mp8000_pp0,001/annotated/rares/20140903/patrol_run_2/room_4/features/nonPlanes<fpfh_iss_2015-05-22_03-07-59.pcd 0.0195891 0.000924461 0.00252721 8 189,98,78,63,62,53,43,41 57,25,21,18,18,19,17,16 1,0,0,0,0,0,0,0 397188 921 1760 85 187 400 1239 49 151 396267,549,177,88,42,27,15,8,8,1,3,0,1,0,1,1 0,45,12,11,9,2,3,3,0,0,0,0,0,0,0,0 0,28,177,88,42,27,15,8,8,1,3,0,1,0,1,1 0,9,12,11,9,2,3,3,0,0,0,0,0,0,0,0
/home/michal/Downloads/pcddata/processed/paramtest/dt0,02_mp8000_pp0,001/annotated/rares/20140903/patrol_run_9/room_2/features/nonPlanes<fpfh_iss_2015-05-22_03-08-09.pcd 0.017524 0.000756871 0.00158665 7 194,126,101,57,52,43,34 52,46,23,16,16,13,13 0,0,0,0,0,1,0 428340 905 1760 27 51 400 1255 11 35 427435,539,164,80,58,21,17,12,6,2,4,0,2 0,16,6,3,1,0,0,0,0,0,1,0,0 0,34,164,80,58,21,17,12,6,2,4,0,2 0,0,6,3,1,0,0,0,0,0,1,0,0
/home/michal/Downloads/pcddata/processed/paramtest/dt0,02_mp8000_pp0,001/annotated/rares/20140904/patrol_run_15/room_2/features/nonPlanes<fpfh_iss_2015-05-22_03-08-18.pcd 0.022006 0.000811575 0.00195275 7 177,169,104,57,48,47,42 49,43,39,17,15,20,13 0,0,1,0,0,0,0 382336 879 1760 59 123 400 1281 33 97 381457,506,166,90,48,26,19,11,2,2,4,0,3,0,1,1 0,30,16,5,2,2,3,0,0,0,1,0,0,0,0,0 0,27,166,90,48,26,19,11,2,2,4,0,3,0,1,1 0,4,16,5,2,2,3,0,0,0,1,0,0,0,0,0
/home/michal/Downloads/pcddata/processed/paramtest/dt0,02_mp8000_pp0,001/annotated/rares/20140905/patrol_run_17/room_2/features/nonPlanes<fpfh_iss_2015-05-22_03-08-29.pcd 0.0221812 0.000839279 0.00248583 9 142,138,83,69,57,47,44,43,37 39,32,29,22,17,12,13,12,13 0,0,1,0,0,0,0,0,0 404481 875 1760 42 92 400 1285 26 76 403606,495,175,94,50,25,9,5,6,5,4,4,1,1,0,0,0,1 0,16,11,10,2,2,1,0,0,0,0,0,0,0,0,0,0,0 0,20,175,94,50,25,9,5,6,5,4,4,1,1,0,0,0,1 0,0,11,10,2,2,1,0,0,0,0,0,0,0,0,0,0,0
/home/michal/Downloads/pcddata/processed/paramtest/dt0,02_mp8000_pp0,001/annotated/rares/20140905/patrol_run_19/room_1/features/nonPlanes<fpfh_iss_2015-05-22_03-08-40.pcd 0.021269 0.00087556 0.00159795 7 150,106,88,56,52,46,41 46,36,24,18,13,13,17 0,1,0,0,0,0,0 388416 914 1760 60 124 400 1246 35 99 387502,531,177,90,48,34,15,8,5,3,3 0,27,18,8,2,3,1,0,1,0,0 0,17,177,90,48,34,15,8,5,3,3 0,2,18,8,2,3,1,0,1,0,0
/home/michal/Downloads/pcddata/processed/paramtest/dt0,02_mp8000_pp0,001/annotated/rares/20140905/patrol_run_21/room_2/features/nonPlanes<fpfh_iss_2015-05-22_03-08-53.pcd 0.0190537 0.000578986 0.00166398 6 132,128,93,90,82,74 44,38,30,31,23,21 0,0,1,0,0,0 401082 859 1760 50 125 400 1301 35 110 400223,475,181,90,42,24,21,9,5,5,2,0,1,1,0,2,1 0,16,15,8,4,4,2,1,0,0,0,0,0,0,0,0,0 0,16,181,90,42,24,21,9,5,5,2,0,1,1,0,2,1 0,1,15,8,4,4,2,1,0,0,0,0,0,0,0,0,0
/home/michal/Downloads/pcddata/processed/paramtest/dt0,02_mp8000_pp0,001/annotated/rares/20140905/patrol_run_23/room_2/features/nonPlanes<fpfh_iss_2015-05-22_03-09-06.pcd 0.0276722 0.00145141 0.00262474 10 141,139,100,77,67,61,54,51,41,38 41,39,26,20,12,18,18,18,13,13 1,0,0,0,0,0,0,0,0,0 392224 850 1760 52 139 400 1310 37 124 391374,478,165,88,46,33,14,9,4,3,2,2,0,3,0,0,0,2,1 0,16,11,13,4,4,3,0,1,0,0,0,0,0,0,0,0,0,0 0,28,165,88,46,33,14,9,4,3,2,2,0,3,0,0,0,2,1 0,1,11,13,4,4,3,0,1,0,0,0,0,0,0,0,0,0,0
/home/michal/Downloads/pcddata/processed/paramtest/dt0,02_mp8000_pp0,001/annotated/rares/20140905/patrol_run_25/room_1/features/nonPlanes<fpfh_iss_2015-05-22_03-09-18.pcd 0.0279365 0.00126948 0.00285249 9 110,98,85,83,80,74,49,43,38 35,31,19,19,20,23,18,12,13 1,0,0,0,0,0,0,0,0 397188 836 1760 58 142 400 1324 39 123 396352,465,161,87,37,36,17,11,10,3,3,5,0,1 0,22,16,8,7,1,1,1,1,0,1,0,0,0 0,29,161,87,37,36,17,11,10,3,3,5,0,1 0,3,16,8,7,1,1,1,1,0,1,0,0,0
/home/michal/Downloads/pcddata/processed/paramtest/dt0,02_mp8000_pp0,001/annotated/rares/20140905/patrol_run_27/room_2/features/nonPlanes<fpfh_iss_2015-05-22_03-09-29.pcd 0.0288562 0.00104152 0.00250274 8 258,110,91,69,58,48,44,28 73,34,30,22,22,17,12,12 0,0,0,0,1,0,0,0 409596 889 1760 43 88 400 1271 28 73 408707,512,166,100,48,26,18,3,5,4,0,2,2,1,0,2 0,17,12,11,1,2,0,0,0,0,0,0,0,0,0,0 0,23,166,100,48,26,18,3,5,4,0,2,2,1,0,2 0,2,12,11,1,2,0,0,0,0,0,0,0,0,0,0
/home/michal/Downloads/pcddata/processed/paramtest/dt0,02_mp8000_pp0,001/annotated/rares/20140905/patrol_run_29/room_2/features/nonPlanes<fpfh_iss_2015-05-22_03-09-39.pcd 0.0243474 0.000805595 0.0023795 7 224,217,119,65,64,61,46 66,57,35,21,22,13,14 0,0,0,1,0,0,0 383295 821 1760 33 77 400 1339 21 65 382474,467,145,73,49,34,20,9,11,4,4,0,1,1,1,0,2 0,15,5,5,5,1,2,0,0,0,0,0,0,0,0,0,0 0,46,145,73,49,34,20,9,11,4,4,0,1,1,1,0,2 0,3,5,5,5,1,2,0,0,0,0,0,0,0,0,0,0
/home/michal/Downloads/pcddata/processed/paramtest/dt0,02_mp8000_pp0,001/annotated/rares/20140905/patrol_run_30/room_1/features/nonPlanes<fpfh_iss_2015-05-22_03-09-49.pcd 0.0293231 0.000779422 0.0025758 8 157,84,84,79,57,46,42,41 46,30,26,22,17,17,12,13 0,0,0,0,0,0,0,0 382239 876 1760 18 37 400 1284 11 30 381363,495,169,96,49,30,11,13,5,3,1,2,0,0,1,0,0,0,0,0,0,0,0,1 0,9,5,3,0,0,0,0,0,1,0,0,0,0,0,0,0,0,0,0,0,0,0,0 0,19,169,96,49,30,11,13,5,3,1,2,0,0,1,0,0,0,0,0,0,0,0,1 0,2,5,3,0,0,0,0,0,1,0,0,0,0,0,0,0,0,0,0,0,0,0,0
/home/michal/Downloads/pcddata/processed/paramtest/dt0,02_mp8000_pp0,001/annotated/rares/20140905/patrol_run_30/room_7/features/nonPlanes<fpfh_iss_2015-05-22_03-09-59.pcd 0.0239968 0.000808478 0.00274459 9 197,85,84,74,56,51,50,50,43 61,22,19,13,17,17,18,13,14 0,0,0,0,0,1,0,0,0 381376 861 1760 42 99 400 1299 18 75 380515,496,162,73,64,27,12,10,5,5,0,2,1,0,0,1,1,1,0,0,0,1 0,26,5,4,3,1,0,0,1,1,0,0,0,0,0,0,0,1,0,0,0,0 0,35,162,73,64,27,12,10,5,5,0,2,1,0,0,1,1,1,0,0,0,1 0,2,5,4,3,1,0,0,1,1,0,0,0,0,0,0,0,1,0,0,0,0
/home/michal/Downloads/pcddata/processed/paramtest/dt0,02_mp8000_pp0,001/annotated/rares/20140908/patrol_run_32/room_2/features/nonPlanes<fpfh_iss_2015-05-22_03-10-11.pcd 0.0208786 0.000880789 0.00237268 6 200,147,68,53,44,28 55,37,17,15,16,14 0,0,0,0,0,0 404481 877 1760 18 28 400 1283 7 17 403604,515,163,81,51,23,7,13,8,9,4,1,0,1,0,1 0,12,4,1,0,1,0,0,0,0,0,0,0,0,0,0 0,38,163,81,51,23,7,13,8,9,4,1,0,1,0,1 0,1,4,1,0,1,0,0,0,0,0,0,0,0,0,0
/home/michal/Downloads/pcddata/processed/paramtest/dt0,02_mp8000_pp0,001/annotated/rares/20140908/patrol_run_34/room_2/features/nonPlanes<fpfh_iss_2015-05-22_03-10-22.pcd 0.0201677 0.000869748 0.0016953 9 255,205,66,38,36,33,29,27,27 71,61,16,14,13,13,12,14,13 0,0,0,0,0,1,0,0,0 404976 857 1760 40 108 400 1303 27 95 404119,493,160,86,38,27,21,12,9,3,3,1,2,1,0,1 0,16,8,7,4,1,2,0,0,0,1,0,1,0,0,0 0,36,160,86,38,27,21,12,9,3,3,1,2,1,0,1 0,3,8,7,4,1,2,0,0,0,1,0,1,0,0,0
/home/michal/Downloads/pcddata/processed/paramtest/dt0,02_mp8000_pp0,001/annotated/rares/20140908/patrol_run_36/room_3/features/nonPlanes<fpfh_iss_2015-05-22_03-10-33.pcd 0.0201591 0.0007722 0.00218681 9 238,112,86,61,60,58,48,35,30 69,38,31,18,20,12,12,12,12 0,1,0,0,0,1,0,0,0 369376 915 1760 71 180 400 1245 39 148 368461,543,155,105,55,28,9,7,2,5,3,1,0,1,1 0,33,10,13,8,4,0,0,0,1,0,0,0,1,1 0,28,155,105,55,28,9,7,2,5,3,1,0,1,1 0,1,10,13,8,4,0,0,0,1,0,0,0,1,1
/home/michal/Downloads/pcddata/processed/paramtest/dt0,02_mp8000_pp0,001/annotated/rares/20140908/patrol_run_38/room_2/features/nonPlanes<fpfh_iss_2015-05-22_03-10-45.pcd 0.0251298 0.000821802 0.00290688 6 273,177,93,74,66,64 85,50,23,19,20,15 0,1,0,0,0,0 406624 846 1760 71 196 400 1314 48 173 405778,456,182,84,52,30,14,13,4,4,1,4,1,0,0,0,0,0,0,0,0,1 0,23,22,13,6,2,0,1,1,1,0,1,0,0,0,0,0,0,0,0,0,1 0,10,182,84,52,30,14,13,4,4,1,4,1,0,0,0,0,0,0,0,0,1 0,0,22,13,6,2,0,1,1,1,0,1,0,0,0,0,0,0,0,0,0,1
/home/michal/Downloads/pcddata/processed/paramtest/dt0,02_mp8000_pp0,001/annotated/rares/20140908/patrol_run_39/room_3/features/nonPlanes<fpfh_iss_2015-05-22_03-10-55.pcd 0.0277697 0.00105598 0.00198843 7 160,126,109,77,77,65,41 49,42,31,26,21,18,12 0,0,1,0,0,0,0 397188 871 1760 47 125 400 1289 31 109 396317,498,160,91,56,26,20,6,4,1,4,1,0,1,1,0,1,0,1 0,18,14,5,2,3,2,0,1,0,1,1,0,0,0,0,0,0,0 0,27,160,91,56,26,20,6,4,1,4,1,0,1,1,0,1,0,1 0,2,14,5,2,3,2,0,1,0,1,1,0,0,0,0,0,0,0
/home/michal/Downloads/pcddata/processed/paramtest/dt0,02_mp8000_pp0,001/annotated/rares/20140908/patrol_run_41/room_3/features/nonPlanes<fpfh_iss_2015-05-22_03-11-07.pcd 0.0206859 0.000779967 0.00218154 8 141,90,74,67,52,46,39,37 42,29,22,20,17,15,15,12 0,1,0,0,0,0,0,0 379456 898 1760 57 162 400 1262 40 145 378558,517,176,98,36,33,14,8,6,6,0,3,0,1 0,17,14,12,2,6,2,2,1,1,0,0,0,0 0,19,176,98,36,33,14,8,6,6,0,3,0,1 0,0,14,12,2,6,2,2,1,1,0,0,0,0
/home/michal/Downloads/pcddata/processed/paramtest/dt0,02_mp8000_pp0,001/annotated/rares/20140908/patrol_run_43/room_3/features/nonPlanes<fpfh_iss_2015-05-22_03-11-18.pcd 0.028266 0.000613971 0.00265395 5 173,132,79,66,63 53,40,22,24,19 0,0,0,0,1 399960 850 1760 40 111 400 1310 29 100 399110,489,148,85,56,29,14,13,5,2,2,2,3,0,0,0,0,0,0,1,0,1 0,11,11,6,5,3,3,1,0,0,0,0,0,0,0,0,0,0,0,0,0,0 0,39,148,85,56,29,14,13,5,2,2,2,3,0,0,0,0,0,0,1,0,1 0,0,11,6,5,3,3,1,0,0,0,0,0,0,0,0,0,0,0,0,0,0
/home/michal/Downloads/pcddata/processed/paramtest/dt0,02_mp8000_pp0,001/annotated/rares/20140908/patrol_run_45/room_2/features/nonPlanes<fpfh_iss_2015-05-22_03-11-30.pcd 0.0217382 0.000720565 0.00168291 9 216,208,94,65,63,44,38,33,30 61,63,29,19,18,13,15,13,13 1,0,0,0,0,0,0,0,0 388773 920 1760 93 233 400 1240 54 194 387853,538,183,98,47,21,5,10,7,5,2,1,2,1 0,43,21,10,4,6,1,3,4,0,0,0,0,1 0,18,183,98,47,21,5,10,7,5,2,1,2,1 0,4,21,10,4,6,1,3,4,0,0,0,0,1
/home/michal/Downloads/pcddata/processed/paramtest/dt0,02_mp8000_pp0,001/annotated/rares/20140908/patrol_run_47/room_3/features/nonPlanes<fpfh_iss_2015-05-22_03-11-42.pcd 0.0187167 0.000699375 0.00160756 9 159,112,82,77,69,65,57,47,42 48,32,25,19,17,26,18,13,16 1,0,0,0,0,0,0,0,0 395307 924 1760 101 221 400 1236 54 174 394383,542,188,86,49,25,14,7,3,2,5,2,0,0,0,0,1 0,50,21,13,9,4,3,0,0,0,0,0,0,0,0,0,1 0,18,188,86,49,25,14,7,3,2,5,2,0,0,0,0,1 0,3,21,13,9,4,3,0,0,0,0,0,0,0,0,0,1
/home/michal/Downloads/pcddata/processed/paramtest/dt0,02_mp8000_pp0,001/annotated/rares/20140909/patrol_run_49/room_3/features/nonPlanes<fpfh_iss_2015-05-22_03-11-55.pcd 0.0185127 0.000601593 0.00158421 8 168,78,76,67,62,51,42,35 48,22,24,18,17,13,13,15 0,0,0,0,0,1,0,0 434511 859 1760 40 92 400 1301 21 73 433652,497,153,77,50,41,11,11,7,5,4,1,1,0,1 0,19,13,1,1,2,2,0,1,0,1,0,0,0,0 0,38,153,77,50,41,11,11,7,5,4,1,1,0,1 0,0,13,1,1,2,2,0,1,0,1,0,0,0,0
/home/michal/Downloads/pcddata/processed/paramtest/dt0,02_mp8000_pp0,001/annotated/rares/20140909/patrol_run_51/room_3/features/nonPlanes<fpfh_iss_2015-05-22_03-12-04.pcd 0.020579 0.00120736 0.00263666 8 181,161,133,117,75,72,49,49 40,37,52,36,17,22,15,14 0,0,0,0,0,1,0,0 698841 823 1760 43 99 400 1337 27 83 698018,477,134,88,42,25,20,9,12,7,4,1,0,2,0,0,0,0,1,0,0,1 0,21,11,3,3,1,0,2,2,0,0,0,0,0,0,0,0,0,0,0,0,0 0,54,134,88,42,25,20,9,12,7,4,1,0,2,0,0,0,0,1,0,0,1 0,5,11,3,3,1,0,2,2,0,0,0,0,0,0,0,0,0,0,0,0,0
/home/michal/Downloads/pcddata/processed/paramtest/dt0,02_mp8000_pp0,001/annotated/rares/20140909/patrol_run_53/room_3/features/nonPlanes<fpfh_iss_2015-05-22_03-12-15.pcd 0.0186554 0.000681768 0.00161577 7 146,113,107,83,53,51,41 37,35,30,29,13,17,14 1,0,0,0,0,0,0 404481 931 1760 76 217 400 1229 42 183 403550,558,176,90,47,26,12,9,6,1,3,0,1,1,0,1 0,34,13,7,10,5,1,1,1,0,1,0,1,1,0,1 0,27,176,90,47,26,12,9,6,1,3,0,1,1,0,1 0,0,13,7,10,5,1,1,1,0,1,0,1,1,0,1
/home/michal/Downloads/pcddata/processed/paramtest/dt0,02_mp8000_pp0,001/annotated/rares/20140909/patrol_run_55/room_3/features/nonPlanes<fpfh_iss_2015-05-22_03-12-26.pcd 0.027266 0.000850905 0.00164134 7 219,127,67,56,46,40,20 71,28,21,18,14,14,12 0,0,0,0,1,0,0 421344 864 1760 37 79 400 1296 19 61 420480,485,158,104,43,32,18,4,12,4,0,2,1,1 0,19,8,6,1,1,1,0,0,0,0,1,0,0 0,21,158,104,43,32,18,4,12,4,0,2,1,1 0,1,8,6,1,1,1,0,0,0,0,1,0,0
/home/michal/Downloads/pcddata/processed/paramtest/dt0,02_mp8000_pp0,001/annotated/rares/20140909/patrol_run_59/room_3/features/nonPlanes<fpfh_iss_2015-05-22_03-12-38.pcd 0.0204006 0.000786125 0.00171144 4 220,110,110,51 74,37,24,17 0,0,0,0 432300 931 1760 31 53 400 1229 14 36 431369,560,183,79,50,27,9,7,7,4,0,1,2,0,1,0,0,0,1 0,17,9,2,3,0,0,0,0,0,0,0,0,0,0,0,0,0,0 0,29,183,79,50,27,9,7,7,4,0,1,2,0,1,0,0,0,1 0,0,9,2,3,0,0,0,0,0,0,0,0,0,0,0,0,0,0
/home/michal/Downloads/pcddata/processed/paramtest/dt0,02_mp8000_pp0,001/annotated/rares/20140909/patrol_run_61/room_3/features/nonPlanes<fpfh_iss_2015-05-22_03-12-50.pcd 0.019536 0.000785958 0.00159761 10 123,98,75,65,59,54,42,42,37,35 33,30,16,21,22,14,13,12,12,14 0,0,0,0,0,0,0,0,1,0 430122 931 1760 34 60 400 1229 13 39 429191,555,197,75,46,17,18,6,7,3,1,2,3,0,0,0,1 0,21,8,3,0,1,0,0,0,1,0,0,0,0,0,0,0 0,24,197,75,46,17,18,6,7,3,1,2,3,0,0,0,1 0,0,8,3,0,1,0,0,0,1,0,0,0,0,0,0,0
/home/michal/Downloads/pcddata/processed/paramtest/dt0,02_mp8000_pp0,001/annotated/rares/20140909/patrol_run_63/room_3/features/nonPlanes<fpfh_iss_2015-05-22_03-13-00.pcd 0.0183673 0.000727674 0.00164257 8 126,96,90,63,54,37,36,32 45,26,24,24,13,13,13,13 0,0,0,0,0,0,0,1 391314 869 1760 36 73 400 1291 20 57 390445,507,140,94,56,33,13,13,5,3,0,1,1,0,2,1 0,19,9,3,3,0,1,0,0,1,0,0,0,0,0,0 0,38,140,94,56,33,13,13,5,3,0,1,1,0,2,1 0,3,9,3,3,0,1,0,0,1,0,0,0,0,0,0
/home/michal/Downloads/pcddata/processed/paramtest/dt0,02_mp8000_pp0,001/annotated/rares/20140910/patrol_run_67/room_3/features/nonPlanes<fpfh_iss_2015-05-22_03-13-11.pcd 0.0203573 0.000901348 0.00278574 6 163,136,108,75,50,42 40,41,39,25,17,13 1,0,0,0,0,0 460647 918 1760 80 233 400 1242 47 200 459729,545,178,83,41,38,12,6,7,3,3,0,0,0,1,1 0,37,16,5,5,5,4,1,3,0,2,0,0,0,1,1 0,27,178,83,41,38,12,6,7,3,3,0,0,0,1,1 0,4,16,5,5,5,4,1,3,0,2,0,0,0,1,1
/home/michal/Downloads/pcddata/processed/paramtest/dt0,02_mp8000_pp0,001/annotated/rares/20140910/patrol_run_69/room_3/features/nonPlanes<fpfh_iss_2015-05-22_03-13-23.pcd 0.0181723 0.00076924 0.00163011 9 161,106,74,73,62,54,47,47,36 40,34,16,21,19,18,15,12,15 0,0,0,0,0,0,0,0,1 382239 832 1760 71 157 400 1328 43 129 381407,458,165,86,49,26,14,9,12,2,2,3,4,2 0,34,19,6,5,2,3,0,0,1,1,0,0,0 0,26,165,86,49,26,14,9,12,2,2,3,4,2 0,6,19,6,5,2,3,0,0,1,1,0,0,0
/home/michal/Downloads/pcddata/processed/paramtest/dt0,02_mp8000_pp0,001/annotated/rares/20140910/patrol_run_71/room_3/features/nonPlanes<fpfh_iss_2015-05-22_03-13-34.pcd 0.0199099 0.00079297 0.00169653 6 197,173,73,47,45,37 53,60,26,15,12,13 0,0,0,0,0,0 472461 905 1760 40 76 400 1255 18 54 471556,534,168,91,53,23,15,7,3,4,3,0,0,0,1,2,0,1 0,23,8,4,3,0,1,1,0,0,0,0,0,0,0,0,0,0 0,29,168,91,53,23,15,7,3,4,3,0,0,0,1,2,0,1 0,1,8,4,3,0,1,1,0,0,0,0,0,0,0,0,0,0
/home/michal/Downloads/pcddata/processed/paramtest/dt0,02_mp8000_pp0,001/annotated/rares/20140910/patrol_run_74/room_3/features/nonPlanes<fpfh_iss_2015-05-22_03-13-44.pcd 0.0219389 0.000884917 0.00227165 9 198,113,71,63,59,58,52,47,43 63,23,22,23,20,22,14,16,15 0,0,0,1,0,0,0,0,0 426888 892 1760 34 89 400 1268 24 79 425996,524,183,76,39,28,15,8,7,2,4,2,0,0,1,1,1,0,0,1 0,14,9,6,0,0,2,0,1,1,1,0,0,0,0,0,0,0,0,0 0,32,183,76,39,28,15,8,7,2,4,2,0,0,1,1,1,0,0,1 0,4,9,6,0,0,2,0,1,1,1,0,0,0,0,0,0,0,0,0
/home/michal/Downloads/pcddata/processed/paramtest/dt0,02_mp8000_pp0,001/annotated/rares/20140910/patrol_run_77/room_4/features/nonPlanes<fpfh_iss_2015-05-22_03-13-56.pcd 0.0172038 0.000813282 0.00262633 7 187,73,68,53,50,36,35 57,22,14,14,14,15,14 0,0,0,0,0,0,0 392700 804 1760 15 36 400 1356 8 29 391896,441,150,77,45,37,18,13,10,2,3,3,3,1,1 0,8,2,3,1,0,0,0,0,0,0,1,0,0,0 0,37,150,77,45,37,18,13,10,2,3,3,3,1,1 0,1,2,3,1,0,0,0,0,0,0,1,0,0,0
/home/michal/Downloads/pcddata/processed/paramtest/dt0,02_mp8000_pp0,001/annotated/rares/20140910/patrol_run_79/room_2/features/nonPlanes<fpfh_iss_2015-05-22_03-14-06.pcd 0.013252 0.000681159 0.000853288 7 201,79,75,56,44,40,30 64,25,25,19,14,15,12 0,0,0,0,0,0,0 393294 911 1760 34 56 400 1249 13 35 392383,516,202,77,54,28,16,7,2,4,3,1,0,0,0,1 0,21,9,0,3,1,0,0,0,0,0,0,0,0,0,0 0,5,202,77,54,28,16,7,2,4,3,1,0,0,0,1 0,0,9,0,3,1,0,0,0,0,0,0,0,0,0,0
/home/michal/Downloads/pcddata/processed/paramtest/dt0,02_mp8000_pp0,001/annotated/rares/20140910/patrol_run_81/room_2/features/nonPlanes<fpfh_iss_2015-05-22_03-14-15.pcd 0.0187971 0.000560754 0.00169858 6 306,61,49,48,47,44 86,16,17,14,17,14 0,0,0,0,1,0 377600 844 1760 33 69 400 1316 21 57 376756,481,153,84,50,21,19,16,9,2,4,4,0,0,0,0,1 0,14,11,3,2,2,1,0,0,0,0,0,0,0,0,0,0 0,37,153,84,50,21,19,16,9,2,4,4,0,0,0,0,1 0,2,11,3,2,2,1,0,0,0,0,0,0,0,0,0,0
/home/michal/Downloads/pcddata/processed/paramtest/dt0,02_mp8000_pp0,001/annotated/rares/20140911/patrol_run_82/room_3/features/nonPlanes<fpfh_iss_2015-05-22_03-14-27.pcd 0.0110915 0.000400625 0.00160631 8 262,107,85,44,40,39,38,36 66,28,30,12,13,13,12,12 0,0,0,0,0,0,0,0 449592 877 1760 19 45 400 1283 11 37 448715,519,154,84,47,29,14,11,6,6,1,4,0,0,0,1,1 0,8,6,1,2,0,1,0,1,0,0,0,0,0,0,0,0 0,42,154,84,47,29,14,11,6,6,1,4,0,0,0,1,1 0,0,6,1,2,0,1,0,1,0,0,0,0,0,0,0,0
/home/michal/Downloads/pcddata/processed/paramtest/dt0,02_mp8000_pp0,001/annotated/rares/20140911/patrol_run_84/room_3/features/nonPlanes<fpfh_iss_2015-05-22_03-14-39.pcd 0.0182888 0.000806698 0.0016635 5 197,135,126,48,37 51,37,46,16,13 1,0,0,0,0 388773 902 1760 108 305 400 1258 64 261 387871,536,169,85,48,28,10,10,5,5,1,1,0,1,1,0,0,0,2 0,46,26,15,5,1,3,4,2,1,1,1,0,1,1,0,0,0,1 0,34,169,85,48,28,10,10,5,5,1,1,0,1,1,0,0,0,2 0,2,26,15,5,1,3,4,2,1,1,1,0,1,1,0,0,0,1
/home/michal/Downloads/pcddata/processed/paramtest/dt0,02_mp8000_pp0,001/annotated/rares/20140911/patrol_run_88/room_3/features/nonPlanes<fpfh_iss_2015-05-22_03-14-53.pcd 0.026558 0.000814485 0.00279895 10 258,169,105,76,68,62,60,51,49,29 62,49,33,14,22,16,12,14,14,14 0,1,0,0,0,0,0,0,0,0 393294 835 1760 77 194 400 1325 46 163 392459,480,154,84,48,18,15,12,4,4,6,5,1,1,0,0,0,1,1,0,0,1 0,37,16,14,2,2,0,2,0,1,1,1,0,0,0,0,0,0,0,0,0,1 0,45,154,84,48,18,15,12,4,4,6,5,1,1,0,0,0,1,1,0,0,1 0,6,16,14,2,2,0,2,0,1,1,1,0,0,0,0,0,0,0,0,0,1
/home/michal/Downloads/pcddata/processed/paramtest/dt0,02_mp8000_pp0,001/annotated/rares/20140911/patrol_run_90/room_3/features/nonPlanes<fpfh_iss_2015-05-22_03-15-03.pcd 0.0167247 0.000589349 0.00164926 9 242,103,88,67,59,42,40,37,33 79,36,28,16,14,15,12,12,13 0,0,0,0,0,1,0,0,0 393822 924 1760 45 90 400 1236 21 66 392898,556,183,71,51,24,10,12,11,1,2,1,0,1,0,0,1 0,29,7,4,0,1,0,2,2,0,0,0,0,0,0,0,0 0,32,183,71,51,24,10,12,11,1,2,1,0,1,0,0,1 0,5,7,4,0,1,0,2,2,0,0,0,0,0,0,0,0
/home/michal/Downloads/pcddata/processed/paramtest/dt0,02_mp8000_pp0,001/annotated/rares/20140911/patrol_run_92/room_3/features/nonPlanes<fpfh_iss_2015-05-22_03-15-14.pcd 0.0184819 0.000873764 0.00168161 8 153,115,89,82,59,54,41,33 38,28,30,26,14,16,15,13 1,0,0,0,0,0,0,0 396032 876 1760 48 118 400 1284 31 101 395156,505,172,76,50,33,15,12,4,4,2,0,0,1,0,0,0,0,0,0,1,0,0,1 0,18,12,10,2,3,0,2,0,1,0,0,0,0,0,0,0,0,0,0,0,0,0,0 0,29,172,76,50,33,15,12,4,4,2,0,0,1,0,0,0,0,0,0,1,0,0,1 0,1,12,10,2,3,0,2,0,1,0,0,0,0,0,0,0,0,0,0,0,0,0,0
/home/michal/Downloads/pcddata/processed/paramtest/dt0,02_mp8000_pp0,001/annotated/rares/20140912/patrol_run_100/room_3/features/nonPlanes<fpfh_iss_2015-05-22_03-15-24.pcd 0.0184967 0.000600817 0.00168645 6 254,137,123,61,50,49 71,45,42,18,16,15 0,1,0,0,0,0 369376 890 1760 71 154 400 1266 42 123 368486,486,191,107,42,23,22,11,2,2,2,1,0,0,1 0,27,23,14,3,1,2,0,0,0,1,0,0,0,0 0,0,187,107,42,23,22,11,2,2,2,1,0,0,1 0,0,21,14,3,1,2,0,0,0,1,0,0,0,0
/home/michal/Downloads/pcddata/processed/paramtest/dt0,02_mp8000_pp0,001/annotated/rares/20140912/patrol_run_102/room_3/features/nonPlanes<fpfh_iss_2015-05-22_03-15-35.pcd 0.0201748 0.000800805 0.00180009 9 239,139,130,103,73,67,57,36,25 47,50,45,26,13,18,14,13,12 0,1,0,0,0,0,0,0,0 441664 754 1760 59 156 400 1406 45 142 440910,439,106,62,50,28,20,16,5,11,4,3,5,1,1,1,0,1,0,0,1 0,23,14,9,4,4,1,1,1,1,0,0,1,0,0,0,0,0,0,0,0 0,85,106,62,50,28,20,16,5,11,4,3,5,1,1,1,0,1,0,0,1 0,9,14,9,4,4,1,1,1,1,0,0,1,0,0,0,0,0,0,0,0
/home/michal/Downloads/pcddata/processed/paramtest/dt0,02_mp8000_pp0,001/annotated/rares/20140912/patrol_run_104/room_3/features/nonPlanes<fpfh_iss_2015-05-22_03-15-51.pcd 0.0201916 0.000791991 0.0016463 7 230,100,77,73,59,49,42 55,31,22,23,25,20,15 0,0,0,0,1,0,0 386496 878 1760 63 130 400 1282 33 100 385618,524,155,87,45,25,14,8,7,3,3,2,2,0,0,0,0,1,0,0,0,1,0,1 0,34,14,5,4,2,2,1,1,0,0,0,0,0,0,0,0,0,0,0,0,0,0,0 0,46,155,87,45,25,14,8,7,3,3,2,2,0,0,0,0,1,0,0,0,1,0,1 0,4,14,5,4,2,2,1,1,0,0,0,0,0,0,0,0,0,0,0,0,0,0,0
/home/michal/Downloads/pcddata/processed/paramtest/dt0,02_mp8000_pp0,001/annotated/rares/20140912/patrol_run_94/room_3/features/nonPlanes<fpfh_iss_2015-05-22_03-16-02.pcd 0.0197816 0.000886916 0.00171548 7 321,137,68,53,53,39,26 95,44,22,18,12,15,13 0,0,1,0,0,0,0 431244 927 1760 57 114 400 1233 23 80 430317,558,179,74,53,24,17,11,4,2,1,2,0,0,1,1 0,35,11,5,1,0,2,1,1,0,0,1,0,0,0,0 0,31,179,74,53,24,17,11,4,2,1,2,0,0,1,1 0,1,11,5,1,0,2,1,1,0,0,1,0,0,0,0
/home/michal/Downloads/pcddata/processed/paramtest/dt0,02_mp8000_pp0,001/annotated/rares/20140912/patrol_run_96/room_2/features/nonPlanes<fpfh_iss_2015-05-22_03-16-14.pcd 0.020052 0.000771378 0.00164936 5 277,77,72,46,23 90,26,16,19,14 0,0,0,1,0 375144 908 1760 40 73 400 1252 22 55 374236,561,150,86,51,18,18,4,4,4,4,2,1,2,2,1 0,22,11,5,0,1,0,0,0,1,0,0,0,0,0,0 0,53,150,86,51,18,18,4,4,4,4,2,1,2,2,1 0,4,11,5,0,1,0,0,0,1,0,0,0,0,0,0
/home/michal/Downloads/pcddata/processed/paramtest/dt0,02_mp8000_pp0,001/annotated/rares/20140912/patrol_run_98/room_3/features/nonPlanes<fpfh_iss_2015-05-22_03-16-26.pcd 0.0190553 0.000677766 0.00165141 7 218,169,117,69,61,54,49 63,43,38,15,17,15,16 0,0,1,0,0,0,0 385506 850 1760 71 156 400 1310 45 130 384656,472,164,95,49,32,16,3,8,4,2,1,1,0,2,0,0,0,0,0,0,0,0,0,0,0,0,0,0,0,0,1 0,31,19,10,6,1,1,2,1,0,0,0,0,0,0,0,0,0,0,0,0,0,0,0,0,0,0,0,0,0,0,0 0,22,164,95,49,32,16,3,8,4,2,1,1,0,2,0,0,0,0,0,0,0,0,0,0,0,0,0,0,0,0,1 0,5,19,10,6,1,1,2,1,0,0,0,0,0,0,0,0,0,0,0,0,0,0,0,0,0,0,0,0,0,0,0
/home/michal/Downloads/pcddata/processed/paramtest/dt0,02_mp8000_pp0,001/annotated/rares/20140921/patrol_run_110/room_2/features/nonPlanes<fpfh_iss_2015-05-22_03-16-39.pcd 0.00983444 0.000454231 0.000818817 9 115,80,67,60,54,52,51,50,49 40,25,15,16,20,12,18,14,16 0,0,0,0,1,0,0,0,0 392224 880 1760 36 79 400 1280 25 68 391344,514,168,75,56,28,11,7,5,7,4,2,1,0,1,1 0,14,11,5,3,2,1,0,0,0,0,0,0,0,0,0 0,34,168,75,56,28,11,7,5,7,4,2,1,0,1,1 0,3,11,5,3,2,1,0,0,0,0,0,0,0,0,0
/home/michal/Downloads/pcddata/processed/paramtest/dt0,02_mp8000_pp0,001/annotated/rares/20140921/patrol_run_112/room_2/features/nonPlanes<fpfh_iss_2015-05-22_03-16-51.pcd 0.0197178 0.000835058 0.00168689 7 206,124,119,88,42,39,38 48,38,39,29,15,15,13 0,0,0,0,1,0,0 408408 939 1760 36 67 400 1221 17 48 407469,582,162,91,39,28,15,8,7,2,2,1,0,0,0,1,0,0,0,1 0,21,11,1,0,1,1,0,0,0,1,0,0,0,0,0,0,0,0,0 0,43,162,91,39,28,15,8,7,2,2,1,0,0,0,1,0,0,0,1 0,2,11,1,0,1,1,0,0,0,1,0,0,0,0,0,0,0,0,0
/home/michal/Downloads/pcddata/processed/paramtest/dt0,02_mp8000_pp0,001/annotated/rares/20140921/patrol_run_114/room_1/features/nonPlanes<fpfh_iss_2015-05-22_03-17-07.pcd 0.0205134 0.000820974 0.00160514 5 256,120,69,58,51 79,33,16,15,18 0,0,0,0,0 410652 877 1760 27 55 400 1283 14 42 409775,512,154,93,43,29,17,13,5,8,1,1,0,0,0,0,0,0,1 0,15,7,2,0,2,0,0,0,0,1,0,0,0,0,0,0,0,0 0,35,154,93,43,29,17,13,5,8,1,1,0,0,0,0,0,0,1 0,2,7,2,0,2,0,0,0,0,1,0,0,0,0,0,0,0,0
/home/michal/Downloads/pcddata/processed/paramtest/dt0,02_mp8000_pp0,001/annotated/rares/20140922/patrol_run_116/room_2/features/nonPlanes<fpfh_iss_2015-05-22_03-17-17.pcd 0.0264017 0.000824245 0.00255 4 305,168,80,77 90,43,20,31 0,0,0,0 409959 838 1760 29 71 400 1322 17 59 409121,465,174,73,50,27,17,9,5,9,3,3,1,0,1,0,0,0,1 0,12,8,2,3,3,0,0,0,0,1,0,0,0,0,0,0,0,0 0,27,174,73,50,27,17,9,5,9,3,3,1,0,1,0,0,0,1 0,0,8,2,3,3,0,0,0,0,1,0,0,0,0,0,0,0,0
/home/michal/Downloads/pcddata/processed/paramtest/dt0,02_mp8000_pp0,001/annotated/rares/20140922/patrol_run_118/room_2/features/nonPlanes<fpfh_iss_2015-05-22_03-17-29.pcd 0.0193449 0.000653096 0.0015939 8 130,100,63,58,53,46,38,24 41,29,16,17,17,17,13,15 0,0,0,0,0,0,0,0 403293 885 1760 50 77 400 1275 21 48 402408,516,163,96,36,31,15,11,8,2,3,1,1,1,0,0,1 0,31,12,6,1,0,0,0,0,0,0,0,0,0,0,0,0 0,31,163,96,36,31,15,11,8,2,3,1,1,1,0,0,1 0,2,12,6,1,0,0,0,0,0,0,0,0,0,0,0,0
/home/michal/Downloads/pcddata/processed/paramtest/dt0,02_mp8000_pp0,001/annotated/rares/20140922/patrol_run_120/room_1/features/nonPlanes<fpfh_iss_2015-05-22_03-17-41.pcd 0.0215311 0.000791867 0.00173275 8 156,146,143,131,124,78,48,32 41,41,39,47,35,25,12,12 0,0,0,0,0,0,0,1 407808 870 1760 36 68 400 1290 19 51 406938,509,154,85,47,30,16,12,4,5,5,1,1,0,0,0,0,0,0,0,1 0,19,9,4,2,1,1,0,0,0,0,0,0,0,0,0,0,0,0,0,0 0,39,154,85,47,30,16,12,4,5,5,1,1,0,0,0,0,0,0,0,1 0,2,9,4,2,1,1,0,0,0,0,0,0,0,0,0,0,0,0,0,0
/home/michal/Downloads/pcddata/processed/paramtest/dt0,02_mp8000_pp0,001/annotated/rares/20140922/patrol_run_124/room_2/features/nonPlanes<fpfh_iss_2015-05-22_03-17-54.pcd 0.0198187 0.000756346 0.00160258 7 161,137,104,49,37,37,28 53,41,25,13,15,13,13 0,0,0,0,0,0,1 459030 943 1760 31 56 400 1217 19 44 458087,582,164,87,50,23,14,11,2,6,2,1,1 0,14,12,4,0,0,1,0,0,0,0,0,0 0,39,164,87,50,23,14,11,2,6,2,1,1 0,2,12,4,0,0,1,0,0,0,0,0,0
/home/michal/Downloads/pcddata/processed/paramtest/dt0,02_mp8000_pp0,001/annotated/rares/20140922/patrol_run_126/room_2/features/nonPlanes<fpfh_iss_2015-05-22_03-18-06.pcd 0.0189117 0.000593745 0.00279809 6 198,184,111,44,35,35 55,49,37,14,20,13 0,0,0,0,1,0 407456 889 1760 60 119 400 1271 28 87 406567,533,163,78,49,21,15,10,6,5,4,0,1,0,2,0,1,1 0,40,13,1,2,0,1,0,0,0,2,0,0,0,0,0,1,0 0,44,163,78,49,21,15,10,6,5,4,0,1,0,2,0,1,1 0,8,13,1,2,0,1,0,0,0,2,0,0,0,0,0,1,0
/home/michal/Downloads/pcddata/processed/paramtest/dt0,02_mp8000_pp0,001/annotated/rares/20140922/patrol_run_128/room_2/features/nonPlanes<fpfh_iss_2015-05-22_03-18-18.pcd 0.0193996 0.000597607 0.00164445 6 164,99,54,54,42,39 45,37,20,17,14,13 0,0,0,0,0,0 391072 929 1760 42 71 400 1231 17 46 390143,538,186,90,54,38,6,7,7,1,1,0,0,0,1 0,25,10,3,3,1,0,0,0,0,0,0,0,0,0 0,9,186,90,54,38,6,7,7,1,1,0,0,0,1 0,0,10,3,3,1,0,0,0,0,0,0,0,0,0
/home/michal/Downloads/pcddata/processed/paramtest/dt0,02_mp8000_pp0,001/annotated/rares/20140922/patrol_run_130/room_2/features/nonPlanes<fpfh_iss_2015-05-22_03-18-30.pcd 0.0182609 0.000613189 0.00168261 8 174,88,86,83,67,57,46,37 51,23,26,30,17,15,16,15 0,0,0,0,0,0,0,1 419200 893 1760 58 116 400 1267 31 89 418307,514,178,94,45,21,16,11,2,3,2,3,1,1,1,1 0,27,18,6,4,0,2,1,0,0,0,0,0,0,0,0 0,21,178,94,45,21,16,11,2,3,2,3,1,1,1,1 0,0,18,6,4,0,2,1,0,0,0,0,0,0,0,0
/home/michal/Downloads/pcddata/processed/paramtest/dt0,02_mp8000_pp0,001/annotated/rares/20140922/patrol_run_132/room_1/features/nonPlanes<fpfh_iss_2015-05-22_03-18-41.pcd 0.0196296 0.000843284 0.00164197 6 193,118,63,56,42,20 50,37,17,21,13,14 0,0,0,0,0,0 397188 856 1760 5 8 400 1304 2 5 396332,507,134,90,50,26,16,12,7,3,6,1,2,1,1 0,3,1,1,0,0,0,0,0,0,0,0,0,0,0 0,51,134,90,50,26,16,12,7,3,6,1,2,1,1 0,0,1,1,0,0,0,0,0,0,0,0,0,0,0
/home/michal/Downloads/pcddata/processed/paramtest/dt0,02_mp8000_pp0,001/annotated/rares/20140922/patrol_run_134/room_2/features/nonPlanes<fpfh_iss_2015-05-22_03-18-55.pcd 0.0184363 0.000849497 0.00185049 7 139,137,73,60,60,56,47 42,43,25,24,18,18,13 0,0,1,0,0,0,0 400554 935 1760 43 91 400 1225 25 73 399619,561,172,88,51,28,21,8,1,1,0,2,0,2 0,19,13,4,3,2,2,0,0,0,0,0,0,0 0,26,172,88,51,28,21,8,1,1,0,2,0,2 0,1,13,4,3,2,2,0,0,0,0,0,0,0
/home/michal/Downloads/pcddata/processed/paramtest/dt0,02_mp8000_pp0,001/annotated/rares/20140922/patrol_run_138/room_2/features/nonPlanes<fpfh_iss_2015-05-22_03-19-06.pcd 0.0188119 0.000916963 0.0017455 6 147,123,68,67,46,36 42,36,20,19,13,14 0,0,0,0,0,0 408408 900 1760 39 82 400 1260 24 67 407508,520,180,82,53,26,17,9,2,4,3,3,1 0,20,8,4,2,4,1,0,0,0,0,0,0 0,20,180,82,53,26,17,9,2,4,3,3,1 0,5,8,4,2,4,1,0,0,0,0,0,0
/home/michal/Downloads/pcddata/processed/paramtest/dt0,02_mp8000_pp0,001/annotated/rares/20140923/patrol_run_139/room_2/features/nonPlanes<fpfh_iss_2015-05-22_03-19-15.pcd 0.0195863 0.000801703 0.00170654 5 197,130,94,47,46 65,39,27,12,15 1,0,0,0,0 392224 918 1760 84 207 400 1242 54 177 391306,553,168,90,39,24,16,15,5,4,0,2,1,0,1 0,31,21,17,7,2,2,2,1,0,0,1,0,0,0 0,35,168,90,39,24,16,15,5,4,0,2,1,0,1 0,1,21,17,7,2,2,2,1,0,0,1,0,0,0
/home/michal/Downloads/pcddata/processed/paramtest/dt0,02_mp8000_pp0,001/annotated/rares/20140923/patrol_run_141/room_2/features/nonPlanes<fpfh_iss_2015-05-22_03-19-26.pcd 0.0200414 0.000570921 0.00161791 8 212,162,67,47,47,44,43,43 55,48,20,20,16,14,15,13 0,0,1,0,0,0,0,0 407286 885 1760 73 158 400 1275 35 120 406401,510,181,91,41,17,14,12,7,3,2,2,0,1,2,1,0,1 0,41,10,10,7,3,0,0,0,0,1,0,0,0,1,0,0,0 0,25,181,91,41,17,14,12,7,3,2,2,0,1,2,1,0,1 0,3,10,10,7,3,0,0,0,0,1,0,0,0,1,0,0,0
/home/michal/Downloads/pcddata/processed/paramtest/dt0,02_mp8000_pp0,001/annotated/rares/20140923/patrol_run_144/room_2/features/nonPlanes<fpfh_iss_2015-05-22_03-19-38.pcd 0.0189215 0.000813443 0.00165819 8 162,76,71,62,51,51,49,32 48,22,24,23,17,15,13,14 0,0,0,1,0,0,0,0 375744 948 1760 47 108 400 1212 31 92 374796,575,182,89,44,21,15,10,4,3,2,2,1 0,18,16,7,1,3,0,1,0,0,0,1,0 0,27,182,89,44,21,15,10,4,3,2,2,1 0,2,16,7,1,3,0,1,0,0,0,1,0
/home/michal/Downloads/pcddata/processed/paramtest/dt0,02_mp8000_pp0,001/annotated/rares/20140923/patrol_run_146/room_2/features/nonPlanes<fpfh_iss_2015-05-22_03-19-49.pcd 0.0173964 0.000744794 0.00163639 6 180,128,108,86,65,39 49,39,35,34,17,12 0,0,0,1,0,0 380688 869 1760 62 115 400 1291 35 88 379819,510,150,71,62,30,17,15,5,5,1,0,2,1 0,29,18,11,3,1,0,0,0,0,0,0,0,0 0,41,150,71,62,30,17,15,5,5,1,0,2,1 0,2,18,11,3,1,0,0,0,0,0,0,0,0
/home/michal/Downloads/pcddata/processed/paramtest/dt0,02_mp8000_pp0,001/annotated/rares/20140923/patrol_run_148/room_2/features/nonPlanes<fpfh_iss_2015-05-22_03-19-57.pcd 0.018632 0.00124574 0.00158071 6 147,145,118,85,50,38 50,48,22,32,21,12 0,0,0,0,1,0 391545 870 1760 38 74 400 1290 22 58 390675,496,174,83,47,30,14,9,4,4,3,2,0,1,0,0,2,1 0,18,13,5,0,1,0,0,0,0,1,0,0,0,0,0,0,0 0,26,174,83,47,30,14,9,4,4,3,2,0,1,0,0,2,1 0,2,13,5,0,1,0,0,0,0,1,0,0,0,0,0,0,0
/home/michal/Downloads/pcddata/processed/paramtest/dt0,02_mp8000_pp0,001/annotated/rares/20140923/patrol_run_150/room_2/features/nonPlanes<fpfh_iss_2015-05-22_03-20-07.pcd 0.017579 0.000668745 0.00157394 6 197,64,49,46,40,40 48,26,17,14,18,17 0,0,0,0,1,0 368448 902 1760 34 64 400 1258 17 47 367546,537,181,69,54,15,17,6,9,7,3,1,1,1,0,0,0,0,1 0,20,9,0,3,0,1,0,1,0,0,0,0,0,0,0,0,0,0 0,35,181,69,54,15,17,6,9,7,3,1,1,1,0,0,0,0,1 0,3,9,0,3,0,1,0,1,0,0,0,0,0,0,0,0,0,0
/home/michal/Downloads/pcddata/processed/paramtest/dt0,02_mp8000_pp0,001/annotated/rares/20140924/patrol_run_152/room_2/features/nonPlanes<fpfh_iss_2015-05-22_03-20-15.pcd 0.0205357 0.000543865 0.00174151 6 241,116,84,63,38,37 74,31,23,16,15,12 0,0,0,0,1,0 365568 873 1760 36 61 400 1287 17 42 364695,511,162,79,45,31,15,13,7,1,4,1,3,0,0,0,0,0,0,0,1 0,20,10,4,1,1,0,0,0,0,0,0,0,0,0,0,0,0,0,0,0 0,38,162,79,45,31,15,13,7,1,4,1,3,0,0,0,0,0,0,0,1 0,1,10,4,1,1,0,0,0,0,0,0,0,0,0,0,0,0,0,0,0
/home/michal/Downloads/pcddata/processed/paramtest/dt0,02_mp8000_pp0,001/annotated/rares/20140924/patrol_run_156/room_2/features/nonPlanes<fpfh_iss_2015-05-22_03-20-26.pcd 0.0197186 0.000598245 0.00168638 9 124,115,75,63,55,53,41,33,33 32,38,22,23,16,15,14,16,12 0,0,0,1,0,0,0,0,0 369600 903 1760 36 87 400 1257 26 77 368697,519,181,84,55,28,18,6,4,3,0,4,0,0,1 0,12,13,5,0,4,1,0,1,0,0,0,0,0,0 0,16,181,84,55,28,18,6,4,3,0,4,0,0,1 0,2,13,5,0,4,1,0,1,0,0,0,0,0,0
/home/michal/Downloads/pcddata/processed/paramtest/dt0,02_mp8000_pp0,001/annotated/rares/20140924/patrol_run_158/room_1/features/nonPlanes<fpfh_iss_2015-05-22_03-20-36.pcd 0.0216436 0.00104015 0.00236628 6 177,132,89,65,43,38 49,34,23,15,16,12 0,0,0,0,0,0 379962 858 1760 34 54 400 1302 17 37 379104,509,151,84,32,33,18,9,5,6,3,3,1,1,1,0,0,1,0,0,1 0,22,8,2,0,2,0,0,0,0,0,0,0,0,0,0,0,0,0,0,0 0,51,151,84,32,33,18,9,5,6,3,3,1,1,1,0,0,1,0,0,1 0,5,8,2,0,2,0,0,0,0,0,0,0,0,0,0,0,0,0,0,0
/home/michal/Downloads/pcddata/processed/paramtest/dt0,02_mp8000_pp0,001/annotated/rares/20140924/patrol_run_162/room_2/features/nonPlanes<fpfh_iss_2015-05-22_03-20-46.pcd 0.0182122 0.000890999 0.0016828 10 265,112,75,60,50,49,43,37,36,34 72,34,14,22,18,15,14,15,13,12 0,0,0,0,0,0,0,0,0,0 410816 881 1760 17 27 400 1279 6 16 409935,519,155,88,44,33,16,9,3,8,1,2,1,1,1 0,12,2,1,2,0,0,0,0,0,0,0,0,0,0 0,38,155,88,44,33,16,9,3,8,1,2,1,1,1 0,1,2,1,2,0,0,0,0,0,0,0,0,0,0
/home/michal/Downloads/pcddata/processed/paramtest/dt0,02_mp8000_pp0,001/annotated/rares/20140924/patrol_run_164/room_1/features/nonPlanes<fpfh_iss_2015-05-22_03-20-57.pcd 0.0193332 0.00069139 0.00191035 6 186,91,90,80,48,43 50,24,34,26,15,17 0,0,0,0,0,0 394284 918 1760 25 40 400 1242 10 25 393366,548,160,90,59,31,10,7,8,2,0,0,1,0,2 0,17,4,2,1,1,0,0,0,0,0,0,0,0,0 0,30,160,90,59,31,10,7,8,2,0,0,1,0,2 0,2,4,2,1,1,0,0,0,0,0,0,0,0,0
/home/michal/Downloads/pcddata/processed/paramtest/dt0,02_mp8000_pp0,001/annotated/rares/20140924/patrol_run_166/room_2/features/nonPlanes<fpfh_iss_2015-05-22_03-21-07.pcd 0.0204865 0.000706006 0.00218677 6 202,143,132,67,48,42 60,36,39,25,17,12 0,0,0,0,0,0 378378 924 1760 18 36 400 1236 10 28 377454,562,157,86,52,38,10,7,4,2,2,1,2,0,1 0,9,4,2,2,1,0,0,0,0,0,0,0,0,0 0,38,157,86,52,38,10,7,4,2,2,1,2,0,1 0,1,4,2,2,1,0,0,0,0,0,0,0,0,0
