obj_search:
  camera_z: 1.7
  ceiling_z: 2.27
  floor_z: 0
  object_query: {K: 5}
  processed_data_dir: /home/michal/Downloads/pcddata/processed/
  raw_data_dir: /media/michal/Pauli/masterdata/raw/
object_query: {K: 10, cluster_maxsize: 500, cluster_minsize: 12, cluster_tolerance: 0.2,
  clusters_to_results: true, extract_mult: 1.3, match: nonPlanes<fpfh_uniform, n_max_points: 400,
  output_dir: 'NULL', query_features: '/home/michal/Downloads/pcddata/processed/query/queryobjects/0,015/chair1/features/rgb_0015_label_chair1<fpfh_uniform_2015-05-28_10-49-21.pcd',
  results_out: '/home/michal/Downloads/pcddata/processed/query/k10_mx400_t0,2/ds0,015_mp9000',
  subdirs: 4, target_features: '/home/michal/Downloads/pcddata/processed/paramtest/ds0,015_mp9000',
  x_step_hough: 0.05, y_step_hough: 0.05, z_step_hough: 0.05}
rosdistro: 'indigo

  '
roslaunch:
  uris: {host_tycho__38071: 'http://tycho:38071/', host_tycho__43828: 'http://tycho:43828/',
    host_tycho__52135: 'http://tycho:52135/'}
rosversion: '1.11.10

  '
run_id: d8cf23de-072b-11e5-81b4-3c970e77227e
BEGIN_DATA
# fname t_query t_hough t_cluster cluster_n cluster_scores cluster_points cluster_inobb n_hough_tot nonzero_hough hough_votes boxpts boxvotes maxpts maxvotes maxboxpts maxboxvotes hough_hist box_hist max_hist boxmax_hist
/home/michal/Downloads/pcddata/processed/paramtest/ds0,015_mp9000/annotated/rares/20140820/patrol_run_2/room_1/features/nonPlanes<fpfh_uniform_2015-05-29_08-46-07.pcd 0.0618788 0.00189564 0.00201538 8 289,255,191,97,79,73,72,70 59,55,36,19,16,18,17,18 -1 449955 1620 3320 -1 -1 400 1785 -1 -1 448335,905,321,167,97,46,28,20,17,7,5,1,1,2,1,0,1,0,1 -1 0,0,6,167,97,46,28,20,17,7,5,1,1,2,1,0,1,0,1 -1
/home/michal/Downloads/pcddata/processed/paramtest/ds0,015_mp9000/annotated/rares/20140820/patrol_run_4/room_0/features/nonPlanes<fpfh_uniform_2015-05-29_08-46-11.pcd 0.0648592 0.000712424 0.00214026 7 246,158,84,84,83,78,55 47,26,21,16,21,20,12 -1 424446 1627 3320 -1 -1 400 1774 -1 -1 422819,908,341,156,88,50,32,14,13,5,7,7,5,0,1 -1 0,0,22,156,88,50,32,14,13,5,7,7,5,0,1 -1
/home/michal/Downloads/pcddata/processed/paramtest/ds0,015_mp9000/annotated/rares/20140828/patrol_run_19/room_3/features/nonPlanes<fpfh_uniform_2015-05-29_08-46-16.pcd 0.0639973 0.000743812 0.00230093 6 458,274,94,62,59,52 96,67,23,15,12,14 -1 441870 1711 3320 -1 -1 400 1690 -1 -1 440159,992,344,150,106,53,28,17,9,4,2,2,0,1,0,1,0,0,2 -1 0,0,25,150,106,53,28,17,9,4,2,2,0,1,0,1,0,0,2 -1
/home/michal/Downloads/pcddata/processed/paramtest/ds0,015_mp9000/annotated/rares/20140829/patrol_run_20/room_3/features/nonPlanes<fpfh_uniform_2015-05-29_08-46-21.pcd 0.0591689 0.000727735 0.00203422 9 461,190,120,104,99,82,79,75,56 82,42,19,22,26,18,14,16,14 -1 461736 1530 3320 -1 -1 400 1909 -1 -1 460206,849,294,146,86,57,31,23,10,13,5,2,4,3,2,1,2,0,0,2 -1 0,0,13,146,86,57,31,23,10,13,5,2,4,3,2,1,2,0,0,2 -1
/home/michal/Downloads/pcddata/processed/paramtest/ds0,015_mp9000/annotated/rares/20140829/patrol_run_26/room_2/features/nonPlanes<fpfh_uniform_2015-05-29_08-46-26.pcd 0.0722274 0.000855896 0.00283622 5 295,263,73,73,44 70,58,19,17,12 -1 404481 1761 3320 -1 -1 400 1649 -1 -1 402720,1051,344,160,93,47,30,12,10,4,7,2,0,0,0,0,0,0,0,0,0,0,1 -1 0,0,34,160,93,47,30,12,10,4,7,2,0,0,0,0,0,0,0,0,0,0,1 -1
/home/michal/Downloads/pcddata/processed/paramtest/ds0,015_mp9000/annotated/rares/20140901/patrol_run_27/room_2/features/nonPlanes<fpfh_uniform_2015-05-29_08-46-31.pcd 0.0641992 0.00105885 0.00177768 10 194,181,125,104,100,85,75,68,67,54 36,32,30,24,24,17,16,15,14,12 -1 424710 1610 3320 -1 -1 400 1802 -1 -1 423100,902,322,145,97,52,39,18,16,6,2,6,3,1,1 -1 0,0,14,145,97,52,39,18,16,6,2,6,3,1,1 -1
/home/michal/Downloads/pcddata/processed/paramtest/ds0,015_mp9000/annotated/rares/20140901/patrol_run_31/room_2/features/nonPlanes<fpfh_uniform_2015-05-29_08-46-36.pcd 0.0621985 0.00102989 0.00261741 7 272,199,198,153,67,65,61 51,27,36,30,12,14,13 -1 456456 1429 3320 -1 -1 400 2030 -1 -1 455027,768,272,125,99,48,34,19,21,9,9,8,7,5,2,1,0,0,0,0,1,1 -1 0,0,11,125,99,48,34,19,21,9,9,8,7,5,2,1,0,0,0,0,1,1 -1
/home/michal/Downloads/pcddata/processed/paramtest/ds0,015_mp9000/annotated/rares/20140901/patrol_run_32/room_2/features/nonPlanes<fpfh_uniform_2015-05-29_08-46-41.pcd 0.0614725 0.00108642 0.00178748 8 208,152,121,117,85,75,74,63 37,30,25,20,17,17,14,15 -1 449592 1605 3320 -1 -1 400 1845 -1 -1 447987,935,298,148,74,48,30,31,14,10,6,4,1,0,3,0,1,1,0,1 -1 0,0,28,148,74,48,30,31,14,10,6,4,1,0,3,0,1,1,0,1 -1
/home/michal/Downloads/pcddata/processed/paramtest/ds0,015_mp9000/annotated/rares/20140901/patrol_run_33/room_1/features/nonPlanes<fpfh_uniform_2015-05-29_08-46-45.pcd 0.0649162 0.00103114 0.00231347 7 227,187,140,124,78,64,56 45,27,28,22,15,14,13 -1 451044 1484 3320 -1 -1 400 1958 -1 -1 449560,806,296,134,81,54,37,25,13,11,8,9,4,1,1,0,1,1,0,1,1 -1 0,0,18,134,81,54,37,25,13,11,8,9,4,1,1,0,1,1,0,1,1 -1
/home/michal/Downloads/pcddata/processed/paramtest/ds0,015_mp9000/annotated/rares/20140902/patrol_run_35/room_2/features/nonPlanes<fpfh_uniform_2015-05-29_08-46-50.pcd 0.0615044 0.000906647 0.00216441 7 219,210,162,78,77,54,33 41,51,37,15,18,12,12 -1 451044 1673 3320 -1 -1 400 1746 -1 -1 449371,972,341,145,88,41,29,26,10,7,3,2,1,4,2,1,1 -1 0,0,40,145,88,41,29,26,10,7,3,2,1,4,2,1,1 -1
/home/michal/Downloads/pcddata/processed/paramtest/ds0,015_mp9000/annotated/rares/20140902/patrol_run_38/room_0/features/nonPlanes<fpfh_uniform_2015-05-29_08-46-54.pcd 0.0621015 0.000820476 0.00236655 9 210,154,144,135,98,69,64,54,40 52,26,26,33,22,12,13,12,12 -1 427977 1609 3320 -1 -1 400 1788 -1 -1 426368,886,340,162,78,51,32,21,16,10,8,2,0,1,1,1 -1 0,0,17,162,78,51,32,21,16,10,8,2,0,1,1,1 -1
/home/michal/Downloads/pcddata/processed/paramtest/ds0,015_mp9000/annotated/rares/20140903/patrol_run_1/room_4/features/nonPlanes<fpfh_uniform_2015-05-29_08-46-58.pcd 0.0727823 0.00205109 0.00187404 9 158,154,114,112,102,101,84,80,65 31,33,22,14,21,22,17,16,15 -1 470184 1528 3320 -1 -1 400 1928 -1 -1 468656,864,274,137,86,57,37,30,13,10,9,3,3,1,1,0,0,0,1,2 -1 0,0,10,137,86,57,37,30,13,10,9,3,3,1,1,0,0,0,1,2 -1
/home/michal/Downloads/pcddata/processed/paramtest/ds0,015_mp9000/annotated/rares/20140903/patrol_run_10/room_2/features/nonPlanes<fpfh_uniform_2015-05-29_08-47-04.pcd 0.0683687 0.00101946 0.00231084 9 237,177,135,111,80,75,53,53,51 56,27,28,19,16,15,14,13,14 -1 453024 1572 3320 -1 -1 400 1835 -1 -1 451452,859,335,148,87,55,32,17,15,7,2,4,4,0,1,1,2,1,1,0,0,0,1 -1 0,0,22,148,87,55,32,17,15,7,2,4,4,0,1,1,2,1,1,0,0,0,1 -1
/home/michal/Downloads/pcddata/processed/paramtest/ds0,015_mp9000/annotated/rares/20140903/patrol_run_12/room_2/features/nonPlanes<fpfh_uniform_2015-05-29_08-47-09.pcd 0.0655965 0.00088556 0.00173868 10 188,106,90,84,71,66,65,61,60,57 36,22,16,18,17,12,13,17,15,12 -1 434214 1611 3320 -1 -1 400 1816 -1 -1 432603,918,308,141,110,44,33,18,13,9,6,4,4,2,0,0,1 -1 0,0,15,141,110,44,33,18,13,9,6,4,4,2,0,0,1 -1
/home/michal/Downloads/pcddata/processed/paramtest/ds0,015_mp9000/annotated/rares/20140903/patrol_run_14/room_1/features/nonPlanes<fpfh_uniform_2015-05-29_08-47-14.pcd 0.0634773 0.000992225 0.00212018 9 138,129,94,77,72,70,64,53,51 28,22,24,17,12,18,15,12,12 -1 434313 1602 3320 -1 -1 400 1823 -1 -1 432711,907,305,157,95,47,41,19,10,6,2,5,3,0,1,0,0,0,0,2,1,1 -1 0,0,10,157,95,47,41,19,10,6,2,5,3,0,1,0,0,0,0,2,1,1 -1
/home/michal/Downloads/pcddata/processed/paramtest/ds0,015_mp9000/annotated/rares/20140903/patrol_run_2/room_4/features/nonPlanes<fpfh_uniform_2015-05-29_08-47-19.pcd 0.0661088 0.00103721 0.00287556 9 331,257,132,93,82,78,78,55,54 76,57,32,20,16,17,15,15,14 -1 462264 1716 3320 -1 -1 400 1680 -1 -1 460548,992,331,174,102,51,33,7,12,9,1,2,1,1 -1 0,0,7,174,102,51,33,7,12,9,1,2,1,1 -1
/home/michal/Downloads/pcddata/processed/paramtest/ds0,015_mp9000/annotated/rares/20140903/patrol_run_9/room_2/features/nonPlanes<fpfh_uniform_2015-05-29_08-47-24.pcd 0.0618806 0.00115844 0.00172502 8 181,154,133,128,98,89,73,61 42,29,27,26,20,20,14,14 -1 491568 1604 3320 -1 -1 400 1831 -1 -1 489964,919,326,126,81,55,31,22,18,8,7,3,3,2,1,0,0,1,0,0,1 -1 0,0,41,126,81,55,31,22,18,8,7,3,3,2,1,0,0,1,0,0,1 -1
/home/michal/Downloads/pcddata/processed/paramtest/ds0,015_mp9000/annotated/rares/20140904/patrol_run_15/room_2/features/nonPlanes<fpfh_uniform_2015-05-29_08-47-29.pcd 0.0599258 0.00110139 0.00200591 7 356,226,130,107,78,74,66 74,32,30,18,17,16,12 -1 517902 1616 3320 -1 -1 400 1830 -1 -1 516286,942,295,147,95,50,27,21,12,9,7,1,4,1,0,1,0,2,1,0,0,0,1 -1 0,0,21,147,95,50,27,21,12,9,7,1,4,1,0,1,0,2,1,0,0,0,1 -1
/home/michal/Downloads/pcddata/processed/paramtest/ds0,015_mp9000/annotated/rares/20140905/patrol_run_17/room_2/features/nonPlanes<fpfh_uniform_2015-05-29_08-47-33.pcd 0.0638484 0.000975534 0.00275267 8 258,190,137,122,67,63,55,50 55,41,31,29,13,12,12,12 -1 446160 1575 3320 -1 -1 400 1817 -1 -1 444585,847,335,154,100,52,30,19,14,9,6,5,0,0,2,1,0,1 -1 0,0,7,154,100,52,30,19,14,9,6,5,0,0,2,1,0,1 -1
/home/michal/Downloads/pcddata/processed/paramtest/ds0,015_mp9000/annotated/rares/20140905/patrol_run_19/room_1/features/nonPlanes<fpfh_uniform_2015-05-29_08-47-38.pcd 0.0627881 0.00102543 0.0021349 10 183,170,117,83,77,74,65,63,55,47 38,32,24,15,19,15,17,18,16,12 -1 453024 1635 3320 -1 -1 400 1778 -1 -1 451389,928,342,142,87,50,25,19,14,12,8,2,1,3,2 -1 0,0,35,142,87,50,25,19,14,12,8,2,1,3,2 -1
/home/michal/Downloads/pcddata/processed/paramtest/ds0,015_mp9000/annotated/rares/20140905/patrol_run_21/room_2/features/nonPlanes<fpfh_uniform_2015-05-29_08-47-43.pcd 0.05635 0.000786111 0.00189988 7 338,235,94,90,77,77,52 57,52,18,16,18,17,14 -1 419265 1558 3320 -1 -1 400 1869 -1 -1 417707,865,295,146,99,54,36,27,16,7,2,2,2,4,0,2,0,1 -1 0,0,2,146,99,54,36,27,16,7,2,2,2,4,0,2,0,1 -1
/home/michal/Downloads/pcddata/processed/paramtest/ds0,015_mp9000/annotated/rares/20140905/patrol_run_23/room_2/features/nonPlanes<fpfh_uniform_2015-05-29_08-47-47.pcd 0.0559331 0.000752164 0.00173946 12 164,162,151,108,103,97,82,74,73,70,59,52 34,34,28,18,17,26,17,18,13,16,12,12 -1 463320 1574 3320 -1 -1 400 1862 -1 -1 461746,890,287,168,87,53,23,26,12,7,8,2,3,2,2,2,1,0,0,0,0,0,1 -1 0,0,3,168,87,53,23,26,12,7,8,2,3,2,2,2,1,0,0,0,0,0,1 -1
/home/michal/Downloads/pcddata/processed/paramtest/ds0,015_mp9000/annotated/rares/20140905/patrol_run_25/room_1/features/nonPlanes<fpfh_uniform_2015-05-29_08-47-52.pcd 0.0525985 0.0006897 0.00174148 7 319,169,146,137,121,79,74 54,32,23,28,20,16,18 -1 407286 1385 3320 -1 -1 400 2081 -1 -1 405901,731,254,140,80,61,30,19,20,20,7,6,8,0,3,0,2,1,0,1,1,1 -1 0,0,0,140,80,61,30,19,20,20,7,6,8,0,3,0,2,1,0,1,1,1 -1
/home/michal/Downloads/pcddata/processed/paramtest/ds0,015_mp9000/annotated/rares/20140905/patrol_run_27/room_2/features/nonPlanes<fpfh_uniform_2015-05-29_08-47-56.pcd 0.0518989 0.000764732 0.00266542 9 289,203,138,109,103,101,86,73,71 73,37,33,20,20,21,17,16,18 -1 470448 1629 3320 -1 -1 400 1794 -1 -1 468819,932,317,150,98,46,31,18,14,8,6,3,1,0,1,1,2,0,0,0,1 -1 0,0,20,150,98,46,31,18,14,8,6,3,1,0,1,1,2,0,0,0,1 -1
/home/michal/Downloads/pcddata/processed/paramtest/ds0,015_mp9000/annotated/rares/20140905/patrol_run_29/room_2/features/nonPlanes<fpfh_uniform_2015-05-29_08-48-00.pcd 0.063355 0.000911235 0.00245494 9 146,143,134,132,117,72,68,66,51 31,26,28,28,19,16,15,14,13 -1 433290 1545 3320 -1 -1 400 1883 -1 -1 431745,853,312,149,78,44,30,32,17,13,7,4,2,2,0,1,0,0,0,0,0,0,0,0,0,0,0,0,1 -1 0,0,20,149,78,44,30,32,17,13,7,4,2,2,0,1,0,0,0,0,0,0,0,0,0,0,0,0,1 -1
/home/michal/Downloads/pcddata/processed/paramtest/ds0,015_mp9000/annotated/rares/20140905/patrol_run_30/room_1/features/nonPlanes<fpfh_uniform_2015-05-29_08-48-04.pcd 0.0587538 0.000990286 0.00274472 9 289,174,143,129,97,73,69,68,49 47,33,33,27,22,15,12,14,12 -1 446622 1516 3320 -1 -1 400 1925 -1 -1 445106,838,277,153,87,50,38,31,12,12,6,2,3,2,1,1,2,1 -1 0,0,0,152,87,50,38,31,12,12,6,2,3,2,1,1,2,1 -1
/home/michal/Downloads/pcddata/processed/paramtest/ds0,015_mp9000/annotated/rares/20140905/patrol_run_30/room_7/features/nonPlanes<fpfh_uniform_2015-05-29_08-48-09.pcd 0.0615632 0.00113511 0.00271097 9 180,156,139,114,76,58,57,56,55 40,34,35,24,19,14,13,15,12 -1 458865 1765 3320 -1 -1 400 1653 -1 -1 457100,1063,337,155,95,46,26,19,11,5,3,4,1 -1 0,0,35,155,95,46,26,19,11,5,3,4,1 -1
/home/michal/Downloads/pcddata/processed/paramtest/ds0,015_mp9000/annotated/rares/20140908/patrol_run_32/room_2/features/nonPlanes<fpfh_uniform_2015-05-29_08-48-14.pcd 0.0609005 0.000907168 0.00198599 8 225,187,185,97,83,76,76,68 38,35,33,16,19,15,14,15 -1 453024 1455 3320 -1 -1 400 1991 -1 -1 451569,781,284,137,98,41,35,26,14,10,7,10,3,0,2,1,2,1,0,1,0,2 -1 0,0,10,137,98,41,35,26,14,10,7,10,3,0,2,1,2,1,0,1,0,2 -1
/home/michal/Downloads/pcddata/processed/paramtest/ds0,015_mp9000/annotated/rares/20140908/patrol_run_34/room_2/features/nonPlanes<fpfh_uniform_2015-05-29_08-48-18.pcd 0.0680097 0.00100808 0.0027639 12 202,134,100,79,79,79,73,70,59,58,54,53 43,28,23,18,17,16,18,15,12,13,13,12 -1 423720 1678 3320 -1 -1 400 1734 -1 -1 422042,970,313,164,101,53,30,21,11,9,2,2,1,1 -1 0,0,5,164,101,53,30,21,11,9,2,2,1,1 -1
/home/michal/Downloads/pcddata/processed/paramtest/ds0,015_mp9000/annotated/rares/20140908/patrol_run_36/room_3/features/nonPlanes<fpfh_uniform_2015-05-29_08-48-24.pcd 0.0637082 0.000993591 0.00175698 10 272,267,141,104,75,73,66,66,59,38 48,50,31,26,18,15,16,14,14,12 -1 423654 1618 3320 -1 -1 400 1780 -1 -1 422036,896,336,160,91,55,20,24,13,7,6,6,2,1,0,1 -1 0,0,14,160,91,55,20,24,13,7,6,6,2,1,0,1 -1
/home/michal/Downloads/pcddata/processed/paramtest/ds0,015_mp9000/annotated/rares/20140908/patrol_run_38/room_2/features/nonPlanes<fpfh_uniform_2015-05-29_08-48-29.pcd 0.0619076 0.00103071 0.00230692 6 445,226,101,86,81,77 77,53,23,19,20,18 -1 433356 1551 3320 -1 -1 400 1870 -1 -1 431805,852,310,161,88,49,29,21,12,7,4,4,4,1,4,0,1,2,1,1 -1 0,0,11,161,88,49,29,21,12,7,4,4,4,1,4,0,1,2,1,1 -1
/home/michal/Downloads/pcddata/processed/paramtest/ds0,015_mp9000/annotated/rares/20140908/patrol_run_39/room_3/features/nonPlanes<fpfh_uniform_2015-05-29_08-48-34.pcd 0.064364 0.000999097 0.00220308 10 257,149,141,111,95,76,64,63,52,44 48,30,31,23,25,18,14,14,13,12 -1 414678 1582 3320 -1 -1 400 1795 -1 -1 413096,839,358,148,98,60,26,18,10,11,5,0,3,4,0,2 -1 0,0,15,148,98,60,26,18,10,11,5,0,3,4,0,2 -1
/home/michal/Downloads/pcddata/processed/paramtest/ds0,015_mp9000/annotated/rares/20140908/patrol_run_41/room_3/features/nonPlanes<fpfh_uniform_2015-05-29_08-48-39.pcd 0.0898341 0.00136133 0.00282724 7 365,241,117,108,104,85,80 65,40,28,20,19,21,14 -1 455400 1500 3320 -1 -1 400 1937 -1 -1 453900,817,293,143,92,52,27,26,15,9,10,3,3,5,2,1,0,1,0,0,0,1 -1 0,0,10,143,92,52,27,26,15,9,10,3,3,5,2,1,0,1,0,0,0,1 -1
/home/michal/Downloads/pcddata/processed/paramtest/ds0,015_mp9000/annotated/rares/20140908/patrol_run_43/room_3/features/nonPlanes<fpfh_uniform_2015-05-29_08-48-44.pcd 0.08914 0.00106598 0.0028216 9 171,151,128,120,115,112,105,64,50 35,31,25,23,17,17,28,13,12 -1 414018 1517 3320 -1 -1 400 1929 -1 -1 412501,843,277,139,108,50,31,23,18,8,4,4,3,2,1,2,1,1,0,2 -1 0,0,3,139,108,50,31,23,18,8,4,4,3,2,1,2,1,1,0,2 -1
/home/michal/Downloads/pcddata/processed/paramtest/ds0,015_mp9000/annotated/rares/20140908/patrol_run_45/room_2/features/nonPlanes<fpfh_uniform_2015-05-29_08-48-49.pcd 0.0641271 0.000986327 0.00250551 4 429,263,83,77 85,61,20,16 -1 442200 1678 3320 -1 -1 400 1728 -1 -1 440522,964,330,158,99,47,32,19,16,5,4,1,0,1,1,1 -1 0,0,16,158,99,47,32,19,16,5,4,1,0,1,1,1 -1
/home/michal/Downloads/pcddata/processed/paramtest/ds0,015_mp9000/annotated/rares/20140908/patrol_run_47/room_3/features/nonPlanes<fpfh_uniform_2015-05-29_08-48-55.pcd 0.0663328 0.00104717 0.0024759 8 418,134,130,61,59,54,51,51 94,36,32,15,13,13,13,13 -1 465300 1766 3320 -1 -1 400 1632 -1 -1 463534,1044,344,160,105,53,33,9,10,4,1,1,1,1 -1 0,0,22,160,105,53,33,9,10,4,1,1,1,1 -1
/home/michal/Downloads/pcddata/processed/paramtest/ds0,015_mp9000/annotated/rares/20140909/patrol_run_49/room_3/features/nonPlanes<fpfh_uniform_2015-05-29_08-49-00.pcd 0.0638368 0.00112607 0.00175658 9 167,162,137,121,109,88,71,59,54 32,40,28,23,17,17,15,12,13 -1 437778 1557 3320 -1 -1 400 1854 -1 -1 436221,848,313,149,104,49,30,22,15,10,4,7,3,1,2 -1 0,0,4,149,104,49,30,22,15,10,4,7,3,1,2 -1
/home/michal/Downloads/pcddata/processed/paramtest/ds0,015_mp9000/annotated/rares/20140909/patrol_run_51/room_3/features/nonPlanes<fpfh_uniform_2015-05-29_08-49-05.pcd 0.0636553 0.00121635 0.00209638 8 318,127,103,100,83,81,72,64 51,28,23,27,14,20,15,13 -1 816816 1570 3320 -1 -1 400 1856 -1 -1 815246,876,304,160,82,54,39,14,10,11,4,7,0,4,2,1,0,1,1 -1 0,0,10,160,82,54,39,14,10,11,4,7,0,4,2,1,0,1,1 -1
/home/michal/Downloads/pcddata/processed/paramtest/ds0,015_mp9000/annotated/rares/20140909/patrol_run_53/room_3/features/nonPlanes<fpfh_uniform_2015-05-29_08-49-09.pcd 0.0598409 0.00107044 0.00181361 8 310,181,144,138,70,62,62,53 71,42,32,26,16,16,13,13 -1 456456 1647 3320 -1 -1 400 1749 -1 -1 454809,923,324,173,99,53,24,28,9,3,3,3,2,1,1,0,1 -1 0,0,0,173,99,53,24,28,9,3,3,3,2,1,1,0,1 -1
/home/michal/Downloads/pcddata/processed/paramtest/ds0,015_mp9000/annotated/rares/20140909/patrol_run_55/room_3/features/nonPlanes<fpfh_uniform_2015-05-29_08-49-14.pcd 0.0654504 0.000766005 0.00299087 10 234,157,93,75,75,70,67,58,54,49 55,30,22,18,16,17,18,15,12,13 -1 446622 1705 3320 -1 -1 400 1705 -1 -1 444917,995,344,149,86,53,31,22,10,4,4,4,0,1,2 -1 0,0,34,149,86,53,31,22,10,4,4,4,0,1,2 -1
/home/michal/Downloads/pcddata/processed/paramtest/ds0,015_mp9000/annotated/rares/20140909/patrol_run_59/room_3/features/nonPlanes<fpfh_uniform_2015-05-29_08-49-19.pcd 0.0622016 0.00100627 0.0025093 6 330,243,134,65,53,50 84,63,32,13,14,15 -1 442200 1813 3320 -1 -1 400 1589 -1 -1 440387,1095,356,162,102,39,29,14,8,1,4,1,1,0,0,0,1 -1 0,0,38,162,102,39,29,14,8,1,4,1,1,0,0,0,1 -1
/home/michal/Downloads/pcddata/processed/paramtest/ds0,015_mp9000/annotated/rares/20140909/patrol_run_61/room_3/features/nonPlanes<fpfh_uniform_2015-05-29_08-49-24.pcd 0.063383 0.000920526 0.0023342 6 191,176,123,88,77,71 34,36,30,18,13,14 -1 447579 1565 3320 -1 -1 400 1847 -1 -1 446014,857,314,161,101,44,23,23,12,10,4,6,2,2,4,1,1 -1 0,0,6,161,101,44,23,23,12,10,4,6,2,2,4,1,1 -1
/home/michal/Downloads/pcddata/processed/paramtest/ds0,015_mp9000/annotated/rares/20140909/patrol_run_63/room_3/features/nonPlanes<fpfh_uniform_2015-05-29_08-49-30.pcd 0.0644307 0.000866817 0.0024529 8 181,131,117,89,78,74,70,58 38,28,28,20,19,18,13,13 -1 424710 1581 3320 -1 -1 400 1817 -1 -1 423129,859,336,142,114,45,32,14,12,14,3,2,3,1,0,2,0,0,1,0,0,1 -1 0,0,14,142,114,45,32,14,12,14,3,2,3,1,0,2,0,0,1,0,0,1 -1
/home/michal/Downloads/pcddata/processed/paramtest/ds0,015_mp9000/annotated/rares/20140910/patrol_run_67/room_3/features/nonPlanes<fpfh_uniform_2015-05-29_08-49-35.pcd 0.0633313 0.00102765 0.0019232 10 397,177,93,72,70,69,66,58,51,48 80,31,23,18,16,14,13,13,12,12 -1 468600 1618 3320 -1 -1 400 1800 -1 -1 466982,916,316,158,97,52,21,18,17,9,4,2,2,1,1,2,0,1,0,0,0,1 -1 0,0,14,158,97,52,21,18,17,9,4,2,2,1,1,2,0,1,0,0,0,1 -1
/home/michal/Downloads/pcddata/processed/paramtest/ds0,015_mp9000/annotated/rares/20140910/patrol_run_69/room_3/features/nonPlanes<fpfh_uniform_2015-05-29_08-49-39.pcd 0.0692056 0.001087 0.00184615 7 396,100,98,88,74,56,49 90,27,22,18,18,13,12 -1 446622 1728 3320 -1 -1 400 1685 -1 -1 444894,1021,331,161,97,46,29,15,13,7,3,3,1,0,0,1 -1 0,0,24,161,97,46,29,15,13,7,3,3,1,0,0,1 -1
/home/michal/Downloads/pcddata/processed/paramtest/ds0,015_mp9000/annotated/rares/20140910/patrol_run_71/room_3/features/nonPlanes<fpfh_uniform_2015-05-29_08-49-44.pcd 0.0663473 0.0010308 0.00222708 10 230,136,105,100,73,59,59,59,55,49 42,27,19,21,14,13,12,12,12,13 -1 477048 1621 3320 -1 -1 400 1801 -1 -1 475427,923,320,153,88,44,31,19,14,14,6,3,2,4 -1 0,0,22,153,88,44,31,19,14,14,6,3,2,4 -1
/home/michal/Downloads/pcddata/processed/paramtest/ds0,015_mp9000/annotated/rares/20140910/patrol_run_74/room_3/features/nonPlanes<fpfh_uniform_2015-05-29_08-49-49.pcd 0.0606168 0.0010042 0.00209609 10 214,171,98,96,95,93,90,65,64,55 44,28,18,24,18,18,23,15,15,12 -1 442200 1518 3320 -1 -1 400 1915 -1 -1 440682,831,303,136,103,37,39,17,14,12,7,7,4,4,3,0,1 -1 0,0,16,136,103,37,39,17,14,12,7,7,4,4,3,0,1 -1
/home/michal/Downloads/pcddata/processed/paramtest/ds0,015_mp9000/annotated/rares/20140910/patrol_run_77/room_4/features/nonPlanes<fpfh_uniform_2015-05-29_08-49-54.pcd 0.0582259 0.000738751 0.00193199 14 121,116,111,109,108,91,90,84,65,61,58,52,51,43 24,23,22,21,19,15,16,18,16,14,13,14,12,12 -1 446622 1499 3320 -1 -1 400 1940 -1 -1 445123,818,295,145,83,45,33,33,14,10,5,6,2,5,2,0,1,0,1,0,0,0,1 -1 0,0,14,145,83,45,33,33,14,10,5,6,2,5,2,0,1,0,1,0,0,0,1 -1
/home/michal/Downloads/pcddata/processed/paramtest/ds0,015_mp9000/annotated/rares/20140910/patrol_run_79/room_2/features/nonPlanes<fpfh_uniform_2015-05-29_08-49-58.pcd 0.0516347 0.000761779 0.00199104 12 164,161,131,126,112,104,76,63,59,59,56,49 32,20,25,27,24,20,16,12,15,12,14,12 -1 396627 1436 3320 -1 -1 400 1999 -1 -1 395191,751,289,159,88,40,34,19,16,6,10,8,3,2,4,1,0,4,0,0,0,0,0,0,0,0,1,0,1 -1 0,0,4,159,88,40,34,19,16,6,10,8,3,2,4,1,0,4,0,0,0,0,0,0,0,0,1,0,1 -1
/home/michal/Downloads/pcddata/processed/paramtest/ds0,015_mp9000/annotated/rares/20140910/patrol_run_81/room_2/features/nonPlanes<fpfh_uniform_2015-05-29_08-50-02.pcd 0.0587806 0.000841423 0.00269058 8 334,239,140,117,108,104,83,54 63,33,22,24,28,15,22,14 -1 432300 1483 3320 -1 -1 400 1967 -1 -1 430817,813,276,151,96,49,22,20,15,11,10,3,4,4,2,2,2,0,2,0,0,0,0,1 -1 0,0,6,151,96,49,22,20,15,11,10,3,4,4,2,2,2,0,2,0,0,0,0,1 -1
/home/michal/Downloads/pcddata/processed/paramtest/ds0,015_mp9000/annotated/rares/20140911/patrol_run_82/room_3/features/nonPlanes<fpfh_uniform_2015-05-29_08-50-06.pcd 0.0691008 0.00102887 0.00206576 12 142,114,88,86,82,81,67,64,63,60,58,54 30,22,19,19,14,15,14,12,14,15,13,14 -1 473154 1634 3320 -1 -1 400 1807 -1 -1 471520,955,312,146,83,49,30,18,12,8,4,8,2,3,3,0,0,0,0,1 -1 0,0,33,146,83,49,30,18,12,8,4,8,2,3,3,0,0,0,0,1 -1
/home/michal/Downloads/pcddata/processed/paramtest/ds0,015_mp9000/annotated/rares/20140911/patrol_run_84/room_3/features/nonPlanes<fpfh_uniform_2015-05-29_08-50-11.pcd 0.0603271 0.000741616 0.00180136 10 472,96,89,88,78,75,69,66,61,54 87,21,18,19,16,17,15,13,14,12 -1 455400 1575 3320 -1 -1 400 1833 -1 -1 453825,863,320,140,110,58,26,20,11,12,8,3,1,1,1,0,0,0,0,0,0,0,0,1 -1 0,0,8,140,110,58,26,20,11,12,8,3,1,1,1,0,0,0,0,0,0,0,0,1 -1
/home/michal/Downloads/pcddata/processed/paramtest/ds0,015_mp9000/annotated/rares/20140911/patrol_run_88/room_3/features/nonPlanes<fpfh_uniform_2015-05-29_08-50-16.pcd 0.0563249 0.000799812 0.00288599 8 251,230,151,134,82,76,75,60 45,44,33,28,17,19,15,19 -1 474606 1616 3320 -1 -1 400 1811 -1 -1 472990,923,315,145,94,54,28,15,13,9,8,7,0,3,0,0,2 -1 0,0,22,145,94,54,28,15,13,9,8,7,0,3,0,0,2 -1
/home/michal/Downloads/pcddata/processed/paramtest/ds0,015_mp9000/annotated/rares/20140911/patrol_run_90/room_3/features/nonPlanes<fpfh_uniform_2015-05-29_08-50-20.pcd 0.0565756 0.00101605 0.00198192 11 200,200,101,98,85,81,75,68,64,62,54 46,44,24,20,14,15,14,15,13,15,14 -1 408408 1619 3320 -1 -1 400 1783 -1 -1 406789,901,333,159,94,49,29,12,14,14,7,4,0,0,1,1,1 -1 0,0,15,159,94,49,29,12,14,14,7,4,0,0,1,1,1 -1
/home/michal/Downloads/pcddata/processed/paramtest/ds0,015_mp9000/annotated/rares/20140911/patrol_run_92/room_3/features/nonPlanes<fpfh_uniform_2015-05-29_08-50-24.pcd 0.0541959 0.000876686 0.0021803 8 360,142,142,117,90,87,66,53 63,28,27,22,15,14,17,12 -1 454740 1481 3320 -1 -1 400 1965 -1 -1 453259,807,289,116,98,66,27,20,22,11,11,4,5,2,2,0,0,0,0,0,1 -1 0,0,15,116,98,66,27,20,22,11,11,4,5,2,2,0,0,0,0,0,1 -1
/home/michal/Downloads/pcddata/processed/paramtest/ds0,015_mp9000/annotated/rares/20140912/patrol_run_100/room_3/features/nonPlanes<fpfh_uniform_2015-05-29_08-50-28.pcd 0.0844932 0.000957025 0.00261391 7 373,338,114,60,58,58,50 80,86,18,18,14,14,14 -1 437778 1721 3320 -1 -1 400 1678 -1 -1 436057,1000,343,171,88,47,27,22,11,5,1,1,2,2,1 -1 0,0,22,171,88,47,27,22,11,5,1,1,2,2,1 -1
/home/michal/Downloads/pcddata/processed/paramtest/ds0,015_mp9000/annotated/rares/20140912/patrol_run_102/room_3/features/nonPlanes<fpfh_uniform_2015-05-29_08-50-33.pcd 0.0907865 0.00118971 0.00258831 7 249,203,194,116,96,94,53 51,42,38,16,13,19,12 -1 463320 1507 3320 -1 -1 400 1943 -1 -1 461813,837,282,135,92,54,36,25,17,3,6,7,6,2,3,1,0,0,0,0,0,0,0,0,0,0,0,0,0,0,1 -1 0,0,12,135,92,54,36,25,17,3,6,7,6,2,3,1,0,0,0,0,0,0,0,0,0,0,0,0,0,0,1 -1
/home/michal/Downloads/pcddata/processed/paramtest/ds0,015_mp9000/annotated/rares/20140912/patrol_run_104/room_3/features/nonPlanes<fpfh_uniform_2015-05-29_08-50-37.pcd 0.0885726 0.00119662 0.00305888 6 237,214,184,164,129,76 53,41,40,35,28,17 -1 445500 1632 3320 -1 -1 400 1774 -1 -1 443868,918,322,158,108,42,31,19,10,11,6,2,3,2 -1 0,0,8,158,108,42,31,19,10,11,6,2,3,2 -1
/home/michal/Downloads/pcddata/processed/paramtest/ds0,015_mp9000/annotated/rares/20140912/patrol_run_94/room_3/features/nonPlanes<fpfh_uniform_2015-05-29_08-50-42.pcd 0.0880022 0.00099163 0.00246321 5 386,236,203,85,49 90,52,39,17,14 -1 445500 1676 3320 -1 -1 400 1709 -1 -1 443824,941,350,182,91,41,23,18,9,7,2,5,3,3,0,1 -1 0,0,15,182,91,41,23,18,9,7,2,5,3,3,0,1 -1
/home/michal/Downloads/pcddata/processed/paramtest/ds0,015_mp9000/annotated/rares/20140912/patrol_run_96/room_2/features/nonPlanes<fpfh_uniform_2015-05-29_08-50-47.pcd 0.0869078 0.000985182 0.00243091 8 179,149,121,120,71,62,61,47 39,26,26,26,17,13,15,12 -1 431244 1622 3320 -1 -1 400 1802 -1 -1 429622,926,319,143,100,43,34,18,13,10,5,2,4,3,1,1 -1 0,0,23,143,100,43,34,18,13,10,5,2,4,3,1,1 -1
/home/michal/Downloads/pcddata/processed/paramtest/ds0,015_mp9000/annotated/rares/20140912/patrol_run_98/room_3/features/nonPlanes<fpfh_uniform_2015-05-29_08-50-52.pcd 0.0900943 0.00100637 0.00267328 10 390,139,121,98,87,85,84,79,61,47 75,24,24,24,21,19,25,15,13,12 -1 446622 1593 3320 -1 -1 400 1850 -1 -1 445029,916,287,153,87,59,34,22,9,8,5,4,1,2,2,2,0,1,0,1 -1 0,0,10,153,87,59,34,22,9,8,5,4,1,2,2,2,0,1,0,1 -1
/home/michal/Downloads/pcddata/processed/paramtest/ds0,015_mp9000/annotated/rares/20140921/patrol_run_110/room_2/features/nonPlanes<fpfh_uniform_2015-05-29_08-50-57.pcd 0.0892435 0.000961541 0.00249316 9 192,146,124,72,71,69,64,59,50 32,26,20,14,15,13,16,12,12 -1 411840 1612 3320 -1 -1 400 1796 -1 -1 410228,900,321,167,97,51,23,16,8,7,8,6,3,1,3,0,0,0,0,0,1 -1 0,0,9,167,97,51,23,16,8,7,8,6,3,1,3,0,0,0,0,0,1 -1
/home/michal/Downloads/pcddata/processed/paramtest/ds0,015_mp9000/annotated/rares/20140921/patrol_run_112/room_2/features/nonPlanes<fpfh_uniform_2015-05-29_08-51-02.pcd 0.0645157 0.000991299 0.00286023 7 362,169,124,103,75,63,60 77,31,27,14,18,13,15 -1 419265 1604 3320 -1 -1 400 1809 -1 -1 417661,897,321,154,95,58,31,12,11,9,2,3,6,1,1,2,0,0,0,0,0,0,0,0,0,0,0,0,1 -1 0,0,14,154,95,58,31,12,11,9,2,3,6,1,1,2,0,0,0,0,0,0,0,0,0,0,0,0,1 -1
/home/michal/Downloads/pcddata/processed/paramtest/ds0,015_mp9000/annotated/rares/20140921/patrol_run_114/room_1/features/nonPlanes<fpfh_uniform_2015-05-29_08-51-06.pcd 0.0633156 0.00114355 0.00272139 8 183,178,108,92,78,75,61,41 44,36,23,22,17,14,12,12 -1 417384 1627 3320 -1 -1 400 1780 -1 -1 415757,914,331,161,88,45,36,18,10,10,4,2,2,1,2,3 -1 0,0,18,161,88,45,36,18,10,10,4,2,2,1,2,3 -1
/home/michal/Downloads/pcddata/processed/paramtest/ds0,015_mp9000/annotated/rares/20140922/patrol_run_116/room_2/features/nonPlanes<fpfh_uniform_2015-05-29_08-51-10.pcd 0.0621873 0.000852484 0.00181644 9 220,178,111,106,97,68,66,49,45 48,37,19,17,17,17,14,15,12 -1 424116 1596 3320 -1 -1 400 1832 -1 -1 422520,904,304,144,97,58,32,25,13,3,4,3,3,0,2,2,1,1 -1 0,0,12,144,97,58,32,25,13,3,4,3,3,0,2,2,1,1 -1
/home/michal/Downloads/pcddata/processed/paramtest/ds0,015_mp9000/annotated/rares/20140922/patrol_run_118/room_2/features/nonPlanes<fpfh_uniform_2015-05-29_08-51-15.pcd 0.0617574 0.000973686 0.00171451 8 209,157,137,111,109,67,54,50 41,26,25,25,22,13,13,12 -1 451044 1659 3320 -1 -1 400 1774 -1 -1 449385,972,326,140,89,40,29,22,23,5,4,3,1,0,3,0,0,1,0,1 -1 0,0,39,140,89,40,29,22,23,5,4,3,1,0,3,0,0,1,0,1 -1
/home/michal/Downloads/pcddata/processed/paramtest/ds0,015_mp9000/annotated/rares/20140922/patrol_run_120/room_1/features/nonPlanes<fpfh_uniform_2015-05-29_08-51-19.pcd 0.0638883 0.00111012 0.00223496 6 396,217,96,94,77,58 82,53,20,18,21,13 -1 478401 1675 3320 -1 -1 400 1712 -1 -1 476726,942,368,140,91,60,32,12,13,6,5,2,2,1,0,1 -1 0,0,35,140,91,60,32,12,13,6,5,2,2,1,0,1 -1
/home/michal/Downloads/pcddata/processed/paramtest/ds0,015_mp9000/annotated/rares/20140922/patrol_run_124/room_2/features/nonPlanes<fpfh_uniform_2015-05-29_08-51-25.pcd 0.0711161 0.00161444 0.00270848 8 271,171,110,79,79,72,62,57 58,42,25,19,14,18,15,12 -1 483516 1711 3320 -1 -1 400 1693 -1 -1 481805,995,343,159,90,54,29,12,15,5,2,2,2,1,0,2 -1 0,0,27,159,90,54,29,12,15,5,2,2,2,1,0,2 -1
/home/michal/Downloads/pcddata/processed/paramtest/ds0,015_mp9000/annotated/rares/20140922/patrol_run_126/room_2/features/nonPlanes<fpfh_uniform_2015-05-29_08-51-30.pcd 0.0646845 0.00128321 0.00184309 11 141,119,117,107,103,94,70,64,62,61,56 32,22,19,24,22,23,18,16,13,15,14 -1 455499 1685 3320 -1 -1 400 1722 -1 -1 453814,972,340,152,98,47,30,15,10,8,6,2,1,3,0,1 -1 0,0,27,152,98,47,30,15,10,8,6,2,1,3,0,1 -1
/home/michal/Downloads/pcddata/processed/paramtest/ds0,015_mp9000/annotated/rares/20140922/patrol_run_128/room_2/features/nonPlanes<fpfh_uniform_2015-05-29_08-51-35.pcd 0.0600129 0.00101494 0.00224113 8 150,138,126,122,113,109,74,46 31,28,27,28,24,25,13,13 -1 454410 1633 3320 -1 -1 400 1764 -1 -1 452777,910,327,152,119,47,31,20,8,7,5,5,1,0,0,0,0,0,0,1 -1 0,0,4,152,119,47,31,20,8,7,5,5,1,0,0,0,0,0,0,1 -1
/home/michal/Downloads/pcddata/processed/paramtest/ds0,015_mp9000/annotated/rares/20140922/patrol_run_130/room_2/features/nonPlanes<fpfh_uniform_2015-05-29_08-51-39.pcd 0.0563236 0.000721114 0.00283767 8 328,207,168,129,109,95,69,47 72,40,42,23,21,22,14,12 -1 439956 1583 3320 -1 -1 400 1835 -1 -1 438373,881,320,144,93,41,37,29,16,6,4,6,3,1,2 -1 0,0,18,144,93,41,37,29,16,6,4,6,3,1,2 -1
/home/michal/Downloads/pcddata/processed/paramtest/ds0,015_mp9000/annotated/rares/20140922/patrol_run_132/room_1/features/nonPlanes<fpfh_uniform_2015-05-29_08-51-44.pcd 0.0626118 0.000963733 0.0019752 8 213,207,186,116,116,61,59,55 35,42,36,25,21,14,13,12 -1 454740 1548 3320 -1 -1 400 1890 -1 -1 453192,866,291,139,98,44,49,22,7,11,8,5,5,2,0,0,0,0,0,1 -1 0,0,9,139,98,44,49,22,7,11,8,5,5,2,0,0,0,0,0,1 -1
/home/michal/Downloads/pcddata/processed/paramtest/ds0,015_mp9000/annotated/rares/20140922/patrol_run_134/room_2/features/nonPlanes<fpfh_uniform_2015-05-29_08-51-49.pcd 0.0616946 0.000708773 0.00187624 11 155,126,117,104,78,68,67,61,46,46,42 36,31,26,24,19,15,13,14,12,12,13 -1 411840 1752 3320 -1 -1 400 1632 -1 -1 410088,1016,368,149,108,49,32,13,7,4,2,1,2,0,1 -1 0,0,32,149,108,49,32,13,7,4,2,1,2,0,1 -1
/home/michal/Downloads/pcddata/processed/paramtest/ds0,015_mp9000/annotated/rares/20140922/patrol_run_138/room_2/features/nonPlanes<fpfh_uniform_2015-05-29_08-51-54.pcd 0.0619294 0.000755371 0.00168394 7 224,159,156,136,127,125,63 42,28,32,29,25,27,14 -1 443223 1579 3320 -1 -1 400 1867 -1 -1 441644,905,292,158,80,43,39,12,16,12,9,4,1,4,1,0,1,1,0,0,0,0,0,1 -1 0,0,18,158,80,43,39,12,16,12,9,4,1,4,1,0,1,1,0,0,0,0,0,1 -1
/home/michal/Downloads/pcddata/processed/paramtest/ds0,015_mp9000/annotated/rares/20140923/patrol_run_139/room_2/features/nonPlanes<fpfh_uniform_2015-05-29_08-51-58.pcd 0.0848616 0.00102722 0.00283876 8 282,206,127,107,85,85,84,71 64,50,31,24,20,19,18,16 -1 430782 1710 3320 -1 -1 400 1687 -1 -1 429072,987,353,148,90,58,34,21,6,5,4,1,2,0,1 -1 0,0,30,148,90,58,34,21,6,5,4,1,2,0,1 -1
/home/michal/Downloads/pcddata/processed/paramtest/ds0,015_mp9000/annotated/rares/20140923/patrol_run_141/room_2/features/nonPlanes<fpfh_uniform_2015-05-29_08-52-04.pcd 0.0854582 0.00107201 0.00271282 6 257,239,208,126,95,54 53,52,49,26,23,13 -1 410652 1581 3320 -1 -1 400 1848 -1 -1 409071,890,306,157,86,41,34,27,13,9,7,3,1,3,0,1,1,1,1 -1 0,0,15,157,86,41,34,27,13,9,7,3,1,3,0,1,1,1,1 -1
/home/michal/Downloads/pcddata/processed/paramtest/ds0,015_mp9000/annotated/rares/20140923/patrol_run_144/room_2/features/nonPlanes<fpfh_uniform_2015-05-29_08-52-08.pcd 0.0842582 0.000989705 0.00256375 8 215,163,154,141,80,67,59,55 40,35,35,29,15,13,15,12 -1 438471 1570 3320 -1 -1 400 1851 -1 -1 436901,871,308,149,94,53,27,26,19,8,4,3,4,2,1,0,1 -1 0,0,9,149,94,53,27,26,19,8,4,3,4,2,1,0,1 -1
/home/michal/Downloads/pcddata/processed/paramtest/ds0,015_mp9000/annotated/rares/20140923/patrol_run_146/room_2/features/nonPlanes<fpfh_uniform_2015-05-29_08-52-13.pcd 0.0739262 0.000940995 0.00263865 9 328,253,132,126,125,94,90,80,65 62,37,27,23,24,21,23,18,15 -1 391248 1404 3320 -1 -1 400 2051 -1 -1 389844,739,269,136,92,41,33,30,26,10,9,6,4,3,0,1,2,0,1,0,0,1,0,0,0,0,0,1 -1 0,0,4,136,92,41,33,30,26,10,9,6,4,3,0,1,2,0,1,0,0,1,0,0,0,0,0,1 -1
/home/michal/Downloads/pcddata/processed/paramtest/ds0,015_mp9000/annotated/rares/20140923/patrol_run_148/room_2/features/nonPlanes<fpfh_uniform_2015-05-29_08-52-16.pcd 0.0824035 0.000958183 0.00254099 10 248,198,126,109,101,93,85,60,59,52 49,35,24,21,22,13,19,13,14,12 -1 444246 1513 3320 -1 -1 400 1918 -1 -1 442733,824,306,143,89,41,35,22,18,16,9,2,0,2,2,1,1,0,0,0,1,0,0,0,0,1 -1 0,0,17,143,89,41,35,22,18,16,9,2,0,2,2,1,1,0,0,0,1,0,0,0,0,1 -1
/home/michal/Downloads/pcddata/processed/paramtest/ds0,015_mp9000/annotated/rares/20140923/patrol_run_150/room_2/features/nonPlanes<fpfh_uniform_2015-05-29_08-52-20.pcd 0.0792196 0.00096678 0.00257971 9 278,143,119,114,112,88,86,79,71 51,27,24,21,24,19,18,17,15 -1 454740 1531 3320 -1 -1 400 1894 -1 -1 453209,836,304,147,85,55,31,22,21,13,9,3,1,0,2,1,0,1 -1 0,0,9,147,85,55,31,22,21,13,9,3,1,0,2,1,0,1 -1
/home/michal/Downloads/pcddata/processed/paramtest/ds0,015_mp9000/annotated/rares/20140924/patrol_run_152/room_2/features/nonPlanes<fpfh_uniform_2015-05-29_08-52-23.pcd 0.0819876 0.00090801 0.00261844 9 301,161,158,130,129,91,61,60,51 59,36,27,29,30,21,14,12,12 -1 384087 1543 3320 -1 -1 400 1858 -1 -1 382544,841,285,163,103,54,37,21,19,6,4,3,3,2,2 -1 0,0,0,146,103,54,37,21,19,6,4,3,3,2,2 -1
/home/michal/Downloads/pcddata/processed/paramtest/ds0,015_mp9000/annotated/rares/20140924/patrol_run_156/room_2/features/nonPlanes<fpfh_uniform_2015-05-29_08-52-27.pcd 0.0899383 0.000926135 0.002634 9 169,154,151,88,78,71,66,63,58 37,36,34,18,18,13,12,15,12 -1 395010 1644 3320 -1 -1 400 1768 -1 -1 393366,936,328,158,90,54,26,14,14,12,5,0,0,3,1,1,2 -1 0,0,20,158,90,54,26,14,14,12,5,0,0,3,1,1,2 -1
/home/michal/Downloads/pcddata/processed/paramtest/ds0,015_mp9000/annotated/rares/20140924/patrol_run_158/room_1/features/nonPlanes<fpfh_uniform_2015-05-29_08-52-31.pcd 0.0843766 0.00096391 0.00255539 8 229,160,153,123,118,91,89,71 50,32,30,22,25,15,20,17 -1 434214 1588 3320 -1 -1 400 1844 -1 -1 432626,900,304,155,83,47,36,20,16,9,7,2,1,4,2,1,1 -1 0,0,16,155,83,47,36,20,16,9,7,2,1,4,2,1,1 -1
/home/michal/Downloads/pcddata/processed/paramtest/ds0,015_mp9000/annotated/rares/20140924/patrol_run_162/room_2/features/nonPlanes<fpfh_uniform_2015-05-29_08-52-35.pcd 0.0843102 0.00100704 0.00286432 8 192,190,163,139,88,73,69,65 33,49,30,34,20,18,15,16 -1 435600 1636 3320 -1 -1 400 1753 -1 -1 433964,905,333,177,96,40,40,11,15,9,3,2,3,1,0,1 -1 0,0,2,177,96,40,40,11,15,9,3,2,3,1,0,1 -1
/home/michal/Downloads/pcddata/processed/paramtest/ds0,015_mp9000/annotated/rares/20140924/patrol_run_164/room_1/features/nonPlanes<fpfh_uniform_2015-05-29_08-52-39.pcd 0.0604641 0.000980645 0.00247733 7 274,185,176,99,70,59,49 44,34,34,19,13,12,13 -1 425568 1516 3320 -1 -1 400 1915 -1 -1 424052,827,304,144,87,51,35,16,18,12,3,5,7,1,3,2,0,0,0,0,0,0,1 -1 0,0,15,144,87,51,35,16,18,12,3,5,7,1,3,2,0,0,0,0,0,0,1 -1
/home/michal/Downloads/pcddata/processed/paramtest/ds0,015_mp9000/annotated/rares/20140924/patrol_run_166/room_2/features/nonPlanes<fpfh_uniform_2015-05-29_08-52-42.pcd 0.0600076 0.000985142 0.00298749 6 538,146,137,108,62,45 86,34,31,28,13,12 -1 411642 1538 3320 -1 -1 400 1890 -1 -1 410104,846,299,147,105,47,28,24,10,9,4,7,4,2,3,1,1,0,0,1 -1 0,0,7,147,105,47,28,24,10,9,4,7,4,2,3,1,1,0,0,1 -1
