2303 53 0.0422203 0.00362254
1563 42 0.0239755 0.00259041
2633 63 0.0458914 0.00523229
9165 206 0.184914 0.0226742
2428 73 0.0365388 0.0056362
3896 98 0.0686173 0.00674162
1769 60 0.0277714 0.00282364
9301 215 0.150478 0.0206564
2055 35 0.0322188 0.00479208
1510 31 0.0254178 0.00259635
2595 61 0.0453396 0.0057003
7522 179 0.132184 0.0153542
2235 65 0.0319426 0.00381137
4319 110 0.0740081 0.00671621
1691 55 0.0257105 0.0030332
8188 190 0.128997 0.0183794
2329 72 0.0343123 0.0058518
1651 40 0.0308504 0.00349949
2758 54 0.0483803 0.00340526
7509 215 0.130046 0.0184368
5575 149 0.090497 0.00886784
2888 69 0.0408049 0.00373111
6641 151 0.117097 0.0213653
2792 61 0.0444844 0.00398384
2588 75 0.0437226 0.00482473
2529 61 0.0409763 0.00613159
7305 233 0.141746 0.0258681
10126 211 0.179756 0.022731
9631 239 0.172508 0.0161809
6001 159 0.102054 0.00929227
3136 67 0.0490858 0.00374587
2137 50 0.0361765 0.0105159
3640 101 0.0550909 0.00818556
2592 59 0.0463341 0.00427887
3126 77 0.0523644 0.00446277
7064 204 0.128938 0.0215234
6649 192 0.105076 0.0140322
1777 58 0.026668 0.00300358
9172 213 0.153733 0.023939
2595 58 0.0414605 0.00492043
2501 70 0.0422101 0.00472581
2526 51 0.0398672 0.00340813
5366 136 0.0931065 0.00899371
10459 250 0.205028 0.0234718
2034 74 0.0308682 0.00449741
7314 177 0.116584 0.0217458
1401 35 0.0302839 0.00340001
2290 66 0.0347452 0.00388248
1784 36 0.0352381 0.00366663
2729 59 0.0473852 0.00740323
2937 106 0.0431455 0.00604805
10349 234 0.17882 0.0188908
1438 45 0.0217024 0.00258666
1746 43 0.0256637 0.00241537
1653 41 0.0275456 0.00259735
2675 73 0.0433012 0.0044037
2834 66 0.0465698 0.00489524
4346 140 0.0682569 0.0110315
6216 174 0.106098 0.010679
1818 39 0.0261722 0.00220052
1452 36 0.0219876 0.00278817
2354 75 0.036621 0.00467447
2698 71 0.0446286 0.00381488
4312 112 0.0708746 0.00719749
9670 229 0.169641 0.0223894
2242 71 0.0351152 0.00894707
7827 195 0.151512 0.02079
4687 117 0.0721364 0.00742739
2588 73 0.0409671 0.00362577
2654 64 0.0412193 0.00410367
1492 48 0.023325 0.00706837
4530 119 0.0697795 0.00534354
5283 129 0.0844882 0.00741205
260 7 0.00741272 0.0023817
1153 26 0.0190924 0.00159588
2435 62 0.0396857 0.00396103
2130 57 0.0395277 0.00373274
867 30 0.014524 0.00156439
2654 60 0.0416309 0.00385424
1680 42 0.0294405 0.00321422
5631 173 0.0916996 0.00926912
6422 129 0.107742 0.00787325
1775 58 0.0278801 0.00278267
244 4 0.0078108 0.000701243
3905 94 0.0614208 0.0068765
1256 42 0.0187768 0.00190063
2358 76 0.0356593 0.00391397
2536 63 0.0448921 0.00452296
1923 45 0.0323063 0.0029343
6121 205 0.100178 0.0174047
2603 71 0.0383417 0.0152127
282 12 0.00724523 0.00959758
2069 43 0.0397442 0.00242955
1334 43 0.0188283 0.0041132
2454 75 0.0378951 0.00631052
2674 61 0.0492364 0.0045523
1915 39 0.0337556 0.00256001
6193 177 0.100803 0.0157333
2578 68 0.0378186 0.00392573
246 4 0.00736973 0.000796687
2065 42 0.031676 0.00359426
1254 35 0.0217003 0.00228842
2389 52 0.0346451 0.00327663
2631 58 0.0442083 0.00439841
1675 30 0.0276857 0.0027883
5826 196 0.0934258 0.0184542
2991 76 0.0439176 0.00478202
255 5 0.00749306 0.00121467
2777 68 0.0464373 0.00450258
1322 41 0.021706 0.0049508
907 22 0.0165923 0.00153047
2505 54 0.0447479 0.00461036
2150 65 0.03667 0.00334476
2677 68 0.041304 0.00476328
1440 41 0.0250993 0.00432706
3505 79 0.0518129 0.00436547
5120 116 0.0864496 0.00606952
5431 133 0.0898894 0.0083471
6741 190 0.106298 0.0148594
8424 192 0.128121 0.0158959
1035 25 0.0176181 0.00182457
2255 57 0.0354094 0.00343219
2073 52 0.0358991 0.00380598
4365 96 0.0686903 0.00615383
1838 44 0.0326085 0.00316318
1316 26 0.0260563 0.00189059
2562 64 0.0395018 0.00730782
5736 143 0.101695 0.00789978
2160 62 0.0347802 0.00340169
264 6 0.0103646 0.00101342
2248 59 0.0348611 0.00494693
1259 32 0.020308 0.00193905
2252 50 0.0412111 0.0039538
1991 54 0.0315447 0.00665674
2556 57 0.0445819 0.00502018
1809 47 0.0365912 0.00388815
6349 183 0.10757 0.0130625
3111 80 0.0461241 0.00441802
2452 72 0.0433221 0.00498962
233 5 0.00927591 0.000911946
7306 167 0.103432 0.0102999
1422 38 0.0213675 0.0028137
4603 120 0.0741368 0.00860063
2720 56 0.0427699 0.00362672
2110 54 0.0339229 0.00527598
1949 45 0.0356358 0.0033147
9550 233 0.175631 0.0452673
1650 67 0.0228926 0.00299189
9406 213 0.190612 0.0207524
7046 157 0.112647 0.0101937
1261 35 0.0196475 0.00318303
6099 149 0.0980979 0.0104257
2740 67 0.0417476 0.00528479
2159 54 0.037476 0.00424997
1995 42 0.0367276 0.00263191
8679 206 0.148278 0.0216366
5836 170 0.0962485 0.0114048
1263 40 0.0199789 0.00236987
5419 126 0.0844219 0.00875948
1422 38 0.0212898 0.00287032
5054 135 0.0774877 0.00875768
3007 71 0.0476531 0.00739916
2150 58 0.0371492 0.00415967
1897 45 0.0327417 0.00274019
3755 96 0.0532753 0.00544508
4346 123 0.0717963 0.0061181
5631 137 0.0957664 0.00945766
1310 34 0.0215494 0.00321654
4762 124 0.0777373 0.00854767
2811 56 0.0437658 0.00356419
2123 53 0.0333325 0.00451848
1840 40 0.0315042 0.00433096
4805 140 0.0702238 0.0137676
8717 194 0.145764 0.0130244
5532 129 0.0887319 0.0155057
1233 35 0.0193341 0.00198189
5140 137 0.084119 0.00927334
2779 68 0.0438695 0.0113834
2130 57 0.0358671 0.00782204
1779 36 0.031768 0.00424221
4463 132 0.0689223 0.00797062
6574 169 0.107672 0.0132344
5715 129 0.0913865 0.0082444
1260 39 0.0193423 0.00226643
5661 142 0.091884 0.0171355
2646 60 0.0408024 0.00924221
1634 35 0.026935 0.00468573
4534 137 0.069718 0.00738776
10474 226 0.198825 0.0207215
4621 103 0.0727905 0.0066479
1219 33 0.0231146 0.00369724
5571 148 0.0846576 0.0095007
2707 58 0.0421289 0.00381603
1638 39 0.0298943 0.00942193
2116 55 0.0399112 0.00936896
5286 159 0.0852181 0.0117113
4175 105 0.0668903 0.00952821
2923 67 0.0517516 0.00353113
1293 41 0.0215719 0.00198199
5261 121 0.0893337 0.00691051
2898 72 0.0516552 0.00792021
1490 33 0.0305613 0.00214729
2136 56 0.0340376 0.00600159
4982 137 0.0903883 0.0098989
7689 194 0.123636 0.0161158
2456 63 0.0356624 0.00338081
1432 55 0.023314 0.00252989
5735 147 0.0952762 0.00844251
2752 67 0.0517448 0.00486421
2299 54 0.0373189 0.00319633
2329 63 0.0388575 0.0115145
7740 172 0.128171 0.0108356
2175 53 0.0338985 0.00336434
4774 118 0.0763795 0.00574417
1497 42 0.0229832 0.00269179
5745 157 0.0958436 0.0124202
2866 65 0.044403 0.00498028
1600 35 0.0263461 0.00431229
2120 47 0.0362994 0.00292394
3650 101 0.0523059 0.00518047
4881 106 0.0838217 0.00599925
3056 62 0.0484971 0.00503709
2912 82 0.0439666 0.00414691
1295 31 0.023832 0.00202418
6621 185 0.10597 0.0181111
2848 69 0.0518143 0.00508954
1852 43 0.0311891 0.00280415
1780 47 0.031646 0.00401184
8177 171 0.144527 0.011901
1537 52 0.025759 0.00458741
3326 73 0.0514668 0.0044793
1689 59 0.0333122 0.00305233
6894 165 0.106866 0.00785127
1501 32 0.0268331 0.00211712
1936 54 0.038589 0.00386474
5731 172 0.0887154 0.013248
2711 68 0.0443376 0.00924578
1645 46 0.0368083 0.0031197
5588 161 0.0912347 0.00845745
1626 56 0.0299456 0.00330417
9688 225 0.167523 0.0132559
2244 64 0.0364754 0.00479826
7251 167 0.138147 0.0213478
1441 38 0.0250091 0.00226799
1982 47 0.0325395 0.00346094
6398 177 0.101357 0.0100005
2780 68 0.0522805 0.0049735
1701 51 0.029064 0.00426994
5843 204 0.089698 0.0159963
7051 211 0.11217 0.0166223
2261 64 0.0353779 0.0103389
8106 184 0.139458 0.0241406
1439 41 0.0229018 0.00202943
1791 53 0.030517 0.00317678
5989 181 0.0949993 0.00963848
4371 93 0.0671166 0.00782979
766 25 0.0131541 0.00220807
5783 184 0.0985899 0.0126402
7964 171 0.140947 0.0122268
2308 68 0.0391885 0.00614927
6241 131 0.105089 0.00989494
1377 34 0.0231063 0.00343303
1535 43 0.0244515 0.00346774
5470 150 0.0942172 0.0114341
2884 64 0.0458866 0.00854329
1726 40 0.0309758 0.00305945
6707 200 0.102348 0.012281
8275 184 0.1411 0.017015
2274 69 0.0346416 0.00363838
7108 163 0.107494 0.00882399
1272 33 0.0225217 0.00281704
1257 36 0.0246873 0.00712281
5933 169 0.0919266 0.0105967
2801 60 0.043626 0.00859108
1731 43 0.0321776 0.00340856
6753 227 0.10085 0.0172784
5526 139 0.0865579 0.00887233
2290 70 0.0395255 0.00338793
4248 93 0.0669345 0.00625942
1238 30 0.0193503 0.00169189
1880 50 0.0295434 0.00285373
6343 197 0.0977303 0.0100593
2720 60 0.0477014 0.0083292
6871 210 0.108777 0.0158187
9037 218 0.159731 0.0239295
2194 65 0.0333643 0.00798002
8647 198 0.14365 0.00928585
1188 36 0.0178142 0.00534851
2318 54 0.038276 0.00337712
6332 175 0.094424 0.0102371
2689 65 0.043947 0.010382
6200 196 0.100861 0.00973105
9093 195 0.182417 0.0260685
2192 72 0.0327254 0.00528792
10095 242 0.207468 0.024465
1349 42 0.0212989 0.00210251
703 18 0.0147209 0.00192404
2175 51 0.0380716 0.00333333
2385 65 0.0392908 0.00348376
2731 70 0.0456529 0.00456054
2118 54 0.0425259 0.00431737
8650 205 0.139119 0.0190202
1713 53 0.0269114 0.00290165
1576 44 0.0278977 0.00265749
3590 106 0.0620274 0.00500223
2472 88 0.0437224 0.00488081
4594 123 0.0878588 0.00823001
1404 34 0.0269557 0.00401902
1826 46 0.0333221 0.0159641
720 22 0.0188529 0.0108207
1905 47 0.0303211 0.0134871
2723 54 0.0512639 0.00823123
6083 197 0.0980103 0.0111037
1621 39 0.0340881 0.00390906
3865 111 0.0602606 0.00902188
1800 61 0.0288437 0.00417038
10236 249 0.155104 0.0136341
1534 48 0.0274618 0.00861006
2130 51 0.0368623 0.0102787
2084 56 0.0382487 0.0086001
962 24 0.0216751 0.00584464
2725 61 0.0442589 0.0218744
6288 162 0.126431 0.0183346
1332 29 0.0271896 0.00770782
3977 102 0.0790508 0.00718036
2295 71 0.0459913 0.0039974
8125 199 0.197934 0.0204083
1393 38 0.0233006 0.00813225
868 21 0.0170756 0.00150491
2171 57 0.0429498 0.00425115
2150 63 0.035788 0.00551945
2674 68 0.0435202 0.00425702
1751 39 0.034791 0.00425679
6004 202 0.0831192 0.0135626
1578 43 0.0293314 0.00319199
3786 114 0.0615372 0.0179863
2308 65 0.0386275 0.00525484
6793 176 0.169153 0.0261825
1424 38 0.0224936 0.00622278
1428 33 0.0308465 0.00239105
3939 89 0.066603 0.00684082
2697 55 0.0451978 0.00441265
2900 75 0.0471047 0.0128193
1676 47 0.0508399 0.0114964
4933 157 0.115899 0.0208351
1411 50 0.0272312 0.0122107
3548 102 0.0633253 0.0178039
5596 147 0.091445 0.0191155
1507 48 0.022907 0.0048798
2445 64 0.043095 0.0120236
2694 63 0.056006 0.010418
1915 50 0.0316705 0.00424736
5191 190 0.0891963 0.0147363
1600 53 0.0250222 0.00277957
3887 114 0.0634425 0.00806012
5357 134 0.0752358 0.00686914
134 6 0.00667877 0.00886063
1377 35 0.0223002 0.00205871
2800 85 0.0413048 0.00475929
2692 63 0.0489089 0.00464991
3165 67 0.0492062 0.00449642
5880 186 0.10126 0.0173628
1860 53 0.0292423 0.00290985
4150 103 0.0713594 0.00652128
5744 131 0.0844974 0.006832
165 8 0.00732942 0.000840076
1423 36 0.02602 0.00197745
2750 85 0.0435455 0.013123
2316 66 0.0428726 0.00450201
2766 72 0.0449517 0.00908577
1881 44 0.0351115 0.00822437
4697 153 0.0711978 0.00756388
1578 43 0.0276576 0.00296258
4988 129 0.0813193 0.0168794
2393 67 0.0543777 0.0117431
9397 229 0.188878 0.028673
1299 42 0.0210158 0.011624
2872 71 0.0526185 0.0159042
2256 63 0.034075 0.00340817
2634 60 0.045474 0.00376405
2210 49 0.0378341 0.0030133
4417 136 0.0705327 0.0100735
1720 56 0.0282122 0.00272323
4386 110 0.0760467 0.00684794
2646 78 0.044334 0.00446175
8082 205 0.140323 0.00972557
1255 27 0.021814 0.00410404
2883 67 0.0521937 0.00461885
1998 63 0.0310456 0.00364988
2822 81 0.0455507 0.0110667
1995 55 0.0366 0.00295334
3638 99 0.0531666 0.00548201
1643 47 0.0307459 0.00303337
3935 107 0.0621902 0.00497702
2380 73 0.0411391 0.00441223
5860 144 0.0901991 0.00795982
142 1 0.00900401 0.000869846
1361 34 0.0245268 0.00263789
3206 71 0.0541226 0.00617225
2104 48 0.0372482 0.00297787
2793 80 0.0442596 0.00456562
1809 37 0.0368969 0.00332848
4935 152 0.0776878 0.00975628
1326 33 0.0289332 0.00280504
3957 84 0.0646004 0.00552209
2458 66 0.0474861 0.00500916
4343 117 0.0619068 0.00715826
194 11 0.00886446 0.000921005
1372 38 0.025474 0.00984491
2426 65 0.037642 0.00426964
2559 60 0.0399775 0.00416815
1645 34 0.0292176 0.00267906
5152 159 0.075958 0.00845026
428 17 0.0121399 0.00119163
2769 65 0.0461554 0.00396096
2493 67 0.0420131 0.00402799
1434 37 0.0275559 0.0102151
2367 73 0.0359051 0.00840917
2783 65 0.0484538 0.0142133
1876 51 0.0309777 0.0119099
5235 145 0.0837031 0.00891914
8067 164 0.150789 0.0173849
4999 135 0.0733483 0.0159338
1511 38 0.0261196 0.00223099
3091 101 0.0428932 0.0106126
2566 58 0.0438726 0.0115677
5782 150 0.0892864 0.0105973
1968 78 0.032261 0.00730829
4536 84 0.0780757 0.00591907
5643 138 0.138267 0.0181991
1496 33 0.0348372 0.00901318
1907 36 0.0528761 0.00983093
2544 71 0.0613864 0.0162551
2742 63 0.0521663 0.0121311
4947 152 0.0865074 0.0114624
8056 181 0.138015 0.00911946
4481 112 0.0702942 0.0166816
1276 28 0.019479 0.00166909
2009 42 0.032859 0.00296944
2001 55 0.0328925 0.00380371
2672 48 0.0499282 0.00478182
1594 43 0.0354344 0.00302396
3373 108 0.0551223 0.00493574
6538 171 0.118434 0.0110482
1723 55 0.0285752 0.00364735
2139 61 0.0333963 0.00361064
9886 252 0.158012 0.0177437
1124 30 0.0193317 0.00377605
2216 51 0.0389161 0.00358229
1205 30 0.0265406 0.00240146
2671 59 0.045358 0.00362884
1662 40 0.0268233 0.00242065
2628 69 0.0419054 0.00466438
6935 174 0.116962 0.0104319
2096 66 0.0329449 0.00713892
9876 238 0.144012 0.0168347
1324 38 0.0217659 0.0018691
2444 51 0.0398107 0.00365418
2310 55 0.0416778 0.00389337
2550 56 0.0437806 0.00640848
2184 48 0.0355739 0.00479874
3730 123 0.0678426 0.00856342
8609 195 0.147539 0.0176574
2532 76 0.0414256 0.00980902
7414 176 0.10975 0.00946021
1324 40 0.0233133 0.00546004
2376 50 0.0428531 0.00395357
2526 62 0.0383155 0.00632452
2660 59 0.0463259 0.00688509
1870 44 0.0279826 0.00255589
2971 79 0.0507006 0.0132943
6054 134 0.097135 0.00898601
2392 70 0.0405833 0.00398644
5505 118 0.112833 0.00779512
1325 40 0.0218939 0.00311095
2257 68 0.0358053 0.00356912
1144 28 0.0232949 0.0111833
2654 48 0.0449843 0.00354522
7021 217 0.123921 0.0179004
3189 81 0.0488494 0.00446781
1886 64 0.0343559 0.00398679
7030 172 0.0982237 0.0104634
1261 39 0.0206882 0.00385237
2266 53 0.0362054 0.00352644
1003 39 0.0189626 0.00238735
2843 49 0.0600506 0.0118138
1229 27 0.0254714 0.00521279
7457 187 0.170953 0.0160777
4723 101 0.0890284 0.00629361
1538 46 0.0294395 0.00305406
1256 40 0.0329093 0.00964758
10108 246 0.177023 0.01774
1537 45 0.0250001 0.00243087
2054 60 0.0376961 0.0147152
2789 64 0.0465696 0.0171693
953 20 0.016974 0.0048145
7611 197 0.118875 0.0169822
1904 43 0.0284673 0.00556095
6717 151 0.120672 0.0103117
1939 59 0.0307644 0.00327082
8225 198 0.122585 0.0129372
1290 33 0.0223564 0.00210196
2006 48 0.0350579 0.00759777
929 21 0.0165614 0.00163557
2725 70 0.046652 0.00581655
8367 214 0.12674 0.0156775
1977 55 0.0300516 0.00313531
8019 203 0.136357 0.0104481
1921 59 0.0313369 0.00419371
8261 172 0.12179 0.0100871
1410 37 0.0245796 0.00388914
1832 42 0.0282008 0.00269749
2733 71 0.0438908 0.00843891
10571 269 0.1711 0.0183418
1848 57 0.0314724 0.00458134
7810 180 0.131267 0.0156477
2126 72 0.0327347 0.00365849
5028 105 0.0854234 0.00707676
1387 46 0.0231163 0.00256331
2005 55 0.0308387 0.00342641
591 12 0.011794 0.00192163
2699 67 0.0472849 0.00385437
6793 175 0.111536 0.0137471
7748 190 0.124251 0.0147146
1912 66 0.0277989 0.00571016
9591 229 0.216025 0.0403259
1119 31 0.0152056 0.013227
2440 63 0.0370517 0.0131736
6065 184 0.0882723 0.0162912
4508 111 0.0775143 0.00705001
5747 124 0.118365 0.00939227
7521 173 0.122896 0.0105072
1356 38 0.0235333 0.00292508
2411 67 0.0431581 0.00368838
1382 35 0.021941 0.0021238
5876 199 0.0941852 0.00894686
1543 62 0.020737 0.00358924
4332 113 0.0739255 0.00713348
5018 109 0.0737594 0.00589422
1385 43 0.0224693 0.00386508
2623 59 0.0451688 0.00906892
1659 51 0.0361962 0.00451164
6707 163 0.11849 0.00921654
1663 65 0.0257791 0.00485719
4290 124 0.068587 0.00653456
4890 104 0.0742914 0.00583537
1373 35 0.0226068 0.00325911
2934 67 0.0505194 0.00421452
2426 71 0.0344355 0.00571651
2543 58 0.0435546 0.00422616
1478 34 0.0269609 0.00251725
8637 240 0.146073 0.0178777
1899 73 0.0327371 0.0040856
4303 105 0.0628057 0.0151611
5151 112 0.0932552 0.00935247
1052 24 0.019489 0.00540392
2641 60 0.0452889 0.00451613
6026 145 0.0996763 0.013887
2911 77 0.056599 0.00401373
1947 43 0.0315276 0.00308633
1418 38 0.0274302 0.00296365
4931 134 0.0723845 0.0146217
1519 58 0.0245224 0.00306307
9311 228 0.15357 0.0154955
2015 66 0.0339522 0.003758
7987 195 0.117412 0.00974963
938 33 0.016839 0.00287749
2505 57 0.0401219 0.00372811
5938 156 0.103707 0.0168017
2732 68 0.0411203 0.00472588
1951 53 0.0333769 0.00356056
1385 34 0.0249995 0.00221816
6003 198 0.0959588 0.0152539
8938 215 0.152783 0.0207209
6852 172 0.107017 0.0124279
6120 151 0.0859391 0.00783828
2708 57 0.0463463 0.00350899
4689 127 0.0795423 0.00810546
2572 63 0.0426133 0.00362473
2330 62 0.0367887 0.00700723
1465 37 0.0283513 0.00512996
1301 36 0.024303 0.00201073
3397 90 0.0598646 0.00647317
1999 67 0.030573 0.00491296
3743 94 0.0603784 0.00909951
1512 58 0.0245105 0.00281101
7513 179 0.116823 0.00981128
7407 160 0.118726 0.00827121
3050 72 0.0486895 0.00765463
2191 43 0.0394879 0.00290755
2368 59 0.0388185 0.00939451
2158 74 0.0344001 0.0073177
1800 53 0.0283067 0.00278666
8660 216 0.135806 0.0157485
1507 41 0.0289264 0.00568897
10696 265 0.17682 0.0137106
2059 68 0.0365878 0.00456114
8649 201 0.131798 0.0211529
4772 112 0.0791338 0.00661626
2888 63 0.0489087 0.00805575
2215 59 0.0398971 0.0129103
2822 76 0.0474623 0.00843301
1562 43 0.0277789 0.00285641
2490 71 0.0458542 0.00572862
6777 169 0.113176 0.0116561
1618 58 0.02457 0.00250512
5913 183 0.0991994 0.0144404
2311 64 0.0340444 0.00523592
1841 63 0.0299232 0.00337862
8089 198 0.12397 0.0155647
4926 111 0.0771797 0.00902242
2272 47 0.0454691 0.00970487
2458 70 0.0396353 0.00530464
2484 64 0.0488189 0.00428395
1392 41 0.0218537 0.00472278
2700 62 0.0453792 0.00472802
7135 174 0.113337 0.0134916
2060 57 0.0302622 0.00524188
1517 99 0.0216088 0.00346161
5660 170 0.0880494 0.00705387
1767 61 0.0313034 0.00644029
9550 208 0.150171 0.0178258
4743 120 0.0710213 0.0176104
2554 71 0.0433081 0.0038606
2321 60 0.0398415 0.00424077
1321 33 0.0268237 0.00251021
2586 73 0.0418444 0.00409116
7373 190 0.127677 0.0185386
1781 53 0.0268026 0.00269637
1535 67 0.0222606 0.00280076
5898 153 0.0941675 0.0262731
1703 56 0.048043 0.0129252
1300 22 0.0262852 0.0136352
4839 126 0.100555 0.0225922
2221 45 0.0366959 0.00651555
2496 73 0.0463448 0.00609281
2449 56 0.0407037 0.00387012
1439 34 0.0257106 0.00223223
2615 56 0.0487117 0.00435545
1612 48 0.0278008 0.00340372
8272 218 0.133476 0.0194454
11720 259 0.261574 0.0190549
6170 138 0.101992 0.00975544
1540 43 0.0315118 0.00366433
5815 142 0.0939769 0.00828724
3931 87 0.0580432 0.0073815
2564 68 0.0441413 0.00671134
2365 69 0.0374572 0.0081344
1022 20 0.0180552 0.0024739
1374 36 0.0228945 0.00923331
2606 72 0.043442 0.00537635
3256 71 0.0548295 0.00496606
3335 78 0.0582042 0.00705597
5835 207 0.0992151 0.0144535
4910 101 0.0760163 0.0106008
871 25 0.0183805 0.00383095
2708 68 0.0428052 0.00462732
3307 68 0.0629638 0.00545544
1245 38 0.0218252 0.00289847
8800 241 0.155842 0.0119421
10877 264 0.265517 0.0345174
2219 74 0.0708195 0.0103343
8745 211 0.140477 0.014853
2737 65 0.0430868 0.00490352
3319 63 0.0589309 0.00555239
2436 78 0.0359624 0.00460332
887 16 0.0142221 0.00368813
1235 31 0.0200204 0.00215494
6671 216 0.0988728 0.0153008
4577 120 0.0768159 0.00538626
1915 65 0.0306568 0.00449704
9136 217 0.136046 0.0157369
9397 287 0.13694 0.017661
3873 90 0.0606457 0.00672005
930 28 0.018162 0.00231055
2459 68 0.040594 0.00373914
1263 39 0.0209868 0.00220159
9318 247 0.18101 0.0250685
10347 248 0.164203 0.0206684
2009 61 0.032949 0.0114335
6864 166 0.107497 0.00864408
3832 87 0.0673432 0.00659831
933 19 0.0161455 0.0014771
2458 73 0.0378022 0.00708776
1269 41 0.0203301 0.00580596
6849 182 0.103697 0.0195283
7389 176 0.114211 0.0106062
1697 60 0.0253575 0.00487014
8445 208 0.125547 0.0130017
3838 90 0.0631432 0.00551773
2480 69 0.0370519 0.00386365
1014 25 0.020271 0.00219015
1622 45 0.0258547 0.00348503
4614 150 0.0655717 0.00892764
8852 220 0.148978 0.017213
5657 128 0.0866904 0.00662528
3883 93 0.0616552 0.00967991
2116 65 0.0356087 0.00487082
520 16 0.0118988 0.00120874
1380 41 0.020203 0.00797623
5898 154 0.0976425 0.00729715
10396 255 0.162802 0.0131892
5340 135 0.0788223 0.0096532
2467 60 0.0456197 0.011752
573 15 0.0110702 0.00776157
2458 43 0.0419161 0.00443936
2562 69 0.0431552 0.0048209
3081 72 0.0508232 0.0110274
1166 33 0.0204256 0.00798964
2346 76 0.0375423 0.00362867
4467 108 0.0745337 0.00719279
1342 27 0.0248141 0.00206377
9714 240 0.165817 0.013866
5687 149 0.0873159 0.00817926
2401 67 0.0347903 0.00380501
2495 57 0.0378541 0.00360298
912 26 0.0183867 0.00196368
1428 44 0.0241068 0.00263719
2357 96 0.0308212 0.00524492
5173 120 0.0934042 0.00804981
5898 166 0.109919 0.0222186
5497 134 0.0786021 0.00869218
960 24 0.0204777 0.00218096
2334 67 0.0340303 0.00390521
2418 60 0.038254 0.00388293
4863 104 0.0803996 0.00854819
1558 43 0.0288523 0.0029966
2352 96 0.0357405 0.00399024
4795 122 0.0729971 0.00728639
9381 199 0.152394 0.012858
5376 134 0.0873076 0.0128753
13816 376 0.23983 0.0323921
4331 95 0.0731889 0.00918728
6169 155 0.104211 0.0198049
2174 83 0.0318295 0.0112875
11588 267 0.210011 0.0204806
3152 59 0.0424834 0.010668
897 27 0.0147656 0.00197166
14012 424 0.277267 0.0388479
4281 83 0.118013 0.00566152
1877 78 0.0277909 0.00543949
4472 134 0.0782253 0.0091045
9096 199 0.147062 0.0153001
3279 70 0.0537398 0.00677569
902 24 0.0155447 0.0016266
14149 421 0.228387 0.0224765
4466 95 0.0695321 0.00941744
1451 66 0.0203822 0.01037
4437 128 0.0666546 0.00862863
8518 218 0.145192 0.0109445
2998 65 0.0426239 0.0105821
921 32 0.015506 0.00205382
692 17 0.0236335 0.019006
491 11 0.0128707 0.00151825
716 14 0.0308946 0.00503786
2816 69 0.075719 0.00678374
797 17 0.0246532 0.00963926
1140 26 0.0290483 0.0116748
551 23 0.0146239 0.00847292
2640 62 0.0722436 0.00404101
579 16 0.0179427 0.00261524
432 6 0.0255189 0.00253074
696 13 0.0199491 0.0033133
2147 55 0.0487995 0.0034814
773 17 0.0373586 0.003956
1268 30 0.0275319 0.00201969
532 18 0.0173886 0.00272644
2339 66 0.0580889 0.00277471
721 15 0.0177487 0.00167004
451 10 0.0194099 0.00239225
740 17 0.0189802 0.00240963
2050 65 0.0442193 0.00337426
1637 44 0.0302817 0.00314298
862 24 0.0285428 0.00146812
1861 38 0.0369833 0.0118838
793 15 0.0259699 0.00118295
827 18 0.0203448 0.0016546
672 15 0.0194166 0.00125009
2003 55 0.0625074 0.00474029
2745 58 0.0615751 0.00536414
2922 66 0.0640556 0.00369697
2111 46 0.0569429 0.00201455
892 26 0.0194545 0.00149504
651 13 0.0156641 0.00310794
1180 17 0.0408285 0.00227327
726 15 0.0192307 0.00158996
799 16 0.0346937 0.00312161
1907 60 0.0548316 0.00454951
1884 58 0.0361131 0.00353385
539 17 0.0163845 0.00138068
2546 64 0.0537697 0.00649927
753 15 0.0205394 0.00201953
760 17 0.0297706 0.00197894
685 13 0.0285658 0.00141631
1754 39 0.0420574 0.00603774
3173 70 0.0830546 0.0171808
604 16 0.0225027 0.00616581
2070 47 0.0444062 0.0118717
485 8 0.0238466 0.0111272
720 14 0.0135219 0.00841376
466 10 0.0201481 0.00992489
746 13 0.0195334 0.0106985
805 24 0.0290054 0.00909959
3181 77 0.0949843 0.00483825
467 18 0.0150484 0.00835635
495 7 0.01746 0.0016843
611 10 0.0191865 0.00303022
842 20 0.0231308 0.00160568
770 17 0.022228 0.00148641
1214 32 0.0292447 0.00234659
1809 65 0.0382621 0.00581986
510 10 0.0170403 0.00826463
517 10 0.0227693 0.0108226
695 15 0.0188986 0.00377519
722 17 0.0179376 0.00118331
1172 31 0.0219727 0.00164651
2981 71 0.0744972 0.013919
649 18 0.0191932 0.00140404
2203 60 0.0499226 0.00269559
1379 29 0.0349034 0.00307508
812 11 0.0172221 0.00162124
708 16 0.018251 0.00242537
421 8 0.0154815 0.0115835
1408 43 0.0452543 0.00300619
1533 51 0.0273355 0.00890797
87 4 0.00687142 0.0110974
482 8 0.0212905 0.0160238
709 14 0.0176983 0.00882173
698 12 0.0244966 0.0133166
339 6 0.0173685 0.00270437
727 13 0.0258018 0.00343981
469 11 0.0225724 0.00218013
1583 57 0.0395108 0.00359179
2025 42 0.0626276 0.00470296
545 15 0.0195515 0.0106204
80 4 0.00850853 0.00932243
1090 22 0.0286889 0.0131911
463 9 0.0178435 0.0124819
734 14 0.0265288 0.0149573
688 17 0.0179005 0.00989717
570 14 0.0147603 0.00750551
1805 55 0.02879 0.00995778
709 19 0.0267775 0.00423026
99 6 0.00881104 0.00165762
562 12 0.0206346 0.00148385
500 10 0.0180408 0.0145469
761 17 0.0296592 0.00901522
701 15 0.0248347 0.0120658
562 10 0.0144957 0.00206047
1845 57 0.0484599 0.00317116
705 14 0.0191871 0.00145241
81 2 0.00660037 0.00121052
572 11 0.0176171 0.00560286
457 9 0.0141611 0.00219169
720 12 0.016054 0.00287658
710 14 0.0209081 0.00191591
507 16 0.0119811 0.0108948
1751 50 0.0301122 0.00319361
821 20 0.0189143 0.00142576
85 2 0.00578142 0.000901559
778 20 0.0206453 0.00257125
517 9 0.0162178 0.00308709
361 7 0.011025 0.00845756
704 12 0.0272462 0.0136811
706 12 0.0266911 0.0089896
751 16 0.0325743 0.0126602
413 10 0.0137943 0.0124925
993 23 0.0333769 0.00924388
1632 39 0.0326933 0.00987026
1487 28 0.0324672 0.00299175
2052 66 0.05773 0.00309745
2422 45 0.0582254 0.00273045
319 8 0.0101915 0.00139561
646 13 0.0186656 0.00419445
646 11 0.0222087 0.00128345
1224 25 0.0466452 0.0022252
555 11 0.0157275 0.0014733
401 10 0.0149924 0.00125777
700 22 0.0247729 0.00329194
1749 45 0.0393278 0.00324408
583 15 0.01663 0.00135821
101 5 0.0076931 0.00154322
640 14 0.0194319 0.00291592
464 10 0.0201943 0.00104873
625 13 0.0168928 0.00117245
602 15 0.019313 0.00576524
703 15 0.026478 0.00309174
543 14 0.016904 0.00131078
1969 45 0.0608371 0.0142343
850 16 0.0378789 0.0078327
698 22 0.0175856 0.0036156
80 1 0.00687581 0.0111874
2028 43 0.0512378 0.00220457
535 12 0.0210549 0.00210551
1443 26 0.0369088 0.00291431
697 14 0.0267879 0.00245674
601 14 0.0216961 0.0026669
560 17 0.0180743 0.0106237
2891 70 0.0568949 0.00752701
596 11 0.0148268 0.00817828
2988 77 0.0442238 0.0121283
1945 46 0.0352178 0.0105103
474 7 0.0117468 0.0102331
1927 40 0.0306076 0.0103803
711 16 0.0165924 0.00940961
622 15 0.0158366 0.00905853
574 17 0.013262 0.00918187
2618 65 0.0462171 0.0117341
1818 48 0.0344019 0.0040826
479 11 0.0118994 0.00070862
1490 35 0.0275452 0.00730016
530 11 0.0198936 0.00318995
1587 33 0.035592 0.00209889
812 16 0.0171497 0.00094818
608 12 0.0133972 0.000909555
547 14 0.0121869 0.00197876
1118 28 0.0219943 0.00361915
1183 32 0.0203188 0.00282266
1522 37 0.0272589 0.00200392
482 12 0.0131267 0.00305614
1457 32 0.0283731 0.00267887
732 15 0.016493 0.00109553
592 12 0.0158931 0.00111596
535 14 0.0112997 0.00229893
1338 42 0.023202 0.00967302
2514 67 0.0444188 0.00565983
1512 40 0.0309377 0.00248313
483 9 0.0122458 0.000733452
1627 36 0.0288692 0.00256548
743 16 0.018385 0.00144597
614 14 0.0135207 0.000950767
524 11 0.0100808 0.00148587
1245 34 0.0243855 0.0021329
1872 60 0.0337691 0.0021564
1558 36 0.0291673 0.00192146
492 9 0.0125105 0.00129318
1765 37 0.0347196 0.00244588
701 13 0.0161611 0.00157614
476 13 0.0107414 0.00118204
1226 35 0.0191857 0.00191194
3096 73 0.051275 0.00283948
1284 27 0.0218016 0.00157993
466 10 0.012807 0.00115286
1745 33 0.0283152 0.0090927
727 11 0.0178363 0.00693576
464 9 0.0132407 0.00760388
598 14 0.0101717 0.00736088
1427 44 0.0345876 0.00632566
1329 40 0.0336349 0.00220511
810 14 0.0221363 0.00206464
500 13 0.0216582 0.00198873
1663 37 0.041735 0.00415413
794 18 0.0287546 0.00332663
442 12 0.0140588 0.00137424
606 12 0.0127949 0.0010855
1357 43 0.0310417 0.00237492
2309 52 0.0586711 0.00259563
704 25 0.0173995 0.0086882
526 11 0.0133865 0.00926432
1786 36 0.0528263 0.00481307
717 16 0.0205103 0.00296272
661 14 0.0201699 0.00206967
671 18 0.0181369 0.00538409
2423 46 0.0801035 0.00406468
621 13 0.0171571 0.00107032
1376 30 0.0414741 0.00328355
559 11 0.0189714 0.00130491
1849 35 0.0427973 0.00384457
761 16 0.0240734 0.00146131
480 18 0.0115389 0.00142548
621 14 0.015188 0.00202873
1059 24 0.0294491 0.00186042
1405 31 0.0349523 0.00313792
848 19 0.0219411 0.00151908
852 23 0.0175019 0.00176894
418 9 0.0157093 0.00115668
1935 43 0.0514935 0.00953783
788 17 0.0252854 0.00626003
534 12 0.0243631 0.0098912
527 11 0.0196812 0.00806071
2458 65 0.0638639 0.0119159
569 15 0.0244258 0.00384983
1080 26 0.0326376 0.00202122
535 21 0.015625 0.00130605
1971 43 0.0470085 0.00307233
568 9 0.0193361 0.00155732
614 11 0.0218276 0.0012795
1739 36 0.0555461 0.00432428
738 19 0.0205638 0.00151891
468 9 0.0136201 0.00117609
1864 43 0.0456571 0.00328646
616 15 0.0270113 0.00182739
2922 68 0.0862213 0.00386661
659 19 0.0227125 0.00272883
2041 47 0.0559534 0.00310352
539 12 0.0212779 0.00186278
673 16 0.021816 0.00202929
2010 41 0.0599509 0.00356292
764 22 0.0250537 0.00361055
483 8 0.0205921 0.00111189
1669 47 0.0587008 0.00367019
2021 57 0.0620156 0.0040706
676 27 0.0297219 0.00379531
2298 59 0.074192 0.00295152
561 11 0.0192243 0.00248634
618 15 0.0203543 0.00157029
1841 37 0.065701 0.00486107
1173 23 0.024066 0.00143174
320 12 0.00745947 0.000812771
1651 51 0.025402 0.0017809
2467 43 0.0435368 0.00306406
654 16 0.0171224 0.00112628
1759 42 0.0280736 0.0120264
528 10 0.0231748 0.000995651
487 13 0.0153175 0.00759371
1706 28 0.0482327 0.00263643
790 19 0.0307477 0.0021611
507 11 0.014677 0.00493249
1927 60 0.0554276 0.00763083
2544 59 0.0553037 0.00324268
668 23 0.0291571 0.00373885
1993 46 0.0520843 0.00216108
473 14 0.0143841 0.00137609
407 10 0.0133856 0.00100415
1816 36 0.0550204 0.0024297
766 16 0.0242094 0.00328197
510 14 0.0180233 0.00186537
1890 58 0.0457389 0.00889629
1657 42 0.0515564 0.00809885
655 19 0.0194162 0.00172767
1208 34 0.0254792 0.00170282
472 9 0.0150375 0.0104571
649 14 0.0184458 0.00120414
1994 48 0.0497779 0.00392563
742 13 0.0195423 0.00535913
1914 58 0.0450034 0.00279922
2632 60 0.0762785 0.00309511
640 21 0.0161846 0.00201609
2459 48 0.0612915 0.00405082
465 11 0.0144522 0.0014568
817 23 0.0258454 0.00140165
1971 35 0.0540844 0.0033465
731 15 0.0204038 0.00176511
1744 50 0.0431159 0.00291571
2530 55 0.0568443 0.00347152
642 17 0.0202425 0.00141968
2854 56 0.0599221 0.00340627
544 11 0.0153673 0.00376389
261 9 0.0169275 0.00146668
573 12 0.0249505 0.00107425
786 21 0.0211182 0.00184267
724 13 0.021905 0.00138374
604 16 0.0160918 0.00094641
2610 56 0.0669093 0.00506383
647 21 0.0302111 0.00125106
598 18 0.0176928 0.00114721
961 20 0.0282633 0.00306891
721 23 0.0289808 0.00167201
1306 40 0.0499996 0.00492592
548 9 0.0157693 0.00296441
507 12 0.0124692 0.00222298
255 7 0.0113558 0.000935287
579 12 0.018555 0.00144789
706 9 0.0159983 0.00257403
1892 61 0.0382849 0.0041527
597 24 0.0181847 0.00353491
1002 26 0.0462997 0.0013338
574 22 0.0336029 0.0032238
2960 73 0.0623579 0.0043432
599 7 0.0175753 0.00598312
558 13 0.0187282 0.00306759
679 14 0.0267602 0.0031493
332 9 0.0175598 0.00215178
737 14 0.0219318 0.00126701
2180 53 0.0482964 0.00272957
508 12 0.014494 0.00184766
1070 28 0.0287554 0.00184163
666 26 0.0268196 0.00344496
2275 57 0.0554424 0.00291012
540 11 0.0150819 0.00831654
321 6 0.0186423 0.00142079
582 14 0.0190732 0.00136555
705 16 0.0284192 0.00166038
709 12 0.0188497 0.00108849
499 12 0.0138138 0.00137165
1865 50 0.053041 0.00289108
582 14 0.0215358 0.0021064
1020 29 0.0359785 0.0109656
672 20 0.0220389 0.00383456
1846 55 0.0378695 0.00225166
564 9 0.0130241 0.0011161
376 7 0.0149111 0.00108718
1069 22 0.0215454 0.00154912
733 14 0.0278462 0.00166634
831 19 0.0256319 0.00132858
490 14 0.0128505 0.00105459
1425 38 0.0509326 0.00233127
539 14 0.0163488 0.000990772
947 23 0.0217674 0.00154407
1657 44 0.0401132 0.00293445
577 13 0.020854 0.00229742
805 12 0.0295529 0.00181235
764 14 0.0230603 0.00163222
554 15 0.0162628 0.00144934
1485 47 0.0354905 0.00220501
614 14 0.0199555 0.00142237
1035 29 0.0279612 0.00291894
1511 41 0.0455653 0.00192764
51 2 0.00594265 0.00532021
529 7 0.0174789 0.00176242
909 18 0.0348687 0.00168504
773 21 0.0195188 0.00263233
899 24 0.0287222 0.0031835
1731 49 0.0427889 0.00340005
713 22 0.0227942 0.00341789
1101 25 0.0354046 0.001302
1632 47 0.037798 0.00194987
61 2 0.00569465 0.00133945
548 7 0.0138454 0.000810295
904 22 0.0166925 0.00129773
755 16 0.01852 0.00159567
728 13 0.0196776 0.0013047
556 16 0.0124906 0.00211452
1378 42 0.0236653 0.00654433
592 16 0.0187782 0.002578
1449 37 0.0371218 0.00225032
673 19 0.0208311 0.00123317
2686 58 0.0575603 0.00551785
544 11 0.0243639 0.00113429
844 13 0.0253767 0.00164345
762 16 0.0297012 0.00170042
742 15 0.0265387 0.00228513
651 14 0.0178979 0.00398189
1280 34 0.041349 0.0112624
613 15 0.0194495 0.0125624
1259 30 0.0393714 0.00998563
723 19 0.0263086 0.00904973
2221 44 0.0590106 0.0139164
523 7 0.0229856 0.0133515
957 21 0.0309785 0.00922782
695 13 0.0249584 0.0133115
778 12 0.0329567 0.00305077
571 18 0.0159281 0.00266919
1061 26 0.0250447 0.00380279
590 13 0.0210984 0.0135661
1135 23 0.0269143 0.00576573
695 20 0.0213225 0.00399128
1739 53 0.0325649 0.00374379
65 4 0.00749998 0.00205064
535 11 0.0219738 0.00207467
944 18 0.026981 0.00169208
693 11 0.0261013 0.00192425
780 12 0.0209249 0.00168059
518 17 0.0129178 0.00122098
1392 34 0.0332938 0.00537687
485 12 0.0165516 0.0116906
1154 29 0.0436498 0.0123077
697 20 0.0168144 0.00902901
1180 34 0.020134 0.00921848
78 3 0.00927985 0.00279214
538 11 0.014777 0.00246816
760 11 0.0185804 0.00156657
700 16 0.0142898 0.0050887
478 10 0.0173477 0.00297833
1605 32 0.0355782 0.00955472
199 5 0.0145368 0.00406133
814 27 0.0282576 0.00981952
697 17 0.015125 0.00296299
566 8 0.0214581 0.00347814
762 14 0.017047 0.00710453
742 14 0.0149586 0.00706777
537 16 0.0230756 0.00828227
1662 53 0.0393271 0.00453686
2340 60 0.0600106 0.00478635
1399 39 0.0397718 0.0042798
595 8 0.0121733 0.00181866
1013 26 0.0248353 0.00543796
733 24 0.0173625 0.00623036
2041 58 0.0436238 0.00223358
758 22 0.0139025 0.00202114
1329 30 0.0236074 0.00210304
1594 44 0.061568 0.00393056
595 8 0.0189248 0.00120701
535 8 0.0147253 0.00117864
783 13 0.0167434 0.00169793
721 14 0.019469 0.00227499
1524 36 0.0421994 0.00182181
2339 41 0.0436113 0.00315299
1290 24 0.0329724 0.00261924
543 9 0.0202479 0.00577436
607 11 0.0302036 0.0106426
692 10 0.0229336 0.00197839
728 16 0.0151164 0.00128537
469 12 0.0110851 0.00109324
1025 24 0.017417 0.00177228
1957 53 0.0293734 0.00221653
609 17 0.0155092 0.00134351
635 22 0.0161887 0.00140908
2781 71 0.0419282 0.00453262
467 11 0.0136369 0.00142367
657 15 0.0169323 0.00117762
340 10 0.0106996 0.00134679
759 17 0.0321165 0.00121008
486 13 0.0129455 0.00106575
830 24 0.0160701 0.002521
2082 48 0.0443688 0.00760079
632 18 0.0198045 0.011517
2846 70 0.0567067 0.00974163
495 9 0.011693 0.00949876
698 11 0.0276181 0.00181338
746 15 0.0189556 0.00166127
700 14 0.0230219 0.00349736
612 9 0.0217837 0.00139533
988 28 0.0371692 0.001614
2433 63 0.0822206 0.00424826
702 19 0.0267419 0.00286308
2097 46 0.0475019 0.0106572
519 16 0.0136177 0.0100134
687 12 0.018328 0.00946631
819 14 0.0178328 0.00917168
742 18 0.0207654 0.00449666
530 11 0.0225808 0.00289252
771 16 0.0237047 0.0128182
1827 44 0.0447444 0.00966228
694 25 0.0166325 0.00670601
1538 37 0.0273229 0.00731127
528 14 0.0245795 0.0124396
703 12 0.0193093 0.00882722
372 9 0.0111315 0.00981081
736 14 0.0226034 0.012582
2122 68 0.0485224 0.0109661
921 22 0.0335161 0.00485798
553 18 0.018324 0.0112729
1974 41 0.0474889 0.00713807
488 10 0.0153744 0.00209129
680 9 0.0211648 0.00244446
315 8 0.0113947 0.00142872
766 10 0.020337 0.0014938
377 6 0.0181259 0.00148675
2306 55 0.0560919 0.0112172
1568 52 0.044558 0.0082851
630 15 0.0208497 0.00901612
414 11 0.0148301 0.0089535
2947 70 0.0779235 0.0116363
635 9 0.0214944 0.00127256
657 11 0.0171687 0.00191041
773 13 0.026702 0.00586945
296 6 0.0119755 0.00197413
2159 58 0.0549398 0.00510099
611 11 0.0170639 0.003641
2024 48 0.0532772 0.0027608
610 19 0.0197556 0.00345444
2375 58 0.0477998 0.00566612
519 9 0.0149469 0.00208556
651 12 0.018384 0.00878337
297 5 0.00979724 0.0103918
738 14 0.0173208 0.00913112
2519 56 0.0457687 0.00621844
635 6 0.0165844 0.00115588
2324 53 0.0454792 0.0023707
554 21 0.0145067 0.0011933
2357 51 0.0670733 0.0122108
553 10 0.0160307 0.000996699
558 7 0.0116037 0.00248555
750 15 0.0192339 0.0020954
3248 91 0.0488306 0.00335877
600 10 0.0154984 0.00106385
2241 54 0.0416452 0.0025894
633 24 0.0135162 0.00167364
1397 44 0.0269748 0.00175194
531 12 0.0109929 0.00086056
632 10 0.0143674 0.00122199
188 6 0.00728286 0.00226854
723 15 0.0164082 0.00429403
2382 63 0.0407964 0.00311687
2347 59 0.0394229 0.0024672
575 17 0.0130009 0.00179149
2724 59 0.0435689 0.00231813
426 8 0.0104932 0.00220758
680 11 0.0157394 0.00147463
1945 41 0.0366721 0.00187319
1221 25 0.0259071 0.00955144
1668 45 0.0308506 0.0154723
2058 39 0.0372736 0.00562887
506 7 0.0140033 0.00200097
669 13 0.0210612 0.00129931
403 9 0.0108614 0.00142725
1766 56 0.0374582 0.00269466
568 13 0.0185302 0.00196989
1185 24 0.0395872 0.00249999
1431 37 0.0318756 0.00202534
519 9 0.0134936 0.00133876
729 16 0.0178153 0.00136018
453 15 0.0112249 0.00162073
2040 41 0.0587151 0.00467145
597 9 0.0154074 0.0039475
1139 29 0.0414283 0.00283107
1413 37 0.0303854 0.0021103
525 8 0.0194226 0.00279567
853 15 0.0226049 0.00157527
767 12 0.0204946 0.00173428
691 13 0.0257567 0.00127452
424 10 0.0123822 0.0012012
2501 65 0.0599346 0.00554598
717 19 0.0290567 0.0163922
1344 35 0.0305205 0.00211939
1456 36 0.0327818 0.00256415
460 8 0.0157824 0.00137795
817 15 0.0223506 0.00126644
1843 42 0.0571076 0.004394
807 23 0.0223069 0.00133253
607 11 0.0215359 0.00215465
383 10 0.0140075 0.000951273
1542 47 0.0473975 0.00374816
591 14 0.0230073 0.00426499
2787 63 0.070896 0.00406475
556 16 0.0199487 0.00162306
2302 66 0.0498243 0.00339892
407 12 0.0131617 0.0020955
761 14 0.0254889 0.00189736
1794 38 0.0568205 0.00379921
732 15 0.0200627 0.00182995
605 15 0.0177422 0.00197941
394 11 0.0168726 0.00127598
1693 54 0.0476086 0.00428232
2698 51 0.0790649 0.00420266
1897 36 0.0676321 0.00241666
1765 48 0.0453663 0.00555207
823 18 0.0238208 0.00148821
1591 32 0.0439681 0.0132112
681 13 0.0254185 0.0128329
747 19 0.0256797 0.0110094
402 10 0.0167495 0.00464387
384 11 0.0204211 0.00961161
1044 30 0.0334221 0.00373137
769 16 0.030649 0.0111603
1076 26 0.0253769 0.00185026
469 15 0.0178059 0.00392367
2102 57 0.0507612 0.00960703
2078 31 0.0698725 0.0191495
1033 30 0.028583 0.00278688
659 12 0.02596 0.0092954
653 16 0.0170305 0.00887645
687 11 0.0178918 0.0102459
502 11 0.0135146 0.00131085
2496 51 0.0406149 0.00290478
426 10 0.0125265 0.00122251
2991 54 0.0754159 0.0206085
603 13 0.0161508 0.010471
2440 66 0.0610046 0.0107427
1589 34 0.0278388 0.00297407
858 17 0.0247382 0.00231197
713 14 0.0188998 0.00651995
790 18 0.0180422 0.00575378
437 9 0.0165762 0.00118291
726 16 0.0155787 0.00107735
1993 45 0.0374979 0.00292978
653 17 0.0144374 0.00182189
1702 54 0.0310683 0.00278207
636 17 0.0169899 0.00266594
555 22 0.0118883 0.00135147
2328 60 0.0381972 0.00292549
1553 42 0.0325326 0.00668144
671 11 0.0152166 0.00119094
797 16 0.0203138 0.0013467
675 15 0.017691 0.00116353
398 14 0.0126837 0.00126812
773 26 0.0182425 0.00173698
2115 49 0.0417318 0.00192815
564 15 0.0133693 0.000959417
637 20 0.0173118 0.00114727
1775 49 0.0356595 0.00228617
535 15 0.0116151 0.000991119
2789 60 0.0507936 0.00341064
1546 41 0.0334499 0.00246047
752 15 0.0189387 0.00143472
719 9 0.0201464 0.00169206
385 11 0.0111516 0.000890365
763 18 0.0154596 0.00117904
2159 45 0.0389354 0.00569212
486 13 0.0110561 0.00612259
624 19 0.0131195 0.00735656
1805 50 0.0394467 0.00207845
514 17 0.0113775 0.0135669
360 6 0.0286074 0.00849479
1595 38 0.044654 0.0133704
649 17 0.0218852 0.0022955
795 11 0.0219578 0.00976895
669 12 0.0183782 0.0037057
412 11 0.0133287 0.00328865
771 17 0.0277498 0.00314818
419 16 0.0178132 0.00288266
2259 51 0.048529 0.00426229
3447 83 0.109638 0.00467399
1776 31 0.0552117 0.00293283
443 11 0.018303 0.000860942
1632 42 0.04151 0.00219345
1074 26 0.0328865 0.00261159
821 16 0.0228762 0.00162802
635 14 0.0161187 0.00311038
281 6 0.0105078 0.00232381
383 12 0.0120648 0.00135672
762 18 0.0237349 0.00282925
1008 32 0.0310298 0.00346395
970 24 0.0289994 0.00212831
1816 59 0.0677125 0.00381476
1438 37 0.0368847 0.00215459
273 7 0.0102747 0.00145776
745 16 0.0218724 0.0138364
1005 18 0.0362901 0.00579884
340 9 0.0118265 0.00312454
2549 56 0.0577135 0.0045585
3254 75 0.0822373 0.00430127
635 22 0.0159797 0.00142325
2466 59 0.0506242 0.00474445
734 17 0.0192228 0.00155994
1010 16 0.0294493 0.00798081
771 14 0.0165807 0.00781486
277 8 0.00953873 0.00486925
339 14 0.0149774 0.0020786
1897 62 0.042689 0.0031094
1465 43 0.0317452 0.00228426
560 21 0.0114904 0.00145675
2641 66 0.0635212 0.00265349
3322 111 0.064439 0.00437918
1150 19 0.0348327 0.00347061
284 7 0.0134715 0.00174123
665 16 0.025139 0.00211925
349 10 0.0122183 0.00394824
2728 63 0.124777 0.00469969
3151 69 0.0854573 0.00451201
594 18 0.0153049 0.00228835
1966 45 0.0425815 0.00471603
1130 20 0.0245215 0.00310416
293 8 0.0101162 0.00732906
676 13 0.0213428 0.0127623
343 9 0.0090568 0.00930648
2000 44 0.0435766 0.0048936
2238 53 0.0502725 0.00957835
531 20 0.0220627 0.0170188
2443 62 0.109563 0.0120271
1133 18 0.0466792 0.0108744
666 13 0.02447 0.00181852
272 5 0.0120252 0.00197937
437 11 0.0117349 0.0017095
1475 41 0.0470682 0.00310262
2675 65 0.0895057 0.011032
1630 45 0.0492816 0.00450919
1153 18 0.0318265 0.00344922
565 14 0.0141496 0.00134606
147 3 0.00817926 0.00586794
374 10 0.00892282 0.00100806
1676 43 0.0443606 0.00254007
3141 76 0.0809376 0.00454152
1495 41 0.048229 0.00620422
638 15 0.02506 0.00181719
158 2 0.015571 0.000592724
710 17 0.0290238 0.00260921
796 17 0.0351298 0.00342904
867 15 0.0432002 0.00256381
340 11 0.0180515 0.00133546
874 18 0.0388208 0.00352365
1309 28 0.0365296 0.00552739
432 11 0.0229365 0.00191141
2938 65 0.109119 0.00607366
1609 45 0.0522264 0.00606215
771 14 0.0328212 0.00248575
683 15 0.0284729 0.0109203
252 6 0.0178809 0.00225461
396 11 0.0155762 0.0105463
901 23 0.015626 0.00418733
1604 43 0.0297755 0.0103792
1864 58 0.0461602 0.0179818
1548 40 0.038664 0.0195008
275 6 0.00763797 0.00945722
752 13 0.019363 0.0100199
676 13 0.0266131 0.0086993
1393 28 0.0519064 0.00442726
435 9 0.017557 0.00240815
902 23 0.0203808 0.00164493
1404 45 0.0406721 0.00346097
2805 62 0.083511 0.0184591
1501 40 0.0455052 0.00227005
3853 96 0.124149 0.00595612
1153 24 0.0272046 0.00452532
1864 47 0.0570505 0.00880595
826 22 0.0279327 0.00233587
3300 72 0.0906254 0.00351319
867 14 0.0244437 0.00244743
354 6 0.0169208 0.00216182
3993 109 0.0941825 0.00956221
1166 29 0.0255676 0.00389687
749 14 0.0206571 0.00217332
1452 46 0.0344886 0.00371464
2726 70 0.0753722 0.00461472
901 19 0.0266989 0.00310003
357 7 0.0182665 0.0014881
4029 101 0.102317 0.00624582
1199 26 0.0324721 0.00409003
579 21 0.0190224 0.00125972
1303 30 0.0262065 0.00181382
2626 61 0.0669322 0.00258164
824 12 0.0222084 0.00120509
350 6 0.0109131 0.00106326
1163 23 0.0165402 0.00379403
811 15 0.0116064 0.00129138
1264 25 0.0164676 0.00133837
4603 105 0.0563231 0.00402272
1311 23 0.0176409 0.00139347
1903 52 0.0224002 0.00196989
911 34 0.014745 0.00132298
4468 100 0.0477814 0.00365892
995 21 0.0128747 0.00107685
733 14 0.0103253 0.000912787
1221 24 0.0149428 0.00191843
3656 97 0.0411537 0.00321934
1273 29 0.0164785 0.00137319
2134 44 0.0266138 0.0023758
866 28 0.0109771 0.00110408
3969 96 0.0414513 0.00369463
1237 28 0.0156529 0.00133261
789 22 0.0105074 0.0027851
1278 25 0.0169836 0.00144389
3556 104 0.041174 0.00346804
2774 81 0.03175 0.00281309
1439 37 0.015987 0.00153485
3164 62 0.0355901 0.00268792
1386 31 0.0195 0.00182817
1418 31 0.0182214 0.00152934
1204 25 0.0164407 0.00138142
3476 97 0.0407158 0.00344832
4675 99 0.0531967 0.00382239
4824 110 0.0592517 0.00431202
3352 69 0.0385209 0.00341016
1530 40 0.0176795 0.0016508
1084 26 0.0138896 0.001279
1999 41 0.0248873 0.00215215
1211 25 0.0162209 0.00137765
1410 29 0.0188698 0.0015387
3350 101 0.039177 0.00365072
3216 96 0.0369051 0.00315752
887 36 0.0118071 0.0013205
4308 98 0.0464962 0.00368977
1291 18 0.0174031 0.0013398
1280 25 0.01681 0.00275421
1220 24 0.0166854 0.00763545
2800 66 0.0343685 0.002472
5238 112 0.0618539 0.00418818
1022 36 0.0130872 0.00141871
3501 81 0.036454 0.00302509
818 20 0.0112849 0.00111064
1219 30 0.0160304 0.00140715
811 21 0.0116631 0.00116896
1281 27 0.0167255 0.00140435
1414 45 0.0176291 0.00173616
5323 108 0.0625479 0.00425766
755 23 0.0106728 0.00116433
811 15 0.0107882 0.00100707
1014 19 0.0131236 0.00125301
1414 37 0.0177321 0.0016384
1319 27 0.0167212 0.00140319
2084 66 0.0233529 0.002237
3038 86 0.034613 0.00308487
858 18 0.0105335 0.00111723
831 18 0.011117 0.00108566
1205 25 0.0154755 0.00141894
1248 28 0.0166436 0.00143844
2037 49 0.0235348 0.00199034
4995 118 0.0649627 0.00537788
1130 34 0.0160767 0.00292584
3761 94 0.0393345 0.00311746
2304 58 0.0246178 0.00219106
1387 29 0.0167919 0.00171083
1239 27 0.0155669 0.0013269
702 20 0.00928835 0.000962359
2293 63 0.0257709 0.00231708
2572 67 0.0266496 0.00237578
144 5 0.00400437 0.00185576
718 16 0.0105682 0.000898026
1205 27 0.0174109 0.00133983
1209 27 0.0167555 0.0032128
542 17 0.00916371 0.00104855
1287 29 0.0172804 0.00141694
807 21 0.0115627 0.00111279
2777 93 0.0326079 0.00275483
3317 67 0.0401824 0.00273616
892 26 0.0135716 0.00170977
118 2 0.00541632 0.000599217
1860 38 0.0233899 0.00184213
743 19 0.00958202 0.00104445
1259 28 0.0166991 0.00138809
1227 26 0.0155006 0.0013136
930 22 0.0118732 0.00107126
3077 93 0.0361704 0.0031493
1205 30 0.0152223 0.00129912
140 5 0.00437692 0.000559313
951 19 0.0121222 0.00101919
802 17 0.0109268 0.000994351
1322 27 0.0163653 0.00139847
1247 25 0.0156244 0.00138168
940 20 0.0125437 0.00112887
3094 88 0.0369691 0.00320804
1202 29 0.0147603 0.00132785
127 1 0.0043114 0.00052384
943 20 0.0128911 0.00158685
742 15 0.00990653 0.000959134
1244 20 0.0156156 0.00123556
1268 24 0.0160648 0.00132496
811 17 0.0113715 0.00109604
2886 78 0.0355565 0.0146075
1408 35 0.0299038 0.00265928
133 3 0.00608759 0.000767175
1281 32 0.0236901 0.00185689
800 18 0.018034 0.0071954
565 10 0.0146561 0.00172072
1217 27 0.0278824 0.00253112
1182 27 0.0324419 0.00373594
1319 26 0.0496737 0.00344774
699 15 0.0267582 0.00183997
1693 41 0.0559823 0.00471096
2619 59 0.0780498 0.00638229
2565 71 0.0939767 0.0076094
3484 109 0.117884 0.0110716
4064 97 0.116569 0.00816728
529 11 0.019418 0.00187614
1119 25 0.0412532 0.00371696
1070 22 0.0236012 0.00178734
2096 48 0.0412789 0.00363759
956 23 0.0233664 0.00418062
661 8 0.0259414 0.00216228
1216 28 0.0430455 0.00839151
2936 74 0.0626889 0.010744
1001 28 0.0172727 0.00901237
140 6 0.00812072 0.00632679
1040 19 0.0172575 0.00111915
738 19 0.0107324 0.0102226
1072 18 0.0218281 0.00410936
1026 24 0.0295012 0.00703834
1239 26 0.0540472 0.00972091
899 16 0.0465815 0.0142005
3250 81 0.183345 0.021315
1464 31 0.0795516 0.0163573
1178 33 0.0282159 0.00933272
112 3 0.0045455 0.00700232
3468 81 0.180713 0.0162083
835 19 0.0240495 0.00295694
2445 58 0.0660426 0.00562506
1236 23 0.047111 0.0037791
1040 28 0.0382247 0.00372258
959 29 0.0371791 0.00424714
4858 108 0.169688 0.0127481
980 32 0.041335 0.0032498
4926 103 0.165276 0.0104955
3322 81 0.122144 0.00783655
738 19 0.0262602 0.0119136
3327 72 0.103771 0.0210784
1302 26 0.0421112 0.00254394
1063 25 0.0224534 0.00188335
952 27 0.0210863 0.0019782
4363 100 0.125857 0.0109108
3069 80 0.111925 0.00748982
781 15 0.0463468 0.00285812
2521 56 0.0808644 0.0157095
836 21 0.0220303 0.00201448
2730 58 0.0930077 0.0165069
1396 36 0.0406871 0.00403814
1058 22 0.0280347 0.00156315
924 20 0.0172403 0.00185199
1853 52 0.0331681 0.0100666
2038 53 0.0588639 0.00743239
2577 59 0.0836983 0.00996345
786 21 0.0320071 0.00310048
2581 56 0.0914396 0.00636882
1311 27 0.0459314 0.00315818
1049 20 0.0423058 0.00308343
901 27 0.0342749 0.0082784
2306 64 0.077241 0.0135144
4205 103 0.138314 0.022696
2644 62 0.074477 0.0174446
764 17 0.0271883 0.0132624
2791 50 0.0924258 0.0227882
1303 23 0.0218744 0.010962
1040 23 0.0183866 0.00886099
865 15 0.018051 0.0112654
2139 64 0.0342891 0.0111648
3222 90 0.0417565 0.0104037
2669 62 0.045477 0.0071188
768 19 0.0172863 0.00176738
3005 64 0.0953211 0.00323486
1247 29 0.0207542 0.0018483
790 17 0.01398 0.00350531
2123 58 0.0401531 0.00344832
5165 123 0.131126 0.0122394
2156 42 0.066212 0.00525392
732 17 0.0291228 0.0024999
2966 62 0.0966152 0.0144632
1266 26 0.0433201 0.00438734
768 18 0.0439395 0.00767821
1081 26 0.0375866 0.00339626
2485 76 0.069478 0.0148185
2138 50 0.0683668 0.00974379
1375 26 0.0413819 0.00283322
770 18 0.0262652 0.00300164
2807 59 0.104921 0.00877818
1389 29 0.047362 0.00353167
735 17 0.028909 0.0033438
1058 25 0.0427393 0.00370101
2349 65 0.0765616 0.00505348
3872 84 0.123923 0.00800565
1138 29 0.025356 0.0107169
839 22 0.0256441 0.00702297
3002 57 0.100778 0.00711675
1275 28 0.0441582 0.00397038
1138 25 0.0513405 0.00338532
1114 25 0.0385803 0.00381667
3981 91 0.127703 0.0100988
1020 21 0.0256483 0.00997687
2263 57 0.0320881 0.0131675
900 22 0.0137237 0.00952848
3135 74 0.0632294 0.00741092
1324 27 0.0432936 0.00582611
814 20 0.0239703 0.00167435
1067 24 0.0404923 0.00358947
1854 35 0.06712 0.00492355
2372 55 0.0910204 0.00666364
1445 27 0.0550929 0.00764121
1437 43 0.047747 0.00508799
686 14 0.027472 0.0124831
3351 80 0.117331 0.00892548
1338 29 0.0482498 0.00377514
929 20 0.0338381 0.00558016
897 22 0.03724 0.00388158
4053 83 0.134282 0.00961951
915 27 0.038933 0.00343616
1729 38 0.0575084 0.0037674
849 31 0.0359195 0.00353183
3316 84 0.0966687 0.0114388
913 23 0.027869 0.0188811
1023 28 0.0267851 0.00915133
3004 66 0.0526851 0.0110107
1262 22 0.0172672 0.00905785
807 24 0.0119101 0.00700348
3001 75 0.0368589 0.00842358
986 32 0.0197045 0.00148327
4873 112 0.0645404 0.00418595
1117 34 0.015867 0.00146438
3452 86 0.0367211 0.00297959
856 16 0.0122617 0.0018983
1104 26 0.0158345 0.00466583
3408 77 0.046753 0.00308473
1279 24 0.0165464 0.00137708
841 19 0.0128458 0.00117508
2899 80 0.0341453 0.00288149
3463 104 0.0399559 0.00336433
1113 34 0.0150542 0.00151759
3887 101 0.0399691 0.00367341
857 20 0.011682 0.00109383
1012 27 0.0141832 0.00137109
3190 77 0.0400154 0.00481321
1984 46 0.0257753 0.00813511
481 17 0.00821429 0.00872454
2896 86 0.0379927 0.0144782
4116 82 0.0555032 0.0200975
1117 38 0.0173532 0.0146198
2946 57 0.056616 0.0142492
841 23 0.0567284 0.0203835
842 20 0.0266238 0.00542688
2930 59 0.0954875 0.0183786
1377 29 0.0453996 0.00412343
848 16 0.0358496 0.00296931
3320 87 0.116506 0.0110386
4204 84 0.116547 0.00690014
1109 32 0.0381374 0.00256757
3357 72 0.102906 0.00643995
740 18 0.0272741 0.00180261
675 15 0.0275068 0.00289704
3077 63 0.113065 0.00782122
1312 34 0.0482894 0.00377358
860 18 0.0362056 0.00331377
3265 99 0.113846 0.00976471
2778 76 0.0743719 0.00956688
1122 36 0.0153466 0.00906587
2021 47 0.0230443 0.00809349
753 18 0.0111175 0.0086118
1080 24 0.0144783 0.00710829
3387 74 0.0435202 0.0099829
1324 32 0.0167184 0.00849723
3347 104 0.0401177 0.0116644
4467 98 0.0532172 0.0119089
1087 37 0.0138698 0.0092694
4138 81 0.0442532 0.0109669
704 19 0.0229802 0.0049659
1349 31 0.0209829 0.00152724
3341 79 0.0424838 0.00826975
1261 21 0.0177543 0.00496498
3048 98 0.106362 0.00916137
4355 97 0.142321 0.0152632
1084 38 0.0373032 0.0035585
4864 114 0.148142 0.011329
844 21 0.0370222 0.00223021
410 14 0.0210186 0.00152612
1027 25 0.0462741 0.00422676
1317 31 0.0354262 0.00321776
1273 26 0.0457114 0.00890718
1017 24 0.0349347 0.00284392
4306 90 0.159113 0.00995477
1011 28 0.0425259 0.00440198
979 32 0.0411358 0.00233118
1665 36 0.0614642 0.00507327
1197 41 0.0497843 0.00440542
2230 54 0.0725157 0.00438364
860 17 0.0345174 0.00318271
869 22 0.0307454 0.00430712
406 8 0.0160992 0.00170556
970 21 0.0334706 0.00353705
1274 28 0.0463451 0.0128398
3116 92 0.105084 0.00982752
960 25 0.0426071 0.00362715
1748 45 0.0621475 0.00485983
952 27 0.0403497 0.00392296
4934 124 0.163213 0.0116149
946 18 0.0335493 0.00265564
994 22 0.0375127 0.00208602
1189 25 0.0448701 0.00345391
541 10 0.0257779 0.00218567
1266 25 0.0443517 0.00225398
3517 85 0.121714 0.00864335
811 22 0.0326964 0.00292561
1836 46 0.0609771 0.00484269
1141 40 0.0460037 0.00430216
3864 99 0.126752 0.00703613
840 15 0.0369552 0.00316196
515 11 0.0271939 0.00211464
1018 27 0.043416 0.00356255
1185 29 0.0450643 0.00298967
1249 29 0.0460368 0.00296724
835 16 0.0347605 0.00267027
3037 75 0.103115 0.0076926
961 25 0.0398387 0.0033866
1753 43 0.0608185 0.00471221
1161 39 0.0468271 0.00390722
3215 88 0.0991533 0.0177747
880 17 0.0296088 0.0160523
664 18 0.0279866 0.00187211
1867 39 0.066238 0.00517121
1259 22 0.048881 0.00383416
1428 35 0.0477851 0.00381467
809 20 0.0343962 0.00304287
2426 65 0.0862842 0.00709733
858 31 0.0361734 0.00305314
1680 38 0.0573038 0.00738003
2780 69 0.0917402 0.00717035
888 17 0.0371725 0.00322363
1356 36 0.0520383 0.00628184
1285 29 0.0468816 0.00414231
919 24 0.036677 0.00335636
2548 70 0.0850324 0.0073652
931 32 0.0355687 0.00810742
1813 47 0.0628674 0.00535308
2589 67 0.0850224 0.00668727
80 2 0.0132957 0.00142633
845 15 0.0333769 0.00260998
1576 32 0.055491 0.00451194
1323 35 0.0577385 0.00530391
1548 33 0.0571329 0.00673161
2913 83 0.095597 0.00783318
1111 41 0.0400749 0.00397822
1930 50 0.0691962 0.00509758
2736 70 0.0901378 0.00804604
93 5 0.0120608 0.00105135
858 14 0.0350964 0.00259177
1536 36 0.0590632 0.00427292
1264 32 0.046232 0.00311981
1290 26 0.0474663 0.00257368
918 25 0.0367606 0.00261764
2320 64 0.0680784 0.00829931
919 30 0.0359587 0.00290737
2435 55 0.0822305 0.0065557
1140 37 0.041779 0.0029901
4518 97 0.139826 0.0103532
793 25 0.03493 0.00917364
1465 25 0.0492095 0.00991499
1262 25 0.0237676 0.00162414
1303 26 0.0168534 0.00143059
1081 30 0.0147471 0.00134004
2171 61 0.0258682 0.00230032
1001 29 0.0146638 0.00135436
2113 55 0.0242245 0.00303759
1263 39 0.0170291 0.00156057
3833 93 0.0443809 0.00334698
784 24 0.0115843 0.0011486
1602 36 0.0218959 0.00157074
1121 23 0.0145975 0.00123078
1347 26 0.01776 0.00134524
965 23 0.0131041 0.0010926
1765 42 0.0222021 0.00169175
962 25 0.0135953 0.00115157
1901 43 0.0223021 0.00173042
1168 30 0.0377609 0.00765682
2840 75 0.0926866 0.00843412
84 4 0.0143344 0.00153249
827 18 0.0348541 0.00304082
1602 27 0.0643257 0.00461931
1176 24 0.0446235 0.00318683
1349 33 0.0498407 0.00561043
864 26 0.033567 0.0155091
2386 65 0.0807255 0.00804412
778 17 0.0358267 0.00289706
1945 51 0.0671347 0.00537805
1206 26 0.0477365 0.00380717
2081 59 0.0699714 0.00590669
115 9 0.0155636 0.00179939
834 16 0.032613 0.00255248
1302 28 0.0493458 0.00405486
1203 27 0.0458823 0.00388814
792 16 0.0312384 0.00271911
2651 79 0.0873487 0.00923162
304 13 0.0172426 0.00213354
1347 36 0.0498568 0.00433735
1176 29 0.0398844 0.00303317
883 20 0.0338177 0.00688578
1253 25 0.0427152 0.0050633
1289 25 0.0475209 0.0143998
911 24 0.0320055 0.0136453
2730 72 0.0824996 0.00579449
3974 82 0.133975 0.0111011
2416 64 0.0722282 0.00927613
915 20 0.0315959 0.00553773
1652 41 0.0534792 0.00459267
1272 35 0.0447006 0.00612771
3199 83 0.108164 0.0081815
1218 38 0.0459603 0.00420268
2218 41 0.0730172 0.00415369
2687 72 0.0854269 0.00709241
920 16 0.0358374 0.00289297
920 19 0.0375166 0.00308621
1336 20 0.0501301 0.00367476
1268 31 0.0487843 0.00594733
2480 75 0.0790618 0.00675255
3986 76 0.139975 0.00927709
2167 48 0.071276 0.00555474
799 19 0.0338948 0.00294649
998 20 0.0391062 0.00334705
1116 23 0.0437561 0.0128806
1299 24 0.0187477 0.00157286
776 15 0.0109939 0.000943847
1681 49 0.0195859 0.00299771
3290 79 0.0387698 0.00285982
986 25 0.0138021 0.0011504
1067 23 0.0139809 0.00114765
4684 118 0.0489908 0.00384815
662 15 0.00968209 0.000841909
1108 22 0.0151229 0.00138354
602 16 0.00868416 0.00250308
1290 29 0.0162742 0.00306453
803 18 0.0105627 0.000961787
1350 30 0.0162336 0.00140497
3394 91 0.0377756 0.00301046
1065 33 0.0139603 0.00127202
4785 116 0.0504374 0.00386648
815 25 0.0104517 0.00100913
1214 29 0.0162461 0.00134354
1279 30 0.0159834 0.00140644
1225 23 0.0155668 0.00222358
1071 24 0.0133148 0.00112808
1734 54 0.0216747 0.00315404
4139 103 0.0475077 0.00366223
1204 33 0.0164285 0.00146591
3553 78 0.0370349 0.00287616
796 23 0.0114562 0.00102952
1185 26 0.015515 0.00145813
1398 35 0.0181671 0.00152102
1266 30 0.0161276 0.00137891
922 20 0.0124687 0.00116546
1316 36 0.0187209 0.00162087
3044 73 0.0352164 0.00268997
1148 38 0.0149426 0.00142941
2611 52 0.0290486 0.00222295
812 17 0.0112661 0.00101138
1230 27 0.0161196 0.00141138
590 15 0.00865885 0.00082396
1237 23 0.0163227 0.00130409
3569 109 0.0418358 0.00342594
1575 42 0.0183391 0.00153062
948 34 0.0132386 0.00128028
3295 68 0.0339782 0.00310801
753 23 0.0103037 0.000954412
1167 19 0.0160549 0.00117837
495 16 0.0081489 0.00162531
1319 27 0.01666 0.00130561
632 8 0.0103589 0.000791477
3809 91 0.0468919 0.00363453
2501 65 0.0285529 0.00238483
950 27 0.0136627 0.00122036
657 19 0.0100819 0.000910264
4901 114 0.0515715 0.00411793
946 19 0.0125745 0.00222131
1098 26 0.0146583 0.00129329
1321 28 0.0167677 0.00139802
479 7 0.00803289 0.000765155
3708 105 0.0407231 0.00361691
974 22 0.0132917 0.00115103
3379 72 0.0387113 0.00307956
978 27 0.0126503 0.00123866
3991 93 0.0423164 0.0034136
785 20 0.0101877 0.0014897
1127 27 0.0146455 0.00133936
483 11 0.00792766 0.0010699
1301 27 0.0166673 0.00147878
4171 103 0.0461226 0.00391532
1071 24 0.014719 0.00133599
3966 87 0.0452585 0.00338158
934 24 0.0126669 0.0012544
4022 88 0.0422833 0.00325119
838 22 0.0110297 0.00113856
1006 18 0.0134567 0.00121797
1293 23 0.0163544 0.0013969
5463 128 0.0627717 0.00503044
985 20 0.0133473 0.00122733
3844 79 0.0433505 0.00316767
1061 38 0.0135002 0.0014449
2383 57 0.0256279 0.00258544
820 20 0.0107536 0.00109915
1074 23 0.0138545 0.00221383
294 9 0.00584503 0.00369409
1271 28 0.0156898 0.00142796
3743 74 0.0436477 0.00568674
3880 101 0.044033 0.0114767
944 34 0.0343389 0.00677474
4593 105 0.141265 0.0110953
669 15 0.0234376 0.00181014
1125 19 0.03754 0.0030882
3166 72 0.106472 0.00865972
2119 49 0.0734998 0.00547797
2784 67 0.0853054 0.0089444
3523 62 0.117768 0.00825858
791 13 0.0330829 0.00276704
1164 29 0.042135 0.0062987
642 13 0.0232515 0.00284814
2963 93 0.100817 0.0085388
950 29 0.0363742 0.00231985
2056 54 0.0686458 0.0057987
2421 57 0.0739488 0.00409518
862 21 0.0289218 0.00218499
1281 28 0.0461925 0.00401947
789 19 0.0299779 0.00301225
3388 78 0.113258 0.0087901
1002 28 0.0347811 0.00361423
2010 51 0.0683176 0.00581987
2339 65 0.0755473 0.00642437
810 19 0.0340776 0.00333469
1458 27 0.0563695 0.00437559
1302 25 0.0514995 0.00576104
1230 25 0.0449058 0.00262379
695 13 0.0251041 0.00361519
4209 102 0.142599 0.0125574
1154 29 0.0378058 0.00589856
2206 59 0.0728515 0.00419069
2495 63 0.0810334 0.00600271
659 16 0.0296349 0.0033016
1316 29 0.0496226 0.00425402
3105 72 0.112173 0.00798706
1378 31 0.052453 0.00439414
1024 25 0.0428428 0.00351938
665 20 0.0297508 0.00330614
2584 66 0.0804044 0.00710262
952 33 0.0357927 0.00316279
4743 110 0.163396 0.011539
951 32 0.036529 0.00219435
3860 94 0.121858 0.00915598
574 13 0.02582 0.0025914
1267 29 0.048505 0.00425537
3026 66 0.109912 0.00793219
1248 31 0.0480956 0.00522963
1007 16 0.0334018 0.0075827
667 19 0.0126176 0.00579001
2966 80 0.0518848 0.00526218
4492 94 0.0917908 0.00721162
3225 80 0.0445807 0.00333943
2971 73 0.0462985 0.0040277
1340 24 0.0293414 0.0021938
2621 69 0.0692033 0.00793038
1186 21 0.0427795 0.00245016
1286 25 0.0493769 0.00274549
689 21 0.0270413 0.0029626
640 11 0.028008 0.00253377
1719 49 0.0480622 0.00542513
1232 33 0.0483408 0.0040761
1825 46 0.0305842 0.00207101
759 29 0.0137885 0.00209334
3579 81 0.0507179 0.00419509
3515 57 0.0519525 0.00340609
1678 42 0.0303634 0.00253445
1096 20 0.0238455 0.00192852
1134 26 0.0240155 0.00276559
1172 23 0.0276534 0.00244693
849 21 0.0251148 0.00305192
4238 87 0.127817 0.0042343
745 18 0.0137838 0.00154381
5150 105 0.0661101 0.00442656
1035 26 0.0145344 0.00133183
4075 89 0.043641 0.00343897
2663 63 0.0347928 0.00253899
1444 29 0.0202442 0.00161028
1183 25 0.0171745 0.00128106
1365 35 0.0190989 0.00221181
734 23 0.0112122 0.00123601
1212 24 0.0176786 0.00141475
3374 67 0.0399078 0.00286242
981 33 0.0139054 0.0013089
2909 82 0.0362043 0.00306026
1070 25 0.0147866 0.00131268
920 32 0.0133246 0.00131545
3912 107 0.042073 0.00344553
2625 59 0.0335894 0.00244752
1131 18 0.0158241 0.0012752
1317 30 0.0189732 0.00321387
1187 21 0.0171586 0.00132769
643 14 0.0104909 0.000975619
1322 33 0.0185675 0.00152228
3551 77 0.0439579 0.00404257
954 22 0.0131344 0.00118722
966 33 0.0132002 0.00124587
2927 83 0.0870351 0.0125452
881 28 0.018573 0.00116056
4650 87 0.0508752 0.00351096
2600 65 0.0333237 0.00260626
1267 29 0.0177406 0.00150902
1206 23 0.0180944 0.00140065
651 20 0.0100917 0.00104177
1265 30 0.0179667 0.00148527
3721 87 0.0447797 0.00337737
828 21 0.011869 0.00112089
982 38 0.0133843 0.0014399
3078 94 0.0367352 0.00320286
838 27 0.0121262 0.00106672
624 7 0.00974524 0.000747438
2652 61 0.0338906 0.0023288
1091 22 0.0154358 0.0011795
1338 23 0.0187899 0.00135499
1144 27 0.016213 0.0012521
691 13 0.0109686 0.000871723
1276 30 0.0440841 0.0062821
724 21 0.0326383 0.00261318
3831 93 0.126072 0.00921562
5813 143 0.196706 0.0190831
2984 54 0.110304 0.00807873
742 19 0.0386501 0.00441647
2791 64 0.0859701 0.0074818
1847 46 0.0635253 0.00488407
1336 23 0.0524258 0.0037047
1132 27 0.043878 0.00278113
502 13 0.0242305 0.00215416
644 18 0.0257536 0.00248862
1259 35 0.049425 0.0036021
1673 44 0.0583611 0.00504826
1645 46 0.0562703 0.00708556
3066 98 0.106406 0.0087511
2435 50 0.0810201 0.00686999
434 12 0.0185983 0.00460948
1251 31 0.0414883 0.00270749
1662 29 0.0609134 0.00419034
572 12 0.0243009 0.00210124
4326 97 0.122029 0.00438077
5383 130 0.0903076 0.00523035
1098 39 0.0168756 0.00164127
4196 86 0.0572242 0.00484869
1279 24 0.0248518 0.00249114
1679 28 0.03015 0.00158985
1317 29 0.0173679 0.00142255
452 14 0.00729413 0.00100423
581 12 0.00896909 0.000842285
3276 100 0.0374181 0.00319035
2391 70 0.0266239 0.002421
923 29 0.0292122 0.00658579
4460 100 0.132497 0.0102785
5155 165 0.148271 0.0130966
1946 35 0.0725461 0.00378256
458 14 0.0179488 0.0015031
1135 25 0.0398275 0.00369468
609 17 0.0255855 0.00270874
4621 105 0.115356 0.00521583
5276 110 0.0873187 0.00692087
998 27 0.021694 0.00305726
3328 69 0.0930137 0.0085609
1907 35 0.0667771 0.0035613
478 15 0.0198861 0.00314859
1138 21 0.0399995 0.00924824
573 15 0.0198025 0.00259073
3403 78 0.115457 0.00841634
3754 94 0.0829427 0.00413893
899 40 0.0152324 0.00173668
4089 97 0.0618064 0.00536505
1915 35 0.0406525 0.00320578
1166 23 0.0335177 0.00372695
477 10 0.0226303 0.00166019
765 17 0.0291729 0.010167
2460 67 0.0775407 0.00740853
4529 100 0.146777 0.0110951
2740 83 0.0887895 0.00771103
1948 42 0.0724715 0.00575358
1011 25 0.0378812 0.00344846
259 3 0.0147475 0.00612918
651 19 0.0266828 0.0027498
2892 70 0.0980752 0.0111122
5318 118 0.176039 0.0140214
2558 65 0.0807206 0.00665948
1164 24 0.0441174 0.00719173
283 5 0.013393 0.00178901
1214 27 0.0500415 0.00365344
1328 26 0.0518284 0.00543441
1495 26 0.0341282 0.00187745
549 14 0.0119395 0.000993726
1442 41 0.0263868 0.00230587
2240 51 0.0424374 0.00295203
710 19 0.0193143 0.00158044
4944 106 0.152842 0.00473644
2729 69 0.0377671 0.00345173
1246 31 0.021258 0.00190596
1180 28 0.0210852 0.00200015
439 11 0.0113157 0.00116071
681 20 0.0138955 0.00123672
1458 40 0.0214837 0.001972
2663 69 0.0397119 0.00323108
3061 87 0.0505891 0.00458915
2606 72 0.0450797 0.00414888
455 11 0.0142533 0.00299244
1292 31 0.0482799 0.00892055
1185 22 0.0376949 0.00636569
2357 54 0.0801729 0.00681046
734 22 0.024268 0.00214525
1434 44 0.0522302 0.00604907
2380 51 0.0568177 0.0023641
4710 98 0.0716212 0.0055025
2541 58 0.0436621 0.00344384
6664 174 0.184482 0.0182369
2037 41 0.0507847 0.00876369
3112 77 0.0561492 0.00788199
1341 40 0.025602 0.00681888
5657 120 0.104442 0.0116751
1473 24 0.0264928 0.0029167
545 7 0.00933833 0.00106338
6748 179 0.0843223 0.00677832
2024 40 0.025911 0.00187332
1195 33 0.0141813 0.00137623
2433 76 0.0262575 0.0104444
4542 110 0.163079 0.0122867
1541 35 0.0453401 0.00314573
574 11 0.0236882 0.00257215
6982 183 0.20749 0.0173978
2063 42 0.0696212 0.0220428
905 24 0.0283455 0.0188341
2215 59 0.0585086 0.0165508
4372 96 0.0871705 0.00546158
1436 27 0.0441672 0.00434341
562 7 0.0251081 0.00238329
