2303 130 0.000611049 0.0136328
1563 93 0.000704147 0.00333178
2633 126 0.000962557 0.0109624
9165 816 0.00120167 0.0235079
2428 145 0.000638544 0.0099585
3896 296 0.00124545 0.00877497
1769 114 0.0011236 0.00413486
9301 563 0.00199151 0.0229182
2055 112 0.000527017 0.00553941
1510 81 0.000654388 0.0116568
2595 124 0.00069103 0.00510854
7522 496 0.00127531 0.0195974
2235 141 0.000823314 0.00474049
4319 341 0.00122981 0.00942478
1691 115 0.00104247 0.0112068
8188 494 0.00158468 0.0156758
2329 120 0.000442765 0.0106998
1651 82 0.000585473 0.00425374
2758 122 0.000881275 0.00590906
7509 381 0.00158387 0.0196431
5575 393 0.00123532 0.0112434
2888 175 0.001052 0.00858844
6641 383 0.00128984 0.0117365
2792 140 0.000450659 0.00557204
2588 143 0.000537531 0.0105904
2529 122 0.000515537 0.00496513
7305 383 0.00121045 0.0196141
10126 555 0.00146471 0.028537
9631 559 0.00146162 0.0247316
6001 684 0.00116634 0.0171156
3136 236 0.00122676 0.0156387
2137 141 0.000490329 0.00545354
3640 215 0.000808709 0.00940794
2592 133 0.000822438 0.00920045
3126 138 0.00107915 0.00730646
7064 361 0.00159315 0.0212349
6649 342 0.00113367 0.0149023
1777 116 0.00105504 0.0111938
9172 534 0.001276 0.0229703
2595 153 0.000598111 0.00698908
2501 128 0.000736947 0.00650584
2526 120 0.000886825 0.0132069
5366 513 0.001334 0.0169381
10459 775 0.00186805 0.0245554
2034 133 0.000667596 0.0102413
7314 404 0.001244 0.0164457
1401 104 0.00120569 0.010729
2290 135 0.000795272 0.00594846
1784 78 0.000648938 0.00393243
2729 128 0.000904682 0.0060256
2937 147 0.00110667 0.0186738
10349 773 0.00203506 0.0298118
1438 98 0.000652898 0.00336774
1746 89 0.00114099 0.0095323
1653 134 0.000409272 0.00394076
2675 136 0.000602408 0.00549942
2834 130 0.000719152 0.00658742
4346 219 0.000943216 0.0132044
6216 470 0.00128377 0.0153348
1818 107 0.000925132 0.00788962
1452 105 0.000697211 0.00868262
2354 128 0.000697449 0.00687839
2698 121 0.000893118 0.00987611
4312 216 0.000989164 0.00869789
9670 777 0.00143882 0.0259626
2242 127 0.000665801 0.00530917
7827 431 0.00145268 0.0183006
4687 311 0.000597627 0.0107484
2588 132 0.000606446 0.0128575
2654 116 0.00132481 0.00637421
1492 80 0.000895601 0.003933
4530 382 0.00136189 0.0153764
5283 398 0.00113874 0.0105795
260 22 0.000879078 0.000931308
1153 113 0.000326286 0.00931419
2435 134 0.000637081 0.0053773
2130 124 0.000717607 0.00513009
867 78 0.000682888 0.00262293
2654 134 0.000981416 0.0115895
1680 84 0.00215479 0.00363599
5631 394 0.00168169 0.014342
6422 508 0.00167736 0.0177915
1775 135 0.00154062 0.00500861
244 17 0.00150693 0.00690494
3905 199 0.00127453 0.00742268
1256 102 0.000329006 0.00299466
2358 131 0.000525501 0.00543629
2536 125 0.0006788 0.00922969
1923 109 0.000750979 0.00455937
6121 350 0.00127736 0.0148835
2603 120 0.0010495 0.00664346
282 24 0.0010373 0.00129254
2069 103 0.0012405 0.00412437
1334 111 0.000417811 0.0059408
2454 129 0.000706539 0.0129402
2674 121 0.000920288 0.00642716
1915 115 0.000919585 0.00550703
6193 381 0.0016136 0.018237
2578 134 0.000905993 0.00472458
246 20 0.00235963 0.00102184
2065 124 0.00117591 0.00980792
1254 101 0.000422538 0.00312447
2389 138 0.000581281 0.0055217
2631 122 0.000726382 0.00549846
1675 91 0.000773501 0.00370518
5826 347 0.00126883 0.0153494
2991 146 0.00106992 0.0076434
255 19 0.00106758 0.00129042
2777 162 0.00153006 0.0128297
1322 119 0.000432289 0.00444394
907 84 0.000525516 0.00300796
2505 132 0.00085848 0.0115035
2150 118 0.000819651 0.00448091
2677 140 0.000917546 0.00480745
1440 75 0.000862352 0.00272624
3505 192 0.0014532 0.0132277
5120 437 0.001184 0.0138464
5431 288 0.0014684 0.015087
6741 436 0.00163062 0.0166927
8424 536 0.00198787 0.0205173
1035 72 0.000413506 0.00385007
2255 118 0.00067437 0.0119513
2073 119 0.000632797 0.00450772
4365 224 0.000921263 0.00956483
1838 118 0.00079951 0.00979586
1316 69 0.00093361 0.00397953
2562 119 0.00113534 0.00459761
5736 499 0.00149132 0.0194506
2160 108 0.0012406 0.00437264
264 27 0.00131052 0.00120517
2248 129 0.00168337 0.00576094
1259 110 0.000362837 0.0076683
2252 110 0.000691749 0.0056884
1991 99 0.000772691 0.00457234
2556 126 0.000938665 0.00602025
1809 104 0.00113286 0.0106467
6349 503 0.00122852 0.0151445
3111 153 0.00234242 0.0145462
2452 128 0.000960063 0.00489436
233 20 0.00114298 0.00104694
7306 406 0.00171894 0.0203742
1422 110 0.000596003 0.00453748
4603 267 0.00112507 0.0176325
2720 129 0.00113907 0.0061513
2110 118 0.000920267 0.00522425
1949 102 0.00105279 0.0125911
9550 662 0.00123098 0.0248461
1650 115 0.000716456 0.00391958
9406 822 0.00187019 0.0449696
7046 456 0.00273545 0.0170779
1261 103 0.00167664 0.0138586
6099 353 0.00115853 0.0132701
2740 123 0.000724672 0.013965
2159 117 0.00054735 0.00560759
1995 109 0.000893699 0.00409597
8679 600 0.00165321 0.0260676
5836 550 0.00127829 0.0211328
1263 90 0.00129696 0.00408694
5419 364 0.00183856 0.0167891
1422 101 0.000319736 0.00293247
5054 300 0.00176954 0.0133107
3007 151 0.000737786 0.0107286
2150 109 0.000769388 0.00428601
1897 95 0.00085363 0.00367319
3755 206 0.00114838 0.00753432
4346 203 0.00174285 0.0133181
5631 360 0.00326702 0.0194883
1310 106 0.00077614 0.00396222
4762 283 0.00120619 0.0127776
2811 134 0.00143701 0.00972432
2123 112 0.00104262 0.00385762
1840 101 0.00271306 0.00355111
4805 226 0.00115252 0.0111497
8717 535 0.0014324 0.0185384
5532 374 0.0014342 0.0145637
1233 107 0.000367404 0.00365504
5140 306 0.000836403 0.0122596
2779 129 0.00107379 0.00683983
2130 113 0.00116831 0.00941401
1779 91 0.00122368 0.00424575
4463 187 0.00142483 0.0124747
6574 409 0.00144603 0.0204479
5715 387 0.00162089 0.0138231
1260 106 0.000368281 0.00324242
5661 327 0.000882141 0.0151549
2646 127 0.000733725 0.00508698
1634 97 0.000948464 0.00529939
4534 191 0.00123014 0.0103104
10474 772 0.00209655 0.0317882
4621 326 0.00109495 0.0119311
1219 104 0.000346828 0.00302094
5571 327 0.000834682 0.0151205
2707 125 0.000722887 0.00484449
1638 88 0.000704998 0.00337056
2116 115 0.000850426 0.00411218
5286 232 0.00129686 0.0144688
4175 421 0.00139161 0.0117044
2923 176 0.00133543 0.0128697
1293 106 0.000398181 0.00542745
5261 327 0.000977093 0.0167003
2898 155 0.000516083 0.00566416
1490 94 0.000727701 0.00389512
2136 117 0.000889092 0.00984558
4982 240 0.00112395 0.0103904
7689 507 0.00143638 0.0230735
2456 163 0.000868644 0.0150624
1432 119 0.000438711 0.0142169
5735 333 0.000992127 0.0165223
2752 117 0.000937783 0.010109
2299 122 0.000978867 0.00506728
2329 149 0.000888216 0.00500508
7740 645 0.00146853 0.0197683
2175 143 0.000890994 0.00521718
4774 389 0.00178231 0.0131441
1497 144 0.000437714 0.00732272
5745 353 0.000988277 0.0219832
2866 135 0.00114253 0.00671674
1600 93 0.000902967 0.00485028
2120 118 0.00112058 0.00898222
3650 267 0.0010817 0.0103209
4881 336 0.00129446 0.0104192
3056 198 0.00125525 0.00817233
2912 154 0.000472905 0.00576733
1295 100 0.000486697 0.00312538
6621 340 0.00110941 0.0169271
2848 143 0.000903953 0.00848394
1852 100 0.00102584 0.00432427
1780 94 0.00118477 0.00685584
8177 600 0.00221819 0.0233909
1537 108 0.00122539 0.0116038
3326 283 0.00131146 0.00691245
1689 103 0.00135955 0.00363517
6894 413 0.00175959 0.0157004
1501 141 0.000366508 0.00405885
1936 120 0.000539854 0.00498089
5731 302 0.00107804 0.0159573
2711 125 0.000881716 0.00566296
1645 89 0.000898547 0.00521105
5588 497 0.00166954 0.0201043
1626 118 0.00120904 0.00457303
9688 685 0.00249905 0.0250386
2244 123 0.00107914 0.00678954
7251 428 0.00176996 0.014496
1441 120 0.000360616 0.00330882
1982 134 0.000504961 0.00445607
6398 338 0.0010048 0.0208626
2780 141 0.000721716 0.00762545
1701 90 0.000970103 0.00730775
5843 254 0.00168236 0.0140394
7051 447 0.00172694 0.0165214
2261 129 0.00106525 0.0063134
8106 473 0.00163264 0.0192734
1439 127 0.000369569 0.0035981
1791 119 0.000509244 0.00457208
5989 322 0.00105119 0.0173013
4371 196 0.001238 0.0106333
766 68 0.00236662 0.0118295
5783 279 0.00227194 0.0184475
7964 586 0.00123591 0.0211202
2308 127 0.0015494 0.00467254
6241 382 0.00155469 0.0161127
1377 122 0.000412721 0.00692514
1535 91 0.000513512 0.00519073
5470 275 0.00129375 0.0135193
2884 156 0.000980015 0.0125567
1726 85 0.00223666 0.00618329
6707 363 0.00173269 0.0157167
8275 604 0.00130674 0.0166023
2274 130 0.000974094 0.00443895
7108 392 0.001744 0.0166634
1272 116 0.000400642 0.00569577
1257 75 0.00052257 0.00445715
5933 289 0.00113476 0.0127667
2801 143 0.000894155 0.00693101
1731 89 0.00102601 0.00909079
6753 309 0.001061 0.013416
5526 415 0.00152653 0.0182346
2290 132 0.00122933 0.00774009
4248 328 0.00144534 0.0102223
1238 110 0.000344338 0.00728128
1880 121 0.00066548 0.00670128
6343 336 0.00109803 0.0171382
2720 126 0.00107883 0.00736112
6871 317 0.00121449 0.0196747
9037 576 0.00129554 0.0242577
2194 139 0.000901445 0.0054745
8647 527 0.00183191 0.0220597
1188 103 0.000434794 0.00374468
2318 159 0.000691491 0.00631471
6332 354 0.00133405 0.0171493
2689 123 0.000850677 0.00640612
6200 303 0.00125468 0.0160617
9093 597 0.00145961 0.0238758
2192 132 0.00138953 0.00581407
10095 650 0.00215457 0.0265639
1349 108 0.000416443 0.00812939
703 64 0.00050799 0.012387
2175 99 0.000627428 0.00413127
2385 140 0.000773881 0.00750033
2731 126 0.00141196 0.0053391
2118 113 0.00094966 0.00582681
8650 508 0.00148252 0.0188235
1713 140 0.00110709 0.00725442
1576 107 0.00137991 0.00443864
3590 171 0.00170863 0.0102402
2472 126 0.001247 0.00756707
4594 355 0.00267187 0.0134015
1404 107 0.000472256 0.00568332
1826 89 0.000661502 0.0136382
720 52 0.000773938 0.00673466
1905 107 0.000759702 0.00435943
2723 133 0.000970458 0.00712207
6083 458 0.00143761 0.0170932
1621 113 0.00106301 0.00567435
3865 182 0.00143894 0.00775516
1800 116 0.00141289 0.0080681
10236 663 0.00223411 0.0285053
1534 123 0.000321805 0.00610578
2130 98 0.000663955 0.00627896
2084 138 0.000893783 0.00836077
962 80 0.000873098 0.00494221
2725 133 0.000989202 0.00810246
6288 665 0.0015804 0.0224267
1332 95 0.000807653 0.0120101
3977 183 0.00160826 0.0143593
2295 125 0.00106683 0.0158004
8125 460 0.00128942 0.0183361
1393 120 0.00053496 0.00455064
868 72 0.000426467 0.00532375
2171 104 0.000656826 0.00635759
2150 108 0.000869252 0.00627165
2674 122 0.00117989 0.00660133
1751 96 0.00106354 0.00545467
6004 371 0.00108774 0.0168714
1578 115 0.00138933 0.00542768
3786 189 0.00186449 0.0115234
2308 133 0.0013834 0.00545721
6793 406 0.00178791 0.0167304
1424 115 0.000355609 0.0119153
1428 67 0.000505253 0.00338418
3939 189 0.000880116 0.012696
2697 126 0.000937201 0.0158308
2900 157 0.00114442 0.00723409
1676 92 0.00115837 0.00501562
4933 238 0.00165287 0.0156465
1411 100 0.00131874 0.00405209
3548 178 0.00144241 0.00887029
5596 300 0.00170931 0.0112478
1507 114 0.000384914 0.0041651
2445 153 0.000594146 0.010072
2694 139 0.000786846 0.00636403
1915 109 0.000901352 0.00558322
5191 262 0.00139251 0.0154852
1600 121 0.00119209 0.0066605
3887 185 0.00149765 0.0146623
5357 364 0.00219164 0.0133424
134 14 0.00108481 0.00070725
1377 113 0.000363047 0.00385247
2800 182 0.000634274 0.00909491
2692 158 0.000681755 0.00567995
3165 184 0.000908839 0.00716472
5880 376 0.00130894 0.0182273
1860 131 0.00116954 0.0101367
4150 215 0.00138322 0.0123246
5744 410 0.00235486 0.0192759
165 15 0.00141607 0.0065733
1423 121 0.000620606 0.00371248
2750 167 0.000616886 0.00720922
2316 154 0.000710762 0.00575887
2766 131 0.000842951 0.0059965
1881 108 0.00106896 0.00455731
4697 233 0.00132713 0.00993313
1578 103 0.00113393 0.00464607
4988 393 0.0015512 0.0150894
2393 129 0.00162481 0.0178092
9397 571 0.00180291 0.0210753
1299 106 0.000494635 0.00506994
2872 159 0.000760868 0.00978256
2256 151 0.00084772 0.00609029
2634 126 0.000981549 0.00689997
2210 120 0.00110089 0.00496126
4417 231 0.00125094 0.00904433
1720 109 0.00115164 0.00433302
4386 326 0.00150697 0.0120746
2646 133 0.00148514 0.00687953
8082 493 0.00216586 0.0224832
1255 110 0.0004538 0.00398655
2883 185 0.000779091 0.0129414
1998 119 0.000493088 0.00649197
2822 151 0.00082669 0.00881787
1995 114 0.000876171 0.00435841
3638 202 0.00112586 0.00949733
1643 111 0.00109141 0.00401503
3935 282 0.00133998 0.00938602
2380 134 0.00134562 0.0116892
5860 481 0.00203649 0.0229541
142 15 0.00147999 0.00244025
1361 115 0.000653173 0.00418793
3206 174 0.00075634 0.00751221
2104 120 0.000781521 0.0057255
2793 130 0.00132048 0.00822944
1809 103 0.000994923 0.00809053
4935 239 0.00123775 0.0113061
1326 89 0.00103708 0.00499499
3957 283 0.00137334 0.00979986
2458 128 0.00135198 0.0062054
4343 246 0.00163057 0.0103744
194 22 0.00101306 0.000949455
1372 103 0.000318804 0.00592649
2426 147 0.000450501 0.00584148
2559 117 0.000709506 0.0129754
1645 96 0.0010635 0.00436715
5152 328 0.00145617 0.0183928
428 61 0.000817058 0.00180379
2769 206 0.00109553 0.0063866
2493 140 0.00119884 0.00451821
1434 121 0.00037665 0.00625051
2367 149 0.000594311 0.00803705
2783 129 0.000608064 0.00490096
1876 107 0.000743464 0.00413462
5235 426 0.00124876 0.0177334
8067 568 0.00151263 0.0216356
4999 315 0.00130336 0.0114861
1511 124 0.000413619 0.00443296
3091 190 0.000799835 0.0167974
2566 159 0.00250962 0.0126221
5782 731 0.00082468 0.0177337
1968 186 0.000764121 0.0118011
4536 373 0.00130135 0.0183875
5643 391 0.00116045 0.0175304
1496 119 0.000449546 0.0109204
1907 101 0.000667392 0.00580347
2544 137 0.00089192 0.0129005
2742 128 0.000832019 0.0121349
4947 321 0.00106665 0.0126266
8056 587 0.00190681 0.0187579
4481 259 0.00101799 0.0143015
1276 110 0.00040793 0.00883055
2009 113 0.000583884 0.0141332
2001 114 0.000853854 0.00508867
2672 128 0.000795982 0.00578414
1594 87 0.000788802 0.00496991
3373 204 0.00106688 0.00928691
6538 474 0.00135143 0.0181537
1723 113 0.000770231 0.00603364
2139 131 0.00129161 0.00579146
9886 574 0.0023455 0.0230435
1124 103 0.000327163 0.0100766
2216 119 0.000670345 0.0140281
1205 69 0.000427528 0.00348946
2671 128 0.000804254 0.00947281
1662 94 0.000802361 0.00911441
2628 183 0.000817861 0.0140918
6935 448 0.00124013 0.0187096
2096 110 0.000949293 0.0044475
9876 602 0.00191158 0.0254273
1324 112 0.000349671 0.00305581
2444 114 0.000546228 0.0056498
2310 147 0.00069708 0.00538381
2550 111 0.000976997 0.00595248
2184 115 0.000906687 0.00555102
3730 165 0.00113399 0.00751135
8609 523 0.00175016 0.0276597
2532 127 0.00106711 0.00605921
7414 426 0.00214449 0.0166661
1324 113 0.000366827 0.00319298
2376 116 0.000580032 0.00692397
2526 163 0.000726518 0.0103137
2660 140 0.000832555 0.00802945
1870 103 0.00109504 0.00485154
2971 114 0.0011693 0.00828769
6054 427 0.00162448 0.0213293
2392 133 0.000969484 0.0108512
5505 355 0.00235287 0.0140064
1325 115 0.000361436 0.00556801
2257 114 0.000559473 0.00592261
1144 70 0.000597784 0.00306236
2654 133 0.00079488 0.00809843
7021 462 0.00125207 0.0199516
3189 247 0.000753674 0.00952998
1886 108 0.00112629 0.0069197
7030 374 0.0017482 0.0127678
1261 112 0.000371966 0.00466504
2266 127 0.000868021 0.00926234
1003 69 0.000514062 0.00249965
2843 141 0.000770375 0.0078128
1229 73 0.00171588 0.00545945
7457 665 0.00141502 0.0206328
4723 458 0.00101928 0.0142085
1538 116 0.00127584 0.00409104
1256 89 0.00131034 0.00902053
10108 586 0.0023123 0.0239081
1537 141 0.000426853 0.00524357
2054 137 0.000622117 0.0116502
2789 134 0.000489674 0.00669547
953 70 0.000609124 0.00895208
7611 485 0.00136913 0.0201881
1904 132 0.000736713 0.00696314
6717 465 0.00156562 0.0172577
1939 120 0.00109754 0.0102024
8225 515 0.00175548 0.0204299
1290 118 0.000416718 0.00548158
2006 134 0.000627089 0.00625074
929 64 0.000698288 0.00547313
2725 134 0.000808864 0.00513883
8367 508 0.00131926 0.0209953
1977 132 0.00109586 0.00502857
8019 486 0.00164127 0.0159388
1921 105 0.00128373 0.00717766
8261 503 0.00194226 0.0180286
1410 125 0.000405433 0.0068733
1832 108 0.000650361 0.0147675
2733 132 0.00081159 0.0111259
10571 893 0.00115634 0.0239648
1848 128 0.000833335 0.00495796
7810 501 0.00152477 0.0171246
2126 123 0.000974695 0.00464681
5028 323 0.00152888 0.0156803
1387 120 0.000371534 0.00480754
2005 127 0.000565587 0.00782678
591 40 0.000564199 0.00218726
2699 121 0.000999211 0.00556249
6793 822 0.00129082 0.0227006
7748 582 0.00109479 0.0170662
1912 112 0.00106398 0.00773073
9591 576 0.00175069 0.021269
1119 90 0.000320024 0.00807351
2440 119 0.000692389 0.0107749
6065 403 0.00109828 0.0165364
4508 232 0.000838212 0.00971469
5747 501 0.00145311 0.0168102
7521 376 0.000965741 0.0176022
1356 106 0.000667433 0.00612101
2411 120 0.00073937 0.00704823
1382 80 0.00081727 0.00391015
5876 342 0.00151186 0.0193427
1543 110 0.000899935 0.00346324
4332 224 0.00124149 0.0137638
5018 362 0.00133165 0.0124029
1385 106 0.000377471 0.00362567
2623 134 0.000630474 0.00591986
1659 74 0.0006492 0.00348513
6707 435 0.00124738 0.0213928
1663 108 0.000695747 0.0114056
4290 224 0.00150685 0.0225388
4890 386 0.00122653 0.0209331
1373 101 0.00040647 0.00662349
2934 141 0.000610752 0.00715094
2426 136 0.000716624 0.00811484
2543 119 0.000909741 0.00534166
1478 82 0.000855857 0.00325939
8637 518 0.00173539 0.0249849
1899 155 0.00142457 0.00739577
4303 338 0.00178322 0.0143781
5151 383 0.00142862 0.00983833
1052 108 0.000302736 0.00257067
2641 160 0.00054242 0.00795669
6026 348 0.00105357 0.0185268
2911 142 0.00056905 0.00844741
1947 109 0.0010923 0.00494902
1418 75 0.00120439 0.00310954
4931 365 0.00155469 0.0119597
1519 147 0.00124856 0.00474084
9311 597 0.0021445 0.0239663
2015 104 0.00142228 0.00480583
7987 484 0.00192877 0.0141132
938 81 0.000318344 0.00221633
2505 147 0.000519556 0.00674502
5938 349 0.00106921 0.0171854
2732 126 0.000922516 0.00557715
1951 120 0.00100376 0.00938592
1385 75 0.00140755 0.00365055
6003 273 0.00170118 0.0160584
8938 673 0.00156967 0.0299622
6852 352 0.00133621 0.0125665
6120 354 0.00182839 0.0142644
2708 154 0.000477053 0.0105275
4689 311 0.00120526 0.0154188
2572 120 0.00086829 0.0061565
2330 126 0.00124148 0.00592122
1465 70 0.00103422 0.00356904
1301 124 0.00120658 0.00521733
3397 249 0.00122073 0.00925804
1999 169 0.00120244 0.00522408
3743 252 0.00136356 0.0121188
1512 108 0.00151377 0.00364153
7513 408 0.00176812 0.0142357
7407 357 0.00100568 0.0177347
3050 214 0.000791929 0.0107577
2191 125 0.00103034 0.00813049
2368 107 0.000955859 0.0063313
2158 125 0.00106275 0.00580155
1800 93 0.00118979 0.00764106
8660 497 0.00155211 0.0198595
1507 77 0.000979113 0.0080408
10696 634 0.00190228 0.0200812
2059 126 0.00115053 0.00713102
8649 520 0.00203493 0.0215874
4772 319 0.000839734 0.0126895
2888 163 0.000725964 0.0103482
2215 130 0.000837157 0.00769643
2822 154 0.000840007 0.0070424
1562 80 0.000812114 0.00443533
2490 136 0.00101321 0.00549216
6777 416 0.00160205 0.0166953
1618 163 0.00107652 0.00372891
5913 267 0.00153139 0.0149295
2311 119 0.00141432 0.00865246
1841 124 0.00160857 0.00449193
8089 469 0.00241994 0.0203314
4926 335 0.000890523 0.0181681
2272 116 0.000526309 0.00655393
2458 140 0.000707348 0.00524091
2484 120 0.000828511 0.00649562
1392 77 0.000844741 0.00611469
2700 147 0.00110084 0.00557414
7135 429 0.00157531 0.0179495
2060 97 0.00136314 0.00391685
1517 113 0.00135967 0.0041757
5660 527 0.00192577 0.0199965
1767 117 0.00138225 0.00450539
9550 603 0.00255845 0.0229822
4743 309 0.000721883 0.0110133
2554 136 0.000615458 0.00614459
2321 134 0.000676717 0.00812496
1321 77 0.00073707 0.00333155
2586 143 0.000968356 0.00585257
7373 449 0.00149062 0.0234947
1781 85 0.00136478 0.00651639
1535 111 0.000917268 0.00544825
5898 341 0.00167133 0.015173
1703 111 0.00163004 0.00898093
1300 68 0.00134191 0.00276652
4839 327 0.000704633 0.0124972
2221 114 0.000593626 0.00868173
2496 153 0.000750262 0.00924129
2449 112 0.000715959 0.00481777
1439 77 0.000877063 0.00471152
2615 143 0.00113131 0.00831518
1612 78 0.00115822 0.00332438
8272 435 0.00176689 0.0224968
11720 798 0.00211711 0.0317121
6170 305 0.00123541 0.0127826
1540 102 0.00150328 0.00358929
5815 453 0.00202587 0.0125
3931 206 0.00122836 0.00842856
2564 144 0.000542276 0.015394
2365 114 0.000631099 0.00617353
1022 51 0.000684191 0.00329866
1374 68 0.000823003 0.0103512
2606 135 0.00113154 0.00743932
3256 266 0.00135246 0.00954361
3335 296 0.00155527 0.0162032
5835 353 0.00163784 0.0149341
4910 401 0.00159872 0.0119066
871 63 0.00030131 0.00231879
2708 134 0.000589461 0.00592018
3307 201 0.000840809 0.0139634
1245 61 0.00071783 0.00820115
8800 586 0.00150241 0.0235652
10877 797 0.00164826 0.0280524
2219 135 0.000695342 0.00640902
8745 516 0.00153528 0.0228746
2737 128 0.000470628 0.0062269
3319 196 0.000688037 0.0074988
2436 142 0.000760844 0.00834686
887 63 0.000884217 0.00254609
1235 67 0.000877382 0.0048934
6671 286 0.00153989 0.016675
4577 460 0.00146364 0.0107329
1915 113 0.00116319 0.00579628
9136 587 0.00181028 0.019138
9397 801 0.00126678 0.0278357
3873 215 0.000565239 0.00859842
930 63 0.000640685 0.011569
2459 115 0.000967532 0.0106887
1263 69 0.000945829 0.00385122
9318 648 0.00171394 0.021346
10347 711 0.0014957 0.0283152
2009 117 0.000968108 0.00903136
6864 532 0.00203661 0.0198807
3832 222 0.000753492 0.0111154
933 63 0.000421445 0.00292643
2458 115 0.000631518 0.00461521
1269 64 0.000678599 0.00316942
6849 437 0.0012345 0.0173026
7389 547 0.00120711 0.0153421
1697 122 0.00105217 0.0108119
8445 506 0.00185703 0.0216832
3838 208 0.000578123 0.0101842
2480 116 0.00087267 0.00491269
1014 52 0.000716357 0.00215347
1622 82 0.000720466 0.00713206
4614 313 0.00115074 0.0129441
8852 625 0.00159205 0.0215838
5657 429 0.00141599 0.0121251
3883 213 0.000671101 0.0183934
2116 106 0.000951738 0.0103019
520 30 0.00084834 0.00479366
1380 74 0.00107964 0.00438384
5898 386 0.00145122 0.0118045
10396 755 0.00159989 0.0242023
5340 347 0.00113784 0.0107522
2467 110 0.000506388 0.00970086
573 33 0.000518953 0.00208998
2458 121 0.000891467 0.00614297
2562 142 0.000973793 0.00665874
3081 155 0.00115649 0.0110855
1166 65 0.000894394 0.00274194
2346 157 0.00111581 0.00860976
4467 371 0.00140289 0.0185001
1342 103 0.000860509 0.0035347
9714 737 0.00204011 0.0248216
5687 356 0.00228244 0.0213537
2401 131 0.00446194 0.0125834
2495 119 0.000769175 0.0119388
912 47 0.000443173 0.00194218
1428 75 0.00070383 0.00298963
2357 167 0.00278247 0.00692767
5173 495 0.00128141 0.0153743
5898 485 0.00132987 0.0208093
5497 371 0.00110896 0.0178091
960 53 0.000415284 0.0109194
2334 130 0.00151827 0.0122808
2418 118 0.00106135 0.00577712
4863 257 0.0013426 0.0185443
1558 79 0.00105842 0.0117509
2352 159 0.00110454 0.00826735
4795 378 0.00198904 0.0119766
9381 649 0.00157823 0.0277112
5376 326 0.00140996 0.0176242
13816 726 0.00193981 0.0314982
4331 196 0.000765944 0.00811007
6169 459 0.00218667 0.0153367
2174 150 0.00080094 0.00600807
11588 949 0.00188253 0.0331102
3152 195 0.00120106 0.0108531
897 63 0.0011434 0.00236606
14012 771 0.00140065 0.0289068
4281 205 0.00059257 0.0172539
1877 152 0.000694197 0.00639587
4472 412 0.00109793 0.0122138
9096 691 0.00155615 0.0256101
3279 185 0.00101617 0.00926692
902 64 0.00096175 0.00484133
14149 831 0.00139287 0.02642
4466 198 0.000795128 0.00826072
1451 103 0.000594676 0.00601555
4437 300 0.00106153 0.0144582
8518 553 0.00134273 0.0193203
2998 177 0.00111063 0.009677
921 59 0.000952293 0.00226486
692 111 0.00048657 0.0142379
491 86 0.000381528 0.00874715
716 115 0.00139194 0.0108522
2816 544 0.000616038 0.0251905
797 128 0.000642001 0.0139958
1140 200 0.000944626 0.0109998
551 96 0.000887667 0.00981424
2640 452 0.0011723 0.0157325
579 99 0.000301478 0.0173242
432 77 0.000443705 0.0103833
696 112 0.000752645 0.0229986
2147 387 0.000984359 0.0297217
773 126 0.00160663 0.012458
1268 240 0.0014889 0.0157753
532 105 0.00287723 0.00897213
2339 398 0.00228895 0.0205964
721 114 0.00085138 0.0140161
451 71 0.000676934 0.0115479
740 101 0.000485496 0.00582723
2050 305 0.000988142 0.00795774
1637 280 0.00144752 0.0146733
862 149 0.00162445 0.020201
1861 312 0.00155 0.0216371
793 123 0.00028997 0.0101593
827 131 0.000565039 0.0105183
672 106 0.000565409 0.0120485
2003 302 0.00306201 0.0212464
2745 436 0.00156894 0.0277276
2922 452 0.000973681 0.0264026
2111 481 0.00177897 0.0401301
892 159 0.00140211 0.015041
651 117 0.000278204 0.00250871
1180 187 0.000395858 0.00885011
726 116 0.000511978 0.00608084
799 124 0.000551388 0.00822961
1907 294 0.000808759 0.0111318
1884 284 0.00110945 0.00782634
539 104 0.0018889 0.00877859
2546 422 0.0012855 0.0165479
753 123 0.00169339 0.0113365
760 114 0.000843624 0.0105019
685 110 0.000787807 0.011354
1754 385 0.000864047 0.0180794
3173 589 0.00135963 0.0210138
604 118 0.000894932 0.0135941
2070 344 0.00138321 0.00967143
485 93 0.00151671 0.00671048
720 117 0.000675133 0.00438815
466 71 0.00077826 0.00284541
746 107 0.000886189 0.00435104
805 132 0.000809742 0.00843955
3181 558 0.00162889 0.0153301
467 93 0.00257504 0.00510852
495 78 0.00144166 0.00342288
611 126 0.000379139 0.00642694
842 131 0.000495005 0.00743361
770 112 0.000665013 0.0108557
1214 187 0.00117577 0.0205107
1809 321 0.00117298 0.0130827
510 87 0.00119823 0.0116041
517 99 0.000276774 0.0171249
695 117 0.000469429 0.0178465
722 102 0.00115319 0.0196706
1172 185 0.00073564 0.00656552
2981 537 0.00141161 0.0174571
649 111 0.000714761 0.00244766
2203 368 0.00187693 0.00619458
1379 261 0.000688991 0.00816149
812 118 0.000346616 0.00499994
708 106 0.000433922 0.00255937
421 71 0.000549527 0.00189099
1408 269 0.000870018 0.0158314
1533 282 0.00127801 0.0139699
87 19 0.000747757 0.00855324
482 100 0.000240859 0.0115312
709 119 0.000702381 0.0100015
698 117 0.000476892 0.0133623
339 71 0.000724733 0.0102125
727 117 0.000611346 0.012521
469 82 0.000884851 0.00881344
1583 270 0.000957537 0.0129472
2025 387 0.0018533 0.0186241
545 114 0.000962986 0.0105379
80 17 0.00123614 0.00758575
1090 172 0.00136721 0.00447441
463 92 0.000224008 0.00386684
734 121 0.000464505 0.00613616
688 113 0.000617696 0.0155213
570 97 0.000674002 0.0154049
1805 282 0.000731546 0.0234264
709 110 0.00124005 0.00956038
99 21 0.00115332 0.0101407
562 92 0.000682605 0.00661476
500 98 0.000273327 0.00864765
761 119 0.000357152 0.00412197
701 106 0.000437777 0.00461968
562 97 0.00112549 0.0127874
1845 306 0.0019086 0.0208069
705 111 0.00074807 0.0185009
81 20 0.000822023 0.0146757
572 108 0.00113816 0.0130447
457 95 0.000579889 0.0129818
720 123 0.000810451 0.0121551
710 105 0.00125018 0.00968752
507 81 0.00119414 0.0113139
1751 272 0.0010598 0.0158551
821 126 0.00092212 0.0112533
85 16 0.0013195 0.0113824
778 137 0.000807689 0.0137281
517 105 0.000987495 0.0140823
361 67 0.000447821 0.0113535
704 121 0.000488736 0.0121128
706 107 0.000712365 0.0112222
751 126 0.00118605 0.0112044
413 70 0.000895796 0.00578113
993 170 0.000954001 0.0120961
1632 323 0.001564 0.0165914
1487 246 0.00119708 0.0124071
2052 344 0.00162077 0.00753075
2422 418 0.0018984 0.0118312
319 63 0.000370461 0.00328581
646 106 0.00047496 0.0109804
646 107 0.00158082 0.0105691
1224 195 0.000798695 0.0193297
555 104 0.00123479 0.0121628
401 60 0.000841738 0.00948724
700 108 0.00341878 0.0115432
1749 340 0.00132719 0.0179702
583 89 0.00208464 0.00876012
101 27 0.00122984 0.00828638
640 116 0.00262834 0.00549732
464 100 0.000579838 0.0117996
625 99 0.00107947 0.00813523
602 93 0.00144379 0.0136815
703 109 0.000636575 0.00783873
543 97 0.00116648 0.0106111
1969 379 0.00140146 0.0207415
850 127 0.00160442 0.0138524
698 110 0.00114973 0.00996468
80 20 0.00129493 0.00305657
2028 335 0.00171657 0.0123705
535 99 0.000322709 0.012405
1443 219 0.0019886 0.0188663
697 115 0.000747271 0.01203
601 97 0.000953635 0.0118211
560 87 0.000798321 0.0106642
2891 513 0.000986142 0.0282048
596 101 0.000964924 0.0196892
2988 568 0.00225994 0.0228973
1945 323 0.00166487 0.0212448
474 97 0.000563652 0.00905101
1927 306 0.000719551 0.0156489
711 115 0.000302483 0.0135303
622 105 0.000538067 0.0103156
574 97 0.000547551 0.0042466
2618 479 0.000937934 0.0166535
1818 397 0.00141575 0.0116699
479 78 0.00138175 0.00743468
1490 267 0.00187305 0.00997881
530 92 0.000463615 0.00681629
1587 259 0.000620031 0.0199519
812 136 0.000623743 0.0158295
608 95 0.000568188 0.00284418
547 85 0.000692498 0.00393031
1118 173 0.000743752 0.00479229
1183 175 0.000850161 0.00477625
1522 272 0.00102469 0.00500499
482 95 0.000353312 0.00549577
1457 242 0.000786123 0.00989492
732 122 0.000485464 0.00369273
592 101 0.000735342 0.0117496
535 88 0.000867766 0.00331172
1338 205 0.00127324 0.00487843
2514 416 0.00132738 0.0113126
1512 271 0.00102558 0.0137796
483 93 0.00238513 0.0210262
1627 256 0.000689709 0.0204381
743 119 0.000456694 0.00952461
614 97 0.00139119 0.012067
524 83 0.0014892 0.0122551
1245 170 0.00144771 0.0121233
1872 320 0.00147416 0.0178764
1558 264 0.00166108 0.0218296
492 97 0.000685521 0.00919112
1765 286 0.000562854 0.012447
701 117 0.000426108 0.011966
476 79 0.000918865 0.00807106
1226 168 0.00075099 0.015196
3096 560 0.00121435 0.026505
1284 233 0.0014674 0.0132531
466 98 0.000353581 0.0144292
1745 276 0.00072493 0.0275089
727 115 0.00242542 0.016668
464 75 0.000971532 0.0110103
598 102 0.00113238 0.0116301
1427 212 0.000872741 0.0122761
1329 278 0.00200063 0.0162876
810 150 0.00261905 0.0131317
500 90 0.00111498 0.010342
1663 270 0.0034328 0.0153894
794 135 0.000473055 0.0139239
442 77 0.0017668 0.0141973
606 102 0.00064718 0.0100702
1357 212 0.00136366 0.0165603
2309 395 0.00244089 0.0240006
704 126 0.00150754 0.0122331
526 101 0.000338588 0.0108401
1786 274 0.000538275 0.016726
717 106 0.000721113 0.00917642
661 115 0.00226288 0.00989994
671 121 0.000661584 0.00882246
2423 462 0.00112884 0.0196896
621 115 0.000779145 0.0155159
1376 258 0.00265123 0.0163882
559 115 0.000499715 0.0125962
1849 308 0.00048942 0.0136467
761 116 0.00105535 0.00936248
480 81 0.000360975 0.00343578
621 109 0.000634518 0.00746896
1059 192 0.000766002 0.00668105
1405 246 0.000841163 0.0138276
848 136 0.000899104 0.0175245
852 142 0.000342411 0.00351291
418 82 0.000670726 0.0138883
1935 300 0.000956454 0.0154021
788 129 0.00113133 0.0129615
534 89 0.000577455 0.011818
527 85 0.000701154 0.0102328
2458 447 0.00269763 0.0232668
569 90 0.00299115 0.0124665
1080 207 0.00108149 0.00891671
535 92 0.00114086 0.0138819
1971 340 0.00128675 0.0161788
568 120 0.000223736 0.0130261
614 104 0.000557016 0.0166027
1739 258 0.000530122 0.0116521
738 111 0.000780052 0.00617128
468 80 0.000796649 0.00836647
1864 369 0.0013373 0.013331
616 109 0.00151424 0.00830301
2922 512 0.0012271 0.0215008
659 109 0.00143196 0.00801685
2041 349 0.00149154 0.0211076
539 105 0.000489159 0.0135124
673 122 0.000567782 0.00698155
2010 292 0.00396376 0.0163572
764 121 0.000671779 0.0115013
483 77 0.000756998 0.0104377
1669 255 0.00200657 0.0148711
2021 343 0.0013078 0.016138
676 113 0.0030119 0.0131152
2298 389 0.00144507 0.0179555
561 115 0.000364235 0.0103876
618 106 0.000495783 0.0106241
1841 287 0.000989121 0.0177107
1173 174 0.00205256 0.0154444
320 64 0.0009875 0.0117982
1651 251 0.00160516 0.00934979
2467 435 0.00276121 0.0104856
654 112 0.00216446 0.00314402
1759 310 0.00170745 0.012527
528 105 0.000418213 0.00401783
487 82 0.000973269 0.0122104
1706 246 0.00076374 0.00997304
790 143 0.00110436 0.0165461
507 79 0.000876568 0.0098903
1927 278 0.00109216 0.0163087
2544 486 0.00265454 0.0202091
668 117 0.000952901 0.0067655
1993 325 0.0010179 0.0112194
473 101 0.000493884 0.0135927
407 68 0.000363034 0.00794484
1816 262 0.000737269 0.00780028
766 122 0.000609187 0.00326178
510 79 0.00076153 0.00194345
1890 273 0.00158984 0.0081868
1657 307 0.00150041 0.0205677
655 120 0.00133153 0.0112376
1208 216 0.00100309 0.0146902
472 96 0.000306897 0.0111447
649 108 0.000336904 0.0136998
1994 305 0.000596867 0.0250448
742 112 0.000824489 0.00686979
1914 273 0.000737932 0.0129815
2632 451 0.000956287 0.0184213
640 117 0.00114697 0.00848621
2459 426 0.00175465 0.0152355
465 91 0.000422361 0.00312572
817 143 0.000615712 0.00954739
1971 309 0.000656183 0.0105825
731 112 0.000918261 0.00271904
1744 258 0.00103873 0.00846415
2530 422 0.00117108 0.0207083
642 112 0.0013427 0.0133956
2854 509 0.00120609 0.0111451
544 99 0.000331013 0.00691235
261 59 0.000311875 0.00269783
573 92 0.000561606 0.00972296
786 122 0.000817277 0.0130725
724 116 0.00109275 0.0121416
604 98 0.000757196 0.0100834
2610 428 0.00215956 0.023755
647 118 0.00104129 0.0149854
598 102 0.000824303 0.00944133
961 158 0.00126416 0.0116285
721 109 0.000947368 0.00743502
1306 279 0.0027121 0.0103917
548 100 0.000414769 0.00978655
507 77 0.000329371 0.0129635
255 48 0.000651887 0.0118781
579 97 0.000755525 0.00650896
706 116 0.00175005 0.00969944
1892 364 0.00103141 0.0167372
597 104 0.00148685 0.0119642
1002 161 0.00169979 0.0120716
574 105 0.00245375 0.0166901
2960 519 0.00195177 0.0355422
599 116 0.000273027 0.00997617
558 84 0.000471367 0.0197197
679 131 0.00072161 0.0119026
332 69 0.00114803 0.0177924
737 121 0.000651415 0.0232967
2180 487 0.000847904 0.0201887
508 89 0.00118065 0.0035916
1070 163 0.0013685 0.0128696
666 106 0.0010051 0.0142331
2275 381 0.0011381 0.0182051
540 107 0.000310307 0.00310595
321 61 0.000473689 0.00195591
582 97 0.000625558 0.0113282
705 98 0.000906938 0.0108113
709 108 0.00357535 0.00586154
499 83 0.0017592 0.00496453
1865 311 0.00113662 0.0115083
582 109 0.0035727 0.00456177
1020 158 0.00117377 0.00816211
672 118 0.00369587 0.00433355
1846 315 0.00178946 0.0103985
564 105 0.000520509 0.00262072
376 59 0.000478209 0.00617505
1069 176 0.000681706 0.00353901
733 115 0.000699632 0.00982103
831 140 0.00138088 0.00671141
490 88 0.0008512 0.00800031
1425 216 0.00106712 0.00569431
539 92 0.00110451 0.0111575
947 149 0.00103103 0.00475633
1657 266 0.0018797 0.0081837
577 107 0.000732917 0.00651266
805 138 0.00205467 0.00812701
764 125 0.000717413 0.00766826
554 94 0.000710819 0.0105153
1485 240 0.00131511 0.0142864
614 107 0.000893968 0.00801396
1035 160 0.00179648 0.00424108
1511 267 0.00120616 0.0175843
51 11 0.00166318 0.011826
529 108 0.000216655 0.0035254
909 164 0.000369019 0.00642645
773 136 0.000546402 0.00506332
899 154 0.000518747 0.00853452
1731 293 0.000847481 0.0118515
713 124 0.000981666 0.010895
1101 174 0.00109844 0.0119343
1632 289 0.00114267 0.0194474
61 14 0.00115019 0.0106615
548 112 0.000227501 0.0115956
904 154 0.000338455 0.010486
755 139 0.000764636 0.00835629
728 122 0.000575391 0.00247444
556 95 0.000720204 0.0102217
1378 216 0.00102527 0.00826511
592 99 0.00100005 0.015669
1449 279 0.00122464 0.0109143
673 110 0.00229749 0.00433199
2686 436 0.00197222 0.0179514
544 98 0.000543983 0.0103332
844 144 0.00157788 0.0131498
762 140 0.000904323 0.0128868
742 115 0.00102385 0.00916802
651 106 0.00147067 0.00868329
1280 214 0.00134716 0.00771636
613 100 0.00144506 0.00758508
1259 231 0.00342915 0.0138434
723 120 0.00149557 0.0122266
2221 377 0.0019881 0.0195934
523 101 0.00034057 0.0129915
957 175 0.00058675 0.00899581
695 105 0.000862261 0.00429914
778 135 0.00115075 0.00688977
571 100 0.00120688 0.00773591
1061 183 0.00239797 0.00666091
590 102 0.0012225 0.002846
1135 187 0.00131792 0.0185394
695 118 0.00238071 0.00976765
1739 341 0.00169838 0.0160165
65 14 0.00139836 0.00979139
535 101 0.000472509 0.014255
944 157 0.000688484 0.00917673
693 104 0.000661288 0.00915591
780 122 0.00239244 0.0105816
518 93 0.00361957 0.0121028
1392 217 0.00102301 0.0161754
485 86 0.00131019 0.011492
1154 202 0.0012682 0.0182471
697 110 0.00163884 0.0106298
1180 205 0.00166751 0.0175091
78 18 0.00166852 0.0085593
538 96 0.000451061 0.00701721
760 130 0.000521866 0.0134669
700 106 0.00218177 0.0136311
478 83 0.0012873 0.0109763
1605 267 0.00123636 0.0129168
199 61 0.00084102 0.0131096
814 146 0.00147989 0.0136601
697 127 0.00246928 0.0135733
566 113 0.000782186 0.0135061
762 144 0.00118963 0.0147206
742 108 0.000642683 0.00979645
537 92 0.000840772 0.00886975
1662 337 0.00069641 0.0182165
2340 405 0.00127852 0.0213214
1399 245 0.000930852 0.0119816
595 115 0.0006111 0.0148269
1013 170 0.00111258 0.00939646
733 128 0.000774665 0.00561435
2041 459 0.0010089 0.0153098
758 162 0.00245795 0.0124333
1329 240 0.00195179 0.0179638
1594 289 0.00107999 0.0157065
595 116 0.000341663 0.0134885
535 90 0.00075308 0.0154064
783 114 0.000682069 0.00957493
721 122 0.000355287 0.0092712
1524 278 0.000736057 0.014579
2339 427 0.000887687 0.0201055
1290 224 0.00199139 0.0143171
543 106 0.0004604 0.00305161
607 95 0.000522218 0.0027293
692 106 0.00101847 0.00496521
728 114 0.00116129 0.0064266
469 80 0.0011253 0.00496924
1025 170 0.00071438 0.00472276
1957 351 0.00111699 0.00874937
609 104 0.000993499 0.0100065
635 110 0.00161903 0.00469123
2781 457 0.00190651 0.0147781
467 89 0.000441543 0.0130765
657 108 0.000362523 0.0125972
340 58 0.000281534 0.00203044
759 116 0.000435696 0.014064
486 86 0.000734199 0.00947925
830 150 0.000877786 0.00592816
2082 380 0.00138157 0.0146749
632 96 0.000972353 0.00360569
2846 473 0.00140688 0.0104107
495 100 0.000261429 0.0046527
698 105 0.000594949 0.0100215
746 130 0.000709509 0.0173483
700 103 0.000496996 0.0135843
612 103 0.000746147 0.0116931
988 150 0.00117072 0.0140736
2433 412 0.00154571 0.0331358
702 115 0.0012008 0.0116278
2097 349 0.00148592 0.0132348
519 100 0.000612808 0.0090548
687 102 0.000703826 0.0108334
819 144 0.00100374 0.0125172
742 120 0.00251798 0.0119075
530 87 0.000600577 0.0186416
771 99 0.00071184 0.0149084
1827 335 0.00122647 0.0198057
694 114 0.00107896 0.0215559
1538 260 0.00103124 0.0171963
528 101 0.000588284 0.0154048
703 105 0.000675294 0.0125534
372 66 0.00047892 0.0116693
736 116 0.000534964 0.0109971
2122 356 0.00133423 0.0131234
921 187 0.001244 0.0124932
553 95 0.00115026 0.0143849
1974 316 0.00127624 0.0110037
488 101 0.000479596 0.0153966
680 116 0.00110765 0.0173279
315 56 0.000468521 0.00984767
766 121 0.000901312 0.0109985
377 65 0.00084749 0.00482298
2306 460 0.00115892 0.0253839
1568 317 0.000868174 0.0109522
630 106 0.00102291 0.00654408
414 82 0.00133409 0.0154801
2947 479 0.00237299 0.0178523
635 123 0.00032514 0.0113999
657 119 0.000472345 0.0152441
773 123 0.000625644 0.00493814
296 61 0.00272897 0.00261297
2159 373 0.00103111 0.0233021
611 115 0.00109922 0.00973874
2024 366 0.00143725 0.00994907
610 110 0.000895302 0.00263475
2375 395 0.0015665 0.0276617
519 100 0.000242691 0.0103916
651 107 0.000499745 0.0137619
297 57 0.000686333 0.0149701
738 122 0.00092981 0.0149261
2519 431 0.00101719 0.0180553
635 115 0.000767506 0.00260863
2324 373 0.00109804 0.0197493
554 100 0.00142328 0.0127245
2357 395 0.00159755 0.0190284
553 112 0.000405923 0.0104775
558 102 0.000360074 0.00670949
750 117 0.000636751 0.00602201
3248 610 0.00104623 0.0190844
600 107 0.00198361 0.00946828
2241 370 0.0016263 0.0235173
633 113 0.00170165 0.0233529
1397 240 0.00152099 0.00959751
531 101 0.000366779 0.00358217
632 110 0.000482183 0.00477677
188 34 0.000425764 0.0145064
723 106 0.000784103 0.0145047
2382 528 0.00130975 0.0359106
2347 444 0.000668543 0.0253143
575 98 0.00090719 0.0112012
2724 452 0.000945573 0.0168974
426 83 0.00275492 0.0111485
680 104 0.00106275 0.00956859
1945 307 0.0011623 0.0238014
1221 195 0.000860877 0.0215233
1668 309 0.00102049 0.018004
2058 318 0.000778163 0.0163056
506 97 0.000348242 0.0223527
669 104 0.000786023 0.0153605
403 73 0.000519794 0.00129956
1766 267 0.000823321 0.00919604
568 100 0.00155547 0.00440988
1185 180 0.000955344 0.00833326
1431 245 0.000985542 0.00993979
519 101 0.00131493 0.0048317
729 120 0.000518233 0.00402411
453 65 0.000728945 0.0177754
2040 349 0.000723985 0.0141062
597 96 0.000821307 0.0124241
1139 178 0.00078158 0.0202663
1413 251 0.000872766 0.0125062
525 90 0.000439355 0.00456122
853 130 0.000371845 0.00415608
767 128 0.000671299 0.00491645
691 108 0.000373567 0.0074013
424 77 0.00194789 0.00442812
2501 425 0.00202113 0.0104681
717 135 0.00089411 0.00740607
1344 244 0.00123507 0.00900738
1456 265 0.00268589 0.0102062
460 95 0.00059813 0.00792125
817 144 0.000901508 0.00459329
1843 298 0.00143841 0.00650495
807 131 0.0010161 0.00376275
607 102 0.000875743 0.00444242
383 66 0.00158848 0.00295125
1542 288 0.00117104 0.0164678
591 132 0.0011398 0.0103062
2787 472 0.00208116 0.0222338
556 92 0.0017581 0.00484873
2302 388 0.00305089 0.0149183
407 77 0.000711327 0.0119582
761 132 0.000383038 0.00979891
1794 293 0.0010919 0.0203619
732 117 0.00155405 0.0132479
605 108 0.00171502 0.0125326
394 70 0.00168997 0.0104405
1693 248 0.00221761 0.0143222
2698 468 0.002188 0.0201655
1897 303 0.00204768 0.0236597
1765 297 0.00141052 0.0117404
823 133 0.000699918 0.0040533
1591 274 0.001011 0.013957
681 110 0.00096337 0.00370908
747 120 0.00160673 0.0108444
402 65 0.00220631 0.00825344
384 91 0.00120578 0.00455442
1044 208 0.00188294 0.00855566
769 146 0.00339967 0.00478081
1076 193 0.00116815 0.00803693
469 100 0.000982548 0.0114372
2102 347 0.00195092 0.0185367
2078 325 0.000632554 0.0146157
1033 187 0.000493877 0.00317187
659 117 0.000462411 0.0103368
653 99 0.000509096 0.0138679
687 122 0.000747985 0.0138378
502 84 0.000834964 0.00359227
2496 394 0.00109098 0.00740508
426 67 0.00109847 0.0132147
2991 485 0.00129927 0.0176132
603 117 0.0011076 0.0147119
2440 423 0.00307616 0.0238385
1589 263 0.00083495 0.00874659
858 138 0.00117268 0.00460293
713 118 0.000485601 0.00430298
790 135 0.000982412 0.0116377
437 75 0.00187051 0.0101126
726 131 0.00120889 0.0156645
1993 337 0.000975458 0.0176324
653 139 0.00193088 0.0131205
1702 241 0.00209159 0.0212301
636 100 0.00147672 0.012217
555 104 0.00110052 0.00798877
2328 400 0.00208484 0.0121657
1553 282 0.000672856 0.0229908
671 107 0.000797003 0.0183209
797 127 0.00135667 0.022517
675 110 0.00154539 0.00921226
398 69 0.00108982 0.0139607
773 129 0.00179056 0.0113031
2115 369 0.00307595 0.0187245
564 89 0.00154759 0.017038
637 110 0.00183497 0.0146146
1775 387 0.00187138 0.0172215
535 99 0.00114452 0.0140419
2789 487 0.00174434 0.0175578
1546 268 0.000762157 0.0094576
752 119 0.00211049 0.00484442
719 119 0.000490024 0.00738328
385 67 0.000551473 0.00228543
763 124 0.000755946 0.00791474
2159 370 0.00108289 0.0111353
486 73 0.00137699 0.00513181
624 103 0.00537089 0.00494498
1805 310 0.00249459 0.0153174
514 106 0.00202747 0.0129806
360 57 0.00420062 0.0106452
1595 285 0.000559188 0.0230101
649 106 0.000717137 0.0155952
795 134 0.000813065 0.00466516
669 104 0.000917282 0.006941
412 72 0.00109193 0.00897482
771 129 0.00252302 0.00995274
419 71 0.00121385 0.0101823
2259 361 0.0050394 0.031972
3447 617 0.00131705 0.0245381
1776 270 0.00254522 0.0154888
443 88 0.00181137 0.0106177
1632 300 0.00186507 0.0151845
1074 180 0.00192686 0.0164791
821 139 0.000464277 0.0100539
635 104 0.00038499 0.00242857
281 48 0.000413459 0.00111827
383 63 0.000497402 0.011024
762 124 0.000743398 0.00466789
1008 192 0.00092945 0.0126788
970 192 0.00104333 0.00945059
1816 289 0.00172654 0.0162473
1438 260 0.00284571 0.0124652
273 56 0.000615221 0.0080962
745 118 0.000812241 0.0121485
1005 174 0.00164201 0.0122224
340 55 0.000709292 0.00991194
2549 451 0.00115374 0.0176657
3254 579 0.00396245 0.0270033
635 116 0.000970517 0.00299928
2466 416 0.00150096 0.0145303
734 123 0.000424141 0.0155403
1010 158 0.000390518 0.0174709
771 124 0.000505352 0.0112385
277 57 0.000554176 0.0106435
339 64 0.000642501 0.0104177
1897 264 0.00155265 0.0159485
1465 326 0.00256069 0.0135429
560 100 0.00312528 0.0134878
2641 451 0.00398903 0.0165008
3322 675 0.000627773 0.021815
1150 189 0.000555982 0.0141594
284 56 0.00249909 0.0115799
665 103 0.00367808 0.00779431
349 63 0.000578662 0.00453822
2728 479 0.00215372 0.0197283
3151 551 0.00336302 0.0238763
594 111 0.00115253 0.0104369
1966 369 0.00346845 0.0230054
1130 192 0.000496541 0.01698
293 56 0.000336728 0.0146519
676 103 0.000612946 0.00918109
343 62 0.000545632 0.0178289
2000 364 0.00113376 0.0200488
2238 401 0.00125579 0.0244988
531 114 0.000840272 0.00883783
2443 420 0.001159 0.0230778
1133 182 0.000334339 0.00839605
666 107 0.000414622 0.0137105
272 46 0.000434166 0.0100402
437 75 0.000586015 0.00810202
1475 246 0.00109593 0.0121367
2675 463 0.00130886 0.0166579
1630 297 0.00158972 0.0201577
1153 193 0.00053165 0.0154854
565 88 0.000640784 0.0108568
147 26 0.000752065 0.0107526
374 66 0.00149428 0.0119337
1676 291 0.00120025 0.0235963
3141 550 0.000819873 0.0272635
1495 272 0.00124244 0.0221108
638 97 0.000502349 0.0116147
158 28 0.00144365 0.00935232
710 110 0.000604559 0.00558972
796 127 0.000549765 0.0105386
867 136 0.000602223 0.0117613
340 59 0.00115911 0.00611188
874 141 0.000908728 0.0142227
1309 236 0.00366909 0.0134334
432 89 0.00154522 0.0114887
2938 513 0.00132878 0.0206414
1609 266 0.00127466 0.0138312
771 121 0.000717249 0.0072137
683 104 0.000394243 0.00418352
252 42 0.000517769 0.010822
396 72 0.00223742 0.00838561
901 158 0.00158314 0.0138612
1604 338 0.000627223 0.00963458
1864 345 0.00207951 0.0161368
1548 278 0.00158011 0.0159374
275 46 0.000263536 0.0125303
752 123 0.000368874 0.00976264
676 110 0.00049916 0.00803999
1393 222 0.000664346 0.00355051
435 75 0.000693913 0.00399426
902 150 0.000765365 0.00828072
1404 263 0.00138365 0.0183272
2805 486 0.00120162 0.0251565
1501 255 0.00147386 0.0175969
3853 590 0.000588246 0.0266819
1153 171 0.000450362 0.0121152
1864 343 0.000715992 0.0082981
826 134 0.000530406 0.00433565
3300 601 0.000875999 0.0124467
867 150 0.000839493 0.0031076
354 58 0.000722898 0.00508888
3993 643 0.0005563 0.0206382
1166 184 0.00119464 0.0121107
749 139 0.000446067 0.00295921
1452 323 0.00129029 0.0158605
2726 494 0.00238015 0.0307174
901 156 0.00115753 0.00885824
357 66 0.000938438 0.010625
4029 660 0.00173483 0.0223544
1199 180 0.000396253 0.00936235
579 97 0.00332376 0.0105879
1303 229 0.000800684 0.0137813
2626 448 0.00100819 0.0234131
824 144 0.000768611 0.00979872
350 54 0.000922118 0.012093
1163 122 0.000864389 0.0089207
811 88 0.000542078 0.00292684
1264 122 0.000709282 0.00639632
4603 648 0.00077012 0.0228398
1311 137 0.000549566 0.00905608
1903 227 0.000976625 0.00797257
911 105 0.00099695 0.00638803
4468 483 0.00117959 0.0163408
995 109 0.000244763 0.00267247
733 74 0.00047644 0.00311328
1221 114 0.000551924 0.00257191
3656 429 0.00111344 0.0123285
1273 131 0.000949954 0.00421176
2134 273 0.00132738 0.0108401
866 110 0.000688981 0.00312691
3969 424 0.00156547 0.0115578
1237 113 0.000408743 0.00399714
789 79 0.000596696 0.0026287
1278 115 0.000731334 0.00661664
3556 332 0.000815423 0.0113787
2774 327 0.000849589 0.0137179
1439 168 0.000786923 0.0120978
3164 341 0.00159226 0.00832598
1386 134 0.000424498 0.00402257
1418 133 0.000525185 0.00387459
1204 113 0.00063769 0.00354691
3476 326 0.000982537 0.0137695
4675 477 0.00122315 0.0168973
4824 492 0.0011462 0.0181079
3352 590 0.00126766 0.0158871
1530 191 0.000807315 0.00654453
1084 133 0.000332992 0.00320926
1999 195 0.000574434 0.00896943
1211 126 0.000577842 0.00639916
1410 133 0.000742421 0.00336856
3350 307 0.00100148 0.00906418
3216 306 0.00107384 0.00824625
887 107 0.00107494 0.00273378
4308 463 0.00148578 0.0163225
1291 139 0.000393847 0.00573807
1280 119 0.000496245 0.0034842
1220 113 0.000603112 0.00516167
2800 432 0.00105928 0.0142429
5238 649 0.00116652 0.0200894
1022 126 0.00079531 0.00779384
3501 362 0.00100951 0.00973964
818 94 0.000330548 0.00484953
1219 130 0.000456684 0.00474374
811 76 0.000560283 0.00267772
1281 119 0.000894414 0.00358289
1414 135 0.00088719 0.00392838
5323 616 0.00141742 0.0166026
755 93 0.00137734 0.00873848
811 82 0.00157312 0.00773684
1014 132 0.00065786 0.00536208
1414 134 0.000830906 0.00581194
1319 124 0.000984266 0.0127136
2084 203 0.00103131 0.00616307
3038 384 0.00141748 0.017805
858 92 0.000719848 0.00523302
831 101 0.000648716 0.00317454
1205 121 0.000655522 0.00373635
1248 112 0.000900428 0.00415147
2037 201 0.00104184 0.00651063
4995 606 0.00122198 0.025495
1130 120 0.00146042 0.00390253
3761 400 0.00122677 0.0160707
2304 287 0.000731149 0.0120037
1387 121 0.000425655 0.00432472
1239 112 0.000727009 0.00422315
702 76 0.000668331 0.00215048
2293 306 0.000889948 0.0139791
2572 314 0.001707 0.0195752
144 22 0.00203002 0.00155961
718 103 0.000371461 0.0035955
1205 129 0.000556859 0.00500799
1209 122 0.000625167 0.00330167
542 68 0.000683724 0.0017492
1287 127 0.000673066 0.00700823
807 82 0.000627108 0.0050274
2777 314 0.00164589 0.0189127
3317 439 0.00212466 0.0255525
892 123 0.000873341 0.00560195
118 17 0.00211672 0.00947137
1860 185 0.00200385 0.0151631
743 97 0.000279182 0.00384944
1259 134 0.000522182 0.0028117
1227 118 0.000620321 0.00358434
930 108 0.000691299 0.00395399
3077 306 0.00141427 0.0153466
1205 114 0.000895341 0.00627993
140 22 0.0010116 0.00216056
951 98 0.00166867 0.00464128
802 103 0.000567289 0.00315963
1322 128 0.000522399 0.0036238
1247 121 0.000486599 0.00265745
940 106 0.000720898 0.00325135
3094 336 0.00116484 0.0174293
1202 116 0.00090072 0.00410224
127 19 0.000750137 0.00142933
943 110 0.00230443 0.0034483
742 97 0.000651925 0.00675409
1244 134 0.00063985 0.00390448
1268 114 0.000764439 0.00411994
811 88 0.000608501 0.00509764
2886 308 0.000917522 0.0148998
1408 129 0.00127138 0.00451541
133 17 0.000915152 0.00101521
1281 142 0.00106488 0.00463512
800 106 0.000401299 0.0105469
565 73 0.00122811 0.00287363
1217 127 0.000578692 0.00277694
1182 110 0.000818422 0.00297476
1319 130 0.000950272 0.00417747
699 67 0.00100583 0.00161541
1693 188 0.000955537 0.00412068
2619 351 0.00105225 0.0142121
2565 267 0.00269599 0.0137436
3484 380 0.00240767 0.0141186
4064 467 0.00290689 0.0266397
529 67 0.000346737 0.0022742
1119 111 0.000474958 0.00367844
1070 112 0.000675005 0.0121548
2096 212 0.000679274 0.00722673
956 105 0.0011237 0.0044917
661 66 0.000915012 0.00277837
1216 115 0.0010808 0.00433351
2936 381 0.00149385 0.0188658
1001 100 0.00114362 0.00689464
140 26 0.00169499 0.00129199
1040 117 0.0018156 0.00330388
738 104 0.000231829 0.00297284
1072 103 0.000765631 0.00459446
1026 98 0.000731548 0.00512868
1239 120 0.000926784 0.00923839
899 97 0.000688053 0.00390212
3250 428 0.00217946 0.0148242
1464 134 0.00325445 0.00544619
1178 119 0.00133248 0.0135179
112 19 0.00109418 0.00197747
3468 352 0.00158606 0.0131075
835 103 0.000509294 0.00439365
2445 233 0.000463569 0.00520479
1236 118 0.000464283 0.00241569
1040 107 0.000549753 0.00724787
959 91 0.000752729 0.00440315
4858 562 0.00109441 0.0231806
980 107 0.000598506 0.00387162
4926 640 0.00208808 0.024931
3322 358 0.00083878 0.0161939
738 97 0.000531171 0.00382138
3327 322 0.00140452 0.0188675
1302 120 0.000607013 0.00435618
1063 111 0.000723588 0.00446146
952 103 0.00113966 0.00523521
4363 534 0.00221004 0.0237281
3069 452 0.00170288 0.0152361
781 82 0.00070619 0.0022138
2521 292 0.0015046 0.0180959
836 98 0.000395736 0.0028818
2730 272 0.00172954 0.0142077
1396 139 0.00132146 0.00737627
1058 100 0.00107202 0.0109303
924 86 0.00126671 0.00346285
1853 169 0.00138465 0.0062493
2038 181 0.00116433 0.00750035
2577 289 0.00216427 0.0166453
786 98 0.000356595 0.00363503
2581 258 0.000985475 0.0130359
1311 123 0.000848435 0.00381131
1049 103 0.000796851 0.00427428
901 98 0.00122058 0.00388407
2306 211 0.000981842 0.00726774
4205 449 0.00146355 0.0241048
2644 306 0.00229508 0.0158233
764 102 0.000640012 0.00423789
2791 272 0.00106926 0.0129764
1303 126 0.000989129 0.00312802
1040 105 0.00074068 0.00797696
865 83 0.00122943 0.00410976
2139 176 0.0015149 0.0075209
3222 355 0.00178398 0.017006
2669 295 0.00198395 0.0143183
768 104 0.000450665 0.00379697
3005 301 0.000906432 0.0101423
1247 124 0.00107167 0.00515769
790 88 0.00144695 0.0084065
2123 182 0.00119047 0.00774203
5165 621 0.00286534 0.0339171
2156 265 0.000952381 0.0149487
732 100 0.000453046 0.0062384
2966 290 0.00071067 0.0153146
1266 117 0.000951191 0.00546914
768 81 0.000820896 0.00240008
1081 107 0.000963285 0.00344426
2485 224 0.00122467 0.00770823
2138 314 0.00130585 0.0164682
1375 156 0.00178578 0.00464054
770 96 0.000282851 0.00297026
2807 301 0.00102485 0.0148617
1389 145 0.000983667 0.0160178
735 81 0.00083864 0.00351789
1058 104 0.00120161 0.00376247
2349 219 0.0015431 0.00872387
3872 437 0.00181949 0.0182987
1138 132 0.00127089 0.00866435
839 111 0.000475382 0.0031606
3002 299 0.000775864 0.0152695
1275 109 0.00114895 0.00964986
1138 114 0.0011206 0.00490306
1114 136 0.00128612 0.00477895
3981 515 0.00204276 0.0202744
1020 124 0.001267 0.00869544
2263 294 0.00177862 0.0135768
900 124 0.00028142 0.00253719
3135 315 0.000791835 0.0105458
1324 129 0.000870667 0.0064698
814 83 0.000824441 0.00317397
1067 107 0.00081102 0.00605234
1854 228 0.00148742 0.0124947
2372 274 0.0018272 0.0131817
1445 154 0.00223063 0.00654163
1437 154 0.000640232 0.00597927
686 90 0.000752846 0.00430825
3351 322 0.00110432 0.0161508
1338 137 0.00182311 0.00748488
929 92 0.00117659 0.00360454
897 92 0.00133613 0.00284527
4053 491 0.00174887 0.0221517
915 100 0.00140478 0.00315866
1729 237 0.00131872 0.00934905
849 100 0.00173407 0.00289089
3316 355 0.00173361 0.0179585
913 124 0.000340353 0.00589673
1023 116 0.000457763 0.00366718
3004 280 0.000796969 0.00993772
1262 118 0.000977351 0.00775574
807 86 0.00132657 0.00937973
3001 416 0.00188567 0.0158339
986 113 0.00190751 0.00755053
4873 564 0.00319412 0.03103
1117 118 0.00173614 0.00613312
3452 366 0.00411794 0.0169242
856 114 0.000310323 0.00568202
1104 128 0.000721841 0.00488611
3408 314 0.00111329 0.0220822
1279 130 0.00150798 0.00480494
841 82 0.00132606 0.0042611
2899 263 0.00233917 0.0111768
3463 380 0.00299652 0.0276605
1113 118 0.00153975 0.00558736
3887 417 0.0024766 0.0212251
857 123 0.000595838 0.00491537
1012 104 0.000566732 0.0038557
3190 294 0.000941949 0.0094658
1984 184 0.0015781 0.00645859
481 65 0.00124056 0.00734832
2896 268 0.00190448 0.0124931
4116 486 0.00259135 0.0219534
1117 113 0.00113371 0.0146309
2946 325 0.00160937 0.0153033
841 113 0.000518487 0.00632695
842 86 0.00046025 0.00264746
2930 262 0.000798449 0.0121899
1377 146 0.000819825 0.00619503
848 82 0.000638888 0.00217805
3320 308 0.000936611 0.010245
4204 538 0.00203111 0.0209579
1109 123 0.00166319 0.0152983
3357 350 0.00207367 0.0141513
740 105 0.000477709 0.00242591
675 74 0.000334515 0.0017729
3077 277 0.000595257 0.00885521
1312 132 0.00068526 0.00705038
860 84 0.000803007 0.00352408
3265 292 0.00114645 0.0108897
2778 355 0.00166932 0.0164773
1122 120 0.00171082 0.0174867
2021 248 0.00217892 0.012183
753 99 0.000273343 0.00244883
1080 110 0.000385174 0.00318599
3387 311 0.000665343 0.0128423
1324 121 0.000927852 0.00517403
3347 287 0.00103265 0.0113723
4467 482 0.00254034 0.0315211
1087 129 0.0013792 0.00908914
4138 458 0.00254951 0.0216012
704 93 0.000746839 0.00343448
1349 157 0.000546406 0.00420028
3341 331 0.000801582 0.0125115
1261 120 0.000931307 0.00432182
3048 276 0.000980301 0.0185607
4355 476 0.0020335 0.0214729
1084 120 0.00129797 0.00363864
4864 552 0.00183671 0.0197802
844 100 0.00056 0.00336494
410 59 0.000592449 0.00472339
1027 95 0.000765441 0.00402405
1317 131 0.000893698 0.00544935
1273 121 0.00102561 0.00923977
1017 107 0.00126374 0.0044571
4306 463 0.00195087 0.0197127
1011 127 0.00124284 0.00917869
979 102 0.00179063 0.0041595
1665 160 0.00159679 0.00650808
1197 120 0.0027242 0.00579445
2230 315 0.00239932 0.0221971
860 102 0.000415911 0.00514545
869 80 0.000786823 0.00411844
406 53 0.000860618 0.00298663
970 103 0.00102273 0.00437598
1274 126 0.00256972 0.00517562
3116 403 0.00168417 0.0163871
960 114 0.00135157 0.0135597
1748 168 0.00203345 0.0127764
952 108 0.00179025 0.00478642
4934 547 0.00304625 0.0255018
946 116 0.000593716 0.00399876
994 90 0.000520928 0.0024199
1189 133 0.00061859 0.00485673
541 73 0.000663859 0.00325082
1266 124 0.00112649 0.00481076
3517 562 0.0015457 0.0278971
811 95 0.00169538 0.00609177
1836 170 0.00179632 0.0144676
1141 117 0.00179535 0.00912352
3864 403 0.0018617 0.0215444
840 113 0.000353062 0.00730163
515 64 0.000369534 0.00242322
1018 97 0.000842588 0.00438414
1185 104 0.000974841 0.0033483
1249 117 0.00106075 0.00426378
835 88 0.00116247 0.00393837
3037 328 0.00176553 0.0170704
961 112 0.00216244 0.00734355
1753 171 0.00146096 0.00766234
1161 130 0.00266284 0.00593833
3215 332 0.00238267 0.0184465
880 113 0.000428053 0.00362146
664 64 0.000485824 0.00319064
1867 179 0.00138246 0.00828549
1259 122 0.00102287 0.00844179
1428 153 0.00164298 0.00567458
809 90 0.00111474 0.0028914
2426 232 0.000980661 0.00915227
858 100 0.00174062 0.00304146
1680 162 0.00118532 0.00506284
2780 286 0.00137483 0.0191994
888 111 0.000686869 0.00917857
1356 149 0.00100871 0.00975796
1285 130 0.00148524 0.00475811
919 103 0.00131553 0.0086743
2548 249 0.00145509 0.00790317
931 111 0.00176795 0.00583623
1813 170 0.00153653 0.00584807
2589 312 0.00174346 0.0146932
80 12 0.00110255 0.00239394
845 117 0.000405555 0.0035705
1576 177 0.000589599 0.0049448
1323 142 0.000803087 0.00500202
1548 171 0.000940119 0.00615198
2913 323 0.00154792 0.0213235
1111 130 0.00147938 0.00745673
1930 192 0.00305982 0.00860734
2736 334 0.00161947 0.0167472
93 15 0.00207605 0.00111417
858 117 0.000256478 0.00319472
1536 160 0.000772283 0.008739
1264 145 0.00073781 0.0050474
1290 123 0.000814785 0.00641376
918 97 0.000890641 0.00767473
2320 235 0.00117682 0.0090813
919 105 0.00117079 0.00303389
2435 316 0.00150369 0.0118258
1140 117 0.0010062 0.00413388
4518 479 0.00199863 0.0150068
793 106 0.000288955 0.00302668
1465 155 0.000792425 0.0082001
1262 144 0.000937018 0.00843525
1303 117 0.0011736 0.0093713
1081 110 0.00130448 0.00468564
2171 218 0.00140798 0.0102457
1001 108 0.00146987 0.00501057
2113 260 0.00167528 0.0162881
1263 128 0.00236443 0.00644593
3833 410 0.00293932 0.0204632
784 109 0.000709661 0.00552252
1602 179 0.000849718 0.00713721
1121 116 0.000505426 0.00402179
1347 147 0.000599994 0.00515836
965 100 0.000961272 0.0058267
1765 196 0.00117296 0.00971744
962 107 0.00116917 0.00507327
1901 216 0.00168261 0.0133883
1168 125 0.00225335 0.0049787
2840 388 0.00214534 0.0182484
84 14 0.000890983 0.000847796
827 111 0.000373609 0.00616857
1602 165 0.000531221 0.00442433
1176 118 0.000802572 0.0045145
1349 127 0.000821596 0.00662393
864 101 0.00097535 0.00346742
2386 238 0.000906994 0.00654491
778 88 0.00128787 0.00372514
1945 234 0.00159813 0.010101
1206 117 0.0018208 0.00459274
2081 225 0.00153587 0.00968457
115 21 0.00125263 0.00276853
834 101 0.00031705 0.0039675
1302 143 0.000411562 0.00462876
1203 111 0.000464914 0.00346905
792 89 0.000642245 0.00239228
2651 299 0.00133581 0.0141607
304 64 0.00108548 0.00877879
1347 172 0.00148251 0.00881972
1176 130 0.00162804 0.00899643
883 122 0.000448126 0.00913385
1253 147 0.000410529 0.00411013
1289 119 0.000506872 0.00445178
911 99 0.000703026 0.00346616
2730 373 0.00102768 0.0151433
3974 458 0.0016389 0.0227824
2416 262 0.00126334 0.0120524
915 121 0.000964681 0.00517633
1652 178 0.000717766 0.00784002
1272 137 0.000733 0.00667144
3199 552 0.00156475 0.0211857
1218 174 0.000703334 0.0132098
2218 278 0.00117797 0.0158382
2687 324 0.00198177 0.0188886
920 119 0.00045757 0.00618372
920 93 0.000387694 0.00304924
1336 126 0.000506837 0.00430408
1268 125 0.000919738 0.00525907
2480 304 0.00124092 0.0116683
3986 486 0.00191424 0.0251693
2167 236 0.00139686 0.00826121
799 114 0.000432656 0.00430754
998 99 0.000601241 0.00357609
1116 113 0.000700576 0.00294451
1299 125 0.000596602 0.00285295
776 84 0.00064239 0.00581226
1681 176 0.00116104 0.00821653
3290 401 0.00203373 0.01704
986 108 0.00107236 0.0112449
1067 117 0.0010285 0.00304135
4684 489 0.0015087 0.0207899
662 96 0.000455247 0.00410803
1108 111 0.000661327 0.00643183
602 65 0.000579679 0.00243968
1290 120 0.00110984 0.00628683
803 88 0.00101811 0.00332687
1350 164 0.00145697 0.0087721
3394 407 0.00139007 0.0145708
1065 101 0.00141712 0.00435523
4785 509 0.00144429 0.0186142
815 111 0.000458821 0.00309667
1214 108 0.000369704 0.00245515
1279 140 0.000457081 0.0028747
1225 106 0.000553111 0.0102893
1071 110 0.000664243 0.00288821
1734 154 0.0016053 0.00610019
4139 454 0.00150411 0.0162745
1204 120 0.00208014 0.0124925
3553 374 0.00224766 0.0136456
796 107 0.000391745 0.00433086
1185 109 0.000629863 0.00421733
1398 152 0.000694041 0.00859898
1266 130 0.000811731 0.00349589
922 100 0.000807126 0.00293486
1316 104 0.000855537 0.00239095
3044 363 0.000770153 0.0121955
1148 122 0.00161652 0.00599389
2611 293 0.00157581 0.01518
812 105 0.000359011 0.00744797
1230 112 0.000394852 0.00675417
590 68 0.000572529 0.00295975
1237 118 0.000765611 0.00324131
3569 398 0.00103048 0.0184079
1575 211 0.00134329 0.0114307
948 102 0.00129545 0.00334017
3295 331 0.00134332 0.0175309
753 102 0.000294085 0.00788896
1167 121 0.000429051 0.00437579
495 62 0.00042563 0.00181865
1319 133 0.000568959 0.00480516
632 68 0.000611446 0.00170933
3809 529 0.000971851 0.0162314
2501 350 0.00118514 0.0152091
950 107 0.00147006 0.0114649
657 92 0.00203476 0.0048886
4901 507 0.00146836 0.0181988
946 127 0.00027277 0.00294276
1098 132 0.000573565 0.00385693
1321 129 0.000753037 0.00587329
479 63 0.000798176 0.00219993
3708 412 0.00106952 0.0138686
974 124 0.00135328 0.00641666
3379 421 0.00169032 0.0182016
978 116 0.00196912 0.00399116
3991 431 0.00185126 0.0165774
785 108 0.000366898 0.00199536
1127 121 0.000442189 0.00510995
483 60 0.000478713 0.00149732
1301 129 0.000843385 0.00332385
4171 460 0.00117605 0.0160422
1071 122 0.000818559 0.00369855
3966 413 0.00103869 0.0144772
934 102 0.00174029 0.00292566
4022 429 0.00125601 0.014397
838 111 0.000730255 0.00501605
1006 106 0.000574211 0.00290737
1293 127 0.000768665 0.00316122
5463 691 0.000965248 0.0267948
985 115 0.00636004 0.0134296
3844 407 0.00108906 0.0202535
1061 118 0.0012741 0.00348996
2383 260 0.00103624 0.0130387
820 111 0.000769616 0.0046467
1074 118 0.000615106 0.00380528
294 36 0.000558303 0.00163062
1271 117 0.000865893 0.00419971
3743 627 0.00156541 0.0228211
3880 495 0.00356301 0.0256925
944 104 0.000668628 0.00407576
4593 482 0.00255728 0.0222386
669 87 0.000396667 0.00298277
1125 112 0.000521836 0.00575545
3166 342 0.0012196 0.0179607
2119 210 0.00134685 0.0152727
2784 366 0.00298591 0.013109
3523 346 0.00100393 0.0146608
791 103 0.000918684 0.00404278
1164 110 0.000913712 0.00281868
642 75 0.000674647 0.00297914
2963 301 0.000980958 0.0171442
950 109 0.00144196 0.0067873
2056 200 0.00202672 0.0085522
2421 291 0.00185171 0.0156992
862 103 0.000649565 0.00742374
1281 127 0.000894031 0.00501617
789 69 0.000589638 0.00231221
3388 387 0.00100844 0.018062
1002 103 0.00189635 0.00426082
2010 191 0.00117006 0.00702188
2339 296 0.0012664 0.0144828
810 99 0.000547145 0.013679
1458 134 0.00117057 0.00523622
1302 130 0.000534371 0.00465379
1230 110 0.000892316 0.0050787
695 80 0.00110626 0.00274313
4209 461 0.00156057 0.0217904
1154 145 0.000888983 0.00507897
2206 284 0.00168586 0.0143514
2495 309 0.00263325 0.0146942
659 99 0.000540081 0.00816251
1316 154 0.000922904 0.00473796
3105 313 0.000938903 0.00998031
1378 132 0.00139022 0.00775782
1024 111 0.000998151 0.00315806
665 70 0.00105829 0.00222479
2584 315 0.0014105 0.0155592
952 146 0.00185792 0.0071148
4743 522 0.00205446 0.0278978
951 98 0.000946111 0.00340168
3860 432 0.00173061 0.0215426
574 76 0.000230558 0.00160515
1267 142 0.000483987 0.00274218
3026 317 0.000746202 0.011093
1248 123 0.00131474 0.00402188
1007 111 0.000964594 0.00424126
667 73 0.00103414 0.00290585
2966 260 0.00204407 0.0118247
4492 539 0.0026617 0.0194466
3225 326 0.00265605 0.0160009
2971 312 0.00187938 0.013065
1340 140 0.000683151 0.00495899
2621 290 0.00054055 0.00830617
1186 113 0.000676272 0.00350338
1286 125 0.000863013 0.00369424
689 67 0.000900303 0.00158622
640 99 0.000722222 0.00366981
1719 220 0.000871347 0.00645184
1232 155 0.00125014 0.00576896
1825 213 0.00124967 0.00608831
759 105 0.00119269 0.00244408
3579 371 0.00163225 0.0129126
3515 341 0.000860721 0.0114572
1678 197 0.000530373 0.00578108
1096 122 0.000686822 0.00406998
1134 102 0.000743611 0.00364017
1172 128 0.0010249 0.00329404
849 87 0.0010261 0.00295743
4238 428 0.00134736 0.0143646
745 73 0.00148613 0.00550723
5150 537 0.0020501 0.0246153
1035 120 0.00164429 0.00691667
4075 460 0.00298258 0.0210979
2663 296 0.000540025 0.00966225
1444 151 0.000623656 0.00659107
1183 126 0.000854873 0.0056235
1365 146 0.00127727 0.00532614
734 77 0.000660667 0.00182404
1212 125 0.000783749 0.00353055
3374 371 0.00155546 0.015145
981 146 0.00202197 0.00579692
2909 252 0.00202939 0.0097635
1070 102 0.00154008 0.00375146
920 117 0.00163581 0.00398568
3912 432 0.00232747 0.0191887
2625 300 0.000892223 0.0144325
1131 108 0.000876015 0.00476361
1317 138 0.000662555 0.00463523
1187 114 0.000758872 0.00436873
643 72 0.000819777 0.00240982
1322 141 0.00103776 0.00481522
3551 405 0.00134839 0.0134961
954 94 0.00153716 0.00917553
966 115 0.00158841 0.00444448
2927 437 0.00152528 0.0137855
881 108 0.00261447 0.0120637
4650 529 0.00165299 0.0257855
2600 286 0.000505682 0.00658742
1267 129 0.000511253 0.00391361
1206 123 0.0006263 0.0033048
651 72 0.000685189 0.00232784
1265 139 0.000855751 0.00425783
3721 398 0.00146288 0.0114076
828 77 0.00122453 0.00237075
982 110 0.00125663 0.00577324
3078 321 0.00177116 0.00803262
838 110 0.00154916 0.00301948
624 63 0.00157088 0.00191259
2652 306 0.000543737 0.00857651
1091 113 0.000790494 0.00479754
1338 145 0.000823928 0.00605594
1144 106 0.00105083 0.00374109
691 75 0.00108535 0.00253369
1276 137 0.00111336 0.00393881
724 76 0.00118999 0.00246234
3831 380 0.00173931 0.0117404
5813 673 0.00225534 0.0265287
2984 285 0.00307129 0.0144174
742 87 0.00307774 0.00411399
2791 341 0.00190183 0.0174255
1847 197 0.00259844 0.00734462
1336 146 0.000763253 0.00563981
1132 111 0.00108731 0.00641268
502 52 0.000823366 0.00223471
644 66 0.000846265 0.00252247
1259 136 0.000853381 0.00382273
1673 227 0.00105358 0.010537
1645 224 0.00196415 0.0148775
3066 306 0.0028182 0.0132358
2435 322 0.00220636 0.0156696
434 60 0.00101256 0.0108547
1251 121 0.000778565 0.00932267
1662 181 0.000874679 0.00612238
572 57 0.000678445 0.00376753
4326 501 0.00143544 0.021054
5383 659 0.00248235 0.0261386
1098 127 0.00151311 0.00511718
4196 445 0.0025743 0.0173895
1279 118 0.000398822 0.00390685
1679 182 0.000680061 0.0071879
1317 137 0.00101688 0.00959013
452 63 0.000911059 0.00317628
581 66 0.00102167 0.00229746
3276 275 0.00134966 0.0109671
2391 389 0.00199922 0.0182885
923 110 0.00200852 0.00393495
4460 503 0.00312048 0.023354
5155 718 0.00123956 0.0262167
1946 200 0.000946856 0.00995085
458 58 0.000927023 0.00249182
1135 108 0.000731704 0.00403911
609 67 0.000803312 0.00378098
4621 533 0.00135311 0.0266764
5276 600 0.00175681 0.0319502
998 113 0.00157204 0.00273738
3328 440 0.001835 0.0172701
1907 206 0.000578802 0.012214
478 56 0.000701684 0.00197293
1138 112 0.000675141 0.00371443
573 63 0.00073501 0.00210385
3403 388 0.001464 0.0135335
3754 452 0.00315759 0.0212907
899 119 0.00174646 0.00750589
4089 445 0.00283994 0.0183176
1915 197 0.000393957 0.00471858
1166 110 0.000546876 0.0047115
477 47 0.000714462 0.00187712
765 80 0.000999457 0.00372315
2460 277 0.0015661 0.01344
4529 508 0.00217701 0.0220467
2740 347 0.00183716 0.0149742
1948 199 0.000555404 0.00648148
1011 99 0.000516283 0.00343724
259 28 0.000642222 0.0015021
651 68 0.000863333 0.00268528
2892 321 0.00125782 0.00975229
5318 625 0.00194308 0.0188866
2558 281 0.00163586 0.0111096
1164 103 0.000445689 0.00437725
283 30 0.000480553 0.00157454
1214 116 0.000755302 0.00538177
1328 133 0.000852744 0.00641023
1495 144 0.000978469 0.00586147
549 63 0.00108344 0.00245272
1442 149 0.00158906 0.00590879
2240 277 0.00135507 0.0103289
710 98 0.00158072 0.00458008
4944 607 0.00159294 0.0244861
2729 303 0.00126808 0.0102417
1246 126 0.000340967 0.00518847
1180 116 0.00069596 0.00533934
439 47 0.00075755 0.0023372
681 73 0.000531346 0.00195031
1458 164 0.00069744 0.00519836
2663 405 0.00090639 0.0135882
3061 395 0.00301171 0.0186938
2606 300 0.00109828 0.0116289
455 49 0.000201038 0.00232883
1292 129 0.000763873 0.00539362
1185 113 0.000466154 0.00244127
2357 233 0.000792414 0.00619545
734 77 0.000848289 0.00341506
1434 160 0.0013986 0.00498952
2380 299 0.00196116 0.0136902
4710 547 0.00245222 0.0211037
2541 285 0.00136911 0.00720006
6664 646 0.00204437 0.0235773
2037 182 0.000491856 0.0055938
3112 391 0.000958614 0.0172967
1341 148 0.00151875 0.0102501
5657 702 0.00132162 0.0341483
1473 166 0.00128119 0.00731566
545 60 0.00124586 0.0135816
6748 699 0.00148138 0.0248587
2024 192 0.00101109 0.00839971
1195 148 0.00105462 0.00541896
2433 365 0.00133653 0.0143147
4542 554 0.00223219 0.0220442
1541 171 0.00154915 0.00660653
574 65 0.00112129 0.00297421
6982 745 0.00108271 0.0298526
2063 192 0.000435513 0.00691408
905 104 0.000641351 0.00359748
2215 246 0.000627338 0.00719196
4372 496 0.000802637 0.022852
1436 158 0.000982795 0.00527251
562 56 0.000775431 0.00203752
