obj_search:
  camera_z: 1.7
  ceiling_z: 2.27
  floor_z: 0
  object_query: {K: 5}
  processed_data_dir: /home/michal/Downloads/pcddata/processed/
  raw_data_dir: /media/michal/Pauli/masterdata/raw/
object_query: {K: 10, cluster_maxsize: 500, cluster_minsize: 12, cluster_tolerance: 0.2,
  clusters_to_results: true, extract_mult: 1.3, match: nonPlanes<shotcolor_iss, n_max_points: 400,
  output_dir: 'NULL', query_features: '/home/michal/Downloads/pcddata/processed/query/queryobjects/0,01/backpack2/features/rgb_0003_label_backpack2<shotcolor_iss_2015-05-26_14-58-44.pcd',
  results_out: '/home/michal/Downloads/pcddata/processed/query/k10_mx400_t0,2/dt0,02_mp8000_pp0,001',
  subdirs: 4, target_features: '/home/michal/Downloads/pcddata/processed/paramtest/dt0,02_mp8000_pp0,001',
  x_step_hough: 0.05, y_step_hough: 0.05, z_step_hough: 0.05}
rosdistro: 'indigo

  '
roslaunch:
  uris: {host_tycho__33053: 'http://tycho:33053/'}
rosversion: '1.11.10

  '
run_id: abc261ac-0795-11e5-9729-3c970e77227e
BEGIN_DATA
# fname t_query t_hough t_cluster cluster_n cluster_scores cluster_points cluster_inobb n_hough_tot nonzero_hough hough_votes boxpts boxvotes maxpts maxvotes maxboxpts maxboxvotes hough_hist box_hist max_hist boxmax_hist
/home/michal/Downloads/pcddata/processed/paramtest/dt0,02_mp8000_pp0,001/annotated/rares/20140820/patrol_run_2/room_1/features/nonPlanes<shotcolor_iss_2015-05-22_01-49-45.pcd 2.51182 0.00190737 0.0019797 10 94,81,61,50,50,41,39,36,26,16 39,41,35,29,25,23,29,23,12,15 1,0,0,0,0,0,0,0,0,0 386100 383 630 37 92 383 630 37 92 385717,245,81,30,15,5,4,2,0,0,1 0,11,12,6,4,2,1,1,0,0,0 0,245,81,30,15,5,4,2,0,0,1 0,11,12,6,4,2,1,1,0,0,0
/home/michal/Downloads/pcddata/processed/paramtest/dt0,02_mp8000_pp0,001/annotated/rares/20140820/patrol_run_4/room_0/features/nonPlanes<shotcolor_iss_2015-05-22_01-49-47.pcd 3.22487 0.000708746 0.00248348 7 151,107,67,62,40,28,20 59,52,39,31,21,14,13 0,0,1,0,0,0,0 413127 357 630 32 60 357 630 32 60 412770,225,63,33,23,4,2,3,1,3 0,14,10,6,2,0,0,0,0,0 0,225,63,33,23,4,2,3,1,3 0,14,10,6,2,0,0,0,0,0
/home/michal/Downloads/pcddata/processed/paramtest/dt0,02_mp8000_pp0,001/annotated/rares/20140828/patrol_run_19/room_3/features/nonPlanes<shotcolor_iss_2015-05-22_01-49-48.pcd 2.41492 0.000693531 0.00285117 7 191,133,45,43,21,19,16 99,64,23,22,14,14,14 0,0,0,0,0,0,0 400554 372 630 29 59 372 630 29 59 400182,229,82,32,20,2,3,2,0,1,1 0,14,8,4,2,0,0,0,0,1,0 0,229,82,32,20,2,3,2,0,1,1 0,14,8,4,2,0,0,0,0,1,0
/home/michal/Downloads/pcddata/processed/paramtest/dt0,02_mp8000_pp0,001/annotated/rares/20140829/patrol_run_20/room_3/features/nonPlanes<shotcolor_iss_2015-05-22_01-49-50.pcd 2.41465 0.00086516 0.00166597 8 122,94,86,74,50,35,30,14 45,42,36,36,13,17,29,12 0,1,0,0,0,0,0,0 394284 327 630 33 76 327 630 33 76 393957,197,52,35,18,14,4,2,2,2,1 0,13,6,8,3,3,0,0,0,0,0 0,197,52,35,18,14,4,2,2,2,1 0,13,6,8,3,3,0,0,0,0,0
/home/michal/Downloads/pcddata/processed/paramtest/dt0,02_mp8000_pp0,001/annotated/rares/20140829/patrol_run_26/room_2/features/nonPlanes<shotcolor_iss_2015-05-22_01-49-52.pcd 2.29555 0.000765845 0.0024778 8 152,87,79,52,43,38,32,23 41,37,57,19,20,18,13,13 0,1,0,0,0,0,0,0 393822 331 630 30 79 331 630 30 79 393491,204,50,42,19,3,3,2,3,1,2,0,2 0,8,8,8,3,1,1,0,1,0,0,0,0 0,204,50,42,19,3,3,2,3,1,2,0,2 0,8,8,8,3,1,1,0,1,0,0,0,0
/home/michal/Downloads/pcddata/processed/paramtest/dt0,02_mp8000_pp0,001/annotated/rares/20140901/patrol_run_27/room_2/features/nonPlanes<shotcolor_iss_2015-05-22_01-49-52.pcd 2.27128 0.00114414 0.00179913 5 152,126,107,60,30 88,43,50,29,13 0,0,1,0,0 371910 344 630 30 68 344 630 30 68 371566,193,81,39,14,7,7,1,0,2 0,12,9,4,1,2,2,0,0,0 0,193,81,39,14,7,7,1,0,2 0,12,9,4,1,2,2,0,0,0
/home/michal/Downloads/pcddata/processed/paramtest/dt0,02_mp8000_pp0,001/annotated/rares/20140901/patrol_run_31/room_2/features/nonPlanes<shotcolor_iss_2015-05-22_01-49-53.pcd 2.1352 0.000717876 0.00141698 4 262,113,62,36 77,29,27,17 0,0,0,1 408408 277 630 13 32 277 630 13 32 408131,169,40,21,18,8,4,4,3,0,3,3,0,0,1,1,1,0,0,0,0,0,1 0,7,1,2,1,1,0,0,1,0,0,0,0,0,0,0,0,0,0,0,0,0,0 0,169,40,21,18,8,4,4,3,0,3,3,0,0,1,1,1,0,0,0,0,0,1 0,7,1,2,1,1,0,0,1,0,0,0,0,0,0,0,0,0,0,0,0,0,0
/home/michal/Downloads/pcddata/processed/paramtest/dt0,02_mp8000_pp0,001/annotated/rares/20140901/patrol_run_32/room_2/features/nonPlanes<shotcolor_iss_2015-05-22_01-49-54.pcd 2.34329 0.000713446 0.00125698 9 159,90,54,51,35,30,27,18,14 48,17,29,13,20,17,12,16,14 1,0,0,0,0,0,0,0,0 392704 282 630 28 107 282 630 28 107 392422,168,51,22,9,7,3,7,2,5,3,2,0,0,2,1 0,5,7,6,0,3,1,3,1,1,0,1,0,0,0,0 0,168,51,22,9,7,3,7,2,5,3,2,0,0,2,1 0,5,7,6,0,3,1,3,1,1,0,1,0,0,0,0
/home/michal/Downloads/pcddata/processed/paramtest/dt0,02_mp8000_pp0,001/annotated/rares/20140901/patrol_run_33/room_1/features/nonPlanes<shotcolor_iss_2015-05-22_01-49-56.pcd 2.19686 0.000706444 0.00212665 5 56,39,33,18,13 42,33,27,15,12 -1 399960 511 630 -1 -1 400 519 -1 -1 399449,426,57,23,4,1 -1 0,315,57,23,4,1 -1
/home/michal/Downloads/pcddata/processed/paramtest/dt0,02_mp8000_pp0,001/annotated/rares/20140902/patrol_run_35/room_2/features/nonPlanes<shotcolor_iss_2015-05-22_01-49-57.pcd 2.14994 0.000678774 0.00332007 7 113,110,109,52,44,23,16 50,49,56,32,31,14,14 0,0,0,1,0,0,0 378972 355 630 28 47 355 630 28 47 378617,210,77,33,22,6,3,2,1,1 0,16,7,3,2,0,0,0,0,0 0,210,77,33,22,6,3,2,1,1 0,16,7,3,2,0,0,0,0,0
/home/michal/Downloads/pcddata/processed/paramtest/dt0,02_mp8000_pp0,001/annotated/rares/20140902/patrol_run_38/room_0/features/nonPlanes<shotcolor_iss_2015-05-22_01-49-59.pcd 2.38286 0.000722633 0.00123731 5 146,111,34,29,24 44,38,12,19,13 0,0,0,1,0 420420 281 630 16 26 281 630 16 26 420139,172,52,14,12,10,5,3,4,1,2,3,1,0,0,0,0,0,0,0,0,0,0,0,0,0,0,0,1,1 0,9,5,1,1,0,0,0,0,0,0,0,0,0,0,0,0,0,0,0,0,0,0,0,0,0,0,0,0,0 0,172,52,14,12,10,5,3,4,1,2,3,1,0,0,0,0,0,0,0,0,0,0,0,0,0,0,0,1,1 0,9,5,1,1,0,0,0,0,0,0,0,0,0,0,0,0,0,0,0,0,0,0,0,0,0,0,0,0,0
/home/michal/Downloads/pcddata/processed/paramtest/dt0,02_mp8000_pp0,001/annotated/rares/20140903/patrol_run_1/room_4/features/nonPlanes<shotcolor_iss_2015-05-22_01-50-00.pcd 2.42729 0.000692669 0.00140886 5 159,118,41,35,28 28,45,17,20,12 0,1,0,0,0 418077 304 630 36 104 304 630 36 104 417773,183,57,28,10,5,6,5,1,5,0,1,0,1,0,0,0,0,2 0,10,11,5,3,2,3,0,1,1,0,0,0,0,0,0,0,0,0 0,183,57,28,10,5,6,5,1,5,0,1,0,1,0,0,0,0,2 0,10,11,5,3,2,3,0,1,1,0,0,0,0,0,0,0,0,0
/home/michal/Downloads/pcddata/processed/paramtest/dt0,02_mp8000_pp0,001/annotated/rares/20140903/patrol_run_10/room_2/features/nonPlanes<shotcolor_iss_2015-05-22_01-50-01.pcd 2.17806 0.000952237 0.00121063 6 229,94,60,34,19,19 44,18,15,24,14,14 0,0,0,0,0,0 401082 259 630 9 17 259 630 9 17 400823,163,37,14,8,7,6,6,2,3,3,3,3,1,1,0,1,0,0,0,0,1 0,5,3,0,0,0,1,0,0,0,0,0,0,0,0,0,0,0,0,0,0,0 0,163,37,14,8,7,6,6,2,3,3,3,3,1,1,0,1,0,0,0,0,1 0,5,3,0,0,0,1,0,0,0,0,0,0,0,0,0,0,0,0,0,0,0
/home/michal/Downloads/pcddata/processed/paramtest/dt0,02_mp8000_pp0,001/annotated/rares/20140903/patrol_run_12/room_2/features/nonPlanes<shotcolor_iss_2015-05-22_01-50-02.pcd 2.42359 0.000636886 0.00143815 5 187,94,71,32,16 82,27,20,12,12 0,0,0,0,0 393294 297 630 34 122 297 630 34 122 392997,172,62,23,15,4,7,6,0,1,2,3,0,0,0,0,0,1,0,0,0,0,1 0,12,8,5,2,2,2,0,0,0,1,0,0,0,0,0,0,1,0,0,0,0,1 0,172,62,23,15,4,7,6,0,1,2,3,0,0,0,0,0,1,0,0,0,0,1 0,12,8,5,2,2,2,0,0,0,1,0,0,0,0,0,0,1,0,0,0,0,1
/home/michal/Downloads/pcddata/processed/paramtest/dt0,02_mp8000_pp0,001/annotated/rares/20140903/patrol_run_14/room_1/features/nonPlanes<shotcolor_iss_2015-05-22_01-50-04.pcd 2.63105 0.000743434 0.00223884 8 106,93,92,82,51,32,30,16 29,41,42,35,41,15,17,14 0,0,0,1,0,0,0,0 415800 339 630 29 67 339 630 29 67 415461,200,69,33,17,11,5,0,0,2,0,2 0,9,11,3,4,1,1,0,0,0,0,0 0,200,69,33,17,11,5,0,0,2,0,2 0,9,11,3,4,1,1,0,0,0,0,0
/home/michal/Downloads/pcddata/processed/paramtest/dt0,02_mp8000_pp0,001/annotated/rares/20140903/patrol_run_2/room_4/features/nonPlanes<shotcolor_iss_2015-05-22_01-50-05.pcd 2.36649 0.00065354 0.00239929 7 119,119,77,65,42,41,23 54,36,33,35,19,18,15 1,0,0,0,0,0,0 397188 334 630 36 90 334 630 36 90 396854,207,51,38,15,10,5,2,3,2,0,1 0,15,6,8,4,0,1,0,1,1,0,0 0,207,51,38,15,10,5,2,3,2,0,1 0,15,6,8,4,0,1,0,1,1,0,0
/home/michal/Downloads/pcddata/processed/paramtest/dt0,02_mp8000_pp0,001/annotated/rares/20140903/patrol_run_9/room_2/features/nonPlanes<shotcolor_iss_2015-05-22_01-50-07.pcd 2.4219 0.000529797 0.00195671 8 102,95,88,68,54,29,27,13 43,32,48,38,19,17,15,12 0,0,1,0,0,0,0,0 428340 341 630 27 63 341 630 27 63 427999,201,69,31,19,11,7,1,1,0,1 0,11,6,5,2,1,2,0,0,0,0 0,201,69,31,19,11,7,1,1,0,1 0,11,6,5,2,1,2,0,0,0,0
/home/michal/Downloads/pcddata/processed/paramtest/dt0,02_mp8000_pp0,001/annotated/rares/20140904/patrol_run_15/room_2/features/nonPlanes<shotcolor_iss_2015-05-22_01-50-08.pcd 2.7811 0.000687213 0.001574 8 179,127,52,30,29,27,27,15 59,66,21,13,17,16,12,13 0,1,0,0,0,0,0,0 382336 320 630 38 82 320 630 38 82 382016,186,63,30,18,8,6,3,2,0,1,3 0,21,6,6,1,1,0,2,1,0,0,0 0,186,63,30,18,8,6,3,2,0,1,3 0,21,6,6,1,1,0,2,1,0,0,0
/home/michal/Downloads/pcddata/processed/paramtest/dt0,02_mp8000_pp0,001/annotated/rares/20140905/patrol_run_17/room_2/features/nonPlanes<shotcolor_iss_2015-05-22_01-50-10.pcd 2.47455 0.000663116 0.00167171 7 130,87,70,54,53,48,45 55,42,26,25,36,29,20 1,0,0,0,0,0,0 404481 345 630 29 80 345 630 29 80 404136,220,62,25,13,10,5,5,3,0,2 0,12,6,4,1,3,0,1,1,0,1 0,220,62,25,13,10,5,5,3,0,2 0,12,6,4,1,3,0,1,1,0,1
/home/michal/Downloads/pcddata/processed/paramtest/dt0,02_mp8000_pp0,001/annotated/rares/20140905/patrol_run_19/room_1/features/nonPlanes<shotcolor_iss_2015-05-22_01-50-10.pcd 2.42263 0.00111229 0.00252866 6 172,153,77,45,33,16 70,65,43,23,16,15 0,1,0,0,0,0 388416 341 630 34 97 341 630 34 97 388075,211,59,37,11,9,8,2,2,1,0,0,0,0,1 0,11,7,7,3,2,2,0,1,1,0,0,0,0,0 0,211,59,37,11,9,8,2,2,1,0,0,0,0,1 0,11,7,7,3,2,2,0,1,1,0,0,0,0,0
/home/michal/Downloads/pcddata/processed/paramtest/dt0,02_mp8000_pp0,001/annotated/rares/20140905/patrol_run_21/room_2/features/nonPlanes<shotcolor_iss_2015-05-22_01-50-11.pcd 2.4991 0.00076664 0.00194417 7 197,110,100,39,23,19,15 82,59,50,20,13,13,13 0,1,0,0,0,0,0 401082 360 630 33 64 360 630 33 64 400722,212,86,32,13,8,6,2,1 0,15,10,5,1,2,0,0,0 0,212,86,32,13,8,6,2,1 0,15,10,5,1,2,0,0,0
/home/michal/Downloads/pcddata/processed/paramtest/dt0,02_mp8000_pp0,001/annotated/rares/20140905/patrol_run_23/room_2/features/nonPlanes<shotcolor_iss_2015-05-22_01-50-12.pcd 2.4697 0.0011621 0.00253136 5 168,120,92,75,26 76,55,52,50,15 0,0,1,0,0 392224 369 630 26 57 369 630 26 57 391855,229,83,26,15,7,4,3,1,1 0,7,13,3,2,0,0,1,0,0 0,229,83,26,15,7,4,3,1,1 0,7,13,3,2,0,0,1,0,0
/home/michal/Downloads/pcddata/processed/paramtest/dt0,02_mp8000_pp0,001/annotated/rares/20140905/patrol_run_25/room_1/features/nonPlanes<shotcolor_iss_2015-05-22_01-50-13.pcd 2.78686 0.000988901 0.00280251 5 170,124,86,74,21 71,49,43,51,15 0,0,1,0,0 397188 338 630 28 59 338 630 28 59 396850,188,84,31,19,7,3,1,2,2,0,1 0,10,12,4,1,0,0,0,0,1,0,0 0,188,84,31,19,7,3,1,2,2,0,1 0,10,12,4,1,0,0,0,0,1,0,0
/home/michal/Downloads/pcddata/processed/paramtest/dt0,02_mp8000_pp0,001/annotated/rares/20140905/patrol_run_27/room_2/features/nonPlanes<shotcolor_iss_2015-05-22_01-50-14.pcd 2.0131 0.00061084 0.00221223 7 156,133,103,43,42,20,15 79,70,60,22,24,16,13 0,0,1,0,0,0,0 409596 385 630 36 72 385 630 36 72 409211,252,68,33,21,9,1,0,1 0,17,8,6,4,1,0,0,0 0,252,68,33,21,9,1,0,1 0,17,8,6,4,1,0,0,0
/home/michal/Downloads/pcddata/processed/paramtest/dt0,02_mp8000_pp0,001/annotated/rares/20140905/patrol_run_29/room_2/features/nonPlanes<shotcolor_iss_2015-05-22_01-50-15.pcd 2.14431 0.00092065 0.00183228 7 209,91,59,59,27,25,21 76,43,40,32,12,19,14 0,1,0,0,0,0,0 383295 346 630 32 76 346 630 32 76 382949,193,92,29,17,5,4,3,1,0,2 0,10,12,3,4,1,2,0,0,0,0 0,193,92,29,17,5,4,3,1,0,2 0,10,12,3,4,1,2,0,0,0,0
/home/michal/Downloads/pcddata/processed/paramtest/dt0,02_mp8000_pp0,001/annotated/rares/20140905/patrol_run_30/room_1/features/nonPlanes<shotcolor_iss_2015-05-22_01-50-17.pcd 2.13394 0.000698142 0.00137668 6 192,149,68,46,41,19 78,33,25,25,13,14 0,0,0,1,0,0 382239 282 630 10 14 282 630 10 14 381957,166,46,22,18,6,6,6,5,1,1,2,0,0,1,1,1 0,7,2,1,0,0,0,0,0,0,0,0,0,0,0,0,0 0,166,46,22,18,6,6,6,5,1,1,2,0,0,1,1,1 0,7,2,1,0,0,0,0,0,0,0,0,0,0,0,0,0
/home/michal/Downloads/pcddata/processed/paramtest/dt0,02_mp8000_pp0,001/annotated/rares/20140905/patrol_run_30/room_7/features/nonPlanes<shotcolor_iss_2015-05-22_01-50-18.pcd 2.20751 0.000721385 0.0019476 6 100,97,81,78,50,48 55,37,50,48,32,30 0,0,0,1,0,0 381376 385 630 28 49 385 630 28 49 380991,242,91,26,13,8,3,0,0,2 0,14,9,3,2,0,0,0,0,0 0,242,91,26,13,8,3,0,0,2 0,14,9,3,2,0,0,0,0,0
/home/michal/Downloads/pcddata/processed/paramtest/dt0,02_mp8000_pp0,001/annotated/rares/20140908/patrol_run_32/room_2/features/nonPlanes<shotcolor_iss_2015-05-22_01-50-20.pcd 2.54772 0.000716242 0.00269104 5 186,148,110,39,28 82,59,63,26,14 1,0,0,0,0 404481 337 630 34 89 337 630 34 89 404144,203,68,27,15,10,9,0,3,0,1,0,1 0,13,11,2,1,2,3,0,2,0,0,0,0 0,203,68,27,15,10,9,0,3,0,1,0,1 0,13,11,2,1,2,3,0,2,0,0,0,0
/home/michal/Downloads/pcddata/processed/paramtest/dt0,02_mp8000_pp0,001/annotated/rares/20140908/patrol_run_34/room_2/features/nonPlanes<shotcolor_iss_2015-05-22_01-50-22.pcd 2.32105 0.000667562 0.00167948 9 117,108,51,46,45,44,40,29,28 65,51,18,13,20,21,26,17,16 0,1,0,0,0,0,0,0,0 404976 341 630 39 83 341 630 39 83 404635,210,66,30,10,10,7,1,5,1,1 0,19,9,5,1,3,2,0,0,0,0 0,210,66,30,10,10,7,1,5,1,1 0,19,9,5,1,3,2,0,0,0,0
/home/michal/Downloads/pcddata/processed/paramtest/dt0,02_mp8000_pp0,001/annotated/rares/20140908/patrol_run_36/room_3/features/nonPlanes<shotcolor_iss_2015-05-22_01-50-23.pcd 2.76316 0.000676787 0.00186944 8 102,101,93,65,55,40,33,16 57,55,49,34,31,18,21,14 1,0,0,0,0,0,0,0 369376 373 630 32 66 373 630 32 66 369003,223,86,34,17,13 0,15,7,6,1,3 0,223,86,34,17,13 0,15,7,6,1,3
/home/michal/Downloads/pcddata/processed/paramtest/dt0,02_mp8000_pp0,001/annotated/rares/20140908/patrol_run_38/room_2/features/nonPlanes<shotcolor_iss_2015-05-22_01-50-24.pcd 2.94504 0.000676499 0.00270983 8 107,101,91,61,59,58,29,19 57,61,40,30,39,32,17,13 0,1,0,0,0,0,0,0 406624 370 630 34 63 370 630 34 63 406254,215,95,36,11,8,3,1,1 0,18,10,3,2,0,0,0,1 0,215,95,36,11,8,3,1,1 0,18,10,3,2,0,0,0,1
/home/michal/Downloads/pcddata/processed/paramtest/dt0,02_mp8000_pp0,001/annotated/rares/20140908/patrol_run_39/room_3/features/nonPlanes<shotcolor_iss_2015-05-22_01-50-25.pcd 2.0961 0.00077247 0.00168293 9 151,130,56,42,33,33,25,23,15 69,46,25,15,24,15,14,17,13 -1 397188 330 630 -1 -1 330 630 -1 -1 396858,190,75,29,13,9,4,4,3,1,1,1 -1 0,190,75,29,13,9,4,4,3,1,1,1 -1
/home/michal/Downloads/pcddata/processed/paramtest/dt0,02_mp8000_pp0,001/annotated/rares/20140908/patrol_run_41/room_3/features/nonPlanes<shotcolor_iss_2015-05-22_01-50-26.pcd 2.20203 0.000640391 0.00276135 8 103,96,88,57,51,39,32,26 60,40,57,34,19,18,20,12 1,0,0,0,0,0,0,0 379456 367 630 35 69 367 630 35 69 379089,223,77,33,24,5,3,1,1 0,17,8,5,4,1,0,0,0 0,223,77,33,24,5,3,1,1 0,17,8,5,4,1,0,0,0
/home/michal/Downloads/pcddata/processed/paramtest/dt0,02_mp8000_pp0,001/annotated/rares/20140908/patrol_run_43/room_3/features/nonPlanes<shotcolor_iss_2015-05-22_01-50-27.pcd 2.45392 0.000716888 0.00168291 7 154,105,89,41,35,30,18 41,65,38,36,18,20,15 0,1,0,0,0,0,0 399960 338 630 38 71 338 630 38 71 399622,201,79,25,12,8,3,3,1,1,4,0,1 0,17,14,5,0,1,1,0,0,0,0,0,0 0,201,79,25,12,8,3,3,1,1,4,0,1 0,17,14,5,0,1,1,0,0,0,0,0,0
/home/michal/Downloads/pcddata/processed/paramtest/dt0,02_mp8000_pp0,001/annotated/rares/20140908/patrol_run_45/room_2/features/nonPlanes<shotcolor_iss_2015-05-22_01-50-28.pcd 2.37843 0.000817131 0.00211597 8 130,105,81,70,51,40,28,16 56,28,37,34,38,23,14,13 0,0,0,0,0,1,0,0 388773 325 630 17 28 325 630 17 28 388448,183,69,33,17,11,5,3,1,2,1 0,9,6,1,1,0,0,0,0,0,0 0,183,69,33,17,11,5,3,1,2,1 0,9,6,1,1,0,0,0,0,0,0
/home/michal/Downloads/pcddata/processed/paramtest/dt0,02_mp8000_pp0,001/annotated/rares/20140908/patrol_run_47/room_3/features/nonPlanes<shotcolor_iss_2015-05-22_01-50-30.pcd 2.33838 0.000699425 0.00191997 7 145,102,73,64,44,43,37 53,56,31,39,22,21,23 0,0,0,1,0,0,0 395307 352 630 30 49 352 630 30 49 394955,202,72,48,21,2,6,0,0,0,1 0,16,9,5,0,0,0,0,0,0,0 0,202,72,48,21,2,6,0,0,0,1 0,16,9,5,0,0,0,0,0,0,0
/home/michal/Downloads/pcddata/processed/paramtest/dt0,02_mp8000_pp0,001/annotated/rares/20140909/patrol_run_49/room_3/features/nonPlanes<shotcolor_iss_2015-05-22_01-50-32.pcd 2.28569 0.000730508 0.00192904 6 123,110,105,93,19,17 42,47,59,50,13,13 0,1,0,0,0,0 434511 340 630 32 85 340 630 32 85 434171,190,85,28,19,10,2,3,2,0,0,1 0,8,12,5,3,3,0,0,0,0,0,1 0,190,85,28,19,10,2,3,2,0,0,1 0,8,12,5,3,3,0,0,0,0,0,1
/home/michal/Downloads/pcddata/processed/paramtest/dt0,02_mp8000_pp0,001/annotated/rares/20140909/patrol_run_51/room_3/features/nonPlanes<shotcolor_iss_2015-05-22_01-50-32.pcd 2.78351 0.00122634 0.00271193 8 152,94,90,81,45,21,17,16 73,50,52,38,24,14,15,12 0,1,0,0,0,0,0,0 698841 367 630 38 74 367 630 38 74 698474,226,76,34,10,17,3,1 0,20,8,6,0,4,0,0 0,226,76,34,10,17,3,1 0,20,8,6,0,4,0,0
/home/michal/Downloads/pcddata/processed/paramtest/dt0,02_mp8000_pp0,001/annotated/rares/20140909/patrol_run_53/room_3/features/nonPlanes<shotcolor_iss_2015-05-22_01-50-34.pcd 2.23981 0.00112309 0.00266408 8 108,91,74,48,46,33,19,13 52,43,44,20,31,20,12,12 0,0,1,0,0,0,0,0 404481 374 630 28 55 374 630 28 55 404107,221,85,44,18,3,2,0,1 0,9,11,8,0,0,0,0,0 0,221,85,44,18,3,2,0,1 0,9,11,8,0,0,0,0,0
/home/michal/Downloads/pcddata/processed/paramtest/dt0,02_mp8000_pp0,001/annotated/rares/20140909/patrol_run_55/room_3/features/nonPlanes<shotcolor_iss_2015-05-22_01-50-35.pcd 2.54826 0.000755822 0.00275827 8 141,101,90,48,34,26,18,14 51,53,48,28,18,14,14,12 0,1,0,0,0,0,0,0 421344 366 630 40 77 366 630 40 77 420978,227,78,27,19,7,3,3,2 0,20,10,3,7,0,0,0,0 0,227,78,27,19,7,3,3,2 0,20,10,3,7,0,0,0,0
/home/michal/Downloads/pcddata/processed/paramtest/dt0,02_mp8000_pp0,001/annotated/rares/20140909/patrol_run_59/room_3/features/nonPlanes<shotcolor_iss_2015-05-22_01-50-36.pcd 2.37556 0.000859193 0.0025317 9 103,88,86,49,42,41,37,34,28 61,36,58,31,25,18,26,18,16 0,0,1,0,0,0,0,0,0 432300 389 630 32 52 389 630 32 52 431911,243,91,33,14,4,1,1,1,1 0,17,11,3,1,0,0,0,0,0 0,243,91,33,14,4,1,1,1,1 0,17,11,3,1,0,0,0,0,0
/home/michal/Downloads/pcddata/processed/paramtest/dt0,02_mp8000_pp0,001/annotated/rares/20140909/patrol_run_61/room_3/features/nonPlanes<shotcolor_iss_2015-05-22_01-50-38.pcd 2.39112 0.000714532 0.00200886 8 142,63,62,61,43,22,22,22 62,31,21,24,18,15,15,14 1,0,0,0,0,0,0,0 430122 325 630 48 121 325 630 48 121 429797,180,81,25,17,12,3,3,1,0,2,0,0,0,0,0,0,0,1 0,16,15,6,4,5,1,0,0,0,1,0,0,0,0,0,0,0,0 0,180,81,25,17,12,3,3,1,0,2,0,0,0,0,0,0,0,1 0,16,15,6,4,5,1,0,0,0,1,0,0,0,0,0,0,0,0
/home/michal/Downloads/pcddata/processed/paramtest/dt0,02_mp8000_pp0,001/annotated/rares/20140909/patrol_run_63/room_3/features/nonPlanes<shotcolor_iss_2015-05-22_01-50-40.pcd 2.31538 0.000785259 0.00176836 11 73,60,40,32,30,23,22,21,20,19,14 43,48,31,23,28,15,18,16,15,14,12 0,0,0,0,0,0,0,0,0,0,0 391314 491 630 16 24 400 539 16 24 390823,385,79,23,3,0,1 0,13,1,1,0,0,1 0,294,79,23,3,0,1 0,13,1,1,0,0,1
/home/michal/Downloads/pcddata/processed/paramtest/dt0,02_mp8000_pp0,001/annotated/rares/20140910/patrol_run_67/room_3/features/nonPlanes<shotcolor_iss_2015-05-22_01-50-41.pcd 2.35309 0.000742509 0.00182487 8 115,100,68,47,47,46,33,25 52,60,32,27,19,28,15,16 0,1,0,0,0,0,0,0 460647 370 630 46 83 370 630 46 83 460277,225,89,21,19,10,4,2 0,26,11,4,2,3,0,0 0,225,89,21,19,10,4,2 0,26,11,4,2,3,0,0
/home/michal/Downloads/pcddata/processed/paramtest/dt0,02_mp8000_pp0,001/annotated/rares/20140910/patrol_run_69/room_3/features/nonPlanes<shotcolor_iss_2015-05-22_01-50-43.pcd 2.16281 0.000712437 0.00203001 6 133,83,66,57,45,30 57,33,29,26,19,18 1,0,0,0,0,0 382239 330 630 41 104 330 630 41 104 381909,191,57,41,23,7,3,7,1 0,16,6,10,4,2,1,2,0 0,191,57,41,23,7,3,7,1 0,16,6,10,4,2,1,2,0
/home/michal/Downloads/pcddata/processed/paramtest/dt0,02_mp8000_pp0,001/annotated/rares/20140910/patrol_run_71/room_3/features/nonPlanes<shotcolor_iss_2015-05-22_01-50-44.pcd 2.3126 0.000790557 0.00183681 8 130,84,63,54,50,49,22,18 59,46,21,26,25,24,16,14 1,0,0,0,0,0,0,0 472461 357 630 40 104 357 630 40 104 472104,208,83,37,15,5,5,2,2 0,14,10,7,3,2,2,1,1 0,208,83,37,15,5,5,2,2 0,14,10,7,3,2,2,1,1
/home/michal/Downloads/pcddata/processed/paramtest/dt0,02_mp8000_pp0,001/annotated/rares/20140910/patrol_run_74/room_3/features/nonPlanes<shotcolor_iss_2015-05-22_01-50-45.pcd 2.2854 0.00107828 0.00175001 6 169,107,106,64,48,31 85,52,47,28,24,15 0,1,0,0,0,0 426888 338 630 27 69 338 630 27 69 426550,198,70,31,19,9,6,0,3,2 0,9,7,4,4,2,0,0,1,0 0,198,70,31,19,9,6,0,3,2 0,9,7,4,4,2,0,0,1,0
/home/michal/Downloads/pcddata/processed/paramtest/dt0,02_mp8000_pp0,001/annotated/rares/20140910/patrol_run_77/room_4/features/nonPlanes<shotcolor_iss_2015-05-22_01-50-46.pcd 2.17659 0.000675125 0.00165306 8 105,79,74,69,66,60,41,23 30,45,47,23,21,43,21,16 0,0,0,0,0,1,0,0 392700 334 630 19 30 334 630 19 30 392366,196,74,30,12,4,5,7,5,1 0,12,4,2,1,0,0,0,0,0 0,196,74,30,12,4,5,7,5,1 0,12,4,2,1,0,0,0,0,0
/home/michal/Downloads/pcddata/processed/paramtest/dt0,02_mp8000_pp0,001/annotated/rares/20140910/patrol_run_79/room_2/features/nonPlanes<shotcolor_iss_2015-05-22_01-50-48.pcd 2.32842 0.000637023 0.00162351 6 155,88,85,30,25,21 45,14,30,20,14,14 0,0,0,0,0,0 393294 283 630 4 4 283 630 4 4 393011,177,43,21,12,5,7,2,4,2,4,2,1,0,1,0,1,0,0,0,0,1 0,4,0,0,0,0,0,0,0,0,0,0,0,0,0,0,0,0,0,0,0,0 0,177,43,21,12,5,7,2,4,2,4,2,1,0,1,0,1,0,0,0,0,1 0,4,0,0,0,0,0,0,0,0,0,0,0,0,0,0,0,0,0,0,0,0
/home/michal/Downloads/pcddata/processed/paramtest/dt0,02_mp8000_pp0,001/annotated/rares/20140910/patrol_run_81/room_2/features/nonPlanes<shotcolor_iss_2015-05-22_01-50-49.pcd 3.2562 0.000666661 0.00256951 6 94,42,40,39,34,20 71,27,30,27,22,20 0,0,1,0,0,0 377600 507 630 13 17 400 523 12 16 377093,409,77,18,2,1 0,10,2,1,0,0 0,302,77,18,2,1 0,9,2,1,0,0
/home/michal/Downloads/pcddata/processed/paramtest/dt0,02_mp8000_pp0,001/annotated/rares/20140911/patrol_run_82/room_3/features/nonPlanes<shotcolor_iss_2015-05-22_01-50-50.pcd 2.54984 0.000731678 0.00193545 8 116,99,70,69,51,34,19,18 75,33,25,46,26,20,17,13 0,0,0,1,0,0,0,0 449592 386 630 30 49 386 630 30 49 449206,247,90,26,6,8,4,3,2 0,16,10,3,1,0,0,0,0 0,247,90,26,6,8,4,3,2 0,16,10,3,1,0,0,0,0
/home/michal/Downloads/pcddata/processed/paramtest/dt0,02_mp8000_pp0,001/annotated/rares/20140911/patrol_run_84/room_3/features/nonPlanes<shotcolor_iss_2015-05-22_01-50-52.pcd 2.51169 0.000504877 0.0016306 7 166,90,65,48,44,31,26 68,48,25,24,22,19,16 0,0,0,0,0,0,0 388773 349 630 24 55 349 630 24 55 388424,204,78,34,20,4,2,4,1,1,0,1 0,14,3,3,2,0,0,1,0,0,0,1 0,204,78,34,20,4,2,4,1,1,0,1 0,14,3,3,2,0,0,1,0,0,0,1
/home/michal/Downloads/pcddata/processed/paramtest/dt0,02_mp8000_pp0,001/annotated/rares/20140911/patrol_run_88/room_3/features/nonPlanes<shotcolor_iss_2015-05-22_01-50-54.pcd 2.22385 0.000683031 0.00220819 8 136,77,71,69,54,43,35,22 59,45,46,46,36,22,18,12 0,1,0,0,0,0,0,0 393294 386 630 26 51 386 630 26 51 392908,242,91,27,16,5,1,3,0,1 0,11,7,6,2,0,0,0,0,0 0,242,91,27,16,5,1,3,0,1 0,11,7,6,2,0,0,0,0,0
/home/michal/Downloads/pcddata/processed/paramtest/dt0,02_mp8000_pp0,001/annotated/rares/20140911/patrol_run_90/room_3/features/nonPlanes<shotcolor_iss_2015-05-22_01-50-55.pcd 2.38088 0.000625584 0.00212334 7 116,112,80,70,24,22,21 50,62,51,46,13,15,16 0,0,0,1,0,0,0 393822 383 630 32 47 383 630 32 47 393439,234,94,32,11,6,5,0,1 0,17,15,0,0,0,0,0,0 0,234,94,32,11,6,5,0,1 0,17,15,0,0,0,0,0,0
/home/michal/Downloads/pcddata/processed/paramtest/dt0,02_mp8000_pp0,001/annotated/rares/20140911/patrol_run_92/room_3/features/nonPlanes<shotcolor_iss_2015-05-22_01-50-57.pcd 2.73649 0.000708144 0.00193481 7 110,80,77,72,51,43,16 52,40,46,39,21,22,12 0,0,1,0,0,0,0 396032 368 630 35 63 368 630 35 63 395664,222,83,35,17,5,3,0,1,2 0,18,10,4,2,1,0,0,0,0 0,222,83,35,17,5,3,0,1,2 0,18,10,4,2,1,0,0,0,0
/home/michal/Downloads/pcddata/processed/paramtest/dt0,02_mp8000_pp0,001/annotated/rares/20140912/patrol_run_100/room_3/features/nonPlanes<shotcolor_iss_2015-05-22_01-50-58.pcd 2.34523 0.000643464 0.00232539 9 103,85,69,67,56,34,32,25,17 59,43,31,38,25,25,26,17,12 0,0,0,1,0,0,0,0,0 369376 385 630 25 47 385 630 25 47 368991,250,81,22,17,9,4,1,1 0,13,6,3,2,1,0,0,0 0,250,81,22,17,9,4,1,1 0,13,6,3,2,1,0,0,0
/home/michal/Downloads/pcddata/processed/paramtest/dt0,02_mp8000_pp0,001/annotated/rares/20140912/patrol_run_102/room_3/features/nonPlanes<shotcolor_iss_2015-05-22_01-51-00.pcd 2.81716 0.000806207 0.00290058 7 122,121,94,68,37,24,19 58,61,55,44,15,13,14 0,0,1,0,0,0,0 441664 386 630 30 58 386 630 30 58 441278,243,83,37,14,4,4,0,0,0,1 0,11,11,7,1,0,0,0,0,0,0 0,243,83,37,14,4,4,0,0,0,1 0,11,11,7,1,0,0,0,0,0,0
/home/michal/Downloads/pcddata/processed/paramtest/dt0,02_mp8000_pp0,001/annotated/rares/20140912/patrol_run_104/room_3/features/nonPlanes<shotcolor_iss_2015-05-22_01-51-02.pcd 2.51692 0.000773987 0.00195833 7 136,116,91,87,40,25,14 66,67,51,63,32,15,12 0,0,0,0,0,0,0 386496 402 630 28 39 400 628 28 39 386094,274,74,32,13,6,0,0,1,1,0,0,0,1 0,20,6,1,1,0,0,0,0,0,0,0,0,0 0,272,74,32,13,6,0,0,1,1,0,0,0,1 0,20,6,1,1,0,0,0,0,0,0,0,0,0
/home/michal/Downloads/pcddata/processed/paramtest/dt0,02_mp8000_pp0,001/annotated/rares/20140912/patrol_run_94/room_3/features/nonPlanes<shotcolor_iss_2015-05-22_01-51-03.pcd 2.51048 0.000736105 0.00191313 7 117,97,85,58,55,17,16 50,65,45,35,35,12,14 0,1,0,0,0,0,0 431244 385 630 33 61 385 630 33 61 430859,240,84,35,15,9,2 0,15,11,5,1,1,0 0,240,84,35,15,9,2 0,15,11,5,1,1,0
/home/michal/Downloads/pcddata/processed/paramtest/dt0,02_mp8000_pp0,001/annotated/rares/20140912/patrol_run_96/room_2/features/nonPlanes<shotcolor_iss_2015-05-22_01-51-04.pcd 2.3613 0.00121986 0.00191689 9 108,93,81,61,49,21,19,15,15 61,46,48,33,26,17,14,13,13 0,0,1,0,0,0,0,0,0 375144 397 630 29 55 397 630 29 55 374747,256,89,31,11,6,1,2,0,1 0,15,10,2,0,1,0,0,0,1 0,256,89,31,11,6,1,2,0,1 0,15,10,2,0,1,0,0,0,1
/home/michal/Downloads/pcddata/processed/paramtest/dt0,02_mp8000_pp0,001/annotated/rares/20140912/patrol_run_98/room_3/features/nonPlanes<shotcolor_iss_2015-05-22_01-51-06.pcd 2.58554 0.00106617 0.00184621 8 113,79,76,74,67,35,23,18 51,40,35,39,39,19,15,17 0,1,0,0,0,0,0,0 385506 372 630 24 57 372 630 24 57 385134,221,93,30,14,9,3,2 0,7,10,3,1,2,0,1 0,221,93,30,14,9,3,2 0,7,10,3,1,2,0,1
/home/michal/Downloads/pcddata/processed/paramtest/dt0,02_mp8000_pp0,001/annotated/rares/20140921/patrol_run_110/room_2/features/nonPlanes<shotcolor_iss_2015-05-22_01-51-08.pcd 2.6583 0.00109981 0.00276701 11 43,37,28,28,26,21,19,19,16,15,15 31,34,15,13,17,14,17,17,12,15,12 0,0,0,0,0,0,0,0,0,0,0 392224 504 630 4 5 400 526 4 5 391720,404,79,16,5 0,3,1,0,0 0,300,79,16,5 0,3,1,0,0
/home/michal/Downloads/pcddata/processed/paramtest/dt0,02_mp8000_pp0,001/annotated/rares/20140921/patrol_run_112/room_2/features/nonPlanes<shotcolor_iss_2015-05-22_01-51-10.pcd 2.50322 0.000724622 0.00183991 9 123,121,64,49,38,38,33,23,18 71,43,38,24,27,23,17,19,14 1,0,0,0,0,0,0,0,0 408408 384 630 30 59 384 630 30 59 408024,244,80,29,22,4,4,1 0,14,10,2,2,1,1,0 0,244,80,29,22,4,4,1 0,14,10,2,2,1,1,0
/home/michal/Downloads/pcddata/processed/paramtest/dt0,02_mp8000_pp0,001/annotated/rares/20140921/patrol_run_114/room_1/features/nonPlanes<shotcolor_iss_2015-05-22_01-51-12.pcd 3.14183 0.000789599 0.00222876 9 128,93,62,49,44,40,24,20,16 42,52,30,32,22,17,20,16,12 0,1,0,0,0,0,0,0,0 410652 372 630 33 60 372 630 33 60 410280,233,79,31,16,5,4,2,0,1,1 0,17,10,3,2,0,1,0,0,0,0 0,233,79,31,16,5,4,2,0,1,1 0,17,10,3,2,0,1,0,0,0,0
/home/michal/Downloads/pcddata/processed/paramtest/dt0,02_mp8000_pp0,001/annotated/rares/20140922/patrol_run_116/room_2/features/nonPlanes<shotcolor_iss_2015-05-22_01-51-13.pcd 2.56452 0.00114749 0.00288277 7 129,116,110,44,43,36,30 79,64,66,23,29,24,17 0,0,0,0,0,0,0 409959 406 630 26 41 400 624 26 41 409553,264,89,34,10,8,1 0,16,7,2,0,1,0 0,258,89,34,10,8,1 0,16,7,2,0,1,0
/home/michal/Downloads/pcddata/processed/paramtest/dt0,02_mp8000_pp0,001/annotated/rares/20140922/patrol_run_118/room_2/features/nonPlanes<shotcolor_iss_2015-05-22_01-51-15.pcd 3.12389 0.000635597 0.00329449 9 121,106,85,58,41,34,24,24,14 70,50,54,31,23,27,19,16,13 0,0,0,0,0,0,0,0,0 403293 411 630 30 49 400 619 30 49 402882,274,91,25,12,4,4,1 0,20,6,1,1,2,0,0 0,263,91,25,12,4,4,1 0,20,6,1,1,2,0,0
/home/michal/Downloads/pcddata/processed/paramtest/dt0,02_mp8000_pp0,001/annotated/rares/20140922/patrol_run_120/room_1/features/nonPlanes<shotcolor_iss_2015-05-22_01-51-17.pcd 3.15195 0.000653784 0.00315597 5 171,166,78,74,26 92,97,50,47,19 0,0,0,0,0 407808 402 630 27 49 400 628 27 49 407406,259,90,30,16,5,2 0,13,8,4,2,0,0 0,257,90,30,16,5,2 0,13,8,4,2,0,0
/home/michal/Downloads/pcddata/processed/paramtest/dt0,02_mp8000_pp0,001/annotated/rares/20140922/patrol_run_124/room_2/features/nonPlanes<shotcolor_iss_2015-05-22_01-51-19.pcd 2.67922 0.000708001 0.00242923 10 80,68,62,56,55,41,33,32,23,21 47,34,38,43,30,23,21,20,13,14 1,0,0,0,0,0,0,0,0,0 459030 411 630 23 44 400 619 23 44 458619,282,85,23,8,7,3,2,0,0,1 0,10,9,2,0,2,0,0,0,0,0 0,271,85,23,8,7,3,2,0,0,1 0,10,9,2,0,2,0,0,0,0,0
/home/michal/Downloads/pcddata/processed/paramtest/dt0,02_mp8000_pp0,001/annotated/rares/20140922/patrol_run_126/room_2/features/nonPlanes<shotcolor_iss_2015-05-22_01-51-21.pcd 2.47156 0.000677304 0.00236476 9 95,84,82,59,57,34,28,25,20 44,55,55,42,27,28,13,15,17 0,0,1,0,0,0,0,0,0 407456 421 630 27 45 400 609 27 45 407035,294,74,33,14,5,0,0,1 0,15,7,4,1,0,0,0,0 0,273,74,33,14,5,0,0,1 0,15,7,4,1,0,0,0,0
/home/michal/Downloads/pcddata/processed/paramtest/dt0,02_mp8000_pp0,001/annotated/rares/20140922/patrol_run_128/room_2/features/nonPlanes<shotcolor_iss_2015-05-22_01-51-23.pcd 2.9627 0.0010876 0.00255337 9 129,81,72,69,68,35,29,25,24 77,47,38,54,38,24,20,13,16 0,0,0,0,0,0,0,0,0 391072 418 630 30 45 400 612 30 45 390654,290,76,32,11,6,3 0,20,8,0,1,1,0 0,272,76,32,11,6,3 0,20,8,0,1,1,0
/home/michal/Downloads/pcddata/processed/paramtest/dt0,02_mp8000_pp0,001/annotated/rares/20140922/patrol_run_130/room_2/features/nonPlanes<shotcolor_iss_2015-05-22_01-51-24.pcd 2.52527 0.00146141 0.00303246 8 122,96,93,63,54,40,18,16 67,37,52,33,33,16,13,12 0,0,1,0,0,0,0,0 419200 365 630 28 49 365 630 28 49 418835,224,73,34,21,6,6,0,1 0,17,6,2,2,0,1,0,0 0,224,73,34,21,6,6,0,1 0,17,6,2,2,0,1,0,0
/home/michal/Downloads/pcddata/processed/paramtest/dt0,02_mp8000_pp0,001/annotated/rares/20140922/patrol_run_132/room_1/features/nonPlanes<shotcolor_iss_2015-05-22_01-51-26.pcd 2.58693 0.00100731 0.00195414 9 113,102,79,66,60,23,17,17,13 58,44,36,47,36,16,13,12,12 -1 397188 389 630 -1 -1 389 630 -1 -1 396799,253,79,32,10,8,6,1 -1 0,253,79,32,10,8,6,1 -1
/home/michal/Downloads/pcddata/processed/paramtest/dt0,02_mp8000_pp0,001/annotated/rares/20140922/patrol_run_134/room_2/features/nonPlanes<shotcolor_iss_2015-05-22_01-51-27.pcd 2.65782 0.00136052 0.00351908 8 96,91,80,72,57,48,21,20 64,46,55,53,35,24,15,14 0,0,1,0,0,0,0,0 400554 431 630 33 50 400 599 32 49 400123,295,94,29,7,4,2 0,19,11,3,0,0,0 0,264,94,29,7,4,2 0,18,11,3,0,0,0
/home/michal/Downloads/pcddata/processed/paramtest/dt0,02_mp8000_pp0,001/annotated/rares/20140922/patrol_run_138/room_2/features/nonPlanes<shotcolor_iss_2015-05-22_01-51-28.pcd 3.39056 0.000961181 0.00269174 8 107,101,71,56,51,38,31,25 43,58,36,30,19,15,18,17 0,1,0,0,0,0,0,0 408408 362 630 30 56 362 630 30 56 408046,219,76,41,15,5,1,1,2,0,1,0,1 0,14,8,6,2,0,0,0,0,0,0,0,0 0,219,76,41,15,5,1,1,2,0,1,0,1 0,14,8,6,2,0,0,0,0,0,0,0,0
/home/michal/Downloads/pcddata/processed/paramtest/dt0,02_mp8000_pp0,001/annotated/rares/20140923/patrol_run_139/room_2/features/nonPlanes<shotcolor_iss_2015-05-22_01-51-30.pcd 2.37063 0.000500808 0.00201633 8 150,86,72,67,63,37,31,29 70,53,35,33,49,31,24,17 0,0,0,1,0,0,0,0 392224 391 630 30 64 391 630 30 64 391833,255,74,38,14,6,1,3 0,13,6,8,2,0,0,1 0,255,74,38,14,6,1,3 0,13,6,8,2,0,0,1
/home/michal/Downloads/pcddata/processed/paramtest/dt0,02_mp8000_pp0,001/annotated/rares/20140923/patrol_run_141/room_2/features/nonPlanes<shotcolor_iss_2015-05-22_01-51-32.pcd 2.54111 0.000706347 0.00296977 9 133,68,66,65,60,51,44,30,19 42,42,33,36,37,29,31,17,13 0,0,0,0,0,1,0,0,0 407286 351 630 28 50 351 630 28 50 406935,201,83,37,13,11,2,1,2,0,1 0,16,5,4,3,0,0,0,0,0,0 0,201,83,37,13,11,2,1,2,0,1 0,16,5,4,3,0,0,0,0,0,0
/home/michal/Downloads/pcddata/processed/paramtest/dt0,02_mp8000_pp0,001/annotated/rares/20140923/patrol_run_144/room_2/features/nonPlanes<shotcolor_iss_2015-05-22_01-51-33.pcd 2.54037 0.000794347 0.00236018 8 147,108,54,50,36,36,25,24 103,61,27,30,23,15,13,18 0,0,0,0,0,0,0,0 375744 412 630 24 41 400 618 24 41 375332,279,81,33,9,8,1,0,1 0,14,5,4,0,1,0,0,0 0,267,81,33,9,8,1,0,1 0,14,5,4,0,1,0,0,0
/home/michal/Downloads/pcddata/processed/paramtest/dt0,02_mp8000_pp0,001/annotated/rares/20140923/patrol_run_146/room_2/features/nonPlanes<shotcolor_iss_2015-05-22_01-51-35.pcd 2.46505 0.000709989 0.00240012 7 191,121,57,53,38,38,21 112,46,31,36,23,21,15 0,0,0,0,0,0,0 380688 377 630 30 57 377 630 30 57 380311,229,81,44,15,4,1,3 0,13,9,6,2,0,0,0 0,229,81,44,15,4,1,3 0,13,9,6,2,0,0,0
/home/michal/Downloads/pcddata/processed/paramtest/dt0,02_mp8000_pp0,001/annotated/rares/20140923/patrol_run_148/room_2/features/nonPlanes<shotcolor_iss_2015-05-22_01-51-36.pcd 2.76372 0.000513851 0.00256594 8 139,126,85,76,45,23,19,16 96,67,50,41,30,14,16,13 0,0,0,0,0,0,0,0 391545 418 630 20 30 400 612 20 30 391127,276,97,27,12,5,1 0,13,5,1,1,0,0 0,258,97,27,12,5,1 0,13,5,1,1,0,0
/home/michal/Downloads/pcddata/processed/paramtest/dt0,02_mp8000_pp0,001/annotated/rares/20140923/patrol_run_150/room_2/features/nonPlanes<shotcolor_iss_2015-05-22_01-51-38.pcd 2.65339 0.000931243 0.00263543 8 201,65,64,40,39,31,22,16 74,30,45,21,30,23,19,12 0,0,0,0,0,0,0,0 368448 373 630 14 24 373 630 14 24 368075,243,69,31,12,11,2,2,2,0,0,1 0,10,1,1,1,1,0,0,0,0,0,0 0,243,69,31,12,11,2,2,2,0,0,1 0,10,1,1,1,1,0,0,0,0,0,0
/home/michal/Downloads/pcddata/processed/paramtest/dt0,02_mp8000_pp0,001/annotated/rares/20140924/patrol_run_152/room_2/features/nonPlanes<shotcolor_iss_2015-05-22_01-51-40.pcd 2.75028 0.00115692 0.00285085 8 204,72,63,61,38,33,25,16 75,40,39,42,18,15,19,16 0,0,0,0,0,1,0,0 365568 356 630 13 31 356 630 13 31 365212,214,74,36,13,11,5,1,2 0,6,2,2,1,1,1,0,0 0,214,74,36,13,11,5,1,2 0,6,2,2,1,1,1,0,0
/home/michal/Downloads/pcddata/processed/paramtest/dt0,02_mp8000_pp0,001/annotated/rares/20140924/patrol_run_156/room_2/features/nonPlanes<shotcolor_iss_2015-05-22_01-51-41.pcd 2.59476 0.000930774 0.00304021 5 162,137,107,41,26 66,90,67,24,17 0,0,1,0,0 369600 377 630 37 68 377 630 37 68 369223,233,84,25,25,6,4 0,17,14,3,2,0,1 0,233,84,25,25,6,4 0,17,14,3,2,0,1
/home/michal/Downloads/pcddata/processed/paramtest/dt0,02_mp8000_pp0,001/annotated/rares/20140924/patrol_run_158/room_1/features/nonPlanes<shotcolor_iss_2015-05-22_01-51-43.pcd 3.25524 0.0010839 0.00268265 7 190,85,61,59,56,54,18 77,37,31,22,31,27,16 0,0,1,0,0,0,0 379962 342 630 25 53 342 630 25 53 379620,204,63,34,18,16,4,2,1 0,12,5,3,3,2,0,0,0 0,204,63,34,18,16,4,2,1 0,12,5,3,3,2,0,0,0
/home/michal/Downloads/pcddata/processed/paramtest/dt0,02_mp8000_pp0,001/annotated/rares/20140924/patrol_run_162/room_2/features/nonPlanes<shotcolor_iss_2015-05-22_01-51-45.pcd 2.19544 0.000656571 0.00202662 8 110,97,65,54,47,38,17,16 43,23,30,21,23,23,16,15 -1 410816 332 630 -1 -1 332 630 -1 -1 410484,215,52,30,11,6,2,8,5,0,0,1,0,0,2 -1 0,215,52,30,11,6,2,8,5,0,0,1,0,0,2 -1
/home/michal/Downloads/pcddata/processed/paramtest/dt0,02_mp8000_pp0,001/annotated/rares/20140924/patrol_run_164/room_1/features/nonPlanes<shotcolor_iss_2015-05-22_01-51-46.pcd 2.50635 0.000688844 0.00194901 9 102,89,71,55,52,27,22,20,19 36,45,54,27,21,12,17,12,17 -1 394284 365 630 -1 -1 365 630 -1 -1 393919,244,63,25,18,5,2,3,3,1,0,0,0,0,0,0,0,0,0,0,0,0,1 -1 0,244,63,25,18,5,2,3,3,1,0,0,0,0,0,0,0,0,0,0,0,0,1 -1
/home/michal/Downloads/pcddata/processed/paramtest/dt0,02_mp8000_pp0,001/annotated/rares/20140924/patrol_run_166/room_2/features/nonPlanes<shotcolor_iss_2015-05-22_01-51-48.pcd 3.23586 0.000706534 0.0022757 6 255,63,57,51,46,24 94,30,16,23,29,14 -1 378378 320 630 -1 -1 320 630 -1 -1 378058,187,66,25,16,9,5,4,5,1,2 -1 0,187,66,25,16,9,5,4,5,1,2 -1
