179969 601 3.20064 0.328251
179282 619 3.36184 0.332741
173730 596 3.16455 0.304902
165436 586 3.1673 0.198795
180856 637 3.13076 0.31997
155260 594 2.55707 0.140294
156493 601 2.50081 0.164059
181244 613 3.05154 0.324676
154201 573 2.66187 0.284768
180969 632 3.0574 0.327349
181125 582 3.25085 0.169878
163464 613 2.68591 0.300345
176977 609 3.23072 0.319593
180957 597 3.09415 0.247625
166202 578 2.79089 0.215915
154682 571 2.47569 0.273486
156894 577 2.61548 0.288196
154769 538 2.73244 0.280441
180100 601 3.19944 0.333287
172683 611 3.28663 0.315466
172669 604 3.29975 0.3078
169346 570 2.54399 0.157791
174389 648 3.21854 0.315858
181428 606 3.20632 0.325094
175098 603 3.3996 0.30865
182305 669 3.32688 0.306759
180496 581 3.42946 0.188257
168815 607 3.06444 0.292283
169998 572 3.00913 0.150755
183763 610 3.14446 0.323898
179659 608 3.20447 0.217063
177383 527 3.17325 0.304944
182294 588 3.50074 0.183338
180307 610 3.24126 0.313011
168079 593 3.00546 0.292108
168971 551 2.98739 0.202085
161335 555 2.85544 0.202531
182781 539 3.19746 0.317055
177748 603 3.22554 0.15228
162211 585 2.82805 0.291026
154963 532 2.88079 0.275528
181881 603 3.42353 0.171434
176886 575 3.1396 0.316088
172355 601 2.89057 0.320976
177767 640 3.20938 0.16569
186877 387 3.38173 0.316966
180372 602 3.03291 0.326056
179332 659 3.12312 0.315262
180983 671 3.45691 0.176485
191333 655 3.69699 0.339691
179947 642 3.21581 0.313849
176945 607 3.30737 0.234148
178782 595 3.13562 0.303186
175827 641 3.20509 0.263431
184913 621 3.241 0.30638
179065 671 3.27808 0.311706
179432 620 2.94624 0.304806
183873 684 3.46162 0.167318
175824 570 3.11453 0.21651
149921 614 2.40219 0.241346
157530 627 2.81336 0.263268
153307 610 2.7689 0.252636
153230 621 2.60428 0.260217
156474 650 2.94228 0.248054
159357 650 2.69824 0.142036
