obj_search:
  camera_z: 1.7
  ceiling_z: 2.27
  floor_z: 0
  object_query: {K: 5}
  processed_data_dir: /home/michal/Downloads/pcddata/processed/
  raw_data_dir: /media/michal/Pauli/masterdata/raw/
object_query: {K: 10, cluster_maxsize: 500, cluster_minsize: 12, cluster_tolerance: 0.2,
  clusters_to_results: true, extract_mult: 1.3, match: nonPlanes<shot_iss, n_max_points: 400,
  output_dir: 'NULL', query_features: '/home/michal/Downloads/pcddata/processed/query/queryobjects/0,01/chair1/features/rgb_0015_label_chair1<shot_iss_2015-05-26_14-58-12.pcd',
  results_out: '/home/michal/Downloads/pcddata/processed/query/k10_mx400_t0,2/dt0,02_mp8000_pp0,001',
  subdirs: 4, target_features: '/home/michal/Downloads/pcddata/processed/paramtest/dt0,02_mp8000_pp0,001',
  x_step_hough: 0.05, y_step_hough: 0.05, z_step_hough: 0.05}
rosdistro: 'indigo

  '
roslaunch:
  uris: {host_tycho__43246: 'http://tycho:43246/'}
rosversion: '1.11.10

  '
run_id: 50f3f81e-077a-11e5-8039-3c970e77227e
BEGIN_DATA
# fname t_query t_hough t_cluster cluster_n cluster_scores cluster_points cluster_inobb n_hough_tot nonzero_hough hough_votes boxpts boxvotes maxpts maxvotes maxboxpts maxboxvotes hough_hist box_hist max_hist boxmax_hist
/home/michal/Downloads/pcddata/processed/paramtest/dt0,02_mp8000_pp0,001/annotated/rares/20140820/patrol_run_2/room_1/features/nonPlanes<shot_iss_2015-05-22_01-16-34.pcd 0.818696 0.0018517 0.00272607 7 320,155,55,39,38,27,25 111,45,19,12,15,12,13 0,0,1,0,0,0,0 386100 1090 1760 77 129 400 1070 32 84 385010,717,213,92,32,19,6,6,5 0,49,14,7,4,3,0,0,0 0,27,213,92,32,19,6,6,5 0,4,14,7,4,3,0,0,0
/home/michal/Downloads/pcddata/processed/paramtest/dt0,02_mp8000_pp0,001/annotated/rares/20140820/patrol_run_4/room_0/features/nonPlanes<shot_iss_2015-05-22_01-17-02.pcd 1.20702 0.00121082 0.00276734 4 375,113,100,39 117,41,39,14 0,0,1,0 413127 1119 1760 76 136 400 1041 38 98 412008,762,208,83,29,17,11,7,1,1 0,43,20,5,4,2,2,0,0,0 0,43,208,83,29,17,11,7,1,1 0,5,20,5,4,2,2,0,0,0
/home/michal/Downloads/pcddata/processed/paramtest/dt0,02_mp8000_pp0,001/annotated/rares/20140828/patrol_run_19/room_3/features/nonPlanes<shot_iss_2015-05-22_01-17-20.pcd 1.12751 0.0018095 0.00286178 4 280,230,101,41 108,79,39,13 0,0,1,0 400554 1148 1760 80 139 400 1012 35 94 399406,791,216,80,31,17,6,4,3 0,48,15,14,0,1,1,0,1 0,43,216,80,31,17,6,4,3 0,3,15,14,0,1,1,0,1
/home/michal/Downloads/pcddata/processed/paramtest/dt0,02_mp8000_pp0,001/annotated/rares/20140829/patrol_run_20/room_3/features/nonPlanes<shot_iss_2015-05-22_01-17-30.pcd 0.953184 0.000483162 0.00119204 5 241,221,61,52,36 76,66,23,20,17 0,0,0,0,0 394284 1093 1760 32 62 400 1067 15 45 393191,742,191,78,46,16,11,5,1,1,2 0,17,9,4,0,1,0,0,0,0,1 0,49,191,78,46,16,11,5,1,1,2 0,0,9,4,0,1,0,0,0,0,1
/home/michal/Downloads/pcddata/processed/paramtest/dt0,02_mp8000_pp0,001/annotated/rares/20140829/patrol_run_26/room_2/features/nonPlanes<shot_iss_2015-05-22_01-18-03.pcd 0.559501 0.00100674 0.000943898 5 315,180,131,52,30 96,60,45,18,13 0,0,1,0,0 393822 1061 1760 75 174 400 1099 48 147 392761,711,191,79,31,18,12,12,5,1,0,1 0,32,18,14,3,2,2,2,2,0,0,0 0,50,191,79,31,18,12,12,5,1,0,1 0,5,18,14,3,2,2,2,2,0,0,0
/home/michal/Downloads/pcddata/processed/paramtest/dt0,02_mp8000_pp0,001/annotated/rares/20140901/patrol_run_27/room_2/features/nonPlanes<shot_iss_2015-05-22_01-18-30.pcd 0.872413 0.000830342 0.00258681 6 246,216,60,58,36,29 75,70,22,16,14,13 0,0,1,0,0,0 371910 1083 1760 55 97 400 1077 24 66 370827,718,200,97,29,14,16,5,2,2 0,34,11,3,5,0,2,0,0,0 0,35,200,97,29,14,16,5,2,2 0,3,11,3,5,0,2,0,0,0
/home/michal/Downloads/pcddata/processed/paramtest/dt0,02_mp8000_pp0,001/annotated/rares/20140901/patrol_run_31/room_2/features/nonPlanes<shot_iss_2015-05-22_01-18-58.pcd 0.868875 0.000907322 0.001787 6 246,220,65,60,34,30 69,64,25,18,12,13 0,0,0,0,0,0 408408 1052 1760 12 18 400 1108 4 10 407356,695,194,83,27,19,21,7,4,2 0,8,2,2,0,0,0,0,0,0 0,43,194,83,27,19,21,7,4,2 0,0,2,2,0,0,0,0,0,0
/home/michal/Downloads/pcddata/processed/paramtest/dt0,02_mp8000_pp0,001/annotated/rares/20140901/patrol_run_32/room_2/features/nonPlanes<shot_iss_2015-05-22_01-19-25.pcd 0.678818 0.000424393 0.000936953 3 332,208,27 111,72,13 0,0,0 392704 1107 1760 13 22 400 1053 6 15 391597,730,233,81,26,16,14,4,2,1 0,7,4,1,1,0,0,0,0,0 0,23,233,81,26,16,14,4,2,1 0,0,4,1,1,0,0,0,0,0
/home/michal/Downloads/pcddata/processed/paramtest/dt0,02_mp8000_pp0,001/annotated/rares/20140901/patrol_run_33/room_1/features/nonPlanes<shot_iss_2015-05-22_01-19-53.pcd 0.88059 0.000942324 0.0018437 4 293,259,38,19 91,76,15,13 -1 399960 1047 1760 -1 -1 400 1113 -1 -1 398913,687,200,75,41,19,7,7,4,5,1,1 -1 0,40,200,75,41,19,7,7,4,5,1,1 -1
/home/michal/Downloads/pcddata/processed/paramtest/dt0,02_mp8000_pp0,001/annotated/rares/20140902/patrol_run_35/room_2/features/nonPlanes<shot_iss_2015-05-22_01-20-09.pcd 0.800217 0.000810263 0.00213415 4 324,226,110,32 106,87,32,12 0,0,1,0 378972 1099 1760 64 134 400 1061 31 101 377873,710,238,92,32,15,3,2,3,2,1,1 0,33,12,12,3,1,1,0,1,0,1,0 0,11,238,92,32,15,3,2,3,2,1,1 0,0,12,12,3,1,1,0,1,0,1,0
/home/michal/Downloads/pcddata/processed/paramtest/dt0,02_mp8000_pp0,001/annotated/rares/20140902/patrol_run_38/room_0/features/nonPlanes<shot_iss_2015-05-22_01-20-26.pcd 0.876974 0.000715487 0.00195337 3 329,220,35 108,75,14 0,0,1 420420 1111 1760 45 82 400 1049 25 62 419309,749,219,69,41,16,6,6,3,1,0,1 0,22,13,7,2,1,0,0,0,0,0,0 0,38,219,69,41,16,6,6,3,1,0,1 0,2,13,7,2,1,0,0,0,0,0,0
/home/michal/Downloads/pcddata/processed/paramtest/dt0,02_mp8000_pp0,001/annotated/rares/20140903/patrol_run_1/room_4/features/nonPlanes<shot_iss_2015-05-22_01-20-47.pcd 0.900199 0.000910639 0.00186706 6 397,168,59,45,36,18 129,49,18,20,13,13 0,0,1,0,0,0 418077 1072 1760 38 93 400 1088 28 83 417005,702,208,85,34,20,15,4,3,1 0,11,12,7,5,1,2,0,0,0 0,30,208,85,34,20,15,4,3,1 0,1,12,7,5,1,2,0,0,0
/home/michal/Downloads/pcddata/processed/paramtest/dt0,02_mp8000_pp0,001/annotated/rares/20140903/patrol_run_10/room_2/features/nonPlanes<shot_iss_2015-05-22_01-21-15.pcd 0.785327 0.000843575 0.00302724 4 469,111,32,25 152,39,12,12 0,0,0,0 401082 1062 1760 14 35 400 1098 7 28 400020,683,209,97,37,13,12,7,2,2 0,7,2,1,1,1,2,0,0,0 0,21,209,97,37,13,12,7,2,2 0,0,2,1,1,1,2,0,0,0
/home/michal/Downloads/pcddata/processed/paramtest/dt0,02_mp8000_pp0,001/annotated/rares/20140903/patrol_run_12/room_2/features/nonPlanes<shot_iss_2015-05-22_01-21-38.pcd 1.24809 0.000889158 0.00297378 5 292,233,30,28,26 102,84,13,12,12 0,0,0,0,0 393294 1150 1760 7 24 400 1010 6 23 392144,792,220,78,34,12,8,3,1,0,1,1 0,1,1,1,2,2,0,0,0,0,0,0 0,42,220,78,34,12,8,3,1,0,1,1 0,0,1,1,2,2,0,0,0,0,0,0
/home/michal/Downloads/pcddata/processed/paramtest/dt0,02_mp8000_pp0,001/annotated/rares/20140903/patrol_run_14/room_1/features/nonPlanes<shot_iss_2015-05-22_01-22-06.pcd 0.942478 0.000597914 0.00170315 3 345,169,28 116,55,13 0,0,0 415800 1121 1760 22 51 400 1039 15 44 414679,765,216,74,35,10,8,6,4,2,0,1 0,9,5,3,2,3,0,0,0,0,0,0 0,44,216,74,35,10,8,6,4,2,0,1 0,2,5,3,2,3,0,0,0,0,0,0
/home/michal/Downloads/pcddata/processed/paramtest/dt0,02_mp8000_pp0,001/annotated/rares/20140903/patrol_run_2/room_4/features/nonPlanes<shot_iss_2015-05-22_01-22-34.pcd 0.908286 0.00145223 0.00205208 6 385,104,99,33,32,29 134,36,34,12,13,12 0,1,0,1,0,0 397188 1119 1760 84 170 400 1041 46 132 396069,735,246,77,30,15,9,4,2,1 0,39,27,7,5,3,2,0,0,1 0,16,246,77,30,15,9,4,2,1 0,1,27,7,5,3,2,0,0,1
/home/michal/Downloads/pcddata/processed/paramtest/dt0,02_mp8000_pp0,001/annotated/rares/20140903/patrol_run_9/room_2/features/nonPlanes<shot_iss_2015-05-22_01-23-03.pcd 0.755113 0.000416963 0.000728854 4 366,163,54,34 129,49,17,13 0,0,1,0 428340 1128 1760 29 62 400 1032 16 49 427212,752,231,86,34,11,9,3,0,0,1,0,1 0,13,10,2,1,0,2,1,0,0,0,0,0 0,24,231,86,34,11,9,3,0,0,1,0,1 0,0,10,2,1,0,2,1,0,0,0,0,0
/home/michal/Downloads/pcddata/processed/paramtest/dt0,02_mp8000_pp0,001/annotated/rares/20140904/patrol_run_15/room_2/features/nonPlanes<shot_iss_2015-05-22_01-23-27.pcd 1.1867 0.000770817 0.00206797 5 269,210,138,48,41 79,65,52,19,19 0,0,1,0,0 382336 1092 1760 78 152 400 1068 44 118 381244,729,212,74,35,19,15,5,2,1 0,39,24,8,2,1,2,0,2,0 0,37,212,74,35,19,15,5,2,1 0,5,24,8,2,1,2,0,2,0
/home/michal/Downloads/pcddata/processed/paramtest/dt0,02_mp8000_pp0,001/annotated/rares/20140905/patrol_run_17/room_2/features/nonPlanes<shot_iss_2015-05-22_01-23-46.pcd 0.933723 0.000851813 0.00179874 4 307,164,115,22 106,52,41,13 0,0,1,0 404481 1108 1760 81 157 400 1052 43 119 403373,747,209,82,36,15,9,5,4,1 0,42,21,10,3,2,1,1,1,0 0,39,209,82,36,15,9,5,4,1 0,4,21,10,3,2,1,1,1,0
/home/michal/Downloads/pcddata/processed/paramtest/dt0,02_mp8000_pp0,001/annotated/rares/20140905/patrol_run_19/room_1/features/nonPlanes<shot_iss_2015-05-22_01-24-14.pcd 0.92165 0.0007605 0.00177239 3 285,273,81 94,98,27 0,0,1 388416 1123 1760 65 123 400 1037 32 90 387293,756,229,70,38,14,10,1,3,0,0,1,1 0,36,16,5,4,2,1,0,1,0,0,0,0 0,33,229,70,38,14,10,1,3,0,0,1,1 0,3,16,5,4,2,1,0,1,0,0,0,0
/home/michal/Downloads/pcddata/processed/paramtest/dt0,02_mp8000_pp0,001/annotated/rares/20140905/patrol_run_21/room_2/features/nonPlanes<shot_iss_2015-05-22_01-24-39.pcd 0.934906 0.000851399 0.00180158 5 288,192,89,55,13 102,68,37,21,12 0,0,0,1,0 401082 1164 1760 44 76 400 996 20 52 399918,812,229,64,27,17,8,3,2,1,0,1 0,26,11,3,2,1,1,0,0,0,0,0 0,48,229,64,27,17,8,3,2,1,0,1 0,2,11,3,2,1,1,0,0,0,0,0
/home/michal/Downloads/pcddata/processed/paramtest/dt0,02_mp8000_pp0,001/annotated/rares/20140905/patrol_run_23/room_2/features/nonPlanes<shot_iss_2015-05-22_01-24-51.pcd 0.987048 0.0015093 0.00228495 4 276,273,76,23 99,88,28,12 0,0,1,0 392224 1110 1760 58 97 400 1050 27 66 391114,748,208,85,33,19,10,3,3,1 0,34,16,4,1,3,0,0,0,0 0,38,208,85,33,19,10,3,3,1 0,3,16,4,1,3,0,0,0,0
/home/michal/Downloads/pcddata/processed/paramtest/dt0,02_mp8000_pp0,001/annotated/rares/20140905/patrol_run_25/room_1/features/nonPlanes<shot_iss_2015-05-22_01-25-04.pcd 0.859015 0.000756824 0.0022024 4 293,275,61,28 100,94,24,14 0,0,1,0 397188 1128 1760 55 87 400 1032 23 55 396060,754,231,87,27,14,5,6,3,1 0,34,13,5,3,0,0,0,0,0 0,26,231,87,27,14,5,6,3,1 0,2,13,5,3,0,0,0,0,0
/home/michal/Downloads/pcddata/processed/paramtest/dt0,02_mp8000_pp0,001/annotated/rares/20140905/patrol_run_27/room_2/features/nonPlanes<shot_iss_2015-05-22_01-25-26.pcd 0.820738 0.000767418 0.00202822 4 345,157,71,24 111,53,23,12 0,0,1,0 409596 1106 1760 44 87 400 1054 23 66 408490,746,215,77,35,16,5,4,3,3,1,0,0,0,1 0,26,10,4,1,1,1,0,0,0,0,0,0,0,1 0,40,215,77,35,16,5,4,3,3,1,0,0,0,1 0,5,10,4,1,1,1,0,0,0,0,0,0,0,1
/home/michal/Downloads/pcddata/processed/paramtest/dt0,02_mp8000_pp0,001/annotated/rares/20140905/patrol_run_29/room_2/features/nonPlanes<shot_iss_2015-05-22_01-25-44.pcd 0.85038 0.000785513 0.00187626 3 335,225,54 116,84,19 0,0,1 383295 1119 1760 28 63 400 1041 19 54 382176,751,229,68,39,17,6,6,0,2,1 0,12,9,2,2,0,2,1,0,0,0 0,32,229,68,39,17,6,6,0,2,1 0,3,9,2,2,0,2,1,0,0,0
/home/michal/Downloads/pcddata/processed/paramtest/dt0,02_mp8000_pp0,001/annotated/rares/20140905/patrol_run_30/room_1/features/nonPlanes<shot_iss_2015-05-22_01-26-09.pcd 0.652685 0.000711816 0.00184874 3 333,220,35 119,75,15 0,0,0 382239 1122 1760 27 50 400 1038 13 36 381117,748,222,85,41,14,9,2,0,0,0,1 0,15,8,1,1,0,2,0,0,0,0,0 0,26,222,85,41,14,9,2,0,0,0,1 0,1,8,1,1,0,2,0,0,0,0,0
/home/michal/Downloads/pcddata/processed/paramtest/dt0,02_mp8000_pp0,001/annotated/rares/20140905/patrol_run_30/room_7/features/nonPlanes<shot_iss_2015-05-22_01-26-34.pcd 1.15153 0.000575345 0.00117355 3 303,274,74 110,96,28 0,0,1 381376 1136 1760 47 92 400 1024 26 71 380240,784,220,59,37,20,10,2,1,2,0,1 0,26,10,5,4,0,1,0,0,1,0,0 0,48,220,59,37,20,10,2,1,2,0,1 0,5,10,5,4,0,1,0,0,1,0,0
/home/michal/Downloads/pcddata/processed/paramtest/dt0,02_mp8000_pp0,001/annotated/rares/20140908/patrol_run_32/room_2/features/nonPlanes<shot_iss_2015-05-22_01-27-01.pcd 1.09665 0.000761622 0.00187191 4 319,210,49,30 111,76,15,13 0,0,1,0 404481 1139 1760 27 63 400 1021 19 55 403342,782,222,77,24,11,13,7,2,1 0,12,7,3,2,0,1,2,0,0 0,43,222,77,24,11,13,7,2,1 0,4,7,3,2,0,1,2,0,0
/home/michal/Downloads/pcddata/processed/paramtest/dt0,02_mp8000_pp0,001/annotated/rares/20140908/patrol_run_34/room_2/features/nonPlanes<shot_iss_2015-05-22_01-27-29.pcd 1.09723 0.000763437 0.00268384 3 354,191,35 120,68,21 0,0,0 404976 1119 1760 42 74 400 1041 18 50 403857,735,246,73,34,17,8,4,1,1 0,24,9,6,2,0,1,0,0,0 0,16,246,73,34,17,8,4,1,1 0,0,9,6,2,0,1,0,0,0
/home/michal/Downloads/pcddata/processed/paramtest/dt0,02_mp8000_pp0,001/annotated/rares/20140908/patrol_run_36/room_3/features/nonPlanes<shot_iss_2015-05-22_01-27-58.pcd 1.24696 0.000794264 0.00284048 3 345,226,60 117,73,22 0,0,1 369376 1131 1760 75 125 400 1029 32 82 368245,779,204,79,40,13,5,9,1,0,1 0,49,15,6,1,1,2,1,0,0,0 0,48,204,79,40,13,5,9,1,0,1 0,6,15,6,1,1,2,1,0,0,0
/home/michal/Downloads/pcddata/processed/paramtest/dt0,02_mp8000_pp0,001/annotated/rares/20140908/patrol_run_38/room_2/features/nonPlanes<shot_iss_2015-05-22_01-28-25.pcd 0.836135 0.000698974 0.00178832 5 304,239,70,57,30 108,82,18,20,13 0,0,1,1,0 406624 1112 1760 79 173 400 1048 41 135 405512,733,237,79,29,20,8,3,1,0,1,0,0,1 0,38,21,8,5,4,1,0,0,0,1,0,0,1 0,21,237,79,29,20,8,3,1,0,1,0,0,1 0,0,21,8,5,4,1,0,0,0,1,0,0,1
/home/michal/Downloads/pcddata/processed/paramtest/dt0,02_mp8000_pp0,001/annotated/rares/20140908/patrol_run_39/room_3/features/nonPlanes<shot_iss_2015-05-22_01-28-51.pcd 0.839146 0.000811037 0.00184419 6 289,284,47,42,34,28 97,93,22,16,12,13 0,0,0,0,1,0 397188 1087 1760 39 63 400 1073 14 38 396101,715,213,89,32,21,7,4,5,1 0,26,6,4,2,1,0,0,0,0 0,28,213,89,32,21,7,4,5,1 0,1,6,4,2,1,0,0,0,0
/home/michal/Downloads/pcddata/processed/paramtest/dt0,02_mp8000_pp0,001/annotated/rares/20140908/patrol_run_41/room_3/features/nonPlanes<shot_iss_2015-05-22_01-29-16.pcd 0.881684 0.00080189 0.00178628 4 328,221,121,32 101,65,38,14 0,0,1,0 379456 1055 1760 64 148 400 1105 39 123 378401,685,206,82,37,23,12,4,2,3,0,1 0,27,21,3,4,5,1,2,0,1,0,0 0,30,206,82,37,23,12,4,2,3,0,1 0,2,21,3,4,5,1,2,0,1,0,0
/home/michal/Downloads/pcddata/processed/paramtest/dt0,02_mp8000_pp0,001/annotated/rares/20140908/patrol_run_43/room_3/features/nonPlanes<shot_iss_2015-05-22_01-29-43.pcd 0.701931 0.000910426 0.00115982 3 332,248,39 111,84,20 0,0,0 399960 1126 1760 40 65 400 1034 18 43 398834,779,196,82,36,16,11,2,1,2,0,0,0,1 0,27,7,3,2,0,0,1,0,0,0,0,0,0 0,53,196,82,36,16,11,2,1,2,0,0,0,1 0,5,7,3,2,0,0,1,0,0,0,0,0,0
/home/michal/Downloads/pcddata/processed/paramtest/dt0,02_mp8000_pp0,001/annotated/rares/20140908/patrol_run_45/room_2/features/nonPlanes<shot_iss_2015-05-22_01-30-13.pcd 1.01841 0.000767856 0.00238821 3 325,192,101 119,65,43 0,0,1 388773 1126 1760 87 156 400 1034 42 111 387647,759,218,88,33,14,8,1,3,1,0,1 0,53,14,13,5,1,0,0,0,0,0,1 0,33,218,88,33,14,8,1,3,1,0,1 0,8,14,13,5,1,0,0,0,0,0,1
/home/michal/Downloads/pcddata/processed/paramtest/dt0,02_mp8000_pp0,001/annotated/rares/20140908/patrol_run_47/room_3/features/nonPlanes<shot_iss_2015-05-22_01-30-44.pcd 0.94275 0.000820164 0.00222388 4 391,159,90,31 127,51,31,17 0,0,1,0 395307 1090 1760 94 172 400 1070 47 125 394217,726,210,79,41,12,11,5,2,4 0,51,25,9,2,6,1,0,0,0 0,36,210,79,41,12,11,5,2,4 0,4,25,9,2,6,1,0,0,0
/home/michal/Downloads/pcddata/processed/paramtest/dt0,02_mp8000_pp0,001/annotated/rares/20140909/patrol_run_49/room_3/features/nonPlanes<shot_iss_2015-05-22_01-31-14.pcd 0.881158 0.000620804 0.00219343 6 274,251,61,50,34,22 76,68,23,16,14,13 0,0,0,0,1,0 434511 1050 1760 46 74 400 1110 22 50 433461,707,184,70,44,15,11,9,4,2,1,1,2 0,28,12,4,1,0,1,0,0,0,0,0,0 0,57,184,70,44,15,11,9,4,2,1,1,2 0,4,12,4,1,0,1,0,0,0,0,0,0
/home/michal/Downloads/pcddata/processed/paramtest/dt0,02_mp8000_pp0,001/annotated/rares/20140909/patrol_run_51/room_3/features/nonPlanes<shot_iss_2015-05-22_01-31-41.pcd 0.989878 0.000960917 0.00174873 5 311,136,69,46,26 107,43,26,20,16 0,0,1,0,0 698841 1142 1760 67 122 400 1018 32 87 697699,783,227,72,32,11,6,3,6,1,1 0,37,18,4,6,1,0,0,1,0,0 0,41,227,72,32,11,6,3,6,1,1 0,2,18,4,6,1,0,0,1,0,0
/home/michal/Downloads/pcddata/processed/paramtest/dt0,02_mp8000_pp0,001/annotated/rares/20140909/patrol_run_53/room_3/features/nonPlanes<shot_iss_2015-05-22_01-32-12.pcd 0.889341 0.000820512 0.00195702 6 348,102,102,60,48,26 108,34,34,20,21,12 0,1,0,0,0,0 404481 1076 1760 76 153 400 1084 38 115 403405,718,199,78,42,20,6,5,4,3,0,0,1 0,45,12,7,6,1,2,2,1,0,0,0,0 0,42,199,78,42,20,6,5,4,3,0,0,1 0,7,12,7,6,1,2,2,1,0,0,0,0
/home/michal/Downloads/pcddata/processed/paramtest/dt0,02_mp8000_pp0,001/annotated/rares/20140909/patrol_run_55/room_3/features/nonPlanes<shot_iss_2015-05-22_01-32-38.pcd 0.483735 0.000448205 0.00106894 4 347,133,131,46 113,41,45,19 0,0,1,0 421344 1112 1760 74 131 400 1048 33 90 420232,752,203,88,36,18,6,6,1,2 0,44,16,7,3,2,2,0,0,0 0,40,203,88,36,18,6,6,1,2 0,3,16,7,3,2,2,0,0,0
/home/michal/Downloads/pcddata/processed/paramtest/dt0,02_mp8000_pp0,001/annotated/rares/20140909/patrol_run_59/room_3/features/nonPlanes<shot_iss_2015-05-22_01-33-06.pcd 0.949383 0.000834016 0.00186231 5 381,128,31,30,29 130,48,13,13,12 0,0,1,0,0 432300 1142 1760 50 71 400 1018 16 37 431158,767,230,89,31,15,6,2,1,1 0,35,11,2,2,0,0,0,0,0 0,25,230,89,31,15,6,2,1,1 0,1,11,2,2,0,0,0,0,0
/home/michal/Downloads/pcddata/processed/paramtest/dt0,02_mp8000_pp0,001/annotated/rares/20140909/patrol_run_61/room_3/features/nonPlanes<shot_iss_2015-05-22_01-33-16.pcd 0.77291 0.00160104 0.000862518 3 329,237,62 117,84,25 0,0,1 430122 1136 1760 44 77 400 1024 24 57 428986,773,220,78,38,15,6,3,1,1,0,0,1 0,25,10,6,2,0,1,0,0,0,0,0,0 0,37,220,78,38,15,6,3,1,1,0,0,1 0,5,10,6,2,0,1,0,0,0,0,0,0
/home/michal/Downloads/pcddata/processed/paramtest/dt0,02_mp8000_pp0,001/annotated/rares/20140909/patrol_run_63/room_3/features/nonPlanes<shot_iss_2015-05-22_01-33-32.pcd 0.744669 0.000543919 0.00076591 5 391,109,65,44,37 124,38,27,19,16 0,0,1,0,0 391314 1114 1760 57 103 400 1046 31 77 390200,755,207,93,28,11,7,4,6,3 0,30,18,6,1,0,1,0,0,1 0,41,207,93,28,11,7,4,6,3 0,4,18,6,1,0,1,0,0,1
/home/michal/Downloads/pcddata/processed/paramtest/dt0,02_mp8000_pp0,001/annotated/rares/20140910/patrol_run_67/room_3/features/nonPlanes<shot_iss_2015-05-22_01-33-42.pcd 0.725207 0.000898252 0.000871397 4 405,162,96,43 143,54,45,17 0,0,1,0 460647 1123 1760 90 142 400 1037 36 88 459524,754,219,93,27,17,6,1,4,1,0,0,1 0,58,22,5,3,1,0,0,1,0,0,0,0 0,31,219,93,27,17,6,1,4,1,0,0,1 0,4,22,5,3,1,0,0,1,0,0,0,0
/home/michal/Downloads/pcddata/processed/paramtest/dt0,02_mp8000_pp0,001/annotated/rares/20140910/patrol_run_69/room_3/features/nonPlanes<shot_iss_2015-05-22_01-33-56.pcd 0.696141 0.000736074 0.00179483 7 227,211,103,78,52,51,31 56,60,32,25,21,20,13 0,0,1,0,0,0,1 382239 1014 1760 80 164 400 1146 42 126 381225,663,177,79,41,23,9,10,8,2,1,1 0,45,14,9,5,3,1,1,2,0,0,0 0,49,177,79,41,23,9,10,8,2,1,1 0,7,14,9,5,3,1,1,2,0,0,0
/home/michal/Downloads/pcddata/processed/paramtest/dt0,02_mp8000_pp0,001/annotated/rares/20140910/patrol_run_71/room_3/features/nonPlanes<shot_iss_2015-05-22_01-34-06.pcd 0.722908 0.000901138 0.00181274 5 386,198,41,34,20 130,52,13,12,16 0,0,0,1,0 472461 1078 1760 55 90 400 1082 23 58 471383,718,204,74,40,23,11,3,1,0,3,0,1 0,35,9,7,4,0,0,0,0,0,0,0,0 0,40,204,74,40,23,11,3,1,0,3,0,1 0,3,9,7,4,0,0,0,0,0,0,0,0
/home/michal/Downloads/pcddata/processed/paramtest/dt0,02_mp8000_pp0,001/annotated/rares/20140910/patrol_run_74/room_3/features/nonPlanes<shot_iss_2015-05-22_01-34-16.pcd 0.732028 0.000534847 0.000982485 6 327,213,48,45,39,29 107,70,21,19,16,13 0,0,0,0,1,0 426888 1114 1760 38 63 400 1046 17 42 425774,741,223,89,32,14,5,5,3,1,1 0,22,9,5,2,0,0,0,0,0,0 0,27,223,89,32,14,5,5,3,1,1 0,1,9,5,2,0,0,0,0,0,0
/home/michal/Downloads/pcddata/processed/paramtest/dt0,02_mp8000_pp0,001/annotated/rares/20140910/patrol_run_77/room_4/features/nonPlanes<shot_iss_2015-05-22_01-34-42.pcd 0.932794 0.000834337 0.00291425 2 388,189 130,63 0,0 392700 1106 1760 21 51 400 1054 13 43 391594,732,222,82,38,19,5,5,1,2 0,8,6,3,0,2,2,0,0,0 0,26,222,82,38,19,5,5,1,2 0,0,6,3,0,2,2,0,0,0
/home/michal/Downloads/pcddata/processed/paramtest/dt0,02_mp8000_pp0,001/annotated/rares/20140910/patrol_run_79/room_2/features/nonPlanes<shot_iss_2015-05-22_01-34-57.pcd 0.746633 0.000393168 0.00303712 3 346,192,110 111,61,35 0,0,1 393294 1086 1760 56 127 400 1074 35 106 392208,733,193,80,34,23,13,8,2 0,23,18,7,2,1,2,2,1 0,47,193,80,34,23,13,8,2 0,2,18,7,2,1,2,2,1
/home/michal/Downloads/pcddata/processed/paramtest/dt0,02_mp8000_pp0,001/annotated/rares/20140910/patrol_run_81/room_2/features/nonPlanes<shot_iss_2015-05-22_01-35-21.pcd 1.3253 0.00107466 0.00110582 4 313,265,64,35 112,90,22,14 0,0,1,0 377600 1123 1760 43 88 400 1037 25 70 376477,768,207,79,32,19,13,2,2,0,1 0,23,11,3,2,2,1,0,0,0,1 0,45,207,79,32,19,13,2,2,0,1 0,5,11,3,2,2,1,0,0,0,1
/home/michal/Downloads/pcddata/processed/paramtest/dt0,02_mp8000_pp0,001/annotated/rares/20140911/patrol_run_82/room_3/features/nonPlanes<shot_iss_2015-05-22_01-35-50.pcd 0.712502 0.000651171 0.00250213 5 315,181,46,33,31 111,66,16,12,17 0,0,1,0,0 449592 1157 1760 42 81 400 1003 22 61 448435,811,204,74,40,16,8,2,1,1 0,21,11,5,2,3,0,0,0,0 0,54,204,74,40,16,8,2,1,1 0,1,11,5,2,3,0,0,0,0
/home/michal/Downloads/pcddata/processed/paramtest/dt0,02_mp8000_pp0,001/annotated/rares/20140911/patrol_run_84/room_3/features/nonPlanes<shot_iss_2015-05-22_01-36-09.pcd 0.913882 0.00194198 0.00183816 6 371,151,105,46,41,20 124,46,41,17,13,14 0,0,1,0,0,0 388773 1078 1760 95 174 400 1082 51 130 387695,704,220,80,35,16,14,4,1,4 0,50,28,11,3,0,0,2,0,1 0,26,220,80,35,16,14,4,1,4 0,6,28,11,3,0,0,2,0,1
/home/michal/Downloads/pcddata/processed/paramtest/dt0,02_mp8000_pp0,001/annotated/rares/20140911/patrol_run_88/room_3/features/nonPlanes<shot_iss_2015-05-22_01-36-38.pcd 0.897565 0.000857873 0.00294627 5 280,209,128,45,29 61,51,42,27,13 0,0,1,0,0 393294 978 1760 84 171 400 1182 43 130 392316,648,160,69,39,17,19,10,7,2,1,2,1,1,1,1 0,43,20,10,6,1,1,1,2,0,0,0,0,0,0,0 0,70,160,69,39,17,19,10,7,2,1,2,1,1,1,1 0,2,20,10,6,1,1,1,2,0,0,0,0,0,0,0
/home/michal/Downloads/pcddata/processed/paramtest/dt0,02_mp8000_pp0,001/annotated/rares/20140911/patrol_run_90/room_3/features/nonPlanes<shot_iss_2015-05-22_01-37-04.pcd 0.581586 0.000830401 0.0018537 3 263,257,38 90,87,18 0,0,1 393822 1134 1760 48 70 400 1026 19 41 392688,773,217,83,29,19,5,3,4,0,1 0,33,12,1,0,2,0,0,0,0,0 0,39,217,83,29,19,5,3,4,0,1 0,4,12,1,0,2,0,0,0,0,0
/home/michal/Downloads/pcddata/processed/paramtest/dt0,02_mp8000_pp0,001/annotated/rares/20140911/patrol_run_92/room_3/features/nonPlanes<shot_iss_2015-05-22_01-37-29.pcd 0.856265 0.000778527 0.00184486 5 318,217,42,31,28 106,79,15,12,20 0,0,1,0,0 396032 1150 1760 43 80 400 1010 21 58 394882,786,229,78,26,21,3,3,2,2 0,22,14,2,3,1,0,1,0,0 0,36,229,78,26,21,3,3,2,2 0,0,14,2,3,1,0,1,0,0
/home/michal/Downloads/pcddata/processed/paramtest/dt0,02_mp8000_pp0,001/annotated/rares/20140912/patrol_run_100/room_3/features/nonPlanes<shot_iss_2015-05-22_01-37-54.pcd 0.935204 0.000762254 0.00182415 3 373,156,137 127,63,49 0,1,0 369376 1121 1760 78 154 400 1039 44 120 368255,760,211,76,43,17,7,5,2 0,37,23,8,7,1,0,2,0 0,39,211,76,43,17,7,5,2 0,3,23,8,7,1,0,2,0
/home/michal/Downloads/pcddata/processed/paramtest/dt0,02_mp8000_pp0,001/annotated/rares/20140912/patrol_run_102/room_3/features/nonPlanes<shot_iss_2015-05-22_01-38-11.pcd 0.968768 0.000619967 0.00175984 3 397,99,56 123,37,20 0,0,1 441664 1080 1760 70 132 400 1080 33 95 440584,723,193,83,45,14,10,6,5,0,1 0,43,13,6,3,2,1,1,0,0,1 0,43,193,83,45,14,10,6,5,0,1 0,6,13,6,3,2,1,1,0,0,1
/home/michal/Downloads/pcddata/processed/paramtest/dt0,02_mp8000_pp0,001/annotated/rares/20140912/patrol_run_104/room_3/features/nonPlanes<shot_iss_2015-05-22_01-38-44.pcd 1.07275 0.000968494 0.00178909 5 349,162,97,49,21 118,48,33,20,14 0,0,1,0,0 386496 1111 1760 69 133 400 1049 33 97 385385,749,209,88,34,14,9,4,0,2,1,0,0,1 0,36,18,8,4,1,0,1,0,1,0,0,0,0 0,38,209,88,34,14,9,4,0,2,1,0,0,1 0,0,18,8,4,1,0,1,0,1,0,0,0,0
/home/michal/Downloads/pcddata/processed/paramtest/dt0,02_mp8000_pp0,001/annotated/rares/20140912/patrol_run_94/room_3/features/nonPlanes<shot_iss_2015-05-22_01-39-13.pcd 1.00993 0.000884467 0.00279255 5 384,118,68,60,31 119,41,29,22,13 0,0,0,1,0 431244 1109 1760 59 105 400 1051 29 75 430135,749,202,88,39,13,10,3,4,1 0,35,12,7,3,0,1,1,0,0 0,40,202,88,39,13,10,3,4,1 0,5,12,7,3,0,1,1,0,0
/home/michal/Downloads/pcddata/processed/paramtest/dt0,02_mp8000_pp0,001/annotated/rares/20140912/patrol_run_96/room_2/features/nonPlanes<shot_iss_2015-05-22_01-39-41.pcd 1.05885 0.0012606 0.00294347 4 317,191,78,31 114,73,31,14 0,0,1,0 375144 1173 1760 54 99 400 987 31 76 373971,814,217,94,26,11,7,3,1 0,27,15,7,4,1,0,0,0 0,41,217,94,26,11,7,3,1 0,4,15,7,4,1,0,0,0
/home/michal/Downloads/pcddata/processed/paramtest/dt0,02_mp8000_pp0,001/annotated/rares/20140912/patrol_run_98/room_3/features/nonPlanes<shot_iss_2015-05-22_01-39-52.pcd 0.920085 0.000691002 0.00189078 4 366,208,97,30 126,69,36,15 0,0,1,0 385506 1117 1760 84 173 400 1043 45 134 384389,772,197,82,29,18,7,2,5,4,1 0,45,23,5,2,4,2,0,0,3,0 0,55,197,82,29,18,7,2,5,4,1 0,6,23,5,2,4,2,0,0,3,0
/home/michal/Downloads/pcddata/processed/paramtest/dt0,02_mp8000_pp0,001/annotated/rares/20140921/patrol_run_110/room_2/features/nonPlanes<shot_iss_2015-05-22_01-40-19.pcd 0.952973 0.000777557 0.00182567 4 307,211,44,39 107,83,19,13 0,0,1,0 392224 1149 1760 55 99 400 1011 28 72 391075,782,237,76,29,9,8,2,5,0,0,0,0,1 0,28,17,6,2,1,1,0,0,0,0,0,0,0 0,33,237,76,29,9,8,2,5,0,0,0,0,1 0,1,17,6,2,1,1,0,0,0,0,0,0,0
/home/michal/Downloads/pcddata/processed/paramtest/dt0,02_mp8000_pp0,001/annotated/rares/20140921/patrol_run_112/room_2/features/nonPlanes<shot_iss_2015-05-22_01-40-48.pcd 0.584272 0.000756193 0.00168 4 277,180,73,31 92,67,27,13 0,0,1,0 408408 1162 1760 43 97 400 998 29 83 407246,813,215,76,32,11,7,3,3,1,1 0,17,13,5,5,0,2,1,0,0,0 0,51,215,76,32,11,7,3,3,1,1 0,3,13,5,5,0,2,1,0,0,0
/home/michal/Downloads/pcddata/processed/paramtest/dt0,02_mp8000_pp0,001/annotated/rares/20140921/patrol_run_114/room_1/features/nonPlanes<shot_iss_2015-05-22_01-41-19.pcd 0.962097 0.0015667 0.00179834 4 309,249,60,36 108,87,20,14 0,0,0,1 410652 1136 1760 41 79 400 1024 17 55 409516,787,210,72,35,15,9,4,0,2,1,0,1 0,26,8,1,1,2,1,2,0,0,0,0,0 0,51,210,72,35,15,9,4,0,2,1,0,1 0,2,8,1,1,2,1,2,0,0,0,0,0
/home/michal/Downloads/pcddata/processed/paramtest/dt0,02_mp8000_pp0,001/annotated/rares/20140922/patrol_run_116/room_2/features/nonPlanes<shot_iss_2015-05-22_01-41-47.pcd 0.910729 0.000842753 0.00182307 4 336,167,67,39 117,66,22,15 0,0,1,0 409959 1157 1760 49 104 400 1003 27 82 408802,784,220,103,29,15,6 0,24,9,7,5,3,1 0,27,220,103,29,15,6 0,2,9,7,5,3,1
/home/michal/Downloads/pcddata/processed/paramtest/dt0,02_mp8000_pp0,001/annotated/rares/20140922/patrol_run_118/room_2/features/nonPlanes<shot_iss_2015-05-22_01-41-58.pcd 0.828332 0.00063744 0.00183249 4 342,255,34,26 118,84,15,13 0,0,0,0 403293 1090 1760 51 82 400 1070 19 50 402203,705,236,79,35,18,8,6,2,0,1 0,33,11,3,2,2,0,0,0,0,0 0,15,236,79,35,18,8,6,2,0,1 0,1,11,3,2,2,0,0,0,0,0
/home/michal/Downloads/pcddata/processed/paramtest/dt0,02_mp8000_pp0,001/annotated/rares/20140922/patrol_run_120/room_1/features/nonPlanes<shot_iss_2015-05-22_01-42-20.pcd 0.998005 0.000591901 0.00171678 3 333,164,84 116,54,32 0,0,1 407808 1149 1760 49 90 400 1011 22 63 406659,810,200,72,35,13,12,3,0,4 0,30,9,6,0,3,0,0,0,1 0,61,200,72,35,13,12,3,0,4 0,3,9,6,0,3,0,0,0,1
/home/michal/Downloads/pcddata/processed/paramtest/dt0,02_mp8000_pp0,001/annotated/rares/20140922/patrol_run_124/room_2/features/nonPlanes<shot_iss_2015-05-22_01-42-32.pcd 0.965505 0.000893902 0.00304822 3 375,182,78 122,65,49 0,0,0 459030 1153 1760 42 64 400 1007 19 41 457877,801,213,73,34,20,8,3,0,1 0,29,7,4,1,1,0,0,0,0 0,48,213,73,34,20,8,3,0,1 0,6,7,4,1,1,0,0,0,0
/home/michal/Downloads/pcddata/processed/paramtest/dt0,02_mp8000_pp0,001/annotated/rares/20140922/patrol_run_126/room_2/features/nonPlanes<shot_iss_2015-05-22_01-42-43.pcd 1.18158 0.00174027 0.0017522 4 290,189,58,21 109,63,18,14 0,0,1,0 407456 1147 1760 61 109 400 1013 25 73 406309,795,210,79,30,22,4,4,2,0,1 0,40,11,4,2,0,1,3,0,0,0 0,48,210,79,30,22,4,4,2,0,1 0,4,11,4,2,0,1,3,0,0,0
/home/michal/Downloads/pcddata/processed/paramtest/dt0,02_mp8000_pp0,001/annotated/rares/20140922/patrol_run_128/room_2/features/nonPlanes<shot_iss_2015-05-22_01-43-04.pcd 0.984871 0.000756106 0.00171285 3 312,219,48 108,74,18 0,0,1 391072 1151 1760 55 92 400 1009 24 61 389921,799,224,66,25,20,11,2,3,0,0,1 0,37,12,3,0,1,1,0,0,0,0,1 0,48,224,66,25,20,11,2,3,0,0,1 0,6,12,3,0,1,1,0,0,0,0,1
/home/michal/Downloads/pcddata/processed/paramtest/dt0,02_mp8000_pp0,001/annotated/rares/20140922/patrol_run_130/room_2/features/nonPlanes<shot_iss_2015-05-22_01-43-28.pcd 0.422366 0.000306588 0.000836215 5 307,234,44,37,27 105,82,18,13,12 0,0,1,0,0 419200 1128 1760 72 123 400 1032 29 80 418072,765,221,73,40,12,12,1,2,1,1 0,49,12,3,5,0,2,0,0,1,0 0,37,221,73,40,12,12,1,2,1,1 0,6,12,3,5,0,2,0,0,1,0
/home/michal/Downloads/pcddata/processed/paramtest/dt0,02_mp8000_pp0,001/annotated/rares/20140922/patrol_run_132/room_1/features/nonPlanes<shot_iss_2015-05-22_01-43-51.pcd 0.860215 0.000640702 0.00178638 2 369,255 130,81 0,0 397188 1125 1760 6 9 400 1035 2 5 396063,761,224,73,35,14,8,6,4 0,4,1,1,0,0,0,0,0 0,36,224,73,35,14,8,6,4 0,0,1,1,0,0,0,0,0
/home/michal/Downloads/pcddata/processed/paramtest/dt0,02_mp8000_pp0,001/annotated/rares/20140922/patrol_run_134/room_2/features/nonPlanes<shot_iss_2015-05-22_01-44-05.pcd 0.46095 0.000485553 0.00176163 2 375,196 127,66 0,0 400554 1132 1760 46 74 400 1028 14 42 399422,771,221,77,28,20,7,4,2,2 0,32,10,0,0,2,2,0,0,0 0,39,221,77,28,20,7,4,2,2 0,0,10,0,0,2,2,0,0,0
/home/michal/Downloads/pcddata/processed/paramtest/dt0,02_mp8000_pp0,001/annotated/rares/20140922/patrol_run_138/room_2/features/nonPlanes<shot_iss_2015-05-22_01-44-16.pcd 0.913687 0.00210111 0.00181066 2 325,204 112,77 0,0 408408 1137 1760 64 105 400 1023 24 65 407271,774,223,81,22,20,11,5,1 0,41,15,3,3,0,1,1,0 0,37,223,81,22,20,11,5,1 0,1,15,3,3,0,1,1,0
/home/michal/Downloads/pcddata/processed/paramtest/dt0,02_mp8000_pp0,001/annotated/rares/20140923/patrol_run_139/room_2/features/nonPlanes<shot_iss_2015-05-22_01-44-43.pcd 0.899053 0.000815304 0.000847141 4 397,130,99,29 139,41,40,12 0,0,1,0 392224 1128 1760 92 167 400 1032 48 123 391096,762,220,84,33,15,6,3,4,0,1 0,47,22,17,5,1,0,0,0,0,0 0,34,220,84,33,15,6,3,4,0,1 0,3,22,17,5,1,0,0,0,0,0
/home/michal/Downloads/pcddata/processed/paramtest/dt0,02_mp8000_pp0,001/annotated/rares/20140923/patrol_run_141/room_2/features/nonPlanes<shot_iss_2015-05-22_01-45-10.pcd 0.920086 0.000674147 0.00180046 3 372,164,57 128,62,22 0,0,1 407286 1132 1760 69 119 400 1028 30 80 406154,750,235,92,27,14,12,2 0,40,14,11,2,2,0,0 0,18,235,92,27,14,12,2 0,1,14,11,2,2,0,0
/home/michal/Downloads/pcddata/processed/paramtest/dt0,02_mp8000_pp0,001/annotated/rares/20140923/patrol_run_144/room_2/features/nonPlanes<shot_iss_2015-05-22_01-45-41.pcd 0.763279 0.000899408 0.000766285 3 316,214,30 110,75,14 0,0,1 375744 1147 1760 53 79 400 1013 22 48 374597,785,208,102,33,6,6,3,2,2 0,35,12,5,0,1,0,0,0,0 0,38,208,102,33,6,6,3,2,2 0,4,12,5,0,1,0,0,0,0
/home/michal/Downloads/pcddata/processed/paramtest/dt0,02_mp8000_pp0,001/annotated/rares/20140923/patrol_run_146/room_2/features/nonPlanes<shot_iss_2015-05-22_01-46-09.pcd 0.842475 0.000812481 0.00182103 3 353,221,58 121,74,23 0,0,1 380688 1103 1760 58 107 400 1057 29 78 379585,717,253,69,33,12,5,9,1,3,1 0,30,20,4,1,1,0,1,0,1,0 0,14,253,69,33,12,5,9,1,3,1 0,1,20,4,1,1,0,1,0,1,0
/home/michal/Downloads/pcddata/processed/paramtest/dt0,02_mp8000_pp0,001/annotated/rares/20140923/patrol_run_148/room_2/features/nonPlanes<shot_iss_2015-05-22_01-46-17.pcd 0.431539 0.000800473 0.00168159 4 298,221,67,25 101,77,22,12 0,0,1,0 391545 1130 1760 52 108 400 1030 26 82 390415,771,205,86,40,16,7,3,1,0,1 0,29,9,6,3,3,1,0,0,0,1 0,41,205,86,40,16,7,3,1,0,1 0,3,9,6,3,3,1,0,0,0,1
/home/michal/Downloads/pcddata/processed/paramtest/dt0,02_mp8000_pp0,001/annotated/rares/20140923/patrol_run_150/room_2/features/nonPlanes<shot_iss_2015-05-22_01-46-44.pcd 0.520462 0.000680902 0.00177548 5 298,174,64,45,21 101,65,26,18,12 0,0,0,1,0 368448 1150 1760 55 93 400 1010 24 62 367298,780,236,71,41,10,6,4,1,1 0,33,14,4,1,2,1,0,0,0 0,30,236,71,41,10,6,4,1,1 0,2,14,4,1,2,1,0,0,0
/home/michal/Downloads/pcddata/processed/paramtest/dt0,02_mp8000_pp0,001/annotated/rares/20140924/patrol_run_152/room_2/features/nonPlanes<shot_iss_2015-05-22_01-47-09.pcd 1.0078 0.000736856 0.00168658 3 381,170,55 130,61,23 0,0,1 365568 1151 1760 56 94 400 1009 27 65 364417,800,216,67,44,11,4,4,3,1,0,1 0,31,17,4,3,1,0,0,0,0,0,0 0,49,216,67,44,11,4,4,3,1,0,1 0,2,17,4,3,1,0,0,0,0,0,0
/home/michal/Downloads/pcddata/processed/paramtest/dt0,02_mp8000_pp0,001/annotated/rares/20140924/patrol_run_156/room_2/features/nonPlanes<shot_iss_2015-05-22_01-47-35.pcd 1.16274 0.000805602 0.00248505 5 300,239,73,30,21 108,83,28,14,12 0,0,1,0,0 369600 1168 1760 49 94 400 992 28 73 368432,817,215,82,29,14,5,2,1,2,0,1 0,25,12,7,2,2,1,0,0,0,0,0 0,49,215,82,29,14,5,2,1,2,0,1 0,4,12,7,2,2,1,0,0,0,0,0
/home/michal/Downloads/pcddata/processed/paramtest/dt0,02_mp8000_pp0,001/annotated/rares/20140924/patrol_run_158/room_1/features/nonPlanes<shot_iss_2015-05-22_01-48-00.pcd 1.28055 0.000812227 0.00258009 3 320,211,66 118,75,23 0,0,1 379962 1154 1760 50 99 400 1006 26 75 378808,790,235,67,35,14,5,6,1,1 0,27,13,4,2,1,0,3,0,0 0,36,235,67,35,14,5,6,1,1 0,3,13,4,2,1,0,3,0,0
/home/michal/Downloads/pcddata/processed/paramtest/dt0,02_mp8000_pp0,001/annotated/rares/20140924/patrol_run_162/room_2/features/nonPlanes<shot_iss_2015-05-22_01-48-26.pcd 1.25617 0.00201877 0.0027296 6 312,206,72,48,47,25 106,72,32,15,19,13 0,0,1,0,0,0 410816 1134 1760 37 73 400 1026 28 64 409682,781,214,72,36,14,4,9,3,0,1 0,15,16,3,0,2,0,1,0,0,0 0,47,214,72,36,14,4,9,3,0,1 0,6,16,3,0,2,0,1,0,0,0
/home/michal/Downloads/pcddata/processed/paramtest/dt0,02_mp8000_pp0,001/annotated/rares/20140924/patrol_run_164/room_1/features/nonPlanes<shot_iss_2015-05-22_01-48-50.pcd 0.476201 0.000395785 0.00103351 4 300,151,47,40 107,57,17,24 0,0,1,0 394284 1172 1760 35 67 400 988 18 50 393112,808,223,93,33,8,1,2,2,1,1 0,19,7,7,1,0,0,0,0,1,0 0,36,223,93,33,8,1,2,2,1,1 0,2,7,7,1,0,0,0,0,1,0
/home/michal/Downloads/pcddata/processed/paramtest/dt0,02_mp8000_pp0,001/annotated/rares/20140924/patrol_run_166/room_2/features/nonPlanes<shot_iss_2015-05-22_01-49-16.pcd 1.01475 0.000810566 0.00173465 5 351,116,48,45,41 120,40,20,19,14 0,0,0,0,1 378378 1143 1760 33 63 400 1017 14 44 377235,781,220,80,34,15,9,1,1,1,1 0,19,8,3,1,1,0,0,0,0,1 0,38,220,80,34,15,9,1,1,1,1 0,0,8,3,1,1,0,0,0,0,1
