obj_search:
  camera_z: 1.7
  ceiling_z: 2.27
  floor_z: 0
  object_query: {K: 5}
  processed_data_dir: /home/michal/Downloads/pcddata/processed/
  raw_data_dir: /media/michal/Pauli/masterdata/raw/
object_query: {K: 10, cluster_maxsize: 500, cluster_minsize: 12, cluster_tolerance: 0.25,
  clusters_to_results: true, extract_mult: 1.3, match: nonPlanes<shotcolor_uniform,
  n_max_points: 400, output_dir: 'NULL', query_features: '/home/michal/Downloads/pcddata/processed/query/queryobjects/0,01/chair1/features/rgb_0015_label_chair1<shotcolor_uniform_2015-05-26_14-46-03.pcd',
  results_out: '/home/michal/Downloads/pcddata/processed/query/k10_mx400_t0,25/rares',
  subdirs: 4, target_features: /media/michal/Pauli/masterdata/processed/annotated/rares,
  x_step_hough: 0.05, y_step_hough: 0.05, z_step_hough: 0.05}
rosdistro: 'indigo

  '
roslaunch:
  uris: {host_tycho__40457: 'http://tycho:40457/', host_tycho__48573: 'http://tycho:48573/'}
rosversion: '1.11.10

  '
run_id: 267f517e-088c-11e5-bb11-3c970e77227e
BEGIN_DATA
# fname t_query t_hough t_cluster cluster_n cluster_scores cluster_points cluster_inobb n_hough_tot nonzero_hough hough_votes boxpts boxvotes maxpts maxvotes maxboxpts maxboxvotes hough_hist box_hist max_hist boxmax_hist
/media/michal/Pauli/masterdata/processed/annotated/rares/20140820/patrol_run_2/room_1/features/nonPlanes<shotcolor_uniform_2015-05-17_11-22-45.pcd 23.9232 0.00122454 0.00312085 11 257,208,201,154,133,126,124,118,116,91,88 38,39,26,24,18,25,21,22,16,15,17 0,0,0,0,1,0,0,0,0,0,0 449955 1605 3720 75 226 400 2217 24 166 448350,907,307,130,63,67,36,24,14,10,6,10,9,2,3,8,3,2,1,0,0,1,0,0,1,1 0,42,9,5,2,3,3,1,2,2,2,2,1,0,0,1,0,0,0,0,0,0,0,0,0,0 0,0,9,130,63,67,36,24,14,10,6,10,9,2,3,8,3,2,1,0,0,1,0,0,1,1 0,0,0,5,2,3,3,1,2,2,2,2,1,0,0,1,0,0,0,0,0,0,0,0,0,0
/media/michal/Pauli/masterdata/processed/annotated/rares/20140820/patrol_run_4/room_0/features/nonPlanes<shotcolor_uniform_2015-05-17_11-22-46.pcd 25.9609 0.00152903 0.00316526 11 468,280,140,120,105,102,78,71,69,58,58 59,49,23,24,13,15,16,13,16,14,14 1,0,0,0,0,0,0,0,0,0,0 424446 1706 3720 104 541 400 2112 61 483 422740,1004,319,148,69,51,21,25,15,6,9,10,8,8,2,4,0,1,0,2,0,3,1 0,28,15,8,5,9,6,8,5,1,4,5,2,2,1,1,0,1,0,1,0,1,1 0,0,17,148,69,51,21,25,15,6,9,10,8,8,2,4,0,1,0,2,0,3,1 0,0,0,8,5,9,6,8,5,1,4,5,2,2,1,1,0,1,0,1,0,1,1
/media/michal/Pauli/masterdata/processed/annotated/rares/20140828/patrol_run_19/room_3/features/nonPlanes<shotcolor_uniform_2015-05-17_11-22-47.pcd 30.6965 0.00161211 0.00345268 8 490,300,202,125,122,80,75,61 62,58,35,19,26,15,16,15 0,0,0,0,0,0,0,0 445269 1778 3720 66 123 400 2051 14 57 443491,1087,310,139,80,48,25,26,19,11,6,6,5,5,1,2,1,3,0,0,2,0,1,0,0,0,0,0,0,1 0,38,14,7,3,2,1,0,1,0,0,0,0,0,0,0,0,0,0,0,0,0,0,0,0,0,0,0,0,0 0,0,19,139,80,48,25,26,19,11,6,6,5,5,1,2,1,3,0,0,2,0,1,0,0,0,0,0,0,1 0,0,0,7,3,2,1,0,1,0,0,0,0,0,0,0,0,0,0,0,0,0,0,0,0,0,0,0,0,0
/media/michal/Pauli/masterdata/processed/annotated/rares/20140829/patrol_run_20/room_3/features/nonPlanes<shotcolor_uniform_2015-05-17_11-22-48.pcd 28.607 0.00195729 0.00294112 8 510,216,194,194,169,125,63,54 46,27,47,33,34,18,13,14 0,0,0,1,0,0,0,0 461736 1685 3720 56 193 400 2191 30 159 460051,1041,283,141,66,36,26,16,12,15,9,10,3,6,2,1,3,1,1,2,2,2,1,0,0,2,2,0,1,0,0,0,0,0,0,1 0,18,15,7,4,1,3,0,2,2,1,0,0,1,2,0,0,0,0,0,0,0,0,0,0,0,0,0,0,0,0,0,0,0,0,0 0,0,39,141,66,36,26,16,12,15,9,10,3,6,2,1,3,1,1,2,2,2,1,0,0,2,2,0,1,0,0,0,0,0,0,1 0,0,7,7,4,1,3,0,2,2,1,0,0,1,2,0,0,0,0,0,0,0,0,0,0,0,0,0,0,0,0,0,0,0,0,0
/media/michal/Pauli/masterdata/processed/annotated/rares/20140829/patrol_run_26/room_2/features/nonPlanes<shotcolor_uniform_2015-05-17_11-22-50.pcd 31.202 0.00203349 0.00237087 6 650,396,144,125,120,54 89,59,27,24,16,15 1,0,0,0,0,0 404481 1668 3720 116 605 400 2189 72 550 402813,1005,306,114,70,40,25,27,12,13,14,11,6,4,5,3,5,3,3,0,0,1,0,1 0,33,13,14,9,5,7,4,3,6,6,4,0,1,2,2,4,1,1,0,0,1,0,0 0,0,43,114,70,40,25,27,12,13,14,11,6,4,5,3,5,3,3,0,0,1,0,1 0,0,2,14,9,5,7,4,3,6,6,4,0,1,2,2,4,1,1,0,0,1,0,0
/media/michal/Pauli/masterdata/processed/annotated/rares/20140901/patrol_run_27/room_2/features/nonPlanes<shotcolor_uniform_2015-05-17_11-22-51.pcd 27.0047 0.000974661 0.00197942 8 616,164,149,127,118,101,101,63 64,26,28,29,18,23,21,15 1,0,0,0,0,0,0,0 424710 1679 3720 94 666 400 2181 66 627 423031,1019,290,132,69,45,33,19,16,11,7,6,9,3,5,2,1,1,1,2,1,2,1,0,1,0,1,1,0,0,0,0,0,1 0,17,11,4,9,7,8,4,3,6,4,3,3,0,4,2,0,1,1,1,0,2,1,0,1,0,1,1,0,0,0,0,0,0 0,0,30,132,69,45,33,19,16,11,7,6,9,3,5,2,1,1,1,2,1,2,1,0,1,0,1,1,0,0,0,0,0,1 0,0,0,4,9,7,8,4,3,6,4,3,3,0,4,2,0,1,1,1,0,2,1,0,1,0,1,1,0,0,0,0,0,0
/media/michal/Pauli/masterdata/processed/annotated/rares/20140901/patrol_run_31/room_2/features/nonPlanes<shotcolor_uniform_2015-05-17_11-22-53.pcd 30.0865 0.00234056 0.00344801 9 675,524,128,120,110,89,81,64,57 70,70,21,25,18,18,12,17,15 0,0,0,0,0,0,0,0,0 456456 1493 3720 9 16 400 2426 2 7 454963,892,253,114,62,42,24,22,8,11,12,7,7,2,4,4,6,2,1,2,1,5,1,2,0,1,3,1,0,2,0,0,1,0,0,0,0,0,0,1 0,5,2,1,1,0,0,0,0,0,0,0,0,0,0,0,0,0,0,0,0,0,0,0,0,0,0,0,0,0,0,0,0,0,0,0,0,0,0,0 0,0,52,114,62,42,24,22,8,11,12,7,7,2,4,4,6,2,1,2,1,5,1,2,0,1,3,1,0,2,0,0,1,0,0,0,0,0,0,1 0,0,0,1,1,0,0,0,0,0,0,0,0,0,0,0,0,0,0,0,0,0,0,0,0,0,0,0,0,0,0,0,0,0,0,0,0,0,0,0
/media/michal/Pauli/masterdata/processed/annotated/rares/20140901/patrol_run_32/room_2/features/nonPlanes<shotcolor_uniform_2015-05-17_11-22-54.pcd 27.5977 0.00145435 0.00316618 10 304,285,230,144,136,94,91,65,50,48 50,24,24,25,17,23,23,14,15,13 0,1,0,0,0,0,0,0,0,0 449592 1757 3720 29 280 400 2111 21 269 447835,1105,309,134,63,43,28,14,15,4,1,8,3,3,3,6,3,1,2,2,1,1,1,1,0,2,0,1,1,0,0,0,0,1,0,0,0,0,1 0,5,3,1,1,1,1,1,4,0,0,2,0,1,0,2,1,1,1,1,0,1,0,1,0,0,0,0,0,0,0,0,0,1,0,0,0,0,0 0,0,57,134,63,43,28,14,15,4,1,8,3,3,3,6,3,1,2,2,1,1,1,1,0,2,0,1,1,0,0,0,0,1,0,0,0,0,1 0,0,0,1,1,1,1,1,4,0,0,2,0,1,0,2,1,1,1,1,0,1,0,1,0,0,0,0,0,0,0,0,0,1,0,0,0,0,0
/media/michal/Pauli/masterdata/processed/annotated/rares/20140901/patrol_run_33/room_1/features/nonPlanes<shotcolor_uniform_2015-05-17_11-22-55.pcd 30.758 0.00237201 0.00305357 7 326,206,138,135,103,58,55 77,47,43,33,23,16,14 -1 451044 2135 3720 -1 -1 400 1597 -1 -1 448909,1347,422,166,85,57,33,9,10,2,1,1,1,0,1 -1 0,0,34,166,85,57,33,9,10,2,1,1,1,0,1 -1
/media/michal/Pauli/masterdata/processed/annotated/rares/20140902/patrol_run_35/room_2/features/nonPlanes<shotcolor_uniform_2015-05-17_11-22-56.pcd 22.6395 0.000955425 0.00374132 8 609,435,217,102,96,68,64,58 86,66,37,23,15,13,12,15 1,0,0,0,0,0,0,0 451044 1649 3720 120 597 400 2197 74 541 449395,975,294,129,74,53,25,26,16,9,8,11,8,5,3,3,0,0,3,2,0,1,0,2,0,0,0,0,0,1,0,1 0,36,11,20,9,6,7,8,2,5,1,5,3,1,0,0,0,0,2,0,0,1,0,1,0,0,0,0,0,1,0,1 0,0,20,129,74,53,25,26,16,9,8,11,8,5,3,3,0,0,3,2,0,1,0,2,0,0,0,0,0,1,0,1 0,0,1,20,9,6,7,8,2,5,1,5,3,1,0,0,0,0,2,0,0,1,0,1,0,0,0,0,0,1,0,1
/media/michal/Pauli/masterdata/processed/annotated/rares/20140902/patrol_run_38/room_0/features/nonPlanes<shotcolor_uniform_2015-05-17_11-22-58.pcd 23.0071 0.00107446 0.00208082 9 606,210,188,154,111,105,88,67,49 84,34,30,26,25,25,14,13,12 0,0,1,0,0,0,0,0,0 427977 1635 3720 69 216 400 2196 27 166 426342,946,311,138,71,42,27,22,17,11,4,15,3,6,6,2,5,3,1,1,2,0,1,0,0,0,0,0,0,0,1 0,34,9,10,4,2,2,0,1,2,0,2,0,1,0,0,1,0,0,1,0,0,0,0,0,0,0,0,0,0,0 0,0,22,138,71,42,27,22,17,11,4,15,3,6,6,2,5,3,1,1,2,0,1,0,0,0,0,0,0,0,1 0,0,1,10,4,2,2,0,1,2,0,2,0,1,0,0,1,0,0,1,0,0,0,0,0,0,0,0,0,0,0
/media/michal/Pauli/masterdata/processed/annotated/rares/20140903/patrol_run_1/room_4/features/nonPlanes<shotcolor_uniform_2015-05-17_11-22-59.pcd 26.877 0.000971324 0.00298347 9 312,239,238,209,209,183,118,115,111 28,25,29,31,30,35,29,23,22 1,0,0,1,0,0,0,0,0 470184 1553 3720 87 545 400 2334 54 507 468631,920,274,128,58,37,36,21,11,8,7,10,7,6,5,5,4,2,1,1,2,3,1,0,0,1,2,0,1,0,0,0,0,1,0,0,0,0,0,0,0,0,0,1 0,28,8,6,6,6,8,2,1,2,3,1,3,2,0,2,2,0,0,1,0,3,0,0,0,1,1,0,0,0,0,0,0,0,0,0,0,0,0,0,0,0,0,1 0,0,41,128,58,37,36,21,11,8,7,10,7,6,5,5,4,2,1,1,2,3,1,0,0,1,2,0,1,0,0,0,0,1,0,0,0,0,0,0,0,0,0,1 0,0,3,6,6,6,8,2,1,2,3,1,3,2,0,2,2,0,0,1,0,3,0,0,0,1,1,0,0,0,0,0,0,0,0,0,0,0,0,0,0,0,0,1
/media/michal/Pauli/masterdata/processed/annotated/rares/20140903/patrol_run_10/room_2/features/nonPlanes<shotcolor_uniform_2015-05-17_11-23-01.pcd 20.021 0.001548 0.00362395 6 853,322,233,66,61,34 114,43,29,13,15,12 0,1,0,0,0,0 453024 1564 3720 40 255 400 2313 29 241 451460,921,282,123,62,40,29,19,20,7,6,12,8,4,7,4,5,4,2,0,2,2,0,2,1,0,1,0,1 0,8,3,7,5,1,0,3,2,1,0,3,1,0,2,1,1,1,0,0,0,0,0,0,0,0,0,0,1 0,0,39,123,62,40,29,19,20,7,6,12,8,4,7,4,5,4,2,0,2,2,0,2,1,0,1,0,1 0,0,0,7,5,1,0,3,2,1,0,3,1,0,2,1,1,1,0,0,0,0,0,0,0,0,0,0,1
/media/michal/Pauli/masterdata/processed/annotated/rares/20140903/patrol_run_12/room_2/features/nonPlanes<shotcolor_uniform_2015-05-17_11-23-02.pcd 25.8844 0.00111182 0.00248895 11 292,247,195,171,169,148,84,71,65,45,33 42,36,32,33,19,19,12,17,16,12,12 0,0,1,0,0,0,0,0,0,0,0 434214 1665 3720 44 208 400 2193 30 186 432549,1003,293,130,64,46,26,22,18,11,10,9,6,6,4,6,2,1,3,1,1,2,0,1 0,6,8,13,1,3,2,2,0,3,2,1,1,1,0,0,0,0,0,1,0,0,0,0 0,0,31,130,64,46,26,22,18,11,10,9,6,6,4,6,2,1,3,1,1,2,0,1 0,0,0,13,1,3,2,2,0,3,2,1,1,1,0,0,0,0,0,1,0,0,0,0
/media/michal/Pauli/masterdata/processed/annotated/rares/20140903/patrol_run_14/room_1/features/nonPlanes<shotcolor_uniform_2015-05-17_11-23-03.pcd 25.1369 0.00162229 0.00301627 11 294,288,279,175,149,94,91,76,71,66,37 43,26,44,31,21,15,13,12,15,14,12 1,0,0,0,0,0,0,0,0,0,0 434313 1610 3720 50 277 400 2249 37 258 432703,949,288,125,60,46,31,27,19,12,11,13,5,4,7,4,2,2,1,1,0,0,0,0,0,0,0,1,1,0,0,0,0,0,1 0,7,6,5,5,4,4,7,3,2,1,2,1,0,1,2,0,0,0,0,0,0,0,0,0,0,0,0,0,0,0,0,0,0,0 0,0,27,125,60,46,31,27,19,12,11,13,5,4,7,4,2,2,1,1,0,0,0,0,0,0,0,1,1,0,0,0,0,0,1 0,0,0,5,5,4,4,7,3,2,1,2,1,0,1,2,0,0,0,0,0,0,0,0,0,0,0,0,0,0,0,0,0,0,0
/media/michal/Pauli/masterdata/processed/annotated/rares/20140903/patrol_run_2/room_4/features/nonPlanes<shotcolor_uniform_2015-05-17_11-23-04.pcd 27.0399 0.00115964 0.00205607 8 559,260,193,175,92,80,79,62 73,28,37,30,21,18,17,13 1,0,0,0,0,0,0,0 462264 1657 3720 128 586 400 2188 66 506 460607,982,305,139,59,44,30,24,18,8,9,5,9,3,5,5,1,0,3,1,3,0,1,0,0,0,2,0,0,0,0,1 0,44,21,12,10,9,5,7,1,3,0,3,3,0,2,3,0,0,0,0,2,0,0,0,0,0,2,0,0,0,0,1 0,0,30,139,59,44,30,24,18,8,9,5,9,3,5,5,1,0,3,1,3,0,1,0,0,0,2,0,0,0,0,1 0,0,3,12,10,9,5,7,1,3,0,3,3,0,2,3,0,0,0,0,2,0,0,0,0,0,2,0,0,0,0,1
/media/michal/Pauli/masterdata/processed/annotated/rares/20140903/patrol_run_9/room_2/features/nonPlanes<shotcolor_uniform_2015-05-17_11-23-06.pcd 27.379 0.00131076 0.00292112 8 447,270,251,181,105,103,83,50 67,42,37,22,22,14,19,14 0,0,0,1,0,0,0,0 491568 1693 3720 35 198 400 2153 21 176 489875,1019,300,122,79,44,32,19,16,17,12,7,5,3,4,6,3,2,1,0,0,1,0,0,0,0,0,0,0,0,1 0,6,8,2,4,3,3,0,1,2,1,0,0,2,1,1,0,0,0,0,0,0,0,0,0,0,0,0,0,0,1 0,0,26,122,79,44,32,19,16,17,12,7,5,3,4,6,3,2,1,0,0,1,0,0,0,0,0,0,0,0,1 0,0,0,2,4,3,3,0,1,2,1,0,0,2,1,1,0,0,0,0,0,0,0,0,0,0,0,0,0,0,1
/media/michal/Pauli/masterdata/processed/annotated/rares/20140904/patrol_run_15/room_2/features/nonPlanes<shotcolor_uniform_2015-05-17_11-23-07.pcd 29.9099 0.00123617 0.00339365 5 541,320,185,157,117 88,60,32,33,18 1,0,0,0,0 517902 1785 3720 152 603 400 2010 76 492 516117,1060,332,153,73,49,35,21,22,10,11,2,5,4,0,4,3,0,0,0,0,0,0,0,0,1 0,41,36,14,14,10,7,7,6,3,6,0,2,4,0,1,0,0,0,0,0,0,0,0,0,1 0,0,7,153,73,49,35,21,22,10,11,2,5,4,0,4,3,0,0,0,0,0,0,0,0,1 0,0,1,14,14,10,7,7,6,3,6,0,2,4,0,1,0,0,0,0,0,0,0,0,0,1
/media/michal/Pauli/masterdata/processed/annotated/rares/20140905/patrol_run_17/room_2/features/nonPlanes<shotcolor_uniform_2015-05-17_11-23-09.pcd 27.9881 0.00413457 0.00476421 10 316,277,187,121,119,118,113,105,73,71 27,47,20,17,29,24,24,16,15,15 0,1,0,0,0,0,0,0,0,0 446160 1641 3720 99 337 400 2198 47 277 444519,960,315,130,74,40,32,12,17,8,13,5,10,6,3,2,4,1,1,0,1,0,0,2,2,1,1,0,0,0,0,0,0,0,0,0,0,0,0,0,0,1 0,44,14,12,7,1,8,2,2,0,4,1,1,0,0,1,1,0,0,0,0,0,0,0,1,0,0,0,0,0,0,0,0,0,0,0,0,0,0,0,0,0 0,0,34,130,74,40,32,12,17,8,13,5,10,6,3,2,4,1,1,0,1,0,0,2,2,1,1,0,0,0,0,0,0,0,0,0,0,0,0,0,0,1 0,0,6,12,7,1,8,2,2,0,4,1,1,0,0,1,1,0,0,0,0,0,0,0,1,0,0,0,0,0,0,0,0,0,0,0,0,0,0,0,0,0
/media/michal/Pauli/masterdata/processed/annotated/rares/20140905/patrol_run_19/room_1/features/nonPlanes<shotcolor_uniform_2015-05-17_11-23-11.pcd 33.3751 0.00153366 0.00287627 6 351,308,235,215,116,70 49,48,51,27,18,15 0,0,0,0,0,0 453024 1698 3720 53 102 400 2146 11 52 451326,1022,296,134,81,47,31,16,14,10,8,9,7,4,6,2,3,4,1,0,0,0,0,0,0,0,1,1,0,1 0,34,8,2,2,4,3,0,0,0,0,0,0,0,0,0,0,0,0,0,0,0,0,0,0,0,0,0,0,0 0,0,20,134,81,47,31,16,14,10,8,9,7,4,6,2,3,4,1,0,0,0,0,0,0,0,1,1,0,1 0,0,0,2,2,4,3,0,0,0,0,0,0,0,0,0,0,0,0,0,0,0,0,0,0,0,0,0,0,0
/media/michal/Pauli/masterdata/processed/annotated/rares/20140905/patrol_run_21/room_2/features/nonPlanes<shotcolor_uniform_2015-05-17_11-23-13.pcd 30.9543 0.00218804 0.00350072 7 724,290,152,77,75,73,71 107,51,23,12,16,14,12 0,0,0,0,0,1,0 419265 1650 3720 65 146 400 2174 17 91 417615,954,298,148,65,50,33,29,21,9,9,9,8,4,1,4,2,2,0,0,1,0,1,1,1 0,41,7,5,3,3,2,0,2,0,1,1,0,0,0,0,0,0,0,0,0,0,0,0,0 0,0,2,148,65,50,33,29,21,9,9,9,8,4,1,4,2,2,0,0,1,0,1,1,1 0,0,0,5,3,3,2,0,2,0,1,1,0,0,0,0,0,0,0,0,0,0,0,0,0
/media/michal/Pauli/masterdata/processed/annotated/rares/20140905/patrol_run_23/room_2/features/nonPlanes<shotcolor_uniform_2015-05-17_11-23-14.pcd 23.4261 0.00160699 0.00337629 6 786,410,127,92,86,56 88,70,28,17,19,12 0,0,1,0,0,0 463320 1605 3720 70 155 400 2273 22 99 461715,963,288,126,56,48,27,13,13,10,12,9,8,4,3,4,3,4,4,2,3,0,0,0,0,1,1,1,1,0,0,1 0,40,11,9,4,1,1,1,1,1,0,0,0,0,0,1,0,0,0,0,0,0,0,0,0,0,0,0,0,0,0,0 0,0,46,126,56,48,27,13,13,10,12,9,8,4,3,4,3,4,4,2,3,0,0,0,0,1,1,1,1,0,0,1 0,0,3,9,4,1,1,1,1,1,0,0,0,0,0,1,0,0,0,0,0,0,0,0,0,0,0,0,0,0,0,0
/media/michal/Pauli/masterdata/processed/annotated/rares/20140905/patrol_run_25/room_1/features/nonPlanes<shotcolor_uniform_2015-05-17_11-23-15.pcd 26.6706 0.000797022 0.00262359 5 606,598,183,57,52 67,84,20,13,14 0,0,0,0,0 410652 1524 3720 52 105 400 2372 14 58 409128,900,271,120,59,41,23,24,13,13,10,8,4,5,4,5,6,2,3,1,2,2,1,1,0,1,0,1,0,0,1,1,0,1,0,0,0,0,0,0,0,0,1 0,29,10,4,5,1,2,1,0,0,0,0,0,0,0,0,0,0,0,0,0,0,0,0,0,0,0,0,0,0,0,0,0,0,0,0,0,0,0,0,0,0,0 0,0,47,120,59,41,23,24,13,13,10,8,4,5,4,5,6,2,3,1,2,2,1,1,0,1,0,1,0,0,1,1,0,1,0,0,0,0,0,0,0,0,1 0,0,1,4,5,1,2,1,0,0,0,0,0,0,0,0,0,0,0,0,0,0,0,0,0,0,0,0,0,0,0,0,0,0,0,0,0,0,0,0,0,0,0
/media/michal/Pauli/masterdata/processed/annotated/rares/20140905/patrol_run_27/room_2/features/nonPlanes<shotcolor_uniform_2015-05-17_11-23-17.pcd 28.4342 0.00315921 0.00256202 8 602,275,188,175,86,72,61,53 97,50,22,27,17,16,13,13 0,0,0,0,0,0,1,1 470448 1629 3720 71 151 400 2179 21 91 468819,917,316,131,81,62,31,20,15,11,9,5,10,4,5,2,2,1,3,1,3 0,40,10,11,1,3,4,1,1,0,0,0,0,0,0,0,0,0,0,0,0 0,0,4,131,81,62,31,20,15,11,9,5,10,4,5,2,2,1,3,1,3 0,0,0,11,1,3,4,1,1,0,0,0,0,0,0,0,0,0,0,0,0
/media/michal/Pauli/masterdata/processed/annotated/rares/20140905/patrol_run_29/room_2/features/nonPlanes<shotcolor_uniform_2015-05-17_11-23-18.pcd 23.6457 0.00149438 0.00367272 6 562,386,213,205,179,66 108,70,34,32,25,14 0,0,1,0,0,0 437580 1704 3720 59 179 400 2109 23 131 435876,1004,293,131,103,49,30,23,21,16,8,9,4,2,5,2,2,0,1,0,0,0,0,0,1 0,24,12,5,6,2,3,2,2,0,1,1,0,1,0,0,0,0,0,0,0,0,0,0,0 0,0,0,124,103,49,30,23,21,16,8,9,4,2,5,2,2,0,1,0,0,0,0,0,1 0,0,0,5,6,2,3,2,2,0,1,1,0,1,0,0,0,0,0,0,0,0,0,0,0
/media/michal/Pauli/masterdata/processed/annotated/rares/20140905/patrol_run_30/room_1/features/nonPlanes<shotcolor_uniform_2015-05-17_11-23-19.pcd 27.1297 0.00148979 0.00372221 5 951,252,198,81,50 99,45,25,15,13 0,0,0,0,0 451044 1580 3720 32 57 400 2327 9 30 449464,967,274,118,64,37,24,18,15,11,7,5,4,4,4,2,2,1,1,2,3,6,3,0,0,0,3,0,1,0,1,0,1,0,0,0,0,0,0,1,0,0,0,0,0,0,1 0,19,7,2,2,2,0,0,0,0,0,0,0,0,0,0,0,0,0,0,0,0,0,0,0,0,0,0,0,0,0,0,0,0,0,0,0,0,0,0,0,0,0,0,0,0,0 0,0,61,118,64,37,24,18,15,11,7,5,4,4,4,2,2,1,1,2,3,6,3,0,0,0,3,0,1,0,1,0,1,0,0,0,0,0,0,1,0,0,0,0,0,0,1 0,0,3,2,2,2,0,0,0,0,0,0,0,0,0,0,0,0,0,0,0,0,0,0,0,0,0,0,0,0,0,0,0,0,0,0,0,0,0,0,0,0,0,0,0,0,0
/media/michal/Pauli/masterdata/processed/annotated/rares/20140905/patrol_run_30/room_7/features/nonPlanes<shotcolor_uniform_2015-05-17_11-23-21.pcd 28.82 0.00107475 0.0023261 8 370,253,167,160,134,84,82,59 74,41,35,19,34,20,15,14 1,0,0,0,0,0,0,0 458865 1934 3720 124 384 400 1873 61 304 456931,1221,352,144,80,42,23,18,13,10,6,12,3,5,3,1,0,0,0,0,0,0,0,0,0,1 0,46,24,18,11,4,7,5,2,1,1,3,0,1,1,0,0,0,0,0,0,0,0,0,0,0 0,0,39,144,80,42,23,18,13,10,6,12,3,5,3,1,0,0,0,0,0,0,0,0,0,1 0,0,7,18,11,4,7,5,2,1,1,3,0,1,1,0,0,0,0,0,0,0,0,0,0,0
/media/michal/Pauli/masterdata/processed/annotated/rares/20140908/patrol_run_32/room_2/features/nonPlanes<shotcolor_uniform_2015-05-17_11-23-22.pcd 31.1541 0.00142797 0.00296524 7 602,323,165,131,81,56,53 71,45,24,25,18,13,13 0,0,0,0,1,0,0 448668 1610 3720 42 121 400 2257 21 90 447058,957,281,140,60,48,27,25,21,7,6,7,5,3,4,0,4,2,2,3,1,1,0,1,0,0,0,1,0,0,0,1,0,0,0,0,0,1,0,0,0,0,1,0,0,0,0,0,0,1 0,11,12,6,5,4,1,2,1,0,0,0,0,0,0,0,0,0,0,0,0,0,0,0,0,0,0,0,0,0,0,0,0,0,0,0,0,0,0,0,0,0,0,0,0,0,0,0,0,0 0,0,28,140,60,48,27,25,21,7,6,7,5,3,4,0,4,2,2,3,1,1,0,1,0,0,0,1,0,0,0,1,0,0,0,0,0,1,0,0,0,0,1,0,0,0,0,0,0,1 0,0,2,6,5,4,1,2,1,0,0,0,0,0,0,0,0,0,0,0,0,0,0,0,0,0,0,0,0,0,0,0,0,0,0,0,0,0,0,0,0,0,0,0,0,0,0,0,0,0
/media/michal/Pauli/masterdata/processed/annotated/rares/20140908/patrol_run_34/room_2/features/nonPlanes<shotcolor_uniform_2015-05-17_11-23-23.pcd 29.9131 0.0013518 0.00244778 10 468,221,177,135,109,94,91,84,83,83 61,34,21,36,17,21,27,14,17,17 1,0,0,0,0,0,0,0,0,0 423720 1689 3720 84 328 400 2125 33 255 422031,983,327,146,74,40,31,18,18,8,12,7,3,3,4,4,2,1,0,0,3,0,1,1,1,1,0,0,0,0,1 0,29,22,9,6,2,1,1,3,1,1,2,1,1,1,0,1,1,0,0,1,0,0,0,1,0,0,0,0,0,0 0,0,21,146,74,40,31,18,18,8,12,7,3,3,4,4,2,1,0,0,3,0,1,1,1,1,0,0,0,0,1 0,0,0,9,6,2,1,1,3,1,1,2,1,1,1,0,1,1,0,0,1,0,0,0,1,0,0,0,0,0,0
/media/michal/Pauli/masterdata/processed/annotated/rares/20140908/patrol_run_36/room_3/features/nonPlanes<shotcolor_uniform_2015-05-17_11-23-25.pcd 23.8511 0.00139197 0.00217258 8 819,195,192,133,111,78,71,57 103,39,20,33,17,20,15,14 1,0,0,0,0,0,0,0 423654 1627 3720 115 701 400 2228 77 653 422027,962,270,149,66,47,34,21,19,11,11,4,9,2,5,4,3,3,0,2,2,0,0,0,1,1,1 0,28,10,14,9,8,5,5,5,4,3,3,6,1,3,3,1,2,0,2,1,0,0,0,0,1,1 0,0,5,149,66,47,34,21,19,11,11,4,9,2,5,4,3,3,0,2,2,0,0,0,1,1,1 0,0,0,14,9,8,5,5,5,4,3,3,6,1,3,3,1,2,0,2,1,0,0,0,0,1,1
/media/michal/Pauli/masterdata/processed/annotated/rares/20140908/patrol_run_38/room_2/features/nonPlanes<shotcolor_uniform_2015-05-17_11-23-27.pcd 31.9341 0.00156513 0.00280647 7 637,307,286,158,142,131,75 108,48,52,15,29,24,15 1,0,0,0,0,0,0 433356 1631 3720 133 540 400 2181 77 471 431725,929,296,137,84,60,31,24,17,11,8,6,8,4,4,5,1,1,0,2,2,0,0,0,0,0,0,1 0,45,9,15,17,20,4,5,1,4,3,3,3,2,0,0,1,0,0,0,1,0,0,0,0,0,0,0 0,0,0,131,84,60,31,24,17,11,8,6,8,4,4,5,1,1,0,2,2,0,0,0,0,0,0,1 0,0,0,13,17,20,4,5,1,4,3,3,3,2,0,0,1,0,0,0,1,0,0,0,0,0,0,0
/media/michal/Pauli/masterdata/processed/annotated/rares/20140908/patrol_run_39/room_3/features/nonPlanes<shotcolor_uniform_2015-05-17_11-23-28.pcd 25.3377 0.000765344 0.00210099 6 601,360,165,147,81,45 68,50,27,25,12,13 0,0,0,0,0,0 414678 1583 3720 47 77 400 2281 8 34 413095,927,290,118,81,49,18,21,18,8,8,10,5,9,1,2,1,2,3,1,1,1,1,2,1,1,1,0,0,0,0,1,1,0,0,0,0,0,1 0,35,5,2,2,1,1,1,0,0,0,0,0,0,0,0,0,0,0,0,0,0,0,0,0,0,0,0,0,0,0,0,0,0,0,0,0,0,0 0,0,34,118,81,49,18,21,18,8,8,10,5,9,1,2,1,2,3,1,1,1,1,2,1,1,1,0,0,0,0,1,1,0,0,0,0,0,1 0,0,1,2,2,1,1,1,0,0,0,0,0,0,0,0,0,0,0,0,0,0,0,0,0,0,0,0,0,0,0,0,0,0,0,0,0,0,0
/media/michal/Pauli/masterdata/processed/annotated/rares/20140908/patrol_run_41/room_3/features/nonPlanes<shotcolor_uniform_2015-05-17_11-23-29.pcd 27.8871 0.00113774 0.00246658 8 829,198,165,164,78,71,71,52 106,26,34,23,21,15,13,15 1,0,0,0,0,0,0,0 455400 1611 3720 113 603 400 2232 60 531 453789,934,311,124,80,36,22,27,13,12,9,4,8,4,8,1,3,2,2,1,5,1,1,2,1 0,34,21,6,6,10,1,7,2,5,3,1,2,2,4,0,2,1,1,1,2,0,1,0,1 0,0,34,124,80,36,22,27,13,12,9,4,8,4,8,1,3,2,2,1,5,1,1,2,1 0,0,2,6,6,10,1,7,2,5,3,1,2,2,4,0,2,1,1,1,2,0,1,0,1
/media/michal/Pauli/masterdata/processed/annotated/rares/20140908/patrol_run_43/room_3/features/nonPlanes<shotcolor_uniform_2015-05-17_11-23-31.pcd 27.7639 0.00130147 0.00293787 7 781,252,229,190,157,140,74 72,24,45,21,40,28,16 1,0,0,0,0,0,0 414018 1448 3720 109 868 400 2434 78 827 412570,810,284,128,61,30,24,15,15,9,16,6,7,10,4,5,5,1,1,2,1,3,2,1,0,0,0,2,2,1,1,0,0,0,1,0,0,1 0,21,15,10,7,4,4,4,1,5,7,4,3,4,2,2,2,0,0,2,1,2,2,1,0,0,0,2,1,1,1,0,0,0,1,0,0,0 0,0,46,128,61,30,24,15,15,9,16,6,7,10,4,5,5,1,1,2,1,3,2,1,0,0,0,2,2,1,1,0,0,0,1,0,0,1 0,0,5,10,7,4,4,4,1,5,7,4,3,4,2,2,2,0,0,2,1,2,2,1,0,0,0,2,1,1,1,0,0,0,1,0,0,0
/media/michal/Pauli/masterdata/processed/annotated/rares/20140908/patrol_run_45/room_2/features/nonPlanes<shotcolor_uniform_2015-05-17_11-23-32.pcd 31.5372 0.000965705 0.00322644 8 531,365,232,217,160,79,76,73 75,57,37,33,22,14,17,15 1,0,0,0,0,0,0,0 442200 1531 3720 121 487 400 2291 63 413 440669,845,274,142,85,43,43,15,17,17,10,10,3,4,5,4,4,2,2,1,2,0,1,0,0,1,1 0,42,16,18,13,4,6,2,4,3,3,1,1,1,1,3,1,1,0,0,1,0,0,0,0,0,0 0,0,0,130,85,43,43,15,17,17,10,10,3,4,5,4,4,2,2,1,2,0,1,0,0,1,1 0,0,0,18,13,4,6,2,4,3,3,1,1,1,1,3,1,1,0,0,1,0,0,0,0,0,0
/media/michal/Pauli/masterdata/processed/annotated/rares/20140908/patrol_run_47/room_3/features/nonPlanes<shotcolor_uniform_2015-05-17_11-23-35.pcd 33.5646 0.00148605 0.00348471 9 466,383,265,169,144,83,63,59,40 57,59,51,29,27,18,14,14,13 1,1,0,0,0,0,0,0,0 465300 1737 3720 164 826 400 2120 97 740 463563,1074,292,135,76,42,31,16,15,8,12,6,6,3,5,6,1,3,0,2,1,1,1,0,0,0,0,0,1 0,48,22,20,12,10,10,5,7,4,4,2,4,1,3,3,1,2,0,2,1,1,1,0,0,0,0,0,1 0,0,29,135,76,42,31,16,15,8,12,6,6,3,5,6,1,3,0,2,1,1,1,0,0,0,0,0,1 0,0,3,20,12,10,10,5,7,4,4,2,4,1,3,3,1,2,0,2,1,1,1,0,0,0,0,0,1
/media/michal/Pauli/masterdata/processed/annotated/rares/20140909/patrol_run_49/room_3/features/nonPlanes<shotcolor_uniform_2015-05-17_11-23-37.pcd 29.3442 0.00135349 0.00328767 8 344,293,227,203,176,96,78,50 46,41,49,25,35,12,19,12 0,0,0,0,0,0,1,0 437778 1684 3720 81 166 400 2158 22 91 436094,1006,303,147,70,33,37,26,14,9,5,4,7,4,4,1,0,2,1,0,1,0,1,3,1,1,1,1,0,1,1 0,43,20,8,5,0,1,3,0,0,0,0,1,0,0,0,0,0,0,0,0,0,0,0,0,0,0,0,0,0,0 0,0,25,147,70,33,37,26,14,9,5,4,7,4,4,1,0,2,1,0,1,0,1,3,1,1,1,1,0,1,1 0,0,4,8,5,0,1,3,0,0,0,0,1,0,0,0,0,0,0,0,0,0,0,0,0,0,0,0,0,0,0
/media/michal/Pauli/masterdata/processed/annotated/rares/20140909/patrol_run_51/room_3/features/nonPlanes<shotcolor_uniform_2015-05-17_11-23-38.pcd 27.1908 0.00134442 0.00364287 6 697,309,297,97,79,62 102,53,48,18,16,18 1,0,0,0,0,0 816816 1689 3720 162 710 400 2142 88 614 815127,1000,311,134,78,38,26,23,19,17,7,11,5,3,8,2,3,0,1,0,0,1,0,0,0,1,0,0,1 0,52,25,15,20,7,8,7,4,4,4,5,2,0,2,2,2,0,0,0,0,1,0,0,0,1,0,0,1 0,0,22,134,78,38,26,23,19,17,7,11,5,3,8,2,3,0,1,0,0,1,0,0,0,1,0,0,1 0,0,3,15,20,7,8,7,4,4,4,5,2,0,2,2,2,0,0,0,0,1,0,0,0,1,0,0,1
/media/michal/Pauli/masterdata/processed/annotated/rares/20140909/patrol_run_53/room_3/features/nonPlanes<shotcolor_uniform_2015-05-17_11-23-39.pcd 23.4475 0.00115854 0.00247637 6 521,392,192,166,156,96 83,59,34,19,22,12 1,0,0,0,0,0 456456 1584 3720 113 459 400 2252 58 391 454872,900,286,137,68,50,40,23,21,13,10,9,4,5,3,1,4,3,0,2,2,1,1,0,1 0,42,13,13,10,4,7,5,8,3,2,1,0,1,1,0,0,0,0,0,1,0,1,0,1 0,0,2,137,68,50,40,23,21,13,10,9,4,5,3,1,4,3,0,2,2,1,1,0,1 0,0,0,13,10,4,7,5,8,3,2,1,0,1,1,0,0,0,0,0,1,0,1,0,1
/media/michal/Pauli/masterdata/processed/annotated/rares/20140909/patrol_run_55/room_3/features/nonPlanes<shotcolor_uniform_2015-05-17_11-23-40.pcd 28.0781 0.00122703 0.00356896 7 428,246,193,150,126,106,67 77,66,30,23,25,22,12 0,0,0,0,0,0,0 446622 1844 3720 39 83 400 1977 8 44 444778,1145,323,124,88,51,23,30,25,11,6,5,3,2,2,1,4,0,0,1 0,23,8,3,2,0,1,0,0,1,0,0,1,0,0,0,0,0,0,0 0,0,24,124,88,51,23,30,25,11,6,5,3,2,2,1,4,0,0,1 0,0,0,3,2,0,1,0,0,1,0,0,1,0,0,0,0,0,0,0
/media/michal/Pauli/masterdata/processed/annotated/rares/20140909/patrol_run_59/room_3/features/nonPlanes<shotcolor_uniform_2015-05-17_21-47-51.pcd 40.7026 0.00181368 0.00242947 8 280,199,191,131,69,69,56,51 70,36,40,32,15,12,17,15 0,0,1,0,0,0,0,0 1089992 2235 3720 112 281 400 1573 41 194 1087757,1523,415,124,57,46,27,19,9,3,3,4,1,2,0,1,1 0,55,22,12,7,2,8,1,2,1,0,0,0,1,0,1,0 0,0,103,124,57,46,27,19,9,3,3,4,1,2,0,1,1 0,0,6,12,7,2,8,1,2,1,0,0,0,1,0,1,0
/media/michal/Pauli/masterdata/processed/annotated/rares/20140909/patrol_run_61/room_3/features/nonPlanes<shotcolor_uniform_2015-05-17_21-47-55.pcd 36.3331 0.00333154 0.00320635 7 365,317,166,132,117,85,60 74,47,19,22,25,22,12 0,0,0,0,0,0,0 1053360 1914 3720 42 68 400 1912 7 25 1051446,1220,342,142,61,51,27,20,11,12,3,8,5,2,2,1,1,0,0,0,1,3,1,0,0,1 0,27,10,3,1,0,0,0,1,0,0,0,0,0,0,0,0,0,0,0,0,0,0,0,0,0 0,0,48,142,61,51,27,20,11,12,3,8,5,2,2,1,1,0,0,0,1,3,1,0,0,1 0,0,2,3,1,0,0,0,1,0,0,0,0,0,0,0,0,0,0,0,0,0,0,0,0,0
/media/michal/Pauli/masterdata/processed/annotated/rares/20140909/patrol_run_63/room_3/features/nonPlanes<shotcolor_uniform_2015-05-17_21-47-58.pcd 44.9481 0.0041193 0.00307085 5 455,150,147,92,55 116,40,44,25,17 0,0,0,1,0 1102304 2350 3720 104 214 400 1423 31 117 1099954,1603,425,173,78,32,21,8,3,4,1,1,0,1 0,49,29,11,8,3,3,0,0,1,0,0,0,0 0,0,78,173,78,32,21,8,3,4,1,1,0,1 0,0,5,11,8,3,3,0,0,1,0,0,0,0
/media/michal/Pauli/masterdata/processed/annotated/rares/20140910/patrol_run_67/room_3/features/nonPlanes<shotcolor_uniform_2015-05-17_21-48-02.pcd 34.796 0.00379549 0.00677894 9 452,195,156,125,109,85,80,58,43 68,24,24,33,25,21,13,12,13 1,0,0,0,0,0,0,0,0 1057571 1932 3720 132 550 400 1909 71 481 1055639,1253,354,108,69,36,32,22,10,16,10,4,5,1,3,3,1,2,2,1 0,53,10,12,12,7,8,5,4,8,3,2,2,0,2,2,0,0,1,1 0,0,75,108,69,36,32,22,10,16,10,4,5,1,3,3,1,2,2,1 0,0,2,12,12,7,8,5,4,8,3,2,2,0,2,2,0,0,1,1
/media/michal/Pauli/masterdata/processed/annotated/rares/20140910/patrol_run_69/room_3/features/nonPlanes<shotcolor_uniform_2015-05-17_21-48-05.pcd 35.5281 0.00283976 0.00298161 9 233,162,154,121,86,74,74,68,66 39,23,30,25,15,21,17,18,17 0,0,0,1,0,0,0,1,0 1078478 2060 3720 96 203 400 1764 27 121 1076418,1364,362,143,66,38,24,16,11,9,11,6,3,2,1,1,1,1,0,0,0,0,0,0,1 0,56,15,9,6,3,3,1,2,0,1,0,0,0,0,0,0,0,0,0,0,0,0,0,0 0,0,66,143,66,38,24,16,11,9,11,6,3,2,1,1,1,1,0,0,0,0,0,0,1 0,0,2,9,6,3,3,1,2,0,1,0,0,0,0,0,0,0,0,0,0,0,0,0,0
/media/michal/Pauli/masterdata/processed/annotated/rares/20140910/patrol_run_71/room_3/features/nonPlanes<shotcolor_uniform_2015-05-17_21-48-08.pcd 36.0663 0.00332748 0.00295706 9 266,216,142,125,76,57,53,50,49 38,42,28,19,19,15,12,12,13 0,0,0,0,0,0,0,0,0 1098656 1942 3720 60 133 400 1873 16 79 1096714,1237,354,141,68,50,19,22,19,6,6,4,3,3,1,1,1,1,3,1,1,0,1 0,34,12,4,1,4,2,0,2,0,0,1,0,0,0,0,0,0,0,0,0,0,0 0,0,49,141,68,50,19,22,19,6,6,4,3,3,1,1,1,1,3,1,1,0,1 0,0,2,4,1,4,2,0,2,0,0,1,0,0,0,0,0,0,0,0,0,0,0
/media/michal/Pauli/masterdata/processed/annotated/rares/20140910/patrol_run_74/room_3/features/nonPlanes<shotcolor_uniform_2015-05-17_21-48-11.pcd 38.3832 0.00310743 0.0032716 8 330,274,253,117,112,55,49,40 49,68,45,26,22,14,14,12 0,0,1,0,0,0,0,0 1048800 2067 3720 81 303 400 1776 44 251 1046733,1390,351,145,55,34,33,14,6,9,11,4,3,4,1,1,3,1,0,0,1,0,1 0,22,16,7,8,10,6,4,1,2,2,1,1,1,0,0,0,0,0,0,0,0,0 0,0,74,145,55,34,33,14,6,9,11,4,3,4,1,1,3,1,0,0,1,0,1 0,0,1,7,8,10,6,4,1,2,2,1,1,1,0,0,0,0,0,0,0,0,0
/media/michal/Pauli/masterdata/processed/annotated/rares/20140910/patrol_run_77/room_4/features/nonPlanes<shotcolor_uniform_2015-05-17_21-48-14.pcd 36.7557 0.00295815 0.00387505 7 396,161,157,146,89,86,79 90,24,20,29,18,13,19 0,0,0,1,0,0,0 1101506 2019 3720 39 103 400 1796 18 77 1099487,1314,371,131,73,35,32,21,11,4,8,6,2,3,2,2,1,1,0,1,0,0,1 0,16,7,4,5,4,1,1,1,0,0,0,0,0,0,0,0,0,0,0,0,0,0 0,0,66,131,73,35,32,21,11,4,8,6,2,3,2,2,1,1,0,1,0,0,1 0,0,2,4,5,4,1,1,1,0,0,0,0,0,0,0,0,0,0,0,0,0,0
/media/michal/Pauli/masterdata/processed/annotated/rares/20140910/patrol_run_79/room_2/features/nonPlanes<shotcolor_uniform_2015-05-17_21-48-17.pcd 30.2851 0.00376299 0.0021134 7 553,322,222,139,113,62,53 73,52,44,28,22,20,12 1,0,0,0,0,0,0 1097668 1756 3720 108 570 400 2088 64 514 1095912,1080,319,130,63,47,36,20,15,9,10,4,1,2,2,4,3,1,0,2,2,0,1,2,1,0,0,0,1,0,0,0,0,0,0,1 0,32,12,6,14,9,11,3,2,2,6,2,0,1,1,0,1,0,0,1,1,0,0,1,1,0,0,0,1,0,0,0,0,0,0,1 0,0,43,130,63,47,36,20,15,9,10,4,1,2,2,4,3,1,0,2,2,0,1,2,1,0,0,0,1,0,0,0,0,0,0,1 0,0,0,6,14,9,11,3,2,2,6,2,0,1,1,0,1,0,0,1,1,0,0,1,1,0,0,0,1,0,0,0,0,0,0,1
/media/michal/Pauli/masterdata/processed/annotated/rares/20140910/patrol_run_81/room_2/features/nonPlanes<shotcolor_uniform_2015-05-17_21-48-19.pcd 34.6781 0.0190208 0.00278792 4 388,192,175,157 96,48,49,41 0,1,0,0 1075400 2281 3720 97 258 400 1471 48 192 1073119,1513,453,152,71,44,16,20,8,3,0,0,0,0,1 0,32,27,14,13,2,4,2,2,0,0,0,0,0,1 0,0,85,152,71,44,16,20,8,3,0,0,0,0,1 0,0,10,14,13,2,4,2,2,0,0,0,0,0,1
/media/michal/Pauli/masterdata/processed/annotated/rares/20140911/patrol_run_82/room_3/features/nonPlanes<shotcolor_uniform_2015-05-17_21-48-22.pcd 35.6863 0.00491186 0.00357887 7 312,289,257,133,108,60,51 49,41,42,19,29,12,13 1,1,0,0,0,0,0 1146612 1929 3720 115 593 400 1900 78 543 1144683,1238,342,134,68,48,31,15,21,7,4,5,4,0,0,4,0,1,1,3,0,1,0,2 0,24,16,12,11,13,9,5,8,3,2,2,3,0,0,1,0,1,1,2,0,0,0,2 0,0,51,134,68,48,31,15,21,7,4,5,4,0,0,4,0,1,1,3,0,1,0,2 0,0,3,12,11,13,9,5,8,3,2,2,3,0,0,1,0,1,1,2,0,0,0,2
/media/michal/Pauli/masterdata/processed/annotated/rares/20140911/patrol_run_84/room_3/features/nonPlanes<shotcolor_uniform_2015-05-17_21-48-25.pcd 37.8199 0.0180376 0.00284282 8 347,159,119,114,93,92,59,53 62,33,18,25,14,12,17,14 1,0,0,1,0,0,0,0 1094400 2028 3720 149 516 400 1795 79 425 1092372,1331,353,146,73,36,23,25,12,9,5,2,3,1,2,2,1,0,0,0,1,1,1,0,0,1 0,49,23,26,15,9,2,11,3,4,2,1,1,0,0,2,1,0,0,0,0,0,0,0,0,0 0,0,56,146,73,36,23,25,12,9,5,2,3,1,2,2,1,0,0,0,1,1,1,0,0,1 0,0,2,26,15,9,2,11,3,4,2,1,1,0,0,2,1,0,0,0,0,0,0,0,0,0
/media/michal/Pauli/masterdata/processed/annotated/rares/20140911/patrol_run_88/room_3/features/nonPlanes<shotcolor_uniform_2015-05-17_21-48-28.pcd 35.6237 0.00369501 0.0037593 10 387,198,164,128,104,83,80,74,68,37 64,40,32,31,18,13,19,13,19,13 1,0,0,0,0,0,0,0,0,0 960636 2011 3720 131 461 400 1826 58 369 958625,1328,336,141,66,43,27,19,18,12,5,1,7,0,3,2,2,0,0,0,0,0,1 0,54,24,12,9,6,3,7,3,3,1,0,5,0,0,1,2,0,0,0,0,0,1 0,0,53,141,66,43,27,19,18,12,5,1,7,0,3,2,2,0,0,0,0,0,1 0,0,5,12,9,6,3,7,3,3,1,0,5,0,0,1,2,0,0,0,0,0,1
/media/michal/Pauli/masterdata/processed/annotated/rares/20140911/patrol_run_90/room_3/features/nonPlanes<shotcolor_uniform_2015-05-17_21-48-30.pcd 40.158 0.00366077 0.00198082 8 366,218,193,111,84,80,59,53 41,52,52,27,14,17,15,13 0,0,0,1,0,0,0,0 1165840 2067 3720 89 220 400 1760 38 152 1163773,1374,363,133,69,49,18,21,11,10,5,3,2,1,2,2,0,0,0,1,0,1,1,0,0,0,0,1 0,34,29,9,5,4,2,3,0,2,1,0,0,0,0,0,0,0,0,0,0,0,0,0,0,0,0,0 0,0,70,133,69,49,18,21,11,10,5,3,2,1,2,2,0,0,0,1,0,1,1,0,0,0,0,1 0,0,12,9,5,4,2,3,0,2,1,0,0,0,0,0,0,0,0,0,0,0,0,0,0,0,0,0
/media/michal/Pauli/masterdata/processed/annotated/rares/20140911/patrol_run_92/room_3/features/nonPlanes<shotcolor_uniform_2015-05-17_21-48-32.pcd 36.8996 0.00283954 0.00199533 10 357,154,120,116,111,109,92,70,63,58 50,34,28,20,29,22,20,18,15,14 0,0,0,1,0,0,0,0,0,0 1127840 1994 3720 63 183 400 1811 24 133 1125846,1279,365,146,74,39,27,14,12,11,9,4,6,2,2,2,0,1,0,0,1 0,28,11,10,2,1,3,1,3,2,1,0,0,1,0,0,0,0,0,0,0 0,0,50,146,74,39,27,14,12,11,9,4,6,2,2,2,0,1,0,0,1 0,0,0,10,2,1,3,1,3,2,1,0,0,1,0,0,0,0,0,0,0
/media/michal/Pauli/masterdata/processed/annotated/rares/20140912/patrol_run_100/room_3/features/nonPlanes<shotcolor_uniform_2015-05-17_21-48-34.pcd 36.4103 0.00366165 0.00339042 5 402,228,150,106,59 82,41,33,21,13 1,0,0,0,0 1057122 2128 3720 128 438 400 1695 71 361 1054994,1431,366,136,66,54,31,13,8,7,4,4,1,1,0,2,2,0,1,0,0,0,1 0,37,27,19,14,10,8,3,1,3,2,1,0,0,0,1,1,0,1,0,0,0,0 0,0,69,136,66,54,31,13,8,7,4,4,1,1,0,2,2,0,1,0,0,0,1 0,0,7,19,14,10,8,3,1,3,2,1,0,0,0,1,1,0,1,0,0,0,0
/media/michal/Pauli/masterdata/processed/annotated/rares/20140912/patrol_run_102/room_3/features/nonPlanes<shotcolor_uniform_2015-05-17_21-48-37.pcd 36.1993 0.00369962 0.00326056 8 445,393,106,104,82,80,77,72 61,67,25,19,14,22,16,16 1,0,0,1,0,0,0,0 1110512 1865 3720 124 559 400 1958 68 488 1108647,1168,330,143,73,45,35,21,6,10,7,7,3,2,4,4,1,1,2,3 0,41,15,14,8,9,8,7,3,2,4,2,1,2,1,3,1,0,2,1 0,0,33,143,73,45,35,21,6,10,7,7,3,2,4,4,1,1,2,3 0,0,0,14,8,9,8,7,3,2,4,2,1,2,1,3,1,0,2,1
/media/michal/Pauli/masterdata/processed/annotated/rares/20140912/patrol_run_104/room_3/features/nonPlanes<shotcolor_uniform_2015-05-17_21-48-39.pcd 35.7218 0.00360085 0.00356518 6 568,200,152,95,83,60 103,38,33,25,13,14 1,0,0,0,0,0 1109600 2015 3720 177 619 400 1803 90 508 1107585,1313,356,137,67,44,32,23,12,5,7,4,9,5,0,1 0,63,29,19,16,11,9,10,7,2,5,2,2,1,0,1 0,0,54,137,67,44,32,23,12,5,7,4,9,5,0,1 0,0,5,19,16,11,9,10,7,2,5,2,2,1,0,1
/media/michal/Pauli/masterdata/processed/annotated/rares/20140912/patrol_run_94/room_3/features/nonPlanes<shotcolor_uniform_2015-05-17_21-48-40.pcd 34.2644 0.00322265 0.00319547 9 375,194,148,128,122,121,92,86,82 60,28,30,33,24,21,20,27,20 1,0,0,0,0,0,0,0,0 948600 1946 3720 132 515 400 1870 69 430 946654,1242,355,133,65,48,35,21,10,8,9,3,7,3,1,1,2,1,2 0,41,24,19,6,10,8,5,3,1,6,2,2,2,1,0,1,1,0 0,0,51,133,65,48,35,21,10,8,9,3,7,3,1,1,2,1,2 0,0,2,19,6,10,8,5,3,1,6,2,2,2,1,0,1,1,0
/media/michal/Pauli/masterdata/processed/annotated/rares/20140912/patrol_run_96/room_2/features/nonPlanes<shotcolor_uniform_2015-05-17_21-48-43.pcd 36.9052 0.00298569 0.00201893 6 573,285,149,142,82,44 98,52,20,29,20,14 1,0,0,0,0,0 1124838 1887 3720 111 516 400 1950 74 465 1122951,1204,340,136,66,34,33,23,10,4,5,8,8,3,2,0,1,2,2,1,1,1,2,0,0,0,0,0,1 0,23,16,16,14,9,12,4,2,2,2,2,3,1,1,0,1,1,0,1,0,1,0,0,0,0,0,0,0 0,0,57,136,66,34,33,23,10,4,5,8,8,3,2,0,1,2,2,1,1,1,2,0,0,0,0,0,1 0,0,2,16,14,9,12,4,2,2,2,2,3,1,1,0,1,1,0,1,0,1,0,0,0,0,0,0,0
/media/michal/Pauli/masterdata/processed/annotated/rares/20140912/patrol_run_98/room_3/features/nonPlanes<shotcolor_uniform_2015-05-17_21-48-45.pcd 37.3634 0.0033813 0.00265124 9 288,182,169,123,116,73,53,45,44 43,39,23,30,27,17,15,16,14 1,0,0,1,0,0,0,0,0 1043936 2059 3720 148 507 400 1793 71 410 1041877,1391,347,124,63,45,31,24,8,6,3,2,2,4,2,2,1,0,1,0,0,0,1,0,0,0,1,0,0,0,0,0,0,0,0,0,0,0,0,0,0,0,0,0,0,0,1 0,57,22,21,11,2,12,10,2,3,1,1,2,2,0,1,0,0,1,0,0,0,0,0,0,0,0,0,0,0,0,0,0,0,0,0,0,0,0,0,0,0,0,0,0,0,0 0,0,79,124,63,45,31,24,8,6,3,2,2,4,2,2,1,0,1,0,0,0,1,0,0,0,1,0,0,0,0,0,0,0,0,0,0,0,0,0,0,0,0,0,0,0,1 0,0,2,21,11,2,12,10,2,3,1,1,2,2,0,1,0,0,1,0,0,0,0,0,0,0,0,0,0,0,0,0,0,0,0,0,0,0,0,0,0,0,0,0,0,0,0
/media/michal/Pauli/masterdata/processed/annotated/rares/20140921/patrol_run_110/room_2/features/nonPlanes<shotcolor_uniform_2015-05-17_21-48-47.pcd 37.1523 0.00315359 0.00295601 9 193,143,92,75,73,52,47,36,30 55,42,28,22,21,18,13,12,13 0,0,0,1,0,0,0,0,0 1150032 2495 3720 95 169 400 1332 23 78 1147537,1802,433,139,54,32,13,11,3,3,3,1,1 0,53,27,8,3,2,0,1,0,1,0,0,0 0,0,140,139,54,32,13,11,3,3,3,1,1 0,0,8,8,3,2,0,1,0,1,0,0,0
/media/michal/Pauli/masterdata/processed/annotated/rares/20140921/patrol_run_112/room_2/features/nonPlanes<shotcolor_uniform_2015-05-17_21-48-49.pcd 34.7196 0.00274515 0.00297296 8 427,184,141,135,98,69,59,51 59,31,28,26,28,12,13,13 1,1,0,0,0,0,0,0 1137150 1877 3720 126 597 400 1947 80 531 1135273,1181,337,128,69,59,23,21,18,11,8,5,4,7,2,0,2,0,0,0,0,0,1,0,0,0,1 0,26,23,17,8,11,10,7,6,3,2,3,3,4,1,0,0,0,0,0,0,0,1,0,0,0,1 0,0,41,128,69,59,23,21,18,11,8,5,4,7,2,0,2,0,0,0,0,0,1,0,0,0,1 0,0,3,17,8,11,10,7,6,3,2,3,3,4,1,0,0,0,0,0,0,0,1,0,0,0,1
/media/michal/Pauli/masterdata/processed/annotated/rares/20140921/patrol_run_114/room_1/features/nonPlanes<shotcolor_uniform_2015-05-17_21-48-52.pcd 29.0425 0.00332612 0.0020852 7 537,196,175,158,145,78,53 86,34,28,37,28,18,13 1,0,0,0,0,0,0 1135060 1871 3720 112 522 400 1956 72 469 1133189,1178,329,135,72,51,27,17,14,18,8,6,7,2,2,0,2,0,0,1,1,0,0,0,0,0,1 0,27,16,13,12,12,4,5,4,5,3,4,2,1,1,0,1,0,0,1,1,0,0,0,0,0,0 0,0,36,135,72,51,27,17,14,18,8,6,7,2,2,0,2,0,0,1,1,0,0,0,0,0,1 0,0,3,13,12,12,4,5,4,5,3,4,2,1,1,0,1,0,0,1,1,0,0,0,0,0,0
/media/michal/Pauli/masterdata/processed/annotated/rares/20140922/patrol_run_116/room_2/features/nonPlanes<shotcolor_uniform_2015-05-17_21-48-54.pcd 32.5074 0.00277292 0.00204463 9 326,174,150,89,89,85,75,74,69 52,35,23,21,17,19,18,13,15 1,0,0,0,0,0,0,1,0 1135668 2006 3720 107 445 400 1797 62 382 1133662,1289,371,132,81,47,25,13,15,10,7,4,3,2,3,0,3,1 0,27,21,10,10,9,9,3,7,2,3,1,2,0,1,0,1,1 0,0,54,132,81,47,25,13,15,10,7,4,3,2,3,0,3,1 0,0,3,10,10,9,9,3,7,2,3,1,2,0,1,0,1,1
/media/michal/Pauli/masterdata/processed/annotated/rares/20140922/patrol_run_118/room_2/features/nonPlanes<shotcolor_uniform_2015-05-17_21-48-56.pcd 33.0876 0.00379954 0.00198018 11 281,182,142,128,112,91,84,62,59,54,44 57,32,15,25,21,19,15,13,13,12,12 1,0,0,0,0,0,0,0,0,0,0 1197684 1991 3720 122 364 400 1823 58 282 1195693,1285,361,128,84,30,31,24,12,9,11,5,5,1,2,2,1 0,46,26,13,13,6,5,5,4,0,1,0,2,0,1,0,0 0,0,55,128,84,30,31,24,12,9,11,5,5,1,2,2,1 0,0,8,13,13,6,5,5,4,0,1,0,2,0,1,0,0
/media/michal/Pauli/masterdata/processed/annotated/rares/20140922/patrol_run_120/room_1/features/nonPlanes<shotcolor_uniform_2015-05-17_21-48-58.pcd 32.6893 0.00270115 0.00213137 6 511,396,133,79,60,43 92,63,31,16,16,13 1,0,0,0,0,0 1163902 1945 3720 100 417 400 1882 62 365 1161957,1252,333,151,67,39,27,18,16,15,7,5,5,3,2,3,1,0,0,0,0,0,1 0,24,16,20,9,6,7,2,3,3,2,2,1,0,2,2,1,0,0,0,0,0,0 0,0,40,151,67,39,27,18,16,15,7,5,5,3,2,3,1,0,0,0,0,0,1 0,0,2,20,9,6,7,2,3,3,2,2,1,0,2,2,1,0,0,0,0,0,0
/media/michal/Pauli/masterdata/processed/annotated/rares/20140922/patrol_run_124/room_2/features/nonPlanes<shotcolor_uniform_2015-05-17_21-49-00.pcd 37.0253 0.00365262 0.00335506 10 216,157,114,111,101,99,92,65,48,40 41,24,17,15,20,26,20,14,12,12 0,0,0,0,0,0,0,1,0,0 1189476 2019 3720 71 151 400 1820 21 90 1187457,1338,358,119,74,40,24,20,11,6,11,5,1,1,0,3,2,1,2,0,2,0,0,0,0,0,0,1 0,39,19,2,5,2,0,2,0,1,0,0,0,0,0,1,0,0,0,0,0,0,0,0,0,0,0,0 0,0,77,119,74,40,24,20,11,6,11,5,1,1,0,3,2,1,2,0,2,0,0,0,0,0,0,1 0,0,8,2,5,2,0,2,0,1,0,0,0,0,0,1,0,0,0,0,0,0,0,0,0,0,0,0
/media/michal/Pauli/masterdata/processed/annotated/rares/20140922/patrol_run_126/room_2/features/nonPlanes<shotcolor_uniform_2015-05-17_21-49-04.pcd 33.9863 0.0037799 0.0029591 10 269,169,132,126,106,102,97,85,81,61 53,21,22,28,15,17,24,17,14,15 1,0,0,0,0,0,0,0,0,0 1158810 1958 3720 126 357 400 1877 52 265 1156852,1273,349,121,82,41,25,13,17,10,9,0,5,1,3,2,1,0,1,0,0,2,1,1,0,0,0,0,0,0,1 0,56,21,16,11,11,2,2,2,2,0,0,1,0,0,0,0,0,1,0,0,0,1,0,0,0,0,0,0,0,0 0,0,64,121,82,41,25,13,17,10,9,0,5,1,3,2,1,0,1,0,0,2,1,1,0,0,0,0,0,0,1 0,0,3,16,11,11,2,2,2,2,0,0,1,0,0,0,0,0,1,0,0,0,1,0,0,0,0,0,0,0,0
/media/michal/Pauli/masterdata/processed/annotated/rares/20140922/patrol_run_128/room_2/features/nonPlanes<shotcolor_uniform_2015-05-17_21-49-06.pcd 30.9731 0.00263582 0.00221911 8 380,338,194,139,63,60,55,43 75,67,36,31,18,14,16,12 1,0,0,0,0,0,0,0 1108536 2054 3720 129 366 400 1756 55 274 1106482,1344,339,163,75,47,34,13,13,7,12,2,2,1,0,1,0,0,1 0,56,19,20,9,5,11,4,0,0,3,0,1,0,0,1,0,0,0 0,0,29,163,75,47,34,13,13,7,12,2,2,1,0,1,0,0,1 0,0,1,20,9,5,11,4,0,0,3,0,1,0,0,1,0,0,0
/media/michal/Pauli/masterdata/processed/annotated/rares/20140922/patrol_run_130/room_2/features/nonPlanes<shotcolor_uniform_2015-05-17_21-49-09.pcd 32.9341 0.00260769 0.00194152 9 344,241,209,140,117,83,72,63,55 56,42,44,28,21,18,17,14,15 0,1,1,0,0,0,0,0,0 1066964 1935 3720 143 479 400 1908 68 391 1065029,1258,342,131,64,36,32,14,14,11,5,5,5,4,4,4,2,0,1,0,1,0,1,1 0,62,17,21,9,7,6,5,0,5,1,4,3,1,1,0,1,0,0,0,0,0,0,0 0,0,65,131,64,36,32,14,14,11,5,5,5,4,4,4,2,0,1,0,1,0,1,1 0,0,4,21,9,7,6,5,0,5,1,4,3,1,1,0,1,0,0,0,0,0,0,0
/media/michal/Pauli/masterdata/processed/annotated/rares/20140922/patrol_run_132/room_1/features/nonPlanes<shotcolor_uniform_2015-05-17_21-49-12.pcd 37.0266 0.0449111 0.0034457 10 264,263,148,96,86,86,76,65,47,47 59,45,39,16,19,14,21,15,12,12 0,0,0,0,0,0,0,0,0,0 1156036 2078 3720 12 33 400 1751 5 23 1153958,1387,353,139,74,47,22,19,7,10,7,4,1,0,0,2,0,1,2,2,0,1 0,4,3,2,1,1,0,0,1,0,0,0,0,0,0,0,0,0,0,0,0,0 0,0,62,139,74,47,22,19,7,10,7,4,1,0,0,2,0,1,2,2,0,1 0,0,0,2,1,1,0,0,1,0,0,0,0,0,0,0,0,0,0,0,0,0
/media/michal/Pauli/masterdata/processed/annotated/rares/20140922/patrol_run_134/room_2/features/nonPlanes<shotcolor_uniform_2015-05-17_21-49-15.pcd 38.1097 0.00409598 0.00269962 7 344,226,202,150,101,83,69 67,47,51,29,26,14,14 1,0,0,0,0,0,0 1114464 2020 3720 134 425 400 1775 62 329 1112444,1295,364,154,72,39,36,19,12,11,5,5,5,1,1,0,1 0,48,26,15,14,7,9,5,3,3,0,2,0,1,1,0,0 0,0,39,154,72,39,36,19,12,11,5,5,5,1,1,0,1 0,0,2,15,14,7,9,5,3,3,0,2,0,1,1,0,0
/media/michal/Pauli/masterdata/processed/annotated/rares/20140922/patrol_run_138/room_2/features/nonPlanes<shotcolor_uniform_2015-05-17_21-49-18.pcd 34.9275 0.00298588 0.00253233 10 428,203,142,99,83,81,80,70,44,37 68,25,16,23,22,17,14,12,14,12 1,0,0,0,0,0,0,0,0,0 1197912 1886 3720 135 515 400 1958 67 424 1196026,1210,342,117,62,41,34,16,13,11,14,6,7,4,0,0,5,0,1,1,1,0,0,0,1 0,45,28,13,8,7,12,7,1,4,1,1,1,2,0,0,4,0,0,0,1,0,0,0,0 0,0,66,117,62,41,34,16,13,11,14,6,7,4,0,0,5,0,1,1,1,0,0,0,1 0,0,5,13,8,7,12,7,1,4,1,1,1,2,0,0,4,0,0,0,1,0,0,0,0
/media/michal/Pauli/masterdata/processed/annotated/rares/20140923/patrol_run_139/room_2/features/nonPlanes<shotcolor_uniform_2015-05-17_21-49-20.pcd 34.7725 0.00339255 0.00353009 6 714,199,157,114,65,40 116,20,41,15,12,12 1,0,0,0,0,0 996812 1877 3720 167 736 400 1982 102 654 994935,1216,317,115,84,37,33,25,9,7,8,4,9,1,2,3,0,0,1,1,0,0,1,0,0,1,0,0,0,0,1,1,0,1 0,48,24,14,20,10,12,12,6,4,4,2,5,1,0,3,0,0,1,0,0,0,0,0,0,0,0,0,0,0,1,0,0,0 0,0,56,115,84,37,33,25,9,7,8,4,9,1,2,3,0,0,1,1,0,0,1,0,0,1,0,0,0,0,1,1,0,1 0,0,7,14,20,10,12,12,6,4,4,2,5,1,0,3,0,0,1,0,0,0,0,0,0,0,0,0,0,0,1,0,0,0
/media/michal/Pauli/masterdata/processed/annotated/rares/20140923/patrol_run_141/room_2/features/nonPlanes<shotcolor_uniform_2015-05-17_21-49-24.pcd 36.2345 0.0030425 0.00219056 8 469,179,122,106,102,79,74,55 61,40,25,21,25,13,16,14 1,0,0,0,0,0,0,0 1166676 1934 3720 136 620 400 1904 70 534 1164742,1252,330,137,64,54,31,20,11,10,5,4,2,3,4,3,0,0,1,0,0,0,0,1,0,0,1,0,0,0,0,0,0,0,0,0,0,0,0,0,0,0,1 0,46,23,15,10,6,6,5,4,3,3,3,0,3,3,2,0,0,1,0,0,0,0,1,0,0,1,0,0,0,0,0,0,0,0,0,0,0,0,0,0,0,1 0,0,48,137,64,54,31,20,11,10,5,4,2,3,4,3,0,0,1,0,0,0,0,1,0,0,1,0,0,0,0,0,0,0,0,0,0,0,0,0,0,0,1 0,0,3,15,10,6,6,5,4,3,3,3,0,3,3,2,0,0,1,0,0,0,0,1,0,0,1,0,0,0,0,0,0,0,0,0,0,0,0,0,0,0,1
/media/michal/Pauli/masterdata/processed/annotated/rares/20140923/patrol_run_144/room_2/features/nonPlanes<shotcolor_uniform_2015-05-17_21-49-27.pcd 34.4598 0.00298647 0.00301821 7 439,192,186,151,147,100,74 82,32,28,32,32,20,19 1,0,0,0,0,0,0 1021554 1940 3720 173 564 400 1884 80 433 1019614,1244,324,157,64,52,30,20,11,9,7,8,6,2,3,0,0,1,1,1 0,55,38,25,14,15,7,6,3,0,3,3,1,1,1,0,0,1,0,0 0,0,28,157,64,52,30,20,11,9,7,8,6,2,3,0,0,1,1,1 0,0,0,25,14,15,7,6,3,0,3,3,1,1,1,0,0,1,0,0
/media/michal/Pauli/masterdata/processed/annotated/rares/20140923/patrol_run_146/room_2/features/nonPlanes<shotcolor_uniform_2015-05-17_21-49-30.pcd 34.5923 0.00312412 0.00322218 10 458,151,134,131,119,116,84,60,59,51 56,30,23,28,29,16,20,14,15,13 1,0,0,0,0,0,0,0,0,0 961792 1924 3720 119 560 400 1895 61 482 959868,1223,360,148,62,42,19,13,11,11,7,6,5,3,4,2,1,0,2,0,4,0,0,0,0,0,0,0,0,0,1 0,38,21,9,9,7,5,4,4,4,2,3,3,3,2,2,0,0,0,0,2,0,0,0,0,0,0,0,0,0,1 0,0,59,148,62,42,19,13,11,11,7,6,5,3,4,2,1,0,2,0,4,0,0,0,0,0,0,0,0,0,1 0,0,1,9,9,7,5,4,4,4,2,3,3,3,2,2,0,0,0,0,2,0,0,0,0,0,0,0,0,0,1
/media/michal/Pauli/masterdata/processed/annotated/rares/20140923/patrol_run_148/room_2/features/nonPlanes<shotcolor_uniform_2015-05-17_21-49-32.pcd 35.9301 0.0039951 0.00224978 7 406,174,170,133,96,75,68 81,35,38,28,19,16,17 1,0,0,0,0,0,0 1143952 2043 3720 127 395 400 1750 69 318 1141909,1316,386,126,86,40,34,15,10,8,10,7,1,2,1,0,0,0,0,0,1 0,39,24,23,16,9,6,1,3,2,1,2,0,1,0,0,0,0,0,0,0 0,0,59,126,86,40,34,15,10,8,10,7,1,2,1,0,0,0,0,0,1 0,0,5,23,16,9,6,1,3,2,1,2,0,1,0,0,0,0,0,0,0
/media/michal/Pauli/masterdata/processed/annotated/rares/20140923/patrol_run_150/room_2/features/nonPlanes<shotcolor_uniform_2015-05-17_21-49-36.pcd 42.549 0.0039255 0.00348865 8 632,195,112,89,73,73,67,58 87,20,27,18,20,18,19,13 1,0,0,0,0,0,0,0 1115756 1948 3720 109 567 400 1921 73 521 1113808,1297,314,132,71,40,23,14,11,10,12,4,2,6,4,1,1,0,0,1,0,0,1,1,0,1,0,0,0,1,1 0,26,15,10,12,11,7,3,2,4,4,4,2,3,3,1,0,0,0,0,0,0,0,0,0,0,0,0,0,1,1 0,0,63,132,71,40,23,14,11,10,12,4,2,6,4,1,1,0,0,1,0,0,1,1,0,1,0,0,0,1,1 0,0,5,10,12,11,7,3,2,4,4,4,2,3,3,1,0,0,0,0,0,0,0,0,0,0,0,0,0,1,1
/media/michal/Pauli/masterdata/processed/annotated/rares/20140924/patrol_run_152/room_2/features/nonPlanes<shotcolor_uniform_2015-05-17_21-49-39.pcd 33.5458 0.00941399 0.00283712 7 700,214,147,110,93,69,55 113,38,35,25,20,20,15 1,0,0,0,0,0,0 1068522 1896 3720 156 701 400 1910 95 617 1066626,1182,333,149,85,48,24,24,17,7,8,5,2,4,3,2,2,0,0,1 0,38,24,16,18,12,10,10,8,4,3,4,1,3,1,1,2,0,0,1 0,0,19,149,85,48,24,24,17,7,8,5,2,4,3,2,2,0,0,1 0,0,1,16,18,12,10,10,8,4,3,4,1,3,1,1,2,0,0,1
/media/michal/Pauli/masterdata/processed/annotated/rares/20140924/patrol_run_156/room_2/features/nonPlanes<shotcolor_uniform_2015-05-17_21-49-42.pcd 39.2355 0.00422758 0.0032074 8 825,123,64,60,60,50,40,39 101,31,13,22,14,13,13,13 1,0,0,0,0,0,0,0 1129170 1946 3720 143 810 400 1925 87 743 1127224,1297,322,125,73,36,22,17,12,8,7,1,6,4,2,0,3,2,1,2,0,0,1,1,3,1 0,45,16,13,11,6,6,8,9,0,5,1,4,3,2,0,3,2,1,2,0,0,1,1,3,1 0,0,73,125,73,36,22,17,12,8,7,1,6,4,2,0,3,2,1,2,0,0,1,1,3,1 0,0,5,13,11,6,6,8,9,0,5,1,4,3,2,0,3,2,1,2,0,0,1,1,3,1
/media/michal/Pauli/masterdata/processed/annotated/rares/20140924/patrol_run_158/room_1/features/nonPlanes<shotcolor_uniform_2015-05-17_21-49-46.pcd 37.648 0.00375986 0.00359255 6 484,328,125,90,87,47 76,81,30,17,19,12 1,0,0,0,0,0 1068522 2000 3720 130 570 400 1804 81 505 1066522,1284,346,161,71,50,25,17,21,7,3,5,3,3,0,0,2,1,1 0,33,20,14,19,9,6,3,9,5,1,3,2,2,0,0,2,1,1 0,0,30,161,71,50,25,17,21,7,3,5,3,3,0,0,2,1,1 0,0,4,14,19,9,6,3,9,5,1,3,2,2,0,0,2,1,1
/media/michal/Pauli/masterdata/processed/annotated/rares/20140924/patrol_run_162/room_2/features/nonPlanes<shotcolor_uniform_2015-05-17_21-49-49.pcd 40.2578 0.0048087 0.00306749 8 398,110,96,96,94,73,66,42 49,16,24,18,14,19,13,13 1,0,0,0,0,0,0,0 1090600 1926 3720 74 421 400 1943 43 381 1088674,1275,350,113,52,44,16,9,14,11,5,5,5,4,5,5,3,3,2,2,0,0,0,1,1,0,1 0,22,14,5,3,5,4,0,3,2,2,0,1,2,1,4,0,2,1,1,0,0,0,0,1,0,1 0,0,99,113,52,44,16,9,14,11,5,5,5,4,5,5,3,3,2,2,0,0,0,1,1,0,1 0,0,5,5,3,5,4,0,3,2,2,0,1,2,1,4,0,2,1,1,0,0,0,0,1,0,1
/media/michal/Pauli/masterdata/processed/annotated/rares/20140924/patrol_run_164/room_1/features/nonPlanes<shotcolor_uniform_2015-05-17_21-49-52.pcd 38.0581 0.00348871 0.00313836 11 247,206,171,142,137,89,85,77,59,52,46 54,41,40,24,25,12,18,20,13,12,12 0,1,0,0,0,0,0,0,0,0,0 975936 2036 3720 79 244 400 1766 36 193 973900,1318,368,137,83,45,22,29,9,6,7,1,2,3,3,1,0,1,0,1 0,35,8,9,12,4,3,4,0,1,1,0,0,0,1,0,0,0,0,1 0,0,50,137,83,45,22,29,9,6,7,1,2,3,3,1,0,1,0,1 0,0,0,9,12,4,3,4,0,1,1,0,0,0,1,0,0,0,0,1
/media/michal/Pauli/masterdata/processed/annotated/rares/20140924/patrol_run_166/room_2/features/nonPlanes<shotcolor_uniform_2015-05-17_21-49-55.pcd 43.2552 0.00364337 0.00329632 11 229,139,136,131,115,106,73,70,69,64,54 39,22,18,32,23,24,18,16,12,15,12 1,0,0,0,0,0,0,0,0,0,0 1121076 1998 3720 60 250 400 1797 36 218 1119078,1273,375,155,59,46,27,22,8,9,5,4,4,6,1,1,1,0,0,1,0,1 0,16,8,9,3,7,5,3,1,3,1,1,2,1,0,0,0,0,0,0,0,0 0,0,50,155,59,46,27,22,8,9,5,4,4,6,1,1,1,0,0,1,0,1 0,0,0,9,3,7,5,3,1,3,1,1,2,1,0,0,0,0,0,0,0,0
