obj_search:
  camera_z: 1.7
  ceiling_z: 2.27
  floor_z: 0
  object_query: {K: 5}
  processed_data_dir: /home/michal/Downloads/pcddata/processed/
  raw_data_dir: /media/michal/Pauli/masterdata/raw/
object_query: {K: 10, cluster_maxsize: 500, cluster_minsize: 12, cluster_tolerance: 0.25,
  clusters_to_results: true, extract_mult: 1.3, match: nonPlanes<pfhrgb_uniform, n_max_points: 400,
  output_dir: 'NULL', query_features: '/home/michal/Downloads/pcddata/processed/query/queryobjects/0,02/backpack2/features/rgb_0003_label_backpack2<pfhrgb_uniform_2015-05-28_11-00-11.pcd',
  results_out: '/home/michal/Downloads/pcddata/processed/query/k10_mx400_t0,25/ds0_02mp_4500',
  subdirs: 4, target_features: /media/michal/Pauli/masterdata/processed/paramtest/ds0_02mp_4500,
  x_step_hough: 0.05, y_step_hough: 0.05, z_step_hough: 0.05}
rosdistro: 'indigo

  '
roslaunch:
  uris: {host_tycho__39381: 'http://tycho:39381/', host_tycho__47870: 'http://tycho:47870/',
    host_tycho__51708: 'http://tycho:51708/'}
rosversion: '1.11.10

  '
run_id: f6418a4e-08af-11e5-9529-3c970e77227e
BEGIN_DATA
# fname t_query t_hough t_cluster cluster_n cluster_scores cluster_points cluster_inobb n_hough_tot nonzero_hough hough_votes boxpts boxvotes maxpts maxvotes maxboxpts maxboxvotes hough_hist box_hist max_hist boxmax_hist
/media/michal/Pauli/masterdata/processed/paramtest/ds0_02mp_4500/annotated/rares/20140820/patrol_run_2/room_1/features/nonPlanes<pfhrgb_uniform_2015-05-18_22-12-12.pcd 0.171521 0.000820244 0.00244264 7 424,95,87,86,68,62,45 113,35,42,37,26,29,21 1,0,0,0,0,0,0 453288 435 1150 60 319 400 1115 60 319 452853,207,81,38,33,24,18,14,7,3,3,1,1,2,0,2,0,1 0,8,5,4,10,7,7,8,3,1,3,0,1,2,0,1,0,0 0,172,81,38,33,24,18,14,7,3,3,1,1,2,0,2,0,1 0,8,5,4,10,7,7,8,3,1,3,0,1,2,0,1,0,0
/media/michal/Pauli/masterdata/processed/paramtest/ds0_02mp_4500/annotated/rares/20140820/patrol_run_4/room_0/features/nonPlanes<pfhrgb_uniform_2015-05-18_22-12-19.pcd 0.145517 0.000847954 0.00231805 7 354,157,120,73,65,60,34 78,71,45,36,34,16,22 1,0,0,0,0,0,0 424446 434 1150 58 314 400 1116 58 314 424012,200,88,47,36,17,16,9,4,5,3,2,1,2,0,0,1,0,1,0,1,0,0,0,1 0,4,5,13,10,5,6,3,2,2,2,1,1,2,0,0,1,0,0,0,1,0,0,0,0 0,166,88,47,36,17,16,9,4,5,3,2,1,2,0,0,1,0,1,0,1,0,0,0,1 0,4,5,13,10,5,6,3,2,2,2,1,1,2,0,0,1,0,0,0,1,0,0,0,0
/media/michal/Pauli/masterdata/processed/paramtest/ds0_02mp_4500/annotated/rares/20140828/patrol_run_19/room_3/features/nonPlanes<pfhrgb_uniform_2015-05-18_22-12-27.pcd 0.17628 0.000659732 0.00350695 6 310,138,95,68,57,55 122,37,40,39,21,23 0,0,0,0,0,0 407880 463 1150 41 100 400 1087 36 95 407417,216,95,58,36,21,11,8,4,4,2,1,1,1,3,1,0,0,1 0,13,10,14,1,1,0,1,0,1,0,0,0,0,0,0,0,0,0 0,153,95,58,36,21,11,8,4,4,2,1,1,1,3,1,0,0,1 0,8,10,14,1,1,0,1,0,1,0,0,0,0,0,0,0,0,0
/media/michal/Pauli/masterdata/processed/paramtest/ds0_02mp_4500/annotated/rares/20140829/patrol_run_20/room_3/features/nonPlanes<pfhrgb_uniform_2015-05-18_22-12-37.pcd 0.212263 0.00119658 0.00375526 7 497,165,50,38,36,27,20 137,57,19,17,17,14,15 0,0,0,0,0,0,0 461736 396 1150 71 283 396 1150 71 283 461340,175,81,34,31,23,19,9,6,4,3,1,1,0,1,2,2,1,1,0,0,1,0,0,0,0,1 0,11,18,4,11,10,9,2,2,1,1,1,0,0,0,0,1,0,0,0,0,0,0,0,0,0,0 0,175,81,34,31,23,19,9,6,4,3,1,1,0,1,2,2,1,1,0,0,1,0,0,0,0,1 0,11,18,4,11,10,9,2,2,1,1,1,0,0,0,0,1,0,0,0,0,0,0,0,0,0,0
/media/michal/Pauli/masterdata/processed/paramtest/ds0_02mp_4500/annotated/rares/20140829/patrol_run_26/room_2/features/nonPlanes<pfhrgb_uniform_2015-05-18_22-12-46.pcd 0.157379 0.000658315 0.00342232 5 269,250,168,109,65 67,100,60,39,20 1,0,0,0,0 404481 425 1150 47 222 400 1125 47 222 404056,176,91,53,39,19,15,14,6,2,3,1,1,1,1,1,1,1 0,7,10,6,7,3,6,1,1,0,1,0,1,1,0,1,1,1 0,151,91,53,39,19,15,14,6,2,3,1,1,1,1,1,1,1 0,7,10,6,7,3,6,1,1,0,1,0,1,1,0,1,1,1
/media/michal/Pauli/masterdata/processed/paramtest/ds0_02mp_4500/annotated/rares/20140901/patrol_run_27/room_2/features/nonPlanes<pfhrgb_uniform_2015-05-18_22-12-54.pcd 0.132962 0.00106758 0.00255626 4 389,261,182,52 133,84,63,15 0,0,0,0 424710 424 1150 56 224 400 1126 56 224 424286,182,88,45,38,30,11,5,4,5,7,4,3,1,1 0,10,13,8,5,9,4,0,1,0,2,2,1,1,0 0,158,88,45,38,30,11,5,4,5,7,4,3,1,1 0,10,13,8,5,9,4,0,1,0,2,2,1,1,0
/media/michal/Pauli/masterdata/processed/paramtest/ds0_02mp_4500/annotated/rares/20140901/patrol_run_31/room_2/features/nonPlanes<pfhrgb_uniform_2015-05-18_22-13-03.pcd 0.198326 0.00198996 0.00224659 7 248,211,181,105,71,48,38 70,62,24,19,39,12,12 0,0,1,0,0,0,0 460845 338 1150 24 181 338 1150 24 181 460507,136,70,33,28,24,7,8,5,4,4,3,4,1,0,1,0,2,3,1,0,0,0,1,0,0,0,1,1,0,0,0,0,0,0,1 0,9,3,2,0,1,0,2,1,1,0,1,0,0,0,0,0,0,0,0,0,0,0,1,0,0,0,1,1,0,0,0,0,0,0,1 0,136,70,33,28,24,7,8,5,4,4,3,4,1,0,1,0,2,3,1,0,0,0,1,0,0,0,1,1,0,0,0,0,0,0,1 0,9,3,2,0,1,0,2,1,1,0,1,0,0,0,0,0,0,0,0,0,0,0,1,0,0,0,1,1,0,0,0,0,0,0,1
/media/michal/Pauli/masterdata/processed/paramtest/ds0_02mp_4500/annotated/rares/20140901/patrol_run_32/room_2/features/nonPlanes<pfhrgb_uniform_2015-05-18_22-13-11.pcd 0.165132 0.000837447 0.00351123 7 284,159,82,76,66,53,45 95,52,40,30,26,23,22 1,0,0,0,0,0,0 446160 436 1150 58 190 400 1114 57 189 445724,197,80,53,35,31,12,6,11,6,0,0,1,0,1,1,0,0,1,0,0,0,0,0,1 0,16,8,13,6,7,4,3,0,0,0,0,0,0,0,1,0,0,0,0,0,0,0,0,0 0,161,80,53,35,31,12,6,11,6,0,0,1,0,1,1,0,0,1,0,0,0,0,0,1 0,15,8,13,6,7,4,3,0,0,0,0,0,0,0,1,0,0,0,0,0,0,0,0,0
/media/michal/Pauli/masterdata/processed/paramtest/ds0_02mp_4500/annotated/rares/20140901/patrol_run_33/room_1/features/nonPlanes<pfhrgb_uniform_2015-05-18_22-13-20.pcd 0.164772 0.00130444 0.00319446 6 180,124,113,112,75,28 46,50,59,21,31,12 -1 451044 453 1150 -1 -1 400 1097 -1 -1 450591,215,99,55,32,14,10,5,5,3,2,0,3,3,1,1,2,1,0,1,1 -1 0,162,99,55,32,14,10,5,5,3,2,0,3,3,1,1,2,1,0,1,1 -1
/media/michal/Pauli/masterdata/processed/paramtest/ds0_02mp_4500/annotated/rares/20140902/patrol_run_35/room_2/features/nonPlanes<pfhrgb_uniform_2015-05-18_22-13-28.pcd 0.158929 0.000830345 0.00385526 6 484,232,79,64,37,29 139,78,37,33,18,15 0,0,0,0,0,0 451044 443 1150 61 284 400 1107 57 280 450601,205,83,52,39,16,12,11,8,5,7,2,2,1 0,10,8,9,9,4,5,4,3,4,2,0,2,1 0,162,83,52,39,16,12,11,8,5,7,2,2,1 0,6,8,9,9,4,5,4,3,4,2,0,2,1
/media/michal/Pauli/masterdata/processed/paramtest/ds0_02mp_4500/annotated/rares/20140902/patrol_run_38/room_0/features/nonPlanes<pfhrgb_uniform_2015-05-18_22-13-37.pcd 0.180627 0.00078716 0.00366796 5 334,188,127,82,34 82,53,23,13,12 0,0,1,0,0 427977 323 1150 21 120 323 1150 21 120 427654,115,61,34,24,25,12,14,13,4,4,2,4,4,1,2,1,0,1,0,2 0,6,2,2,0,2,2,0,1,1,1,0,2,1,0,0,0,0,1,0,0 0,115,61,34,24,25,12,14,13,4,4,2,4,4,1,2,1,0,1,0,2 0,6,2,2,0,2,2,0,1,1,1,0,2,1,0,0,0,0,1,0,0
/media/michal/Pauli/masterdata/processed/paramtest/ds0_02mp_4500/annotated/rares/20140903/patrol_run_1/room_4/features/nonPlanes<pfhrgb_uniform_2015-05-18_22-13-44.pcd 0.228647 0.00104383 0.00338566 4 471,227,78,54 137,70,32,15 1,0,0,0 470184 419 1150 67 298 400 1131 67 298 469765,190,84,51,29,21,14,3,4,7,2,2,2,4,2,0,1,1,1,0,0,1 0,17,9,9,8,7,3,2,1,3,2,1,1,2,0,0,1,1,0,0,0,0 0,171,84,51,29,21,14,3,4,7,2,2,2,4,2,0,1,1,1,0,0,1 0,17,9,9,8,7,3,2,1,3,2,1,1,2,0,0,1,1,0,0,0,0
/media/michal/Pauli/masterdata/processed/paramtest/ds0_02mp_4500/annotated/rares/20140903/patrol_run_10/room_2/features/nonPlanes<pfhrgb_uniform_2015-05-18_22-13-53.pcd 0.186896 0.00078699 0.00247838 6 185,158,135,126,97,37 46,28,32,41,37,24 1,0,0,0,0,0 453024 312 1150 20 115 312 1150 20 115 452712,119,61,30,26,12,13,11,7,6,5,2,6,1,2,1,5,0,0,1,2,0,0,0,0,1,1 0,9,0,0,2,0,3,0,0,1,2,0,1,0,1,0,0,0,0,0,0,0,0,0,0,1,0 0,119,61,30,26,12,13,11,7,6,5,2,6,1,2,1,5,0,0,1,2,0,0,0,0,1,1 0,9,0,0,2,0,3,0,0,1,2,0,1,0,1,0,0,0,0,0,0,0,0,0,0,1,0
/media/michal/Pauli/masterdata/processed/paramtest/ds0_02mp_4500/annotated/rares/20140903/patrol_run_12/room_2/features/nonPlanes<pfhrgb_uniform_2015-05-18_22-13-59.pcd 0.170772 0.000792145 0.0024566 9 358,111,103,98,90,58,44,36,19 104,36,31,25,38,20,17,15,12 1,0,0,0,0,0,0,0,0 434214 417 1150 68 246 400 1133 68 246 433797,177,82,42,36,28,12,20,8,4,5,0,2,1 0,20,9,10,9,5,2,8,1,1,2,0,1,0 0,160,82,42,36,28,12,20,8,4,5,0,2,1 0,20,9,10,9,5,2,8,1,1,2,0,1,0
/media/michal/Pauli/masterdata/processed/paramtest/ds0_02mp_4500/annotated/rares/20140903/patrol_run_14/room_1/features/nonPlanes<pfhrgb_uniform_2015-05-18_22-14-09.pcd 0.168523 0.000785857 0.00199661 8 162,148,146,104,60,53,45,30 47,36,48,36,19,23,17,15 0,0,1,0,0,0,0,0 434313 430 1150 33 114 400 1120 33 114 433883,192,88,56,27,14,17,13,7,3,3,3,3,1,0,1,1,1 0,13,5,4,4,1,1,1,1,1,0,0,1,0,0,0,1,0 0,162,88,56,27,14,17,13,7,3,3,3,3,1,0,1,1,1 0,13,5,4,4,1,1,1,1,1,0,0,1,0,0,0,1,0
/media/michal/Pauli/masterdata/processed/paramtest/ds0_02mp_4500/annotated/rares/20140903/patrol_run_2/room_4/features/nonPlanes<pfhrgb_uniform_2015-05-18_22-14-19.pcd 0.213614 0.00150738 0.00341254 7 555,122,102,51,47,40,27 139,47,41,22,24,17,14 1,0,0,0,0,0,0 462264 414 1150 61 363 400 1136 61 363 461850,176,90,53,23,19,12,16,6,5,5,2,2,1,1,1,1,1 0,7,10,5,2,6,3,9,6,3,4,0,1,1,1,1,1,1 0,162,90,53,23,19,12,16,6,5,5,2,2,1,1,1,1,1 0,7,10,5,2,6,3,9,6,3,4,0,1,1,1,1,1,1
/media/michal/Pauli/masterdata/processed/paramtest/ds0_02mp_4500/annotated/rares/20140903/patrol_run_9/room_2/features/nonPlanes<pfhrgb_uniform_2015-05-18_22-14-29.pcd 0.19047 0.00181041 0.00354839 7 402,173,119,65,49,30,17 105,57,31,26,22,15,14 1,0,0,0,0,0,0 473088 403 1150 52 270 400 1147 52 270 472685,166,78,50,31,29,16,8,8,3,5,2,4,0,1,1,0,1 0,7,6,10,8,1,4,2,7,0,2,0,2,0,1,1,0,1 0,163,78,50,31,29,16,8,8,3,5,2,4,0,1,1,0,1 0,7,6,10,8,1,4,2,7,0,2,0,2,0,1,1,0,1
/media/michal/Pauli/masterdata/processed/paramtest/ds0_02mp_4500/annotated/rares/20140904/patrol_run_15/room_2/features/nonPlanes<pfhrgb_uniform_2015-05-18_22-14-37.pcd 0.184867 0.000838656 0.00391559 5 365,293,81,65,58 95,113,31,25,24 1,0,0,0,0 517902 425 1150 60 259 400 1125 59 258 517477,162,95,58,37,31,16,9,9,1,3,1,0,2,1 0,16,8,6,6,5,7,1,4,1,3,0,0,2,1 0,137,95,58,37,31,16,9,9,1,3,1,0,2,1 0,15,8,6,6,5,7,1,4,1,3,0,0,2,1
/media/michal/Pauli/masterdata/processed/paramtest/ds0_02mp_4500/annotated/rares/20140905/patrol_run_17/room_2/features/nonPlanes<pfhrgb_uniform_2015-05-18_22-14-47.pcd 0.160801 0.000814789 0.00357449 7 415,168,104,79,78,61,46 126,48,38,31,26,30,22 1,0,0,0,0,0,0 446160 423 1150 45 215 400 1127 45 215 445737,183,89,51,22,29,13,12,10,4,4,2,0,0,1,0,2,1 0,8,8,6,2,7,4,5,0,0,0,2,0,0,0,0,2,1 0,160,89,51,22,29,13,12,10,4,4,2,0,0,1,0,2,1 0,8,8,6,2,7,4,5,0,0,0,2,0,0,0,0,2,1
/media/michal/Pauli/masterdata/processed/paramtest/ds0_02mp_4500/annotated/rares/20140905/patrol_run_19/room_1/features/nonPlanes<pfhrgb_uniform_2015-05-18_22-14-56.pcd 0.156575 0.00109905 0.00284861 7 336,190,140,83,77,69,64 126,48,39,27,27,18,38 1,0,0,0,0,0,0 453024 411 1150 48 180 400 1139 48 180 452613,174,85,50,32,17,13,14,8,6,4,4,1,0,0,1,1,0,0,0,0,0,1 0,8,11,12,4,2,2,4,1,2,0,2,0,0,0,0,0,0,0,0,0,0,0 0,163,85,50,32,17,13,14,8,6,4,4,1,0,0,1,1,0,0,0,0,0,1 0,8,11,12,4,2,2,4,1,2,0,2,0,0,0,0,0,0,0,0,0,0,0
/media/michal/Pauli/masterdata/processed/paramtest/ds0_02mp_4500/annotated/rares/20140905/patrol_run_21/room_2/features/nonPlanes<pfhrgb_uniform_2015-05-18_22-15-06.pcd 0.152832 0.000819533 0.00324289 8 308,126,122,111,107,90,77,50 97,39,40,26,33,40,35,21 1,0,0,0,0,0,0,0 419265 423 1150 52 198 400 1127 52 198 418842,165,96,55,38,27,15,6,6,5,3,3,2,1,0,0,1 0,12,9,9,6,6,3,0,1,2,2,1,1,0,0,0,0 0,142,96,55,38,27,15,6,6,5,3,3,2,1,0,0,1 0,12,9,9,6,6,3,0,1,2,2,1,1,0,0,0,0
/media/michal/Pauli/masterdata/processed/paramtest/ds0_02mp_4500/annotated/rares/20140905/patrol_run_23/room_2/features/nonPlanes<pfhrgb_uniform_2015-05-18_22-15-16.pcd 0.152204 0.000591753 0.0037914 5 576,136,97,71,15 168,52,39,30,12 1,0,0,0,0 463320 426 1150 69 333 400 1124 69 333 462894,183,90,50,37,19,15,6,8,3,6,4,3,0,1,0,0,1 0,13,10,7,9,3,7,4,5,2,4,2,2,0,1,0,0,0 0,157,90,50,37,19,15,6,8,3,6,4,3,0,1,0,0,1 0,13,10,7,9,3,7,4,5,2,4,2,2,0,1,0,0,0
/media/michal/Pauli/masterdata/processed/paramtest/ds0_02mp_4500/annotated/rares/20140905/patrol_run_25/room_1/features/nonPlanes<pfhrgb_uniform_2015-05-18_22-15-25.pcd 0.153416 0.00126698 0.00346998 7 474,125,82,67,43,36,33 141,28,30,34,17,20,14 1,0,0,0,0,0,0 407286 417 1150 50 211 400 1133 50 211 406869,161,99,50,40,24,15,11,1,4,4,4,1,0,0,1,0,0,0,1,1 0,9,2,13,9,7,3,2,1,1,2,0,0,0,0,0,0,0,0,1,0 0,144,99,50,40,24,15,11,1,4,4,4,1,0,0,1,0,0,0,1,1 0,9,2,13,9,7,3,2,1,1,2,0,0,0,0,0,0,0,0,1,0
/media/michal/Pauli/masterdata/processed/paramtest/ds0_02mp_4500/annotated/rares/20140905/patrol_run_27/room_2/features/nonPlanes<pfhrgb_uniform_2015-05-18_22-15-33.pcd 0.159326 0.000872724 0.00362647 8 404,149,100,59,43,42,37,34 126,50,36,21,17,21,13,13 1,0,0,0,0,0,0,0 470448 460 1150 63 255 400 1090 59 251 469988,196,117,49,33,22,12,15,7,4,1,0,1,2,1 0,18,8,8,5,7,3,5,4,2,0,0,1,1,1 0,136,117,49,33,22,12,15,7,4,1,0,1,2,1 0,14,8,8,5,7,3,5,4,2,0,0,1,1,1
/media/michal/Pauli/masterdata/processed/paramtest/ds0_02mp_4500/annotated/rares/20140905/patrol_run_29/room_2/features/nonPlanes<pfhrgb_uniform_2015-05-18_22-15-42.pcd 0.183308 0.000740324 0.00407803 12 260,154,73,73,70,68,51,45,31,26,24,23 74,48,26,17,17,25,17,22,12,14,16,12 1,0,0,0,0,0,0,0,0,0,0,0 437580 422 1150 45 202 400 1128 45 202 437158,180,90,46,33,28,15,10,7,5,2,0,0,2,0,0,1,0,2,0,0,1 0,8,6,6,7,7,2,1,4,1,1,0,0,1,0,0,0,0,1,0,0,0 0,158,90,46,33,28,15,10,7,5,2,0,0,2,0,0,1,0,2,0,0,1 0,8,6,6,7,7,2,1,4,1,1,0,0,1,0,0,0,0,1,0,0,0
/media/michal/Pauli/masterdata/processed/paramtest/ds0_02mp_4500/annotated/rares/20140905/patrol_run_30/room_1/features/nonPlanes<pfhrgb_uniform_2015-05-18_22-15-50.pcd 0.170955 0.000680405 0.00300647 12 203,184,147,100,59,43,33,32,31,29,27,16 60,54,44,14,17,28,15,21,13,15,12,12 0,0,0,0,0,0,0,0,1,0,0,0 400554 402 1150 14 39 400 1148 14 39 400152,161,95,49,31,22,12,6,8,4,2,4,1,3,0,0,0,0,1,2,0,0,0,0,0,0,0,0,0,0,0,0,0,1 0,5,3,1,2,2,0,1,0,0,0,0,0,0,0,0,0,0,0,0,0,0,0,0,0,0,0,0,0,0,0,0,0,0 0,159,95,49,31,22,12,6,8,4,2,4,1,3,0,0,0,0,1,2,0,0,0,0,0,0,0,0,0,0,0,0,0,1 0,5,3,1,2,2,0,1,0,0,0,0,0,0,0,0,0,0,0,0,0,0,0,0,0,0,0,0,0,0,0,0,0,0
/media/michal/Pauli/masterdata/processed/paramtest/ds0_02mp_4500/annotated/rares/20140905/patrol_run_30/room_7/features/nonPlanes<pfhrgb_uniform_2015-05-18_22-15-59.pcd 0.151041 0.000830465 0.0031329 8 264,110,107,89,87,58,55,22 89,34,39,40,30,14,31,14 0,0,0,0,0,0,0,0 458865 479 1150 32 97 400 1071 26 91 458386,220,101,63,33,24,15,8,6,3,2,2,2 0,10,8,4,3,3,1,2,0,0,0,0,1 0,141,101,63,33,24,15,8,6,3,2,2,2 0,4,8,4,3,3,1,2,0,0,0,0,1
/media/michal/Pauli/masterdata/processed/paramtest/ds0_02mp_4500/annotated/rares/20140908/patrol_run_32/room_2/features/nonPlanes<pfhrgb_uniform_2015-05-18_22-16-09.pcd 0.155375 0.000844724 0.00358597 5 439,183,92,91,50 127,75,41,36,13 1,0,0,0,0 448668 473 1150 44 221 400 1077 40 217 448195,221,110,52,32,19,11,11,4,2,2,4,0,3,1,0,0,0,0,0,1 0,10,6,3,5,5,1,5,2,1,1,2,0,1,1,0,0,0,0,0,1 0,148,110,52,32,19,11,11,4,2,2,4,0,3,1,0,0,0,0,0,1 0,6,6,3,5,5,1,5,2,1,1,2,0,1,1,0,0,0,0,0,1
/media/michal/Pauli/masterdata/processed/paramtest/ds0_02mp_4500/annotated/rares/20140908/patrol_run_34/room_2/features/nonPlanes<pfhrgb_uniform_2015-05-18_22-16-20.pcd 0.169796 0.000836084 0.00320056 8 385,223,97,81,51,48,35,25 99,64,53,25,24,28,13,14 1,0,0,0,0,0,0,0 423720 447 1150 60 292 400 1103 60 292 423273,212,91,46,27,27,12,9,7,8,1,1,0,0,2,2,1,1 0,8,8,6,8,12,5,3,3,3,1,0,0,0,1,1,0,1 0,165,91,46,27,27,12,9,7,8,1,1,0,0,2,2,1,1 0,8,8,6,8,12,5,3,3,3,1,0,0,0,1,1,0,1
/media/michal/Pauli/masterdata/processed/paramtest/ds0_02mp_4500/annotated/rares/20140908/patrol_run_36/room_3/features/nonPlanes<pfhrgb_uniform_2015-05-18_22-16-30.pcd 0.196302 0.00231409 0.00384351 6 311,168,95,82,78,61 98,55,40,27,37,34 1,0,0,0,0,0 420420 451 1150 56 208 400 1099 56 208 419969,198,108,49,34,24,11,8,4,4,3,4,1,0,1,0,1,0,0,0,0,0,0,0,0,0,0,1 0,14,11,7,7,6,5,1,0,2,1,0,1,0,0,0,1,0,0,0,0,0,0,0,0,0,0,0 0,147,108,49,34,24,11,8,4,4,3,4,1,0,1,0,1,0,0,0,0,0,0,0,0,0,0,1 0,14,11,7,7,6,5,1,0,2,1,0,1,0,0,0,1,0,0,0,0,0,0,0,0,0,0,0
/media/michal/Pauli/masterdata/processed/paramtest/ds0_02mp_4500/annotated/rares/20140908/patrol_run_38/room_2/features/nonPlanes<pfhrgb_uniform_2015-05-18_22-16-43.pcd 0.190247 0.00221471 0.00381862 9 372,104,85,82,79,52,40,34,31 102,39,40,26,26,22,12,14,16 1,0,0,0,0,0,0,0,0 433356 452 1150 58 267 400 1098 58 267 432904,214,95,43,33,19,17,13,8,3,2,1,0,1,1,0,0,0,0,0,0,0,1,0,0,0,1 0,20,5,5,4,6,6,3,3,0,2,0,0,1,1,0,0,0,0,0,0,0,1,0,0,0,1 0,162,95,43,33,19,17,13,8,3,2,1,0,1,1,0,0,0,0,0,0,0,1,0,0,0,1 0,20,5,5,4,6,6,3,3,0,2,0,0,1,1,0,0,0,0,0,0,0,1,0,0,0,1
/media/michal/Pauli/masterdata/processed/paramtest/ds0_02mp_4500/annotated/rares/20140908/patrol_run_39/room_3/features/nonPlanes<pfhrgb_uniform_2015-05-18_22-16-55.pcd 0.158986 0.00079604 0.00311795 8 271,176,113,52,52,42,33,32 61,53,37,34,19,16,12,13 -1 414678 421 1150 -1 -1 400 1129 -1 -1 414257,177,102,50,21,19,19,13,8,3,1,4,1,0,0,0,0,0,0,1,0,0,0,0,0,0,0,1,0,0,0,0,1 -1 0,156,102,50,21,19,19,13,8,3,1,4,1,0,0,0,0,0,0,1,0,0,0,0,0,0,0,1,0,0,0,0,1 -1
/media/michal/Pauli/masterdata/processed/paramtest/ds0_02mp_4500/annotated/rares/20140908/patrol_run_41/room_3/features/nonPlanes<pfhrgb_uniform_2015-05-18_22-17-05.pcd 0.167429 0.000980892 0.003231 8 429,194,78,61,41,29,25,23 120,83,29,19,19,12,14,12 1,0,0,0,0,0,0,0 455400 461 1150 68 284 400 1089 67 283 454939,197,113,62,33,19,11,7,4,6,3,2,0,1,1,0,0,2 0,17,9,14,5,6,4,2,3,3,2,0,0,0,1,0,0,2 0,136,113,62,33,19,11,7,4,6,3,2,0,1,1,0,0,2 0,16,9,14,5,6,4,2,3,3,2,0,0,0,1,0,0,2
/media/michal/Pauli/masterdata/processed/paramtest/ds0_02mp_4500/annotated/rares/20140908/patrol_run_43/room_3/features/nonPlanes<pfhrgb_uniform_2015-05-18_22-17-17.pcd 0.156076 0.000804613 0.00328612 7 392,133,84,63,60,51,27 107,28,37,18,25,29,15 1,0,0,0,0,0,0 418077 426 1150 55 240 400 1124 55 240 417651,193,88,49,28,18,13,10,8,6,3,3,2,0,2,1,1,0,0,0,1 0,12,14,7,4,5,2,2,3,0,0,1,1,0,1,1,1,0,0,0,1 0,167,88,49,28,18,13,10,8,6,3,3,2,0,2,1,1,0,0,0,1 0,12,14,7,4,5,2,2,3,0,0,1,1,0,1,1,1,0,0,0,1
/media/michal/Pauli/masterdata/processed/paramtest/ds0_02mp_4500/annotated/rares/20140908/patrol_run_45/room_2/features/nonPlanes<pfhrgb_uniform_2015-05-18_22-17-26.pcd 0.192828 0.00193484 0.00328437 7 237,201,188,102,92,70,57 73,48,66,36,36,28,30 0,1,0,0,0,0,0 442200 419 1150 37 177 400 1131 37 177 441781,183,84,48,24,24,15,19,9,4,3,1,2,0,2,1 0,8,4,6,3,2,3,3,2,1,2,1,1,0,1,0 0,164,84,48,24,24,15,19,9,4,3,1,2,0,2,1 0,8,4,6,3,2,3,3,2,1,2,1,1,0,1,0
/media/michal/Pauli/masterdata/processed/paramtest/ds0_02mp_4500/annotated/rares/20140908/patrol_run_47/room_3/features/nonPlanes<pfhrgb_uniform_2015-05-18_22-17-39.pcd 0.211636 0.00100651 0.0038819 5 332,240,158,40,37 122,66,58,17,14 0,1,0,0,0 465300 447 1150 52 211 400 1103 50 209 464853,188,105,51,42,16,11,13,8,4,6,2,1 0,14,11,4,5,2,2,4,4,1,3,2,0 0,141,105,51,42,16,11,13,8,4,6,2,1 0,12,11,4,5,2,2,4,4,1,3,2,0
/media/michal/Pauli/masterdata/processed/paramtest/ds0_02mp_4500/annotated/rares/20140909/patrol_run_49/room_3/features/nonPlanes<pfhrgb_uniform_2015-05-18_22-17-49.pcd 0.173061 0.000835997 0.0023772 8 311,145,121,111,101,88,48,40 64,67,46,41,28,34,18,14 1,0,0,0,0,0,0,0 437778 421 1150 44 263 400 1129 42 261 437357,188,97,34,37,24,8,9,4,5,3,2,0,1,4,3,0,0,1,0,0,0,0,0,0,0,1 0,11,2,1,9,4,2,2,2,4,0,1,0,1,2,1,0,0,1,0,0,0,0,0,0,0,1 0,167,97,34,37,24,8,9,4,5,3,2,0,1,4,3,0,0,1,0,0,0,0,0,0,0,1 0,9,2,1,9,4,2,2,2,4,0,1,0,1,2,1,0,0,1,0,0,0,0,0,0,0,1
/media/michal/Pauli/masterdata/processed/paramtest/ds0_02mp_4500/annotated/rares/20140909/patrol_run_51/room_3/features/nonPlanes<pfhrgb_uniform_2015-05-18_22-17-57.pcd 0.203603 0.00165233 0.0039529 6 418,201,87,48,46,31 99,81,40,16,26,13 1,0,0,0,0,0 816816 442 1150 76 361 400 1108 74 359 816374,195,101,58,22,18,15,11,7,6,2,0,2,2,0,1,1,0,0,0,0,0,0,1 0,14,12,12,7,7,6,4,3,4,2,0,0,2,0,1,1,0,0,0,0,0,0,1 0,153,101,58,22,18,15,11,7,6,2,0,2,2,0,1,1,0,0,0,0,0,0,1 0,12,12,12,7,7,6,4,3,4,2,0,0,2,0,1,1,0,0,0,0,0,0,1
/media/michal/Pauli/masterdata/processed/paramtest/ds0_02mp_4500/annotated/rares/20140909/patrol_run_53/room_3/features/nonPlanes<pfhrgb_uniform_2015-05-18_22-18-06.pcd 0.153553 0.000956464 0.00370591 8 319,138,104,103,97,86,52,26 84,48,54,44,29,39,22,12 1,0,0,0,0,0,0,0 456456 473 1150 59 256 400 1077 54 251 455983,232,99,52,23,23,13,14,3,3,4,1,2,2,1,1 0,12,11,8,5,4,3,7,2,2,3,0,0,1,1,0 0,159,99,52,23,23,13,14,3,3,4,1,2,2,1,1 0,7,11,8,5,4,3,7,2,2,3,0,0,1,1,0
/media/michal/Pauli/masterdata/processed/paramtest/ds0_02mp_4500/annotated/rares/20140909/patrol_run_55/room_3/features/nonPlanes<pfhrgb_uniform_2015-05-18_22-18-15.pcd 0.199483 0.00149601 0.00393441 11 361,90,76,73,73,59,50,44,40,35,16 90,39,29,38,34,28,26,19,17,18,12 1,0,0,0,0,0,0,0,0,0,0 446622 532 1150 78 320 400 1018 65 307 446090,276,117,51,28,24,19,8,4,1,1,2,1 0,18,10,11,7,6,13,4,4,1,1,2,1 0,144,117,51,28,24,19,8,4,1,1,2,1 0,5,10,11,7,6,13,4,4,1,1,2,1
/media/michal/Pauli/masterdata/processed/paramtest/ds0_02mp_4500/annotated/rares/20140909/patrol_run_59/room_3/features/nonPlanes<pfhrgb_uniform_2015-05-18_22-18-24.pcd 0.168883 0.00174522 0.00349406 8 246,128,123,115,102,56,47,40 74,46,51,41,40,25,16,17 1,0,0,0,0,0,0,0 446622 500 1150 53 181 400 1050 42 170 446122,239,107,73,19,24,14,7,9,6,0,1,1 0,18,10,5,3,5,4,3,2,2,0,0,1 0,139,107,73,19,24,14,7,9,6,0,1,1 0,7,10,5,3,5,4,3,2,2,0,0,1
/media/michal/Pauli/masterdata/processed/paramtest/ds0_02mp_4500/annotated/rares/20140909/patrol_run_61/room_3/features/nonPlanes<pfhrgb_uniform_2015-05-18_22-18-33.pcd 0.160159 0.000821872 0.00383519 7 279,210,140,127,81,66,28 61,67,53,35,30,26,12 1,0,0,0,0,0,0 447579 399 1150 45 228 399 1150 45 228 447180,158,82,61,22,23,16,16,3,8,2,1,1,3,0,1,0,0,0,0,1,1 0,9,5,9,2,4,4,6,0,1,1,0,0,1,0,1,0,0,0,0,1,1 0,158,82,61,22,23,16,16,3,8,2,1,1,3,0,1,0,0,0,0,1,1 0,9,5,9,2,4,4,6,0,1,1,0,0,1,0,1,0,0,0,0,1,1
/media/michal/Pauli/masterdata/processed/paramtest/ds0_02mp_4500/annotated/rares/20140909/patrol_run_63/room_3/features/nonPlanes<pfhrgb_uniform_2015-05-18_22-18-42.pcd 0.162048 0.000846946 0.00299641 10 110,110,102,81,68,63,57,49,42,41 36,33,18,32,25,30,18,15,16,17 0,0,0,1,0,0,0,0,0,0 420420 452 1150 13 34 400 1098 13 34 419968,197,103,54,33,24,16,5,6,5,2,4,0,1,0,1,0,1 0,3,5,1,3,0,1,0,0,0,0,0,0,0,0,0,0,0 0,145,103,54,33,24,16,5,6,5,2,4,0,1,0,1,0,1 0,3,5,1,3,0,1,0,0,0,0,0,0,0,0,0,0,0
/media/michal/Pauli/masterdata/processed/paramtest/ds0_02mp_4500/annotated/rares/20140910/patrol_run_67/room_3/features/nonPlanes<pfhrgb_uniform_2015-05-18_22-18-51.pcd 0.204454 0.000959056 0.00393057 6 409,208,155,77,61,51 111,102,53,16,24,27 1,0,0,0,0,0 473286 449 1150 65 282 400 1101 62 279 472837,211,87,53,36,18,13,9,3,6,6,1,0,4,1,0,1 0,15,12,5,8,8,4,2,1,1,5,1,0,2,1,0,0 0,162,87,53,36,18,13,9,3,6,6,1,0,4,1,0,1 0,12,12,5,8,8,4,2,1,1,5,1,0,2,1,0,0
/media/michal/Pauli/masterdata/processed/paramtest/ds0_02mp_4500/annotated/rares/20140910/patrol_run_69/room_3/features/nonPlanes<pfhrgb_uniform_2015-05-18_22-19-00.pcd 0.161356 0.00142123 0.00412288 9 329,143,89,89,85,84,66,36,31 100,44,31,29,33,24,28,19,12 1,0,0,0,0,0,0,0,0 443289 438 1150 64 245 400 1112 62 243 442851,190,96,43,32,29,18,13,9,0,1,3,2,0,2 0,16,13,3,8,8,5,6,2,0,0,2,1,0,0 0,152,96,43,32,29,18,13,9,0,1,3,2,0,2 0,14,13,3,8,8,5,6,2,0,0,2,1,0,0
/media/michal/Pauli/masterdata/processed/paramtest/ds0_02mp_4500/annotated/rares/20140910/patrol_run_71/room_3/features/nonPlanes<pfhrgb_uniform_2015-05-18_22-19-08.pcd 0.165451 0.000929275 0.00390645 8 395,151,63,54,50,46,40,29 109,44,25,14,22,20,20,12 1,0,0,0,0,0,0,0 477048 409 1150 74 332 400 1141 74 332 476639,168,82,46,30,28,23,9,9,3,5,4,1,0,1 0,9,13,13,11,6,4,6,5,0,3,2,1,0,1 0,159,82,46,30,28,23,9,9,3,5,4,1,0,1 0,9,13,13,11,6,4,6,5,0,3,2,1,0,1
/media/michal/Pauli/masterdata/processed/paramtest/ds0_02mp_4500/annotated/rares/20140910/patrol_run_74/room_3/features/nonPlanes<pfhrgb_uniform_2015-05-18_22-19-16.pcd 0.145947 0.000878373 0.00381988 8 299,220,86,84,69,60,54,41 79,89,27,34,22,25,22,16 1,0,0,0,0,0,0,0 442200 471 1150 60 244 400 1079 57 241 441729,215,112,49,31,22,19,6,5,4,3,1,2,0,0,0,1,1 0,15,9,3,10,8,7,2,1,2,0,1,1,0,0,0,0,1 0,144,112,49,31,22,19,6,5,4,3,1,2,0,0,0,1,1 0,12,9,3,10,8,7,2,1,2,0,1,1,0,0,0,0,1
/media/michal/Pauli/masterdata/processed/paramtest/ds0_02mp_4500/annotated/rares/20140910/patrol_run_77/room_4/features/nonPlanes<pfhrgb_uniform_2015-05-18_22-19-23.pcd 0.161201 0.000830332 0.00311336 7 455,189,87,64,41,24,21 96,75,44,29,20,14,16 0,1,0,0,0,0,0 449955 426 1150 32 95 400 1124 32 95 449529,195,93,42,32,20,10,3,8,4,6,5,3,1,1,0,0,0,1,2 0,11,9,3,4,1,1,1,0,0,0,1,1,0,0,0,0,0,0,0 0,169,93,42,32,20,10,3,8,4,6,5,3,1,1,0,0,0,1,2 0,11,9,3,4,1,1,1,0,0,0,1,1,0,0,0,0,0,0,0
/media/michal/Pauli/masterdata/processed/paramtest/ds0_02mp_4500/annotated/rares/20140910/patrol_run_79/room_2/features/nonPlanes<pfhrgb_uniform_2015-05-18_22-19-31.pcd 0.1812 0.00134749 0.00292458 9 202,189,122,112,86,72,59,34,20 58,52,22,19,25,23,12,19,16 0,0,0,0,0,0,0,0,0 396627 362 1150 2 3 362 1150 2 3 396265,156,62,39,32,17,17,8,7,4,1,4,4,4,2,0,0,2,1,1,0,0,0,0,0,0,0,0,0,0,0,0,0,0,0,0,0,1 0,1,1,0,0,0,0,0,0,0,0,0,0,0,0,0,0,0,0,0,0,0,0,0,0,0,0,0,0,0,0,0,0,0,0,0,0,0 0,156,62,39,32,17,17,8,7,4,1,4,4,4,2,0,0,2,1,1,0,0,0,0,0,0,0,0,0,0,0,0,0,0,0,0,0,1 0,1,1,0,0,0,0,0,0,0,0,0,0,0,0,0,0,0,0,0,0,0,0,0,0,0,0,0,0,0,0,0,0,0,0,0,0,0
/media/michal/Pauli/masterdata/processed/paramtest/ds0_02mp_4500/annotated/rares/20140910/patrol_run_81/room_2/features/nonPlanes<pfhrgb_uniform_2015-05-18_22-19-38.pcd 0.159094 0.00079798 0.00319481 10 201,160,119,85,51,49,43,34,22,13 46,51,16,30,19,18,24,14,13,13 0,0,0,0,0,0,0,0,0,0 432300 429 1150 5 7 400 1121 5 7 431871,201,94,39,35,19,11,2,9,3,2,3,4,2,2,0,1,0,0,0,0,0,0,0,1,0,0,0,0,0,0,0,0,0,0,1 0,3,2,0,0,0,0,0,0,0,0,0,0,0,0,0,0,0,0,0,0,0,0,0,0,0,0,0,0,0,0,0,0,0,0,0 0,172,94,39,35,19,11,2,9,3,2,3,4,2,2,0,1,0,0,0,0,0,0,0,1,0,0,0,0,0,0,0,0,0,0,1 0,3,2,0,0,0,0,0,0,0,0,0,0,0,0,0,0,0,0,0,0,0,0,0,0,0,0,0,0,0,0,0,0,0,0,0
/media/michal/Pauli/masterdata/processed/paramtest/ds0_02mp_4500/annotated/rares/20140911/patrol_run_82/room_3/features/nonPlanes<pfhrgb_uniform_2015-05-18_22-19-46.pcd 0.156481 0.000828868 0.00371512 10 361,84,76,75,56,45,36,32,28,24 100,43,17,29,14,14,16,15,15,15 1,0,0,0,0,0,0,0,0,0 473154 454 1150 71 270 400 1096 65 264 472700,209,93,55,33,16,15,11,10,3,2,2,3,2 0,25,10,6,7,5,3,3,5,2,1,2,1,1 0,155,93,55,33,16,15,11,10,3,2,2,3,2 0,19,10,6,7,5,3,3,5,2,1,2,1,1
/media/michal/Pauli/masterdata/processed/paramtest/ds0_02mp_4500/annotated/rares/20140911/patrol_run_84/room_3/features/nonPlanes<pfhrgb_uniform_2015-05-18_22-19-53.pcd 0.171505 0.001319 0.00362819 9 284,176,66,60,56,50,42,38,35 89,40,28,29,32,21,14,14,16 1,0,0,0,0,0,0,0,0 452100 491 1150 56 200 400 1059 53 197 451609,234,111,63,27,21,11,8,2,6,2,1,0,2,2,1 0,7,13,16,7,5,2,1,2,2,0,0,0,1,0,0 0,143,111,63,27,21,11,8,2,6,2,1,0,2,2,1 0,4,13,16,7,5,2,1,2,2,0,0,0,1,0,0
/media/michal/Pauli/masterdata/processed/paramtest/ds0_02mp_4500/annotated/rares/20140911/patrol_run_88/room_3/features/nonPlanes<pfhrgb_uniform_2015-05-18_22-20-01.pcd 0.206787 0.00126982 0.00308582 7 394,177,93,59,55,32,24 124,65,31,16,13,15,12 1,0,0,0,0,0,0 474606 460 1150 56 224 400 1090 53 221 474146,199,93,67,38,22,16,12,4,2,5,2 0,9,8,14,7,7,1,3,1,2,3,1 0,139,93,67,38,22,16,12,4,2,5,2 0,6,8,14,7,7,1,3,1,2,3,1
/media/michal/Pauli/masterdata/processed/paramtest/ds0_02mp_4500/annotated/rares/20140911/patrol_run_90/room_3/features/nonPlanes<pfhrgb_uniform_2015-05-18_22-20-10.pcd 0.15281 0.000830091 0.0022743 6 386,139,112,107,65,57 109,56,36,51,31,19 1,0,0,0,0,0 408408 489 1150 45 187 400 1061 40 182 407919,215,124,62,33,18,14,11,3,5,0,2,1,0,0,1 0,10,7,6,5,5,3,3,2,2,0,0,1,0,0,1 0,126,124,62,33,18,14,11,3,5,0,2,1,0,0,1 0,5,7,6,5,5,3,3,2,2,0,0,1,0,0,1
/media/michal/Pauli/masterdata/processed/paramtest/ds0_02mp_4500/annotated/rares/20140911/patrol_run_92/room_3/features/nonPlanes<pfhrgb_uniform_2015-05-18_22-20-17.pcd 0.204468 0.00149558 0.00316645 9 213,150,136,93,93,84,47,44,39 53,43,53,29,27,31,18,22,12 1,0,0,0,0,0,0,0,0 454740 411 1150 40 168 400 1139 40 168 454329,181,85,42,30,21,13,9,13,3,4,1,5,1,0,0,1,0,2 0,17,4,2,3,2,2,3,1,2,1,0,1,0,0,0,1,0,1 0,170,85,42,30,21,13,9,13,3,4,1,5,1,0,0,1,0,2 0,17,4,2,3,2,2,3,1,2,1,0,1,0,0,0,1,0,1
/media/michal/Pauli/masterdata/processed/paramtest/ds0_02mp_4500/annotated/rares/20140912/patrol_run_100/room_3/features/nonPlanes<pfhrgb_uniform_2015-05-18_22-20-23.pcd 0.163982 0.000877686 0.00334886 7 395,254,60,59,50,36,28 108,101,30,28,22,17,12 1,0,0,0,0,0,0 437778 475 1150 61 258 400 1075 57 254 437303,205,123,55,32,26,12,3,8,4,1,2,2,1,1 0,14,10,6,9,6,2,2,5,2,1,2,2,0,0 0,130,123,55,32,26,12,3,8,4,1,2,2,1,1 0,10,10,6,9,6,2,2,5,2,1,2,2,0,0
/media/michal/Pauli/masterdata/processed/paramtest/ds0_02mp_4500/annotated/rares/20140912/patrol_run_102/room_3/features/nonPlanes<pfhrgb_uniform_2015-05-18_22-20-31.pcd 0.167342 0.000815401 0.00232097 6 492,174,84,75,54,51 144,73,36,24,15,23 0,0,0,0,0,0 459888 421 1150 59 294 400 1129 59 294 459467,178,85,61,30,17,11,12,6,8,5,5,2,0,0,1 0,7,9,10,7,3,5,5,2,4,2,4,0,0,0,1 0,157,85,61,30,17,11,12,6,8,5,5,2,0,0,1 0,7,9,10,7,3,5,5,2,4,2,4,0,0,0,1
/media/michal/Pauli/masterdata/processed/paramtest/ds0_02mp_4500/annotated/rares/20140912/patrol_run_104/room_3/features/nonPlanes<pfhrgb_uniform_2015-05-18_22-20-39.pcd 0.141897 0.000831276 0.00328688 9 300,135,114,105,77,69,56,34,20 93,56,53,33,36,27,19,13,13 1,0,0,0,0,0,0,0,0 445500 514 1150 49 200 400 1036 42 193 444986,245,118,65,37,18,15,5,4,3,0,1,1,0,1,1 0,14,7,7,3,2,6,3,2,2,0,1,1,0,0,1 0,131,118,65,37,18,15,5,4,3,0,1,1,0,1,1 0,7,7,7,3,2,6,3,2,2,0,1,1,0,0,1
/media/michal/Pauli/masterdata/processed/paramtest/ds0_02mp_4500/annotated/rares/20140912/patrol_run_94/room_3/features/nonPlanes<pfhrgb_uniform_2015-05-18_22-20-47.pcd 0.171202 0.000892702 0.00279818 10 322,128,113,96,93,66,39,31,24,17 73,49,48,46,26,23,17,18,12,12 1,0,0,0,0,0,0,0,0,0 445500 459 1150 54 245 400 1091 51 242 445041,210,96,55,39,16,14,11,5,3,4,2,1,1,0,1,0,1 0,10,12,4,7,2,4,5,3,2,3,0,0,1,0,0,0,1 0,151,96,55,39,16,14,11,5,3,4,2,1,1,0,1,0,1 0,7,12,4,7,2,4,5,3,2,3,0,0,1,0,0,0,1
/media/michal/Pauli/masterdata/processed/paramtest/ds0_02mp_4500/annotated/rares/20140912/patrol_run_96/room_2/features/nonPlanes<pfhrgb_uniform_2015-05-18_22-20-55.pcd 0.198265 0.00127111 0.00392215 8 502,128,114,81,61,59,47,33 122,56,49,21,26,21,18,15 1,0,0,0,0,0,0,0 431244 401 1150 53 314 400 1149 53 314 430843,169,72,55,34,27,8,10,6,3,6,4,1,2,1,0,2,0,0,0,1 0,8,5,4,8,9,1,2,3,1,4,2,0,2,1,0,2,0,0,0,1 0,168,72,55,34,27,8,10,6,3,6,4,1,2,1,0,2,0,0,0,1 0,8,5,4,8,9,1,2,3,1,4,2,0,2,1,0,2,0,0,0,1
/media/michal/Pauli/masterdata/processed/paramtest/ds0_02mp_4500/annotated/rares/20140912/patrol_run_98/room_3/features/nonPlanes<pfhrgb_uniform_2015-05-18_22-21-03.pcd 0.198334 0.00122118 0.00326807 7 357,144,123,104,94,30,27 100,58,45,27,34,15,13 1,0,0,0,0,0,0 446622 459 1150 50 235 400 1091 48 233 446163,202,100,54,39,23,12,9,9,4,5,2 0,10,10,4,1,5,4,3,4,4,4,1 0,143,100,54,39,23,12,9,9,4,5,2 0,8,10,4,1,5,4,3,4,4,4,1
/media/michal/Pauli/masterdata/processed/paramtest/ds0_02mp_4500/annotated/rares/20140921/patrol_run_110/room_2/features/nonPlanes<pfhrgb_uniform_2015-05-18_22-21-11.pcd 0.138245 0.00103094 0.00283466 9 459,86,79,75,54,48,44,35,25 108,21,37,35,19,24,17,12,13 0,0,0,0,0,0,0,0,0 411840 362 1150 0 0 362 1150 0 0 411478,153,83,34,21,20,9,12,2,8,3,2,5,0,2,3,1,0,1,1,0,0,0,0,0,0,0,0,0,0,0,0,0,0,0,0,1,0,0,0,0,0,0,0,0,1 0,0,0,0,0,0,0,0,0,0,0,0,0,0,0,0,0,0,0,0,0,0,0,0,0,0,0,0,0,0,0,0,0,0,0,0,0,0,0,0,0,0,0,0,0,0 0,153,83,34,21,20,9,12,2,8,3,2,5,0,2,3,1,0,1,1,0,0,0,0,0,0,0,0,0,0,0,0,0,0,0,0,1,0,0,0,0,0,0,0,0,1 0,0,0,0,0,0,0,0,0,0,0,0,0,0,0,0,0,0,0,0,0,0,0,0,0,0,0,0,0,0,0,0,0,0,0,0,0,0,0,0,0,0,0,0,0,0
/media/michal/Pauli/masterdata/processed/paramtest/ds0_02mp_4500/annotated/rares/20140921/patrol_run_112/room_2/features/nonPlanes<pfhrgb_uniform_2015-05-18_22-21-19.pcd 0.163964 0.000794988 0.00356278 8 264,219,137,71,65,45,28,27 88,68,44,24,22,16,12,14 0,0,0,0,0,0,0,0 419265 456 1150 30 88 400 1094 30 88 418809,184,111,60,45,19,12,7,9,2,3,1,2,1 0,9,7,5,5,1,1,1,0,0,0,0,1,0 0,128,111,60,45,19,12,7,9,2,3,1,2,1 0,9,7,5,5,1,1,1,0,0,0,0,1,0
/media/michal/Pauli/masterdata/processed/paramtest/ds0_02mp_4500/annotated/rares/20140921/patrol_run_114/room_1/features/nonPlanes<pfhrgb_uniform_2015-05-18_22-21-26.pcd 0.234525 0.00184586 0.00323849 8 326,171,115,66,54,46,38,32 96,65,42,18,13,17,12,16 0,0,0,0,0,0,0,0 417384 446 1150 22 65 400 1104 19 62 416938,206,93,48,32,26,7,9,10,6,3,1,1,1,0,0,1,1,1 0,9,6,0,2,2,1,1,0,0,0,0,0,1,0,0,0,0,0 0,160,93,48,32,26,7,9,10,6,3,1,1,1,0,0,1,1,1 0,6,6,0,2,2,1,1,0,0,0,0,0,1,0,0,0,0,0
/media/michal/Pauli/masterdata/processed/paramtest/ds0_02mp_4500/annotated/rares/20140922/patrol_run_116/room_2/features/nonPlanes<pfhrgb_uniform_2015-05-18_22-21-34.pcd 0.137892 0.00122751 0.0036235 6 310,303,195,59,41,40 91,77,81,17,20,23 0,0,0,0,0,0 424116 424 1150 31 93 400 1126 30 92 423692,197,77,49,30,19,17,11,7,5,3,1,3,1,1,0,0,1,2 0,12,4,5,4,1,1,3,0,0,1,0,0,0,0,0,0,0,0 0,173,77,49,30,19,17,11,7,5,3,1,3,1,1,0,0,1,2 0,11,4,5,4,1,1,3,0,0,1,0,0,0,0,0,0,0,0
/media/michal/Pauli/masterdata/processed/paramtest/ds0_02mp_4500/annotated/rares/20140922/patrol_run_118/room_2/features/nonPlanes<pfhrgb_uniform_2015-05-18_22-21-42.pcd 0.155095 0.000868725 0.00333807 7 293,184,103,67,64,55,46 96,66,39,25,28,31,18 0,0,0,0,0,0,0 451044 499 1150 51 180 400 1051 43 172 450545,241,114,55,40,16,10,9,4,3,1,2,0,0,1,1,1,1 0,14,9,7,7,4,4,3,1,0,0,1,0,0,0,1,0,0 0,142,114,55,40,16,10,9,4,3,1,2,0,0,1,1,1,1 0,6,9,7,7,4,4,3,1,0,0,1,0,0,0,1,0,0
/media/michal/Pauli/masterdata/processed/paramtest/ds0_02mp_4500/annotated/rares/20140922/patrol_run_120/room_1/features/nonPlanes<pfhrgb_uniform_2015-05-18_22-21-51.pcd 0.156554 0.000929332 0.00228832 6 286,280,108,94,71,52 98,97,41,38,32,25 0,0,0,0,0,0 478401 475 1150 39 132 400 1075 33 126 477926,225,88,68,32,20,20,7,5,3,5,0,0,0,1,0,0,1 0,9,7,9,6,3,3,0,1,0,0,0,0,0,0,0,0,1 0,150,88,68,32,20,20,7,5,3,5,0,0,0,1,0,0,1 0,3,7,9,6,3,3,0,1,0,0,0,0,0,0,0,0,1
/media/michal/Pauli/masterdata/processed/paramtest/ds0_02mp_4500/annotated/rares/20140922/patrol_run_124/room_2/features/nonPlanes<pfhrgb_uniform_2015-05-18_22-22-01.pcd 0.225668 0.000837253 0.00318009 7 208,142,138,101,70,69,46 61,51,57,40,42,31,19 0,0,0,0,0,0,0 483516 539 1150 24 100 400 1011 18 94 482977,272,128,67,28,15,12,8,3,1,0,2,0,1,0,0,1,0,0,0,0,0,1 0,8,5,2,1,3,2,1,0,0,0,0,0,0,0,0,1,0,0,0,0,0,1 0,133,128,67,28,15,12,8,3,1,0,2,0,1,0,0,1,0,0,0,0,0,1 0,2,5,2,1,3,2,1,0,0,0,0,0,0,0,0,1,0,0,0,0,0,1
/media/michal/Pauli/masterdata/processed/paramtest/ds0_02mp_4500/annotated/rares/20140922/patrol_run_126/room_2/features/nonPlanes<pfhrgb_uniform_2015-05-18_22-22-14.pcd 0.191444 0.000853807 0.00354035 8 274,140,84,78,74,67,58,48 95,49,34,37,26,28,16,17 0,0,1,0,0,0,0,0 459756 479 1150 29 75 400 1071 26 72 459277,217,118,54,39,13,9,9,5,6,3,3,2,0,0,0,1 0,12,8,3,2,0,1,1,1,1,0,0,0,0,0,0,0 0,138,118,54,39,13,9,9,5,6,3,3,2,0,0,0,1 0,9,8,3,2,0,1,1,1,1,0,0,0,0,0,0,0
/media/michal/Pauli/masterdata/processed/paramtest/ds0_02mp_4500/annotated/rares/20140922/patrol_run_128/room_2/features/nonPlanes<pfhrgb_uniform_2015-05-18_22-22-23.pcd 0.15288 0.000876305 0.00352441 8 340,175,143,76,53,46,40,38 110,65,51,27,15,20,17,14 0,0,0,0,0,0,0,0 454410 482 1150 47 179 400 1068 40 172 453928,218,117,55,31,19,14,13,2,9,2,2 0,13,9,6,4,2,3,3,1,4,1,1 0,136,117,55,31,19,14,13,2,9,2,2 0,6,9,6,4,2,3,3,1,4,1,1
/media/michal/Pauli/masterdata/processed/paramtest/ds0_02mp_4500/annotated/rares/20140922/patrol_run_130/room_2/features/nonPlanes<pfhrgb_uniform_2015-05-18_22-22-32.pcd 0.155379 0.000825206 0.00336662 7 309,178,168,75,64,55,48 101,53,37,43,24,20,23 0,0,0,0,0,0,0 443289 463 1150 47 185 400 1087 45 183 442826,219,99,52,32,20,14,8,3,4,3,2,2,1,2,0,2 0,9,9,10,5,3,2,4,1,0,2,0,1,1,0,0,0 0,156,99,52,32,20,14,8,3,4,3,2,2,1,2,0,2 0,7,9,10,5,3,2,4,1,0,2,0,1,1,0,0,0
/media/michal/Pauli/masterdata/processed/paramtest/ds0_02mp_4500/annotated/rares/20140922/patrol_run_132/room_1/features/nonPlanes<pfhrgb_uniform_2015-05-18_22-22-42.pcd 0.173057 0.00131124 0.00370798 6 288,172,147,93,77,46 96,58,54,30,36,14 -1 454740 427 1150 -1 -1 400 1123 -1 -1 454313,187,89,55,31,19,16,6,2,6,8,1,1,2,3,0,0,0,0,0,0,0,1 -1 0,160,89,55,31,19,16,6,2,6,8,1,1,2,3,0,0,0,0,0,0,0,1 -1
/media/michal/Pauli/masterdata/processed/paramtest/ds0_02mp_4500/annotated/rares/20140922/patrol_run_134/room_2/features/nonPlanes<pfhrgb_uniform_2015-05-18_22-22-52.pcd 0.164532 0.000624164 0.00270104 10 171,131,129,103,61,43,39,39,38,26 69,36,50,43,24,22,16,16,12,14 0,1,0,0,0,0,0,0,0,0 411840 530 1150 39 113 400 1020 27 101 411310,268,110,67,33,21,14,6,5,5,0,0,0,1 0,17,5,6,4,1,1,1,2,2,0,0,0,0 0,138,110,67,33,21,14,6,5,5,0,0,0,1 0,5,5,6,4,1,1,1,2,2,0,0,0,0
/media/michal/Pauli/masterdata/processed/paramtest/ds0_02mp_4500/annotated/rares/20140922/patrol_run_138/room_2/features/nonPlanes<pfhrgb_uniform_2015-05-18_22-23-01.pcd 0.174494 0.00120913 0.00202423 10 228,139,126,123,42,41,39,34,33,32 69,49,30,40,19,17,14,16,15,14 0,0,0,1,0,0,0,0,0,0 443223 451 1150 23 82 400 1099 23 82 442772,203,94,63,27,17,12,11,9,6,4,2,2,0,0,0,1 0,6,6,3,0,1,2,3,1,1,0,0,0,0,0,0,0 0,152,94,63,27,17,12,11,9,6,4,2,2,0,0,0,1 0,6,6,3,0,1,2,3,1,1,0,0,0,0,0,0,0
/media/michal/Pauli/masterdata/processed/paramtest/ds0_02mp_4500/annotated/rares/20140923/patrol_run_139/room_2/features/nonPlanes<pfhrgb_uniform_2015-05-18_22-23-09.pcd 0.139069 0.000687695 0.00239791 9 256,215,103,98,91,59,41,30,26 80,50,44,43,39,22,21,18,13 1,0,0,0,0,0,0,0,0 430782 435 1150 47 170 400 1115 47 170 430347,179,99,53,35,23,17,8,7,3,5,4,2 0,11,10,9,4,3,3,1,2,1,2,1,0 0,144,99,53,35,23,17,8,7,3,5,4,2 0,11,10,9,4,3,3,1,2,1,2,1,0
/media/michal/Pauli/masterdata/processed/paramtest/ds0_02mp_4500/annotated/rares/20140923/patrol_run_141/room_2/features/nonPlanes<pfhrgb_uniform_2015-05-18_22-23-17.pcd 0.162381 0.000811111 0.00348128 7 405,201,105,72,70,68,17 106,77,47,35,28,24,13 0,0,0,0,0,0,0 407286 437 1150 55 250 400 1113 53 248 406849,195,100,41,37,17,13,7,10,5,3,3,2,2,0,1,0,0,0,1 0,10,7,7,11,5,3,2,3,3,0,0,1,2,0,1,0,0,0,0 0,158,100,41,37,17,13,7,10,5,3,3,2,2,0,1,0,0,0,1 0,8,7,7,11,5,3,2,3,3,0,0,1,2,0,1,0,0,0,0
/media/michal/Pauli/masterdata/processed/paramtest/ds0_02mp_4500/annotated/rares/20140923/patrol_run_144/room_2/features/nonPlanes<pfhrgb_uniform_2015-05-18_22-23-28.pcd 0.16555 0.00131187 0.00363735 8 489,189,55,49,41,29,29,25 147,58,27,18,20,14,13,12 0,0,0,0,0,0,0,0 438471 460 1150 41 146 400 1090 36 141 438011,213,90,61,37,22,9,10,6,3,3,1,1,1,0,0,2,0,0,1 0,14,6,4,6,4,2,1,1,1,0,0,1,0,0,0,1,0,0,0 0,153,90,61,37,22,9,10,6,3,3,1,1,1,0,0,2,0,0,1 0,9,6,4,6,4,2,1,1,1,0,0,1,0,0,0,1,0,0,0
/media/michal/Pauli/masterdata/processed/paramtest/ds0_02mp_4500/annotated/rares/20140923/patrol_run_146/room_2/features/nonPlanes<pfhrgb_uniform_2015-05-18_22-23-35.pcd 0.155556 0.000825982 0.00360787 5 430,161,127,124,51 146,66,43,45,18 0,0,0,0,0 391248 448 1150 45 188 400 1102 41 184 390800,204,84,64,36,22,10,9,3,5,4,1,2,1,0,0,1,1,0,1 0,10,8,6,5,5,2,3,0,2,2,1,0,0,0,0,0,1,0,0 0,156,84,64,36,22,10,9,3,5,4,1,2,1,0,0,1,1,0,1 0,6,8,6,5,5,2,3,0,2,2,1,0,0,0,0,0,1,0,0
/media/michal/Pauli/masterdata/processed/paramtest/ds0_02mp_4500/annotated/rares/20140923/patrol_run_148/room_2/features/nonPlanes<pfhrgb_uniform_2015-05-18_22-23-42.pcd 0.141163 0.000721361 0.00233309 7 310,159,132,129,121,35,28 88,53,53,43,49,15,12 0,0,0,0,0,0,0 444246 429 1150 25 92 400 1121 24 91 443817,184,92,55,28,25,11,9,7,5,5,2,3,1,1,1 0,6,7,3,2,3,0,0,2,1,0,0,0,0,0,1 0,155,92,55,28,25,11,9,7,5,5,2,3,1,1,1 0,5,7,3,2,3,0,0,2,1,0,0,0,0,0,1
/media/michal/Pauli/masterdata/processed/paramtest/ds0_02mp_4500/annotated/rares/20140923/patrol_run_150/room_2/features/nonPlanes<pfhrgb_uniform_2015-05-18_22-23-50.pcd 0.175525 0.000828437 0.00317435 8 257,246,157,67,44,43,38,30 98,91,49,15,15,14,18,15 0,0,0,0,0,0,0,0 454740 465 1150 35 110 400 1085 32 107 454275,209,101,59,37,18,14,7,6,5,4,3,1,1 0,12,6,7,2,1,2,1,3,1,0,0,0,0 0,144,101,59,37,18,14,7,6,5,4,3,1,1 0,9,6,7,2,1,2,1,3,1,0,0,0,0
/media/michal/Pauli/masterdata/processed/paramtest/ds0_02mp_4500/annotated/rares/20140924/patrol_run_152/room_2/features/nonPlanes<pfhrgb_uniform_2015-05-18_22-23-57.pcd 0.165481 0.000772227 0.00329702 6 221,189,156,105,100,36 54,62,60,29,43,16 1,0,0,0,0,0 384087 438 1150 41 183 400 1112 41 183 383649,177,102,50,40,25,20,7,7,4,2,2,0,0,1,0,0,1 0,6,9,6,5,2,4,3,2,1,1,0,0,0,1,0,0,1 0,139,102,50,40,25,20,7,7,4,2,2,0,0,1,0,0,1 0,6,9,6,5,2,4,3,2,1,1,0,0,0,1,0,0,1
/media/michal/Pauli/masterdata/processed/paramtest/ds0_02mp_4500/annotated/rares/20140924/patrol_run_156/room_2/features/nonPlanes<pfhrgb_uniform_2015-05-18_22-24-04.pcd 0.173801 0.000772167 0.00349004 8 234,224,127,108,66,44,43,34 88,75,33,41,17,18,17,16 0,0,0,1,0,0,0,0 395010 454 1150 36 101 400 1096 35 100 394556,205,91,54,33,31,18,7,3,4,1,2,1,3,1 0,15,6,6,4,1,1,0,2,0,0,0,0,1,0 0,151,91,54,33,31,18,7,3,4,1,2,1,3,1 0,14,6,6,4,1,1,0,2,0,0,0,0,1,0
/media/michal/Pauli/masterdata/processed/paramtest/ds0_02mp_4500/annotated/rares/20140924/patrol_run_158/room_1/features/nonPlanes<pfhrgb_uniform_2015-05-18_22-24-11.pcd 0.167192 0.000764642 0.00368002 6 255,224,163,153,121,31 81,81,62,41,30,15 0,0,0,0,0,0 434214 433 1150 25 61 400 1117 23 59 433781,187,89,47,39,16,27,8,7,5,2,3,3 0,10,9,1,0,1,3,1,0,0,0,0,0 0,154,89,47,39,16,27,8,7,5,2,3,3 0,8,9,1,0,1,3,1,0,0,0,0,0
/media/michal/Pauli/masterdata/processed/paramtest/ds0_02mp_4500/annotated/rares/20140924/patrol_run_162/room_2/features/nonPlanes<pfhrgb_uniform_2015-05-18_22-24-18.pcd 0.158531 0.00059858 0.00208839 8 380,274,82,60,49,43,36,14 112,76,35,23,18,15,27,12 -1 435600 428 1150 -1 -1 400 1122 -1 -1 435172,203,86,52,25,13,11,13,6,3,3,4,1,3,1,0,1,0,0,0,1,0,1,0,0,1 -1 0,175,86,52,25,13,11,13,6,3,3,4,1,3,1,0,1,0,0,0,1,0,1,0,0,1 -1
/media/michal/Pauli/masterdata/processed/paramtest/ds0_02mp_4500/annotated/rares/20140924/patrol_run_164/room_1/features/nonPlanes<pfhrgb_uniform_2015-05-18_22-24-26.pcd 0.194707 0.000744032 0.00287441 11 286,131,117,114,63,43,41,39,29,27,25 73,39,40,31,21,21,13,14,13,13,16 -1 425568 393 1150 -1 -1 393 1150 -1 -1 425175,164,91,46,27,18,10,7,4,7,5,1,1,1,2,3,1,1,4 -1 0,164,91,46,27,18,10,7,4,7,5,1,1,1,2,3,1,1,4 -1
/media/michal/Pauli/masterdata/processed/paramtest/ds0_02mp_4500/annotated/rares/20140924/patrol_run_166/room_2/features/nonPlanes<pfhrgb_uniform_2015-05-18_22-24-33.pcd 0.203522 0.0010161 0.00307278 4 364,260,109,40 128,87,31,14 -1 411642 412 1150 -1 -1 400 1138 -1 -1 411230,166,97,43,27,26,13,14,10,5,5,1,4,1 -1 0,154,97,43,27,26,13,14,10,5,5,1,4,1 -1
