obj_search:
  camera_z: 1.7
  ceiling_z: 2.27
  floor_z: 0
  object_query: {K: 5}
  processed_data_dir: /home/michal/Downloads/pcddata/processed/
  raw_data_dir: /media/michal/Pauli/masterdata/raw/
object_query: {K: 10, cluster_maxsize: 500, cluster_minsize: 12, cluster_tolerance: 0.2,
  clusters_to_results: true, extract_mult: 1.3, match: nonPlanes<pfhrgb_uniform, n_max_points: 400,
  output_dir: 'NULL', query_features: '/home/michal/Downloads/pcddata/processed/query/queryobjects/0,02/pillow/features/rgb_0003_label_pillow<pfhrgb_uniform_2015-05-28_11-00-12.pcd',
  results_out: '/home/michal/Downloads/pcddata/processed/query/k10_mx400_t0,2/ds0_02mp_4500',
  subdirs: 4, target_features: /media/michal/Pauli/masterdata/processed/paramtest/ds0_02mp_4500,
  x_step_hough: 0.05, y_step_hough: 0.05, z_step_hough: 0.05}
rosdistro: 'indigo

  '
roslaunch:
  uris: {host_tycho__46620: 'http://tycho:46620/', host_tycho__57164: 'http://tycho:57164/'}
rosversion: '1.11.10

  '
run_id: ff6ee91c-0798-11e5-b12a-3c970e77227e
BEGIN_DATA
# fname t_query t_hough t_cluster cluster_n cluster_scores cluster_points cluster_inobb n_hough_tot nonzero_hough hough_votes boxpts boxvotes maxpts maxvotes maxboxpts maxboxvotes hough_hist box_hist max_hist boxmax_hist
/media/michal/Pauli/masterdata/processed/paramtest/ds0_02mp_4500/annotated/rares/20140820/patrol_run_2/room_1/features/nonPlanes<pfhrgb_uniform_2015-05-18_22-12-12.pcd 0.178598 0.000641267 0.00306437 8 206,151,117,81,42,40,26,19 40,65,19,13,12,12,13,12 -1 453288 413 1240 -1 -1 400 1227 -1 -1 452875,201,84,40,17,17,10,14,3,2,4,5,5,1,1,0,1,1,1,0,1,1,2,0,0,0,0,0,0,0,0,0,0,0,0,0,1,0,0,0,0,0,0,0,1 -1 0,188,84,40,17,17,10,14,3,2,4,5,5,1,1,0,1,1,1,0,1,1,2,0,0,0,0,0,0,0,0,0,0,0,0,0,1,0,0,0,0,0,0,0,1 -1
/media/michal/Pauli/masterdata/processed/paramtest/ds0_02mp_4500/annotated/rares/20140820/patrol_run_4/room_0/features/nonPlanes<pfhrgb_uniform_2015-05-18_22-12-19.pcd 0.184699 0.000838095 0.00257768 5 379,169,63,33,23 92,27,22,21,12 -1 424446 425 1240 -1 -1 400 1215 -1 -1 424021,220,75,35,27,17,8,8,7,4,5,2,1,3,1,1,2,3,0,0,0,2,1,2,0,0,0,0,0,0,0,1 -1 0,195,75,35,27,17,8,8,7,4,5,2,1,3,1,1,2,3,0,0,0,2,1,2,0,0,0,0,0,0,0,1 -1
/media/michal/Pauli/masterdata/processed/paramtest/ds0_02mp_4500/annotated/rares/20140828/patrol_run_19/room_3/features/nonPlanes<pfhrgb_uniform_2015-05-18_22-12-27.pcd 0.175852 0.000810426 0.00183701 7 231,109,99,96,89,74,19 79,29,54,22,30,18,12 -1 407880 456 1240 -1 -1 400 1184 -1 -1 407424,243,75,37,28,21,14,7,7,3,5,6,2,0,1,0,1,2,0,0,0,1,0,0,1,0,0,2 -1 0,187,75,37,28,21,14,7,7,3,5,6,2,0,1,0,1,2,0,0,0,1,0,0,1,0,0,2 -1
/media/michal/Pauli/masterdata/processed/paramtest/ds0_02mp_4500/annotated/rares/20140829/patrol_run_20/room_3/features/nonPlanes<pfhrgb_uniform_2015-05-18_22-12-37.pcd 0.192301 0.000777442 0.00161026 8 122,93,89,76,74,57,44,35 35,22,37,12,17,12,15,12 -1 461736 406 1240 -1 -1 400 1234 -1 -1 461330,189,73,40,24,23,12,6,8,9,3,3,3,3,0,4,0,3,0,0,1,1,0,0,0,1 -1 0,183,73,40,24,23,12,6,8,9,3,3,3,3,0,4,0,3,0,0,1,1,0,0,0,1 -1
/media/michal/Pauli/masterdata/processed/paramtest/ds0_02mp_4500/annotated/rares/20140829/patrol_run_26/room_2/features/nonPlanes<pfhrgb_uniform_2015-05-18_22-12-46.pcd 0.172932 0.000799541 0.002943 7 270,162,105,71,38,31,30 53,70,53,32,22,15,14 1,0,0,0,0,0,0 404481 553 1240 44 217 400 1087 37 210 403928,308,104,62,18,14,13,11,4,5,7,3,0,2,0,0,1,0,0,1 0,8,9,7,3,4,2,0,1,2,3,2,0,1,0,0,1,0,0,1 0,155,104,62,18,14,13,11,4,5,7,3,0,2,0,0,1,0,0,1 0,1,9,7,3,4,2,0,1,2,3,2,0,1,0,0,1,0,0,1
/media/michal/Pauli/masterdata/processed/paramtest/ds0_02mp_4500/annotated/rares/20140901/patrol_run_27/room_2/features/nonPlanes<pfhrgb_uniform_2015-05-18_22-12-54.pcd 0.161174 0.000822429 0.00181816 7 156,107,92,71,38,36,30 51,26,38,35,12,13,12 -1 424710 407 1240 -1 -1 400 1233 -1 -1 424303,191,68,42,34,17,16,8,5,4,4,3,6,1,0,1,2,0,0,0,0,2,0,0,1,0,1,0,0,0,0,0,0,0,0,0,0,0,0,0,0,1 -1 0,184,68,42,34,17,16,8,5,4,4,3,6,1,0,1,2,0,0,0,0,2,0,0,1,0,1,0,0,0,0,0,0,0,0,0,0,0,0,0,0,1 -1
/media/michal/Pauli/masterdata/processed/paramtest/ds0_02mp_4500/annotated/rares/20140901/patrol_run_31/room_2/features/nonPlanes<pfhrgb_uniform_2015-05-18_22-13-03.pcd 0.168031 0.000855461 0.00293737 6 286,204,88,50,30,20 36,71,15,26,15,12 -1 460845 396 1240 -1 -1 396 1240 -1 -1 460449,176,98,36,26,12,3,9,8,3,3,4,3,2,0,3,0,1,0,2,1,0,1,0,0,1,1,1,0,0,0,0,1,0,0,0,1 -1 0,176,98,36,26,12,3,9,8,3,3,4,3,2,0,3,0,1,0,2,1,0,1,0,0,1,1,1,0,0,0,0,1,0,0,0,1 -1
/media/michal/Pauli/masterdata/processed/paramtest/ds0_02mp_4500/annotated/rares/20140901/patrol_run_32/room_2/features/nonPlanes<pfhrgb_uniform_2015-05-18_22-13-11.pcd 0.162418 0.000804809 0.00393738 7 177,152,109,56,43,26,19 32,41,35,14,17,17,13 -1 446160 491 1240 -1 -1 400 1149 -1 -1 445669,241,112,55,21,19,6,8,7,4,5,2,4,2,1,0,1,0,0,0,0,0,0,2,0,1 -1 0,150,112,55,21,19,6,8,7,4,5,2,4,2,1,0,1,0,0,0,0,0,0,2,0,1 -1
/media/michal/Pauli/masterdata/processed/paramtest/ds0_02mp_4500/annotated/rares/20140901/patrol_run_33/room_1/features/nonPlanes<pfhrgb_uniform_2015-05-18_22-13-20.pcd 0.136923 0.00156438 0.00228119 9 294,145,113,93,66,65,51,44,41 47,20,19,33,28,14,14,13,24 -1 451044 309 1240 -1 -1 309 1240 -1 -1 450735,137,45,35,12,14,13,7,6,9,5,2,1,3,3,2,4,0,3,0,0,0,1,1,1,0,0,2,0,1,1,0,0,0,0,0,0,0,0,1 -1 0,137,45,35,12,14,13,7,6,9,5,2,1,3,3,2,4,0,3,0,0,0,1,1,1,0,0,2,0,1,1,0,0,0,0,0,0,0,0,1 -1
/media/michal/Pauli/masterdata/processed/paramtest/ds0_02mp_4500/annotated/rares/20140902/patrol_run_35/room_2/features/nonPlanes<pfhrgb_uniform_2015-05-18_22-13-28.pcd 0.174548 0.000796955 0.00321759 8 165,117,110,66,39,24,19,17 42,26,14,28,16,14,15,12 -1 451044 458 1240 -1 -1 400 1182 -1 -1 450586,230,85,41,34,15,16,8,4,4,7,0,4,0,1,3,4,1,0,0,0,0,0,0,0,0,0,0,1 -1 0,172,85,41,34,15,16,8,4,4,7,0,4,0,1,3,4,1,0,0,0,0,0,0,0,0,0,0,1 -1
/media/michal/Pauli/masterdata/processed/paramtest/ds0_02mp_4500/annotated/rares/20140902/patrol_run_38/room_0/features/nonPlanes<pfhrgb_uniform_2015-05-18_22-13-37.pcd 0.155463 0.000795596 0.00174452 8 135,110,76,71,38,38,22,14 34,21,25,15,22,16,17,13 0,1,0,0,0,0,0,0 427977 391 1240 15 81 391 1240 15 81 427586,185,60,45,30,15,7,9,4,9,4,4,4,4,2,1,0,1,3,0,0,2,1,0,0,1 0,2,2,1,2,2,1,0,0,3,1,1,0,0,0,0,0,0,0,0,0,0,0,0,0,0 0,185,60,45,30,15,7,9,4,9,4,4,4,4,2,1,0,1,3,0,0,2,1,0,0,1 0,2,2,1,2,2,1,0,0,3,1,1,0,0,0,0,0,0,0,0,0,0,0,0,0,0
/media/michal/Pauli/masterdata/processed/paramtest/ds0_02mp_4500/annotated/rares/20140903/patrol_run_1/room_4/features/nonPlanes<pfhrgb_uniform_2015-05-18_22-13-44.pcd 0.189928 0.00086817 0.00265941 9 158,104,94,81,55,51,48,36,33 27,16,28,16,12,22,18,20,18 0,0,1,0,0,0,0,0,0 470184 422 1240 17 78 400 1218 17 78 469762,191,91,58,19,10,13,5,7,6,7,3,3,0,0,1,1,0,0,0,0,0,3,1,1,0,0,0,0,0,1,1 0,4,2,3,1,0,1,1,2,2,1,0,0,0,0,0,0,0,0,0,0,0,0,0,0,0,0,0,0,0,0,0 0,169,91,58,19,10,13,5,7,6,7,3,3,0,0,1,1,0,0,0,0,0,3,1,1,0,0,0,0,0,1,1 0,4,2,3,1,0,1,1,2,2,1,0,0,0,0,0,0,0,0,0,0,0,0,0,0,0,0,0,0,0,0,0
/media/michal/Pauli/masterdata/processed/paramtest/ds0_02mp_4500/annotated/rares/20140903/patrol_run_10/room_2/features/nonPlanes<pfhrgb_uniform_2015-05-18_22-13-53.pcd 0.166407 0.000832844 0.0028551 9 241,133,105,78,64,53,51,50,19 87,32,26,22,15,13,14,12,12 -1 453024 475 1240 -1 -1 400 1165 -1 -1 452549,234,89,53,33,16,10,10,7,5,5,3,3,2,1,0,2,1,1 -1 0,159,89,53,33,16,10,10,7,5,5,3,3,2,1,0,2,1,1 -1
/media/michal/Pauli/masterdata/processed/paramtest/ds0_02mp_4500/annotated/rares/20140903/patrol_run_12/room_2/features/nonPlanes<pfhrgb_uniform_2015-05-18_22-13-59.pcd 0.172591 0.000726826 0.0026514 8 204,176,68,55,54,39,23,22 58,40,23,31,14,12,12,14 -1 434214 455 1240 -1 -1 400 1185 -1 -1 433759,222,90,49,19,22,12,8,11,6,2,3,4,1,0,1,1,0,2,0,1,0,0,0,0,0,0,0,0,0,0,0,0,0,1 -1 0,167,90,49,19,22,12,8,11,6,2,3,4,1,0,1,1,0,2,0,1,0,0,0,0,0,0,0,0,0,0,0,0,0,1 -1
/media/michal/Pauli/masterdata/processed/paramtest/ds0_02mp_4500/annotated/rares/20140903/patrol_run_14/room_1/features/nonPlanes<pfhrgb_uniform_2015-05-18_22-14-09.pcd 0.187131 0.000871909 0.00175591 7 211,161,66,54,53,51,41 39,36,35,12,20,16,22 -1 434313 499 1240 -1 -1 400 1141 -1 -1 433814,264,87,61,26,16,14,6,5,4,1,2,0,2,3,4,1,1,0,1,0,1 -1 0,165,87,61,26,16,14,6,5,4,1,2,0,2,3,4,1,1,0,1,0,1 -1
/media/michal/Pauli/masterdata/processed/paramtest/ds0_02mp_4500/annotated/rares/20140903/patrol_run_2/room_4/features/nonPlanes<pfhrgb_uniform_2015-05-18_22-14-19.pcd 0.182785 0.000853855 0.00285715 8 196,167,112,71,57,53,38,18 64,37,31,18,20,14,13,12 0,1,0,0,0,0,0,0 462264 465 1240 26 123 400 1175 20 117 461799,229,89,40,32,26,10,14,5,1,4,3,4,2,1,1,1,1,0,1,1 0,7,6,1,3,2,0,2,0,0,1,1,1,1,0,0,0,0,0,1,0 0,164,89,40,32,26,10,14,5,1,4,3,4,2,1,1,1,1,0,1,1 0,1,6,1,3,2,0,2,0,0,1,1,1,1,0,0,0,0,0,1,0
/media/michal/Pauli/masterdata/processed/paramtest/ds0_02mp_4500/annotated/rares/20140903/patrol_run_9/room_2/features/nonPlanes<pfhrgb_uniform_2015-05-18_22-14-29.pcd 0.188521 0.000899893 0.00240047 8 156,124,89,89,78,53,47,26 41,33,36,31,25,14,13,14 -1 473088 437 1240 -1 -1 400 1203 -1 -1 472651,209,83,39,34,18,13,7,9,7,1,6,1,4,1,0,1,0,0,0,0,1,2,0,0,1 -1 0,172,83,39,34,18,13,7,9,7,1,6,1,4,1,0,1,0,0,0,0,1,2,0,0,1 -1
/media/michal/Pauli/masterdata/processed/paramtest/ds0_02mp_4500/annotated/rares/20140904/patrol_run_15/room_2/features/nonPlanes<pfhrgb_uniform_2015-05-18_22-14-37.pcd 0.188582 0.000952892 0.00226233 9 86,75,67,56,51,48,47,34,26 44,18,14,24,20,15,16,13,20 -1 517902 465 1240 -1 -1 400 1175 -1 -1 517437,243,77,44,24,18,20,9,8,8,1,2,1,2,2,1,1,1,1,0,0,2 -1 0,178,77,44,24,18,20,9,8,8,1,2,1,2,2,1,1,1,1,0,0,2 -1
/media/michal/Pauli/masterdata/processed/paramtest/ds0_02mp_4500/annotated/rares/20140905/patrol_run_17/room_2/features/nonPlanes<pfhrgb_uniform_2015-05-18_22-14-47.pcd 0.18149 0.000800477 0.00173308 5 219,168,157,54,23 43,48,78,14,15 -1 446160 392 1240 -1 -1 392 1240 -1 -1 445768,184,77,40,21,15,10,3,8,4,4,1,3,7,3,1,3,1,3,0,3,0,0,0,0,0,0,0,1 -1 0,184,77,40,21,15,10,3,8,4,4,1,3,7,3,1,3,1,3,0,3,0,0,0,0,0,0,0,1 -1
/media/michal/Pauli/masterdata/processed/paramtest/ds0_02mp_4500/annotated/rares/20140905/patrol_run_19/room_1/features/nonPlanes<pfhrgb_uniform_2015-05-18_22-14-56.pcd 0.169033 0.000869354 0.00237478 6 241,132,102,82,58,31 66,21,32,32,14,20 -1 453024 433 1240 -1 -1 400 1207 -1 -1 452591,205,86,55,22,14,8,6,6,7,5,3,3,5,0,2,1,0,0,0,2,1,0,1,0,1 -1 0,172,86,55,22,14,8,6,6,7,5,3,3,5,0,2,1,0,0,0,2,1,0,1,0,1 -1
/media/michal/Pauli/masterdata/processed/paramtest/ds0_02mp_4500/annotated/rares/20140905/patrol_run_21/room_2/features/nonPlanes<pfhrgb_uniform_2015-05-18_22-15-06.pcd 0.181324 0.000832042 0.00245999 6 121,111,58,56,52,42 23,47,12,16,16,12 -1 419265 385 1240 -1 -1 385 1240 -1 -1 418880,173,67,38,30,19,12,8,5,6,3,2,3,4,4,5,2,0,2,0,1,0,0,1 -1 0,173,67,38,30,19,12,8,5,6,3,2,3,4,4,5,2,0,2,0,1,0,0,1 -1
/media/michal/Pauli/masterdata/processed/paramtest/ds0_02mp_4500/annotated/rares/20140905/patrol_run_23/room_2/features/nonPlanes<pfhrgb_uniform_2015-05-18_22-15-16.pcd 0.192332 0.000860172 0.00175485 12 135,132,82,53,51,49,49,40,38,27,19,17 23,35,20,21,21,14,14,25,15,13,15,13 -1 463320 424 1240 -1 -1 400 1216 -1 -1 462896,209,84,42,24,17,7,5,5,6,5,4,2,3,2,1,1,2,0,1,0,0,0,1,0,1,0,1,0,0,0,0,0,0,0,0,0,0,0,0,0,1 -1 0,185,84,42,24,17,7,5,5,6,5,4,2,3,2,1,1,2,0,1,0,0,0,1,0,1,0,1,0,0,0,0,0,0,0,0,0,0,0,0,0,1 -1
/media/michal/Pauli/masterdata/processed/paramtest/ds0_02mp_4500/annotated/rares/20140905/patrol_run_25/room_1/features/nonPlanes<pfhrgb_uniform_2015-05-18_22-15-25.pcd 0.182243 0.000806704 0.00292504 6 163,156,112,60,43,34 37,22,31,16,18,16 -1 407286 395 1240 -1 -1 395 1240 -1 -1 406891,188,68,52,22,10,8,7,7,7,4,3,3,3,4,0,1,0,4,0,0,0,2,0,0,0,0,0,0,0,0,0,0,0,1,0,1 -1 0,188,68,52,22,10,8,7,7,7,4,3,3,3,4,0,1,0,4,0,0,0,2,0,0,0,0,0,0,0,0,0,0,0,1,0,1 -1
/media/michal/Pauli/masterdata/processed/paramtest/ds0_02mp_4500/annotated/rares/20140905/patrol_run_27/room_2/features/nonPlanes<pfhrgb_uniform_2015-05-18_22-15-33.pcd 0.242614 0.00129707 0.00280756 8 147,95,86,72,68,62,49,21 28,19,13,27,18,25,18,15 -1 470448 405 1240 -1 -1 400 1235 -1 -1 470043,164,86,52,39,14,9,10,4,5,1,3,2,4,4,3,0,1,1,1,1,0,0,0,0,0,0,1 -1 0,159,86,52,39,14,9,10,4,5,1,3,2,4,4,3,0,1,1,1,1,0,0,0,0,0,0,1 -1
/media/michal/Pauli/masterdata/processed/paramtest/ds0_02mp_4500/annotated/rares/20140905/patrol_run_29/room_2/features/nonPlanes<pfhrgb_uniform_2015-05-18_22-15-42.pcd 0.224213 0.000864816 0.00247203 7 180,150,118,118,50,46,38 77,39,27,22,12,14,25 -1 437580 434 1240 -1 -1 400 1206 -1 -1 437146,230,70,45,16,12,9,8,10,6,7,5,4,2,2,1,1,2,2,1,1 -1 0,196,70,45,16,12,9,8,10,6,7,5,4,2,2,1,1,2,2,1,1 -1
/media/michal/Pauli/masterdata/processed/paramtest/ds0_02mp_4500/annotated/rares/20140905/patrol_run_30/room_1/features/nonPlanes<pfhrgb_uniform_2015-05-18_22-15-50.pcd 0.213118 0.000856617 0.00224568 6 111,111,105,61,47,23 37,33,33,14,13,13 -1 400554 393 1240 -1 -1 393 1240 -1 -1 400161,181,63,42,23,26,14,7,5,4,4,6,1,7,4,3,0,0,0,1,0,0,1,0,0,1 -1 0,181,63,42,23,26,14,7,5,4,4,6,1,7,4,3,0,0,0,1,0,0,1,0,0,1 -1
/media/michal/Pauli/masterdata/processed/paramtest/ds0_02mp_4500/annotated/rares/20140905/patrol_run_30/room_7/features/nonPlanes<pfhrgb_uniform_2015-05-18_22-15-59.pcd 0.173178 0.000818956 0.00311592 8 228,103,70,56,51,45,34,24 55,30,29,13,21,14,13,14 -1 458865 480 1240 -1 -1 400 1160 -1 -1 458385,240,91,61,23,16,11,14,1,4,2,3,4,4,1,2,1,0,0,0,1,0,1 -1 0,160,91,61,23,16,11,14,1,4,2,3,4,4,1,2,1,0,0,0,1,0,1 -1
/media/michal/Pauli/masterdata/processed/paramtest/ds0_02mp_4500/annotated/rares/20140908/patrol_run_32/room_2/features/nonPlanes<pfhrgb_uniform_2015-05-18_22-16-09.pcd 0.167681 0.000851926 0.0015615 6 316,121,88,87,69,20 39,22,17,18,35,13 -1 448668 381 1240 -1 -1 381 1240 -1 -1 448287,181,79,32,18,15,10,11,4,2,7,2,6,2,2,1,0,1,1,1,0,0,0,2,0,0,1,1,0,0,0,0,0,0,0,0,0,0,0,1,0,0,0,0,0,0,1 -1 0,181,79,32,18,15,10,11,4,2,7,2,6,2,2,1,0,1,1,1,0,0,0,2,0,0,1,1,0,0,0,0,0,0,0,0,0,0,0,1,0,0,0,0,0,0,1 -1
/media/michal/Pauli/masterdata/processed/paramtest/ds0_02mp_4500/annotated/rares/20140908/patrol_run_34/room_2/features/nonPlanes<pfhrgb_uniform_2015-05-18_22-16-20.pcd 0.190853 0.000839816 0.00257796 10 180,153,123,82,45,36,34,34,29,24 25,24,19,30,15,17,16,13,12,13 -1 423720 404 1240 -1 -1 400 1236 -1 -1 423316,191,76,36,20,20,19,3,5,9,5,2,3,4,2,2,1,4,0,0,1,0,0,0,0,0,0,0,0,0,0,1 -1 0,187,76,36,20,20,19,3,5,9,5,2,3,4,2,2,1,4,0,0,1,0,0,0,0,0,0,0,0,0,0,1 -1
/media/michal/Pauli/masterdata/processed/paramtest/ds0_02mp_4500/annotated/rares/20140908/patrol_run_36/room_3/features/nonPlanes<pfhrgb_uniform_2015-05-18_22-16-30.pcd 0.198284 0.000825801 0.00205841 7 279,194,99,89,64,55,24 80,54,25,40,18,12,13 -1 420420 438 1240 -1 -1 400 1202 -1 -1 419982,204,90,41,31,16,15,10,6,4,5,5,3,1,1,0,2,1,0,0,1,0,1,0,0,0,1 -1 0,166,90,41,31,16,15,10,6,4,5,5,3,1,1,0,2,1,0,0,1,0,1,0,0,0,1 -1
/media/michal/Pauli/masterdata/processed/paramtest/ds0_02mp_4500/annotated/rares/20140908/patrol_run_38/room_2/features/nonPlanes<pfhrgb_uniform_2015-05-18_22-16-43.pcd 0.198505 0.000955859 0.00253263 10 218,112,109,104,62,45,38,35,20,16 37,34,13,28,25,12,16,12,13,15 -1 433356 406 1240 -1 -1 400 1234 -1 -1 432950,202,66,38,23,21,9,13,4,6,5,1,4,3,3,1,0,1,2,1,1,0,0,0,0,0,0,0,0,0,0,0,1,0,0,1 -1 0,196,66,38,23,21,9,13,4,6,5,1,4,3,3,1,0,1,2,1,1,0,0,0,0,0,0,0,0,0,0,0,1,0,0,1 -1
/media/michal/Pauli/masterdata/processed/paramtest/ds0_02mp_4500/annotated/rares/20140908/patrol_run_39/room_3/features/nonPlanes<pfhrgb_uniform_2015-05-18_22-16-55.pcd 0.172687 0.000731096 0.00162622 9 108,91,78,59,56,51,41,39,32 18,25,19,17,20,15,17,13,15 -1 414678 386 1240 -1 -1 386 1240 -1 -1 414292,177,71,28,23,22,13,8,7,8,8,4,4,6,1,2,1,2,0,0,0,0,0,0,0,0,0,0,0,1 -1 0,177,71,28,23,22,13,8,7,8,8,4,4,6,1,2,1,2,0,0,0,0,0,0,0,0,0,0,0,1 -1
/media/michal/Pauli/masterdata/processed/paramtest/ds0_02mp_4500/annotated/rares/20140908/patrol_run_41/room_3/features/nonPlanes<pfhrgb_uniform_2015-05-18_22-17-05.pcd 0.181201 0.00082806 0.00195211 6 218,215,197,161,53,41 49,67,24,31,27,19 -1 455400 396 1240 -1 -1 396 1240 -1 -1 455004,200,84,25,14,14,12,5,9,4,4,5,2,2,2,1,3,1,2,1,0,0,0,2,0,2,2 -1 0,200,84,25,14,14,12,5,9,4,4,5,2,2,2,1,3,1,2,1,0,0,0,2,0,2,2 -1
/media/michal/Pauli/masterdata/processed/paramtest/ds0_02mp_4500/annotated/rares/20140908/patrol_run_43/room_3/features/nonPlanes<pfhrgb_uniform_2015-05-18_22-17-17.pcd 0.184631 0.00075483 0.00201438 3 120,114,30 14,41,17 -1 418077 372 1240 -1 -1 372 1240 -1 -1 417705,176,73,30,20,14,9,10,5,6,3,7,7,1,1,0,1,0,0,2,1,0,0,1,1,1,0,0,0,0,0,2,0,0,1 -1 0,176,73,30,20,14,9,10,5,6,3,7,7,1,1,0,1,0,0,2,1,0,0,1,1,1,0,0,0,0,0,2,0,0,1 -1
/media/michal/Pauli/masterdata/processed/paramtest/ds0_02mp_4500/annotated/rares/20140908/patrol_run_45/room_2/features/nonPlanes<pfhrgb_uniform_2015-05-18_22-17-26.pcd 0.201684 0.000886057 0.00331052 6 286,142,89,53,43,35 90,37,18,12,17,16 -1 442200 445 1240 -1 -1 400 1195 -1 -1 441755,220,83,40,31,13,16,11,7,3,5,4,2,1,2,1,0,1,1,2,0,2 -1 0,175,83,40,31,13,16,11,7,3,5,4,2,1,2,1,0,1,1,2,0,2 -1
/media/michal/Pauli/masterdata/processed/paramtest/ds0_02mp_4500/annotated/rares/20140908/patrol_run_47/room_3/features/nonPlanes<pfhrgb_uniform_2015-05-18_22-17-39.pcd 0.18871 0.000874621 0.00208991 8 160,104,88,84,73,48,47,38 52,19,25,17,14,20,16,13 -1 465300 464 1240 -1 -1 400 1176 -1 -1 464836,231,93,40,28,20,12,6,7,5,7,3,4,3,2,0,0,1,0,1,0,0,1 -1 0,167,93,40,28,20,12,6,7,5,7,3,4,3,2,0,0,1,0,1,0,0,1 -1
/media/michal/Pauli/masterdata/processed/paramtest/ds0_02mp_4500/annotated/rares/20140909/patrol_run_49/room_3/features/nonPlanes<pfhrgb_uniform_2015-05-18_22-17-49.pcd 0.190921 0.000889622 0.00185274 6 231,153,128,81,64,50 48,22,60,37,17,19 -1 437778 425 1240 -1 -1 400 1215 -1 -1 437353,218,78,34,23,18,12,4,10,3,4,2,2,4,3,0,2,1,0,3,1,1,0,1,0,1 -1 0,193,78,34,23,18,12,4,10,3,4,2,2,4,3,0,2,1,0,3,1,1,0,1,0,1 -1
/media/michal/Pauli/masterdata/processed/paramtest/ds0_02mp_4500/annotated/rares/20140909/patrol_run_51/room_3/features/nonPlanes<pfhrgb_uniform_2015-05-18_22-17-57.pcd 0.187744 0.00145534 0.00184409 9 162,124,71,61,49,39,35,34,24 47,32,18,17,15,16,13,18,14 -1 816816 402 1240 -1 -1 400 1238 -1 -1 816414,179,66,52,26,19,19,8,5,3,10,3,3,1,2,2,0,0,0,1,0,1,0,0,0,0,1,0,0,0,0,1 -1 0,177,66,52,26,19,19,8,5,3,10,3,3,1,2,2,0,0,0,1,0,1,0,0,0,0,1,0,0,0,0,1 -1
/media/michal/Pauli/masterdata/processed/paramtest/ds0_02mp_4500/annotated/rares/20140909/patrol_run_53/room_3/features/nonPlanes<pfhrgb_uniform_2015-05-18_22-18-06.pcd 0.194974 0.00128643 0.00292562 8 268,159,152,94,61,53,51,38 53,52,23,15,21,17,19,18 -1 456456 411 1240 -1 -1 400 1229 -1 -1 456045,184,84,44,23,20,9,11,6,10,1,5,4,3,1,1,2,0,0,1,0,0,0,0,0,0,0,0,0,0,0,1,1 -1 0,173,84,44,23,20,9,11,6,10,1,5,4,3,1,1,2,0,0,1,0,0,0,0,0,0,0,0,0,0,0,1,1 -1
/media/michal/Pauli/masterdata/processed/paramtest/ds0_02mp_4500/annotated/rares/20140909/patrol_run_55/room_3/features/nonPlanes<pfhrgb_uniform_2015-05-18_22-18-15.pcd 0.212262 0.00079198 0.00303754 6 199,112,88,69,33,18 64,27,18,17,16,12 -1 446622 442 1240 -1 -1 400 1198 -1 -1 446180,226,79,43,23,17,7,10,6,6,3,7,2,3,3,3,1,0,1,0,1,0,0,0,0,1 -1 0,184,79,43,23,17,7,10,6,6,3,7,2,3,3,3,1,0,1,0,1,0,0,0,0,1 -1
/media/michal/Pauli/masterdata/processed/paramtest/ds0_02mp_4500/annotated/rares/20140909/patrol_run_59/room_3/features/nonPlanes<pfhrgb_uniform_2015-05-18_22-18-24.pcd 0.195321 0.00109175 0.00290945 9 198,141,112,65,62,49,46,35,29 64,14,22,30,23,21,12,17,15 -1 446622 454 1240 -1 -1 400 1186 -1 -1 446168,216,102,43,28,17,7,8,9,4,6,2,2,2,2,1,0,0,0,1,0,2,1,0,0,0,0,0,0,0,1 -1 0,162,102,43,28,17,7,8,9,4,6,2,2,2,2,1,0,0,0,1,0,2,1,0,0,0,0,0,0,0,1 -1
/media/michal/Pauli/masterdata/processed/paramtest/ds0_02mp_4500/annotated/rares/20140909/patrol_run_61/room_3/features/nonPlanes<pfhrgb_uniform_2015-05-18_22-18-33.pcd 0.188374 0.00113522 0.00215142 10 96,96,92,68,61,55,49,39,37,24 28,18,28,22,15,13,15,16,13,17 -1 447579 416 1240 -1 -1 400 1224 -1 -1 447163,198,79,41,20,18,11,9,9,4,6,7,1,5,2,1,1,1,1,0,1,0,0,0,0,0,1 -1 0,182,79,41,20,18,11,9,9,4,6,7,1,5,2,1,1,1,1,0,1,0,0,0,0,0,1 -1
/media/michal/Pauli/masterdata/processed/paramtest/ds0_02mp_4500/annotated/rares/20140909/patrol_run_63/room_3/features/nonPlanes<pfhrgb_uniform_2015-05-18_22-18-42.pcd 0.151992 0.0017339 0.00213904 8 455,122,82,66,57,56,38,22 96,32,16,16,20,33,16,12 0,0,0,0,0,0,0,0 420420 415 1240 0 0 400 1225 0 0 420005,186,79,36,27,22,16,20,4,9,4,1,0,5,1,0,0,2,2,0,0,1 0,0,0,0,0,0,0,0,0,0,0,0,0,0,0,0,0,0,0,0,0,0 0,171,79,36,27,22,16,20,4,9,4,1,0,5,1,0,0,2,2,0,0,1 0,0,0,0,0,0,0,0,0,0,0,0,0,0,0,0,0,0,0,0,0,0
/media/michal/Pauli/masterdata/processed/paramtest/ds0_02mp_4500/annotated/rares/20140910/patrol_run_67/room_3/features/nonPlanes<pfhrgb_uniform_2015-05-18_22-18-51.pcd 0.192657 0.00121073 0.00215242 6 131,115,71,51,46,33 52,27,16,27,13,16 -1 473286 443 1240 -1 -1 400 1197 -1 -1 472843,212,96,35,30,21,11,7,4,7,2,1,4,2,1,2,2,2,2,1,0,0,0,0,0,0,1 -1 0,169,96,35,30,21,11,7,4,7,2,1,4,2,1,2,2,2,2,1,0,0,0,0,0,0,1 -1
/media/michal/Pauli/masterdata/processed/paramtest/ds0_02mp_4500/annotated/rares/20140910/patrol_run_69/room_3/features/nonPlanes<pfhrgb_uniform_2015-05-18_22-19-00.pcd 0.186887 0.0010261 0.00264247 7 319,92,56,49,44,32,26 87,18,28,13,12,19,12 -1 443289 431 1240 -1 -1 400 1209 -1 -1 442858,213,81,40,24,19,11,7,9,3,5,2,3,4,2,1,1,1,1,0,1,1,1,1 -1 0,182,81,40,24,19,11,7,9,3,5,2,3,4,2,1,1,1,1,0,1,1,1,1 -1
/media/michal/Pauli/masterdata/processed/paramtest/ds0_02mp_4500/annotated/rares/20140910/patrol_run_71/room_3/features/nonPlanes<pfhrgb_uniform_2015-05-18_22-19-08.pcd 0.187925 0.000825229 0.00236158 10 100,77,60,56,37,36,35,33,28,23 22,16,15,15,14,15,13,18,16,15 -1 477048 380 1240 -1 -1 380 1240 -1 -1 476668,167,67,42,32,8,16,5,10,7,5,4,3,4,1,1,1,0,1,1,2,1,0,2 -1 0,167,67,42,32,8,16,5,10,7,5,4,3,4,1,1,1,0,1,1,2,1,0,2 -1
/media/michal/Pauli/masterdata/processed/paramtest/ds0_02mp_4500/annotated/rares/20140910/patrol_run_74/room_3/features/nonPlanes<pfhrgb_uniform_2015-05-18_22-19-16.pcd 0.219486 0.000769493 0.00235191 8 151,110,58,57,48,44,41,39 16,26,23,20,17,22,15,13 -1 442200 392 1240 -1 -1 392 1240 -1 -1 441808,168,89,39,21,16,16,9,4,4,3,4,4,2,0,2,4,3,0,1,0,0,0,1,1,0,0,1 -1 0,168,89,39,21,16,16,9,4,4,3,4,4,2,0,2,4,3,0,1,0,0,0,1,1,0,0,1 -1
/media/michal/Pauli/masterdata/processed/paramtest/ds0_02mp_4500/annotated/rares/20140910/patrol_run_77/room_4/features/nonPlanes<pfhrgb_uniform_2015-05-18_22-19-23.pcd 0.183402 0.000795219 0.00261032 10 188,124,120,102,56,48,41,39,35,24 22,42,25,30,14,13,22,12,13,12 -1 449955 371 1240 -1 -1 371 1240 -1 -1 449584,163,80,30,12,17,11,16,9,6,6,5,3,0,3,2,3,0,2,0,0,0,0,1,0,0,0,0,0,0,2 -1 0,163,80,30,12,17,11,16,9,6,6,5,3,0,3,2,3,0,2,0,0,0,0,1,0,0,0,0,0,0,2 -1
/media/michal/Pauli/masterdata/processed/paramtest/ds0_02mp_4500/annotated/rares/20140910/patrol_run_79/room_2/features/nonPlanes<pfhrgb_uniform_2015-05-18_22-19-31.pcd 0.176212 0.000770766 0.00258022 7 200,101,76,68,59,47,36 81,31,15,34,16,19,16 -1 396627 434 1240 -1 -1 400 1206 -1 -1 396193,207,83,41,29,22,11,10,3,7,3,3,6,0,3,0,0,1,3,0,1,0,0,0,0,0,0,1 -1 0,173,83,41,29,22,11,10,3,7,3,3,6,0,3,0,0,1,3,0,1,0,0,0,0,0,0,1 -1
/media/michal/Pauli/masterdata/processed/paramtest/ds0_02mp_4500/annotated/rares/20140910/patrol_run_81/room_2/features/nonPlanes<pfhrgb_uniform_2015-05-18_22-19-38.pcd 0.12788 0.000883541 0.00264043 7 269,257,113,77,59,34,22 27,83,31,20,22,15,12 -1 432300 338 1240 -1 -1 338 1240 -1 -1 431962,129,78,44,18,14,6,8,5,3,7,3,8,1,4,0,2,1,0,0,0,0,1,0,2,0,0,0,1,1,0,0,0,0,0,0,0,0,1,0,1 -1 0,129,78,44,18,14,6,8,5,3,7,3,8,1,4,0,2,1,0,0,0,0,1,0,2,0,0,0,1,1,0,0,0,0,0,0,0,0,1,0,1 -1
/media/michal/Pauli/masterdata/processed/paramtest/ds0_02mp_4500/annotated/rares/20140911/patrol_run_82/room_3/features/nonPlanes<pfhrgb_uniform_2015-05-18_22-19-46.pcd 0.158169 0.000860185 0.0026847 10 221,80,78,65,57,43,36,35,23,17 67,24,13,15,16,21,16,16,12,13 -1 473154 415 1240 -1 -1 400 1225 -1 -1 472739,167,94,47,33,23,17,8,5,4,5,4,1,2,1,1,0,0,0,0,0,0,0,0,0,0,0,1,0,0,0,0,0,0,1,0,0,0,0,0,0,1 -1 0,152,94,47,33,23,17,8,5,4,5,4,1,2,1,1,0,0,0,0,0,0,0,0,0,0,0,1,0,0,0,0,0,0,1,0,0,0,0,0,0,1 -1
/media/michal/Pauli/masterdata/processed/paramtest/ds0_02mp_4500/annotated/rares/20140911/patrol_run_84/room_3/features/nonPlanes<pfhrgb_uniform_2015-05-18_22-19-53.pcd 0.191182 0.00074887 0.00328667 6 319,92,55,34,25,18 103,23,23,12,15,14 -1 452100 465 1240 -1 -1 400 1175 -1 -1 451635,237,89,54,27,15,10,6,5,3,3,0,2,2,2,1,1,1,1,2,0,1,1,0,0,0,0,1,0,1 -1 0,172,89,54,27,15,10,6,5,3,3,0,2,2,2,1,1,1,1,2,0,1,1,0,0,0,0,1,0,1 -1
/media/michal/Pauli/masterdata/processed/paramtest/ds0_02mp_4500/annotated/rares/20140911/patrol_run_88/room_3/features/nonPlanes<pfhrgb_uniform_2015-05-18_22-20-01.pcd 0.169871 0.000851332 0.00288722 6 239,170,150,85,38,34 76,41,25,35,15,12 -1 474606 425 1240 -1 -1 400 1215 -1 -1 474181,183,91,55,28,20,10,5,4,6,5,3,4,3,3,0,1,2,0,0,0,0,0,0,0,1,0,0,0,0,1 -1 0,158,91,55,28,20,10,5,4,6,5,3,4,3,3,0,1,2,0,0,0,0,0,0,0,1,0,0,0,0,1 -1
/media/michal/Pauli/masterdata/processed/paramtest/ds0_02mp_4500/annotated/rares/20140911/patrol_run_90/room_3/features/nonPlanes<pfhrgb_uniform_2015-05-18_22-20-10.pcd 0.205012 0.000913068 0.00289507 6 502,118,74,51,44,34 67,39,38,20,23,18 -1 408408 385 1240 -1 -1 385 1240 -1 -1 408023,182,75,38,24,15,12,8,4,3,0,2,3,3,1,2,1,1,3,1,0,2,0,0,0,1,0,0,1,1,0,0,1,1 -1 0,182,75,38,24,15,12,8,4,3,0,2,3,3,1,2,1,1,3,1,0,2,0,0,0,1,0,0,1,1,0,0,1,1 -1
/media/michal/Pauli/masterdata/processed/paramtest/ds0_02mp_4500/annotated/rares/20140911/patrol_run_92/room_3/features/nonPlanes<pfhrgb_uniform_2015-05-18_22-20-17.pcd 0.167372 0.00125714 0.00273254 9 297,220,72,39,38,36,30,29,20 41,55,16,18,15,17,18,14,12 -1 454740 378 1240 -1 -1 378 1240 -1 -1 454362,174,72,35,21,16,13,6,12,8,6,4,1,1,0,1,1,1,1,1,0,0,0,0,1,0,0,0,1,0,0,0,0,0,0,0,0,0,0,0,0,0,0,0,0,0,1,0,0,0,0,0,0,1 -1 0,174,72,35,21,16,13,6,12,8,6,4,1,1,0,1,1,1,1,1,0,0,0,0,1,0,0,0,1,0,0,0,0,0,0,0,0,0,0,0,0,0,0,0,0,0,1,0,0,0,0,0,0,1 -1
/media/michal/Pauli/masterdata/processed/paramtest/ds0_02mp_4500/annotated/rares/20140912/patrol_run_100/room_3/features/nonPlanes<pfhrgb_uniform_2015-05-18_22-20-23.pcd 0.165055 0.000857934 0.0029241 8 224,181,67,62,56,48,24,22 27,47,22,33,12,15,12,12 -1 437778 404 1240 -1 -1 400 1236 -1 -1 437374,195,67,45,26,15,14,8,4,4,5,1,3,4,1,3,0,2,1,3,0,1,0,1,0,0,0,0,1 -1 0,191,67,45,26,15,14,8,4,4,5,1,3,4,1,3,0,2,1,3,0,1,0,1,0,0,0,0,1 -1
/media/michal/Pauli/masterdata/processed/paramtest/ds0_02mp_4500/annotated/rares/20140912/patrol_run_102/room_3/features/nonPlanes<pfhrgb_uniform_2015-05-18_22-20-31.pcd 0.191107 0.000839368 0.00300621 8 213,176,103,48,37,33,32,22 71,30,24,15,12,12,14,12 -1 459888 420 1240 -1 -1 400 1220 -1 -1 459468,194,82,44,34,14,14,5,5,4,5,4,2,1,0,4,2,1,1,1,2,0,0,0,0,0,0,0,0,0,0,0,1 -1 0,174,82,44,34,14,14,5,5,4,5,4,2,1,0,4,2,1,1,1,2,0,0,0,0,0,0,0,0,0,0,0,1 -1
/media/michal/Pauli/masterdata/processed/paramtest/ds0_02mp_4500/annotated/rares/20140912/patrol_run_104/room_3/features/nonPlanes<pfhrgb_uniform_2015-05-18_22-20-39.pcd 0.208828 0.000750093 0.00284248 11 84,65,61,59,53,40,32,25,23,23,19 23,12,21,14,17,13,16,14,15,13,13 -1 445500 378 1240 -1 -1 378 1240 -1 -1 445122,170,74,35,28,15,8,10,7,5,6,1,2,5,1,1,2,1,0,0,1,1,2,0,0,0,0,0,0,2,1 -1 0,170,74,35,28,15,8,10,7,5,6,1,2,5,1,1,2,1,0,0,1,1,2,0,0,0,0,0,0,2,1 -1
/media/michal/Pauli/masterdata/processed/paramtest/ds0_02mp_4500/annotated/rares/20140912/patrol_run_94/room_3/features/nonPlanes<pfhrgb_uniform_2015-05-18_22-20-47.pcd 0.170578 0.000835934 0.0027011 7 147,96,96,88,38,33,24 24,40,13,33,15,12,12 -1 445500 400 1240 -1 -1 400 1240 -1 -1 445100,186,75,38,24,16,17,10,8,2,3,4,0,4,2,2,3,1,1,1,1,1,0,0,0,0,0,0,0,0,0,0,0,1 -1 0,186,75,38,24,16,17,10,8,2,3,4,0,4,2,2,3,1,1,1,1,1,0,0,0,0,0,0,0,0,0,0,0,1 -1
/media/michal/Pauli/masterdata/processed/paramtest/ds0_02mp_4500/annotated/rares/20140912/patrol_run_96/room_2/features/nonPlanes<pfhrgb_uniform_2015-05-18_22-20-55.pcd 0.174601 0.000829733 0.00280623 5 229,209,72,45,23 35,83,23,13,14 -1 431244 419 1240 -1 -1 400 1221 -1 -1 430825,210,83,29,20,22,8,8,7,8,3,6,2,1,0,3,1,0,4,0,1,1,0,0,2 -1 0,191,83,29,20,22,8,8,7,8,3,6,2,1,0,3,1,0,4,0,1,1,0,0,2 -1
/media/michal/Pauli/masterdata/processed/paramtest/ds0_02mp_4500/annotated/rares/20140912/patrol_run_98/room_3/features/nonPlanes<pfhrgb_uniform_2015-05-18_22-21-03.pcd 0.169936 0.00084051 0.00291204 8 224,174,106,89,70,59,31,27 66,26,28,15,14,22,12,15 -1 446622 403 1240 -1 -1 400 1237 -1 -1 446219,186,70,44,23,23,13,6,3,8,4,5,5,7,1,0,0,0,2,1,1,0,0,0,1 -1 0,183,70,44,23,23,13,6,3,8,4,5,5,7,1,0,0,0,2,1,1,0,0,0,1 -1
/media/michal/Pauli/masterdata/processed/paramtest/ds0_02mp_4500/annotated/rares/20140921/patrol_run_110/room_2/features/nonPlanes<pfhrgb_uniform_2015-05-18_22-21-11.pcd 0.0882603 0.00111618 0.00195416 6 314,241,127,109,57,21 59,19,21,26,15,14 -1 411840 253 1240 -1 -1 253 1240 -1 -1 411587,99,44,19,21,7,6,9,9,5,2,7,2,2,2,4,1,0,1,1,1,0,1,0,0,1,1,0,0,0,3,0,0,2,1,0,0,0,0,0,0,1,0,0,0,0,0,0,0,1 -1 0,99,44,19,21,7,6,9,9,5,2,7,2,2,2,4,1,0,1,1,1,0,1,0,0,1,1,0,0,0,3,0,0,2,1,0,0,0,0,0,0,1,0,0,0,0,0,0,0,1 -1
/media/michal/Pauli/masterdata/processed/paramtest/ds0_02mp_4500/annotated/rares/20140921/patrol_run_112/room_2/features/nonPlanes<pfhrgb_uniform_2015-05-18_22-21-19.pcd 0.156912 0.00074476 0.00202258 8 196,144,92,88,77,36,30,24 42,49,20,32,29,16,14,13 0,0,1,0,0,0,0,0 419265 459 1240 19 91 400 1181 19 91 418806,221,97,36,32,16,15,9,10,5,8,2,1,2,2,0,0,1,0,0,1,0,0,0,0,0,1 0,3,2,4,2,2,2,0,1,0,1,1,0,1,0,0,0,0,0,0,0,0,0,0,0,0,0 0,162,97,36,32,16,15,9,10,5,8,2,1,2,2,0,0,1,0,0,1,0,0,0,0,0,1 0,3,2,4,2,2,2,0,1,0,1,1,0,1,0,0,0,0,0,0,0,0,0,0,0,0,0
/media/michal/Pauli/masterdata/processed/paramtest/ds0_02mp_4500/annotated/rares/20140921/patrol_run_114/room_1/features/nonPlanes<pfhrgb_uniform_2015-05-18_22-21-26.pcd 0.183026 0.00121539 0.00270332 7 160,134,120,107,71,30,25 35,25,26,46,18,15,12 0,1,0,0,0,0,0 417384 471 1240 15 88 400 1169 15 88 416913,232,98,44,28,16,13,10,5,8,3,3,5,2,1,0,0,1,0,0,0,0,1,0,0,0,1 0,3,5,2,0,1,0,0,0,1,0,0,1,0,0,0,0,1,0,0,0,0,0,0,0,0,1 0,161,98,44,28,16,13,10,5,8,3,3,5,2,1,0,0,1,0,0,0,0,1,0,0,0,1 0,3,5,2,0,1,0,0,0,1,0,0,1,0,0,0,0,1,0,0,0,0,0,0,0,0,1
/media/michal/Pauli/masterdata/processed/paramtest/ds0_02mp_4500/annotated/rares/20140922/patrol_run_116/room_2/features/nonPlanes<pfhrgb_uniform_2015-05-18_22-21-34.pcd 0.158871 0.00129468 0.00305976 12 335,121,120,58,37,30,29,28,27,26,26,18 60,26,45,13,13,18,13,12,13,14,12,13 0,0,0,0,0,0,0,0,0,0,0,0 424116 446 1240 0 0 400 1194 0 0 423670,211,84,49,35,15,8,11,8,4,5,5,3,2,1,1,0,1,0,2,0,0,0,1 0,0,0,0,0,0,0,0,0,0,0,0,0,0,0,0,0,0,0,0,0,0,0,0 0,165,84,49,35,15,8,11,8,4,5,5,3,2,1,1,0,1,0,2,0,0,0,1 0,0,0,0,0,0,0,0,0,0,0,0,0,0,0,0,0,0,0,0,0,0,0,0
/media/michal/Pauli/masterdata/processed/paramtest/ds0_02mp_4500/annotated/rares/20140922/patrol_run_118/room_2/features/nonPlanes<pfhrgb_uniform_2015-05-18_22-21-42.pcd 0.185388 0.00078712 0.00230752 9 179,115,109,104,90,63,27,25,22 43,17,36,23,24,20,16,14,14 0,0,0,0,0,0,0,0,0 451044 432 1240 1 2 400 1208 1 2 450612,206,84,40,28,20,9,9,9,5,5,2,4,4,1,1,0,2,0,1,0,0,0,2 0,0,1,0,0,0,0,0,0,0,0,0,0,0,0,0,0,0,0,0,0,0,0,0 0,174,84,40,28,20,9,9,9,5,5,2,4,4,1,1,0,2,0,1,0,0,0,2 0,0,1,0,0,0,0,0,0,0,0,0,0,0,0,0,0,0,0,0,0,0,0,0
/media/michal/Pauli/masterdata/processed/paramtest/ds0_02mp_4500/annotated/rares/20140922/patrol_run_120/room_1/features/nonPlanes<pfhrgb_uniform_2015-05-18_22-21-51.pcd 0.209125 0.000875727 0.00296023 8 331,93,67,51,42,36,36,26 67,36,25,22,17,16,15,14 0,0,0,0,0,0,0,0 478401 410 1240 0 0 400 1230 0 0 477991,185,83,49,26,17,9,7,6,4,5,2,2,3,0,2,1,2,0,0,2,3,0,1,0,1 0,0,0,0,0,0,0,0,0,0,0,0,0,0,0,0,0,0,0,0,0,0,0,0,0,0 0,175,83,49,26,17,9,7,6,4,5,2,2,3,0,2,1,2,0,0,2,3,0,1,0,1 0,0,0,0,0,0,0,0,0,0,0,0,0,0,0,0,0,0,0,0,0,0,0,0,0,0
/media/michal/Pauli/masterdata/processed/paramtest/ds0_02mp_4500/annotated/rares/20140922/patrol_run_124/room_2/features/nonPlanes<pfhrgb_uniform_2015-05-18_22-22-01.pcd 0.254583 0.000786795 0.00297794 8 224,128,112,75,56,44,31,29 56,40,30,14,16,20,17,16 0,0,0,0,0,0,0,0 483516 473 1240 2 4 400 1167 2 4 483043,226,101,51,28,13,18,9,8,3,2,3,3,1,2,1,3,0,0,0,0,0,0,0,0,0,0,1 0,0,2,0,0,0,0,0,0,0,0,0,0,0,0,0,0,0,0,0,0,0,0,0,0,0,0,0 0,153,101,51,28,13,18,9,8,3,2,3,3,1,2,1,3,0,0,0,0,0,0,0,0,0,0,1 0,0,2,0,0,0,0,0,0,0,0,0,0,0,0,0,0,0,0,0,0,0,0,0,0,0,0,0
/media/michal/Pauli/masterdata/processed/paramtest/ds0_02mp_4500/annotated/rares/20140922/patrol_run_126/room_2/features/nonPlanes<pfhrgb_uniform_2015-05-18_22-22-14.pcd 0.167583 0.000828079 0.00282886 9 149,141,130,111,79,46,43,37,31 35,58,38,31,18,20,14,15,12 0,0,0,0,0,0,0,0,0 459756 440 1240 2 2 400 1200 2 2 459316,213,77,52,27,22,4,11,6,5,5,4,4,1,1,3,1,2,0,1,0,0,1 0,2,0,0,0,0,0,0,0,0,0,0,0,0,0,0,0,0,0,0,0,0,0 0,173,77,52,27,22,4,11,6,5,5,4,4,1,1,3,1,2,0,1,0,0,1 0,2,0,0,0,0,0,0,0,0,0,0,0,0,0,0,0,0,0,0,0,0,0
/media/michal/Pauli/masterdata/processed/paramtest/ds0_02mp_4500/annotated/rares/20140922/patrol_run_128/room_2/features/nonPlanes<pfhrgb_uniform_2015-05-18_22-22-23.pcd 0.2278 0.000837511 0.00283028 7 302,96,63,61,54,48,30 41,39,12,16,31,22,12 0,0,0,0,0,0,0 454410 412 1240 2 2 400 1228 2 2 453998,205,86,32,16,14,16,10,10,5,1,2,1,3,0,2,2,1,0,0,0,0,1,0,0,0,0,1,1,0,1,0,0,0,0,0,1,1 0,2,0,0,0,0,0,0,0,0,0,0,0,0,0,0,0,0,0,0,0,0,0,0,0,0,0,0,0,0,0,0,0,0,0,0,0,0 0,193,86,32,16,14,16,10,10,5,1,2,1,3,0,2,2,1,0,0,0,0,1,0,0,0,0,1,1,0,1,0,0,0,0,0,1,1 0,2,0,0,0,0,0,0,0,0,0,0,0,0,0,0,0,0,0,0,0,0,0,0,0,0,0,0,0,0,0,0,0,0,0,0,0,0
/media/michal/Pauli/masterdata/processed/paramtest/ds0_02mp_4500/annotated/rares/20140922/patrol_run_130/room_2/features/nonPlanes<pfhrgb_uniform_2015-05-18_22-22-32.pcd 0.198394 0.00081835 0.00272048 8 188,173,120,107,72,41,29,24 37,55,35,31,23,15,17,12 0,0,0,0,0,0,0,0 443289 413 1240 1 1 400 1227 1 1 442876,193,82,40,24,21,12,12,5,4,8,1,1,2,0,0,1,1,1,1,0,1,0,0,0,0,0,0,0,0,0,0,1,0,0,0,0,0,1,0,1 0,1,0,0,0,0,0,0,0,0,0,0,0,0,0,0,0,0,0,0,0,0,0,0,0,0,0,0,0,0,0,0,0,0,0,0,0,0,0,0,0 0,180,82,40,24,21,12,12,5,4,8,1,1,2,0,0,1,1,1,1,0,1,0,0,0,0,0,0,0,0,0,0,1,0,0,0,0,0,1,0,1 0,1,0,0,0,0,0,0,0,0,0,0,0,0,0,0,0,0,0,0,0,0,0,0,0,0,0,0,0,0,0,0,0,0,0,0,0,0,0,0,0
/media/michal/Pauli/masterdata/processed/paramtest/ds0_02mp_4500/annotated/rares/20140922/patrol_run_132/room_1/features/nonPlanes<pfhrgb_uniform_2015-05-18_22-22-42.pcd 0.2302 0.00084752 0.00303614 10 370,93,76,68,60,49,36,33,25,18 66,19,28,19,18,15,15,12,14,14 0,0,0,0,0,0,1,0,0,0 454740 406 1240 8 13 400 1234 8 13 454334,201,67,40,23,22,9,8,4,6,8,4,0,2,1,4,0,0,0,2,1,0,0,0,1,1,0,0,2 0,4,3,1,0,0,0,0,0,0,0,0,0,0,0,0,0,0,0,0,0,0,0,0,0,0,0,0,0 0,195,67,40,23,22,9,8,4,6,8,4,0,2,1,4,0,0,0,2,1,0,0,0,1,1,0,0,2 0,4,3,1,0,0,0,0,0,0,0,0,0,0,0,0,0,0,0,0,0,0,0,0,0,0,0,0,0
/media/michal/Pauli/masterdata/processed/paramtest/ds0_02mp_4500/annotated/rares/20140922/patrol_run_134/room_2/features/nonPlanes<pfhrgb_uniform_2015-05-18_22-22-52.pcd 0.208457 0.00115902 0.00283024 10 84,73,59,59,59,48,34,33,32,17 30,20,21,15,13,13,12,12,18,12 0,0,0,0,0,0,0,0,0,0 411840 441 1240 1 1 400 1199 0 0 411399,205,100,43,21,14,13,13,5,6,6,2,1,2,4,1,2,0,0,1,1,0,0,0,0,0,0,1 0,1,0,0,0,0,0,0,0,0,0,0,0,0,0,0,0,0,0,0,0,0,0,0,0,0,0,0 0,164,100,43,21,14,13,13,5,6,6,2,1,2,4,1,2,0,0,1,1,0,0,0,0,0,0,1 0,0,0,0,0,0,0,0,0,0,0,0,0,0,0,0,0,0,0,0,0,0,0,0,0,0,0,0
/media/michal/Pauli/masterdata/processed/paramtest/ds0_02mp_4500/annotated/rares/20140922/patrol_run_138/room_2/features/nonPlanes<pfhrgb_uniform_2015-05-18_22-23-01.pcd 0.15404 0.000804958 0.00305373 7 193,184,135,134,41,39,37 33,44,34,39,14,17,14 0,0,0,1,0,0,0 443223 422 1240 28 107 400 1218 28 107 442801,185,84,52,21,15,15,9,14,9,6,3,3,2,0,2,0,0,0,1,0,0,1 0,3,8,7,1,3,2,0,2,1,0,1,0,0,0,0,0,0,0,0,0,0,0 0,163,84,52,21,15,15,9,14,9,6,3,3,2,0,2,0,0,0,1,0,0,1 0,3,8,7,1,3,2,0,2,1,0,1,0,0,0,0,0,0,0,0,0,0,0
/media/michal/Pauli/masterdata/processed/paramtest/ds0_02mp_4500/annotated/rares/20140923/patrol_run_139/room_2/features/nonPlanes<pfhrgb_uniform_2015-05-18_22-23-09.pcd 0.201536 0.001465 0.00272698 10 123,93,89,87,56,56,54,52,36,29 23,29,29,22,19,13,22,13,19,19 0,0,0,0,1,0,0,0,0,0 430782 429 1240 14 40 400 1211 14 40 430353,200,92,48,22,12,14,6,7,5,7,2,1,0,3,3,1,0,1,2,0,1,0,0,0,1,0,0,1 0,5,4,1,2,0,0,0,2,0,0,0,0,0,0,0,0,0,0,0,0,0,0,0,0,0,0,0,0 0,171,92,48,22,12,14,6,7,5,7,2,1,0,3,3,1,0,1,2,0,1,0,0,0,1,0,0,1 0,5,4,1,2,0,0,0,2,0,0,0,0,0,0,0,0,0,0,0,0,0,0,0,0,0,0,0,0
/media/michal/Pauli/masterdata/processed/paramtest/ds0_02mp_4500/annotated/rares/20140923/patrol_run_141/room_2/features/nonPlanes<pfhrgb_uniform_2015-05-18_22-23-17.pcd 0.292882 0.00169723 0.0026057 7 165,110,74,63,28,26,20 63,26,12,18,14,17,13 0,0,0,0,0,0,0 407286 425 1240 6 9 400 1215 6 9 406861,196,95,32,27,19,16,8,7,5,5,4,1,1,0,1,1,3,1,0,0,0,0,0,1,0,1,0,0,0,0,0,0,1 0,3,3,0,0,0,0,0,0,0,0,0,0,0,0,0,0,0,0,0,0,0,0,0,0,0,0,0,0,0,0,0,0,0 0,171,95,32,27,19,16,8,7,5,5,4,1,1,0,1,1,3,1,0,0,0,0,0,1,0,1,0,0,0,0,0,0,1 0,3,3,0,0,0,0,0,0,0,0,0,0,0,0,0,0,0,0,0,0,0,0,0,0,0,0,0,0,0,0,0,0,0
/media/michal/Pauli/masterdata/processed/paramtest/ds0_02mp_4500/annotated/rares/20140923/patrol_run_144/room_2/features/nonPlanes<pfhrgb_uniform_2015-05-18_22-23-28.pcd 0.212007 0.000836465 0.00282335 10 168,85,67,58,56,49,41,40,26,16 41,18,17,20,13,16,12,17,19,13 0,0,0,0,0,0,0,0,0,0 438471 413 1240 7 12 400 1227 7 12 438058,192,91,35,26,16,13,5,8,3,3,4,1,1,2,4,1,1,2,2,0,0,0,1,0,0,0,1,0,1 0,5,1,0,0,1,0,0,0,0,0,0,0,0,0,0,0,0,0,0,0,0,0,0,0,0,0,0,0,0 0,179,91,35,26,16,13,5,8,3,3,4,1,1,2,4,1,1,2,2,0,0,0,1,0,0,0,1,0,1 0,5,1,0,0,1,0,0,0,0,0,0,0,0,0,0,0,0,0,0,0,0,0,0,0,0,0,0,0,0
/media/michal/Pauli/masterdata/processed/paramtest/ds0_02mp_4500/annotated/rares/20140923/patrol_run_146/room_2/features/nonPlanes<pfhrgb_uniform_2015-05-18_22-23-35.pcd 0.241536 0.0015919 0.00305527 7 277,127,105,98,73,41,36 70,47,13,15,14,23,18 0,0,0,0,0,0,0 391248 419 1240 2 3 400 1221 2 3 390829,204,87,36,26,12,11,8,8,5,3,3,2,0,1,1,3,2,3,0,2,0,1,0,0,0,0,0,0,0,0,0,0,0,0,0,0,0,0,0,0,0,0,0,0,1 0,1,1,0,0,0,0,0,0,0,0,0,0,0,0,0,0,0,0,0,0,0,0,0,0,0,0,0,0,0,0,0,0,0,0,0,0,0,0,0,0,0,0,0,0,0 0,185,87,36,26,12,11,8,8,5,3,3,2,0,1,1,3,2,3,0,2,0,1,0,0,0,0,0,0,0,0,0,0,0,0,0,0,0,0,0,0,0,0,0,0,1 0,1,1,0,0,0,0,0,0,0,0,0,0,0,0,0,0,0,0,0,0,0,0,0,0,0,0,0,0,0,0,0,0,0,0,0,0,0,0,0,0,0,0,0,0,0
/media/michal/Pauli/masterdata/processed/paramtest/ds0_02mp_4500/annotated/rares/20140923/patrol_run_148/room_2/features/nonPlanes<pfhrgb_uniform_2015-05-18_22-23-42.pcd 0.20177 0.000935527 0.0124643 9 230,139,92,78,68,68,58,37,32 23,37,30,35,24,12,14,21,14 0,0,0,0,0,0,0,0,0 444246 401 1240 0 0 400 1239 0 0 443845,197,66,51,20,12,12,4,9,6,2,3,2,1,3,2,1,2,0,1,1,3,1,1,0,0,0,0,0,0,0,0,0,1 0,0,0,0,0,0,0,0,0,0,0,0,0,0,0,0,0,0,0,0,0,0,0,0,0,0,0,0,0,0,0,0,0,0 0,196,66,51,20,12,12,4,9,6,2,3,2,1,3,2,1,2,0,1,1,3,1,1,0,0,0,0,0,0,0,0,0,1 0,0,0,0,0,0,0,0,0,0,0,0,0,0,0,0,0,0,0,0,0,0,0,0,0,0,0,0,0,0,0,0,0,0
/media/michal/Pauli/masterdata/processed/paramtest/ds0_02mp_4500/annotated/rares/20140923/patrol_run_150/room_2/features/nonPlanes<pfhrgb_uniform_2015-05-18_22-23-50.pcd 0.181903 0.000817796 0.00280523 8 144,130,126,94,62,61,24,17 38,28,50,17,30,15,12,12 0,0,0,0,0,0,0,0 454740 495 1240 8 29 400 1145 4 25 454245,258,96,42,30,16,13,15,5,7,4,1,1,2,1,0,1,0,1,0,1,1 0,4,0,1,1,1,0,0,0,0,0,0,0,1,0,0,0,0,0,0,0,0 0,163,96,42,30,16,13,15,5,7,4,1,1,2,1,0,1,0,1,0,1,1 0,0,0,1,1,1,0,0,0,0,0,0,0,1,0,0,0,0,0,0,0,0
/media/michal/Pauli/masterdata/processed/paramtest/ds0_02mp_4500/annotated/rares/20140924/patrol_run_152/room_2/features/nonPlanes<pfhrgb_uniform_2015-05-18_22-23-57.pcd 0.208843 0.000760747 0.00299883 9 149,118,116,98,85,71,65,53,26 26,27,17,26,28,33,37,19,16 1,0,0,0,0,0,0,0,0 384087 456 1240 16 70 400 1184 15 69 383631,218,94,54,23,17,12,7,11,2,4,3,1,1,0,1,2,1,1,0,1,0,2,0,1 0,4,1,5,2,1,1,0,1,0,0,0,0,0,0,0,0,0,0,0,0,0,1,0,0 0,162,94,54,23,17,12,7,11,2,4,3,1,1,0,1,2,1,1,0,1,0,2,0,1 0,3,1,5,2,1,1,0,1,0,0,0,0,0,0,0,0,0,0,0,0,0,1,0,0
/media/michal/Pauli/masterdata/processed/paramtest/ds0_02mp_4500/annotated/rares/20140924/patrol_run_156/room_2/features/nonPlanes<pfhrgb_uniform_2015-05-18_22-24-04.pcd 0.177559 0.00116041 0.00312646 6 310,162,136,88,23,19 71,55,28,22,20,12 0,0,1,0,0,0 395010 455 1240 19 74 400 1185 19 74 394555,225,93,47,20,10,15,18,5,2,4,4,1,3,2,1,0,2,0,1,0,0,1,0,0,0,0,0,0,0,0,1 0,6,4,2,1,2,0,0,1,1,1,0,0,1,0,0,0,0,0,0,0,0,0,0,0,0,0,0,0,0,0,0 0,170,93,47,20,10,15,18,5,2,4,4,1,3,2,1,0,2,0,1,0,0,1,0,0,0,0,0,0,0,0,1 0,6,4,2,1,2,0,0,1,1,1,0,0,1,0,0,0,0,0,0,0,0,0,0,0,0,0,0,0,0,0,0
/media/michal/Pauli/masterdata/processed/paramtest/ds0_02mp_4500/annotated/rares/20140924/patrol_run_158/room_1/features/nonPlanes<pfhrgb_uniform_2015-05-18_22-24-11.pcd 0.20756 0.00111552 0.00325557 9 160,148,116,105,89,51,41,38,30 34,31,44,18,30,22,18,16,20 0,1,0,0,0,0,0,0,0 434214 469 1240 25 84 400 1171 25 84 433745,232,93,45,25,24,15,10,5,8,1,3,0,1,1,1,0,2,0,0,0,1,0,1,0,0,0,0,0,0,0,0,1 0,6,6,2,5,2,2,1,0,0,0,1,0,0,0,0,0,0,0,0,0,0,0,0,0,0,0,0,0,0,0,0,0 0,163,93,45,25,24,15,10,5,8,1,3,0,1,1,1,0,2,0,0,0,1,0,1,0,0,0,0,0,0,0,0,1 0,6,6,2,5,2,2,1,0,0,0,1,0,0,0,0,0,0,0,0,0,0,0,0,0,0,0,0,0,0,0,0,0
/media/michal/Pauli/masterdata/processed/paramtest/ds0_02mp_4500/annotated/rares/20140924/patrol_run_162/room_2/features/nonPlanes<pfhrgb_uniform_2015-05-18_22-24-18.pcd 0.222398 0.00133686 0.00255371 5 148,124,121,88,31 15,44,22,27,20 -1 435600 445 1240 -1 -1 400 1195 -1 -1 435155,231,79,35,24,29,17,5,0,7,3,1,2,0,1,0,1,4,2,0,2,1,0,0,0,0,0,0,0,0,0,0,0,0,0,0,0,0,0,0,0,0,0,0,0,1 -1 0,186,79,35,24,29,17,5,0,7,3,1,2,0,1,0,1,4,2,0,2,1,0,0,0,0,0,0,0,0,0,0,0,0,0,0,0,0,0,0,0,0,0,0,0,1 -1
/media/michal/Pauli/masterdata/processed/paramtest/ds0_02mp_4500/annotated/rares/20140924/patrol_run_164/room_1/features/nonPlanes<pfhrgb_uniform_2015-05-18_22-24-26.pcd 0.165547 0.000841028 0.00297672 10 240,150,115,92,70,65,44,28,18,18 35,30,31,38,24,21,18,14,12,12 -1 425568 465 1240 -1 -1 400 1175 -1 -1 425103,228,100,48,23,17,11,13,4,3,4,2,1,1,2,1,2,1,1,0,1,0,0,0,1,0,0,0,0,0,0,0,0,0,1 -1 0,163,100,48,23,17,11,13,4,3,4,2,1,1,2,1,2,1,1,0,1,0,0,0,1,0,0,0,0,0,0,0,0,0,1 -1
/media/michal/Pauli/masterdata/processed/paramtest/ds0_02mp_4500/annotated/rares/20140924/patrol_run_166/room_2/features/nonPlanes<pfhrgb_uniform_2015-05-18_22-24-33.pcd 0.195747 0.00113331 0.00260465 8 137,135,81,76,70,57,42,29 21,42,24,30,27,16,13,17 -1 411642 465 1240 -1 -1 400 1175 -1 -1 411177,241,86,37,33,18,11,13,4,6,3,4,1,0,0,2,2,0,0,1,1,0,0,1,0,0,0,0,0,0,0,0,0,0,0,0,0,0,0,0,0,1 -1 0,176,86,37,33,18,11,13,4,6,3,4,1,0,0,2,2,0,0,1,1,0,0,1,0,0,0,0,0,0,0,0,0,0,0,0,0,0,0,0,0,1 -1
