obj_search:
  camera_z: 1.7
  ceiling_z: 2.27
  floor_z: 0
  object_query: {K: 5}
  processed_data_dir: /home/michal/Downloads/pcddata/processed/
  raw_data_dir: /media/michal/Pauli/masterdata/raw/
object_query: {K: 10, cluster_maxsize: 500, cluster_minsize: 12, cluster_tolerance: 0.25,
  clusters_to_results: true, extract_mult: 1.3, match: nonPlanes<fpfh_iss, n_max_points: 400,
  output_dir: 'NULL', query_features: '/home/michal/Downloads/pcddata/processed/query/queryobjects/0,01/chair1/features/rgb_0015_label_chair1<fpfh_iss_2015-05-26_14-59-37.pcd',
  results_out: '/home/michal/Downloads/pcddata/processed/query/k10_mx400_t0,25/rares',
  subdirs: 4, target_features: /media/michal/Pauli/masterdata/processed/annotated/rares,
  x_step_hough: 0.05, y_step_hough: 0.05, z_step_hough: 0.05}
rosdistro: 'indigo

  '
roslaunch:
  uris: {host_tycho__47322: 'http://tycho:47322/'}
rosversion: '1.11.10

  '
run_id: 93e4b846-06e6-11e5-82d0-3c970e77227e
BEGIN_DATA
# fname t_query t_hough t_cluster cluster_n cluster_scores cluster_points cluster_inobb n_hough_tot nonzero_hough hough_votes boxpts boxvotes maxpts maxvotes maxboxpts maxboxvotes hough_hist box_hist max_hist boxmax_hist
/media/michal/Pauli/masterdata/processed/annotated/rares/20140820/patrol_run_2/room_1/features/nonPlanes<fpfh_iss_2015-05-17_17-47-10.pcd 0.017853 0.00205702 0.00215661 8 257,173,151,118,69,55,48,44 76,38,35,42,20,16,13,17 0,0,0,1,0,0,0,0 386100 822 1760 85 179 400 1338 46 140 385278,465,153,67,51,28,16,15,12,10,1,1,3 0,47,19,4,7,3,1,1,1,2,0,0,0 0,43,153,67,51,28,16,15,12,10,1,1,3 0,8,19,4,7,3,1,1,1,2,0,0,0
/media/michal/Pauli/masterdata/processed/annotated/rares/20140820/patrol_run_4/room_0/features/nonPlanes<fpfh_iss_2015-05-17_17-47-20.pcd 0.0165878 0.00158663 0.00192987 6 297,255,121,111,62,52 75,72,35,34,15,26 0,0,0,1,0,0 413127 801 1760 57 134 400 1359 34 111 412326,447,137,79,58,26,18,13,6,6,6,1,1,0,1,1,0,0,0,0,0,0,0,0,0,0,0,1 0,24,13,9,6,3,0,1,0,0,0,1,0,0,0,0,0,0,0,0,0,0,0,0,0,0,0,0 0,46,137,79,58,26,18,13,6,6,6,1,1,0,1,1,0,0,0,0,0,0,0,0,0,0,0,1 0,1,13,9,6,3,0,1,0,0,0,1,0,0,0,0,0,0,0,0,0,0,0,0,0,0,0,0
/media/michal/Pauli/masterdata/processed/annotated/rares/20140828/patrol_run_19/room_3/features/nonPlanes<fpfh_iss_2015-05-17_17-47-28.pcd 0.0177674 0.000751339 0.00187123 6 281,201,166,76,71,46 77,55,36,20,20,16 1,0,0,0,0,0 400554 790 1760 73 234 400 1370 50 211 399764,427,164,68,45,25,18,12,9,9,4,4,2,0,2,1 0,26,15,8,8,4,1,2,5,1,1,1,1,0,0,0 0,37,164,68,45,25,18,12,9,9,4,4,2,0,2,1 0,3,15,8,8,4,1,2,5,1,1,1,1,0,0,0
/media/michal/Pauli/masterdata/processed/annotated/rares/20140829/patrol_run_20/room_3/features/nonPlanes<fpfh_iss_2015-05-17_17-47-37.pcd 0.0167635 0.00117027 0.0019479 6 279,194,163,141,114,36 81,51,45,44,33,14 0,0,0,0,0,0 382336 838 1760 30 55 400 1322 14 39 381498,475,167,74,45,30,8,13,9,5,4,3,1,2,1,0,0,0,1 0,17,7,2,3,0,1,0,0,0,0,0,0,0,0,0,0,0,0 0,37,167,74,45,30,8,13,9,5,4,3,1,2,1,0,0,0,1 0,1,7,2,3,0,1,0,0,0,0,0,0,0,0,0,0,0,0
/media/michal/Pauli/masterdata/processed/annotated/rares/20140829/patrol_run_26/room_2/features/nonPlanes<fpfh_iss_2015-05-17_17-47-46.pcd 0.0169987 0.000783681 0.00192131 5 312,190,140,112,76 83,64,46,34,21 0,1,0,0,0 393822 810 1760 61 164 400 1350 37 140 393012,466,133,70,55,30,14,19,9,2,3,2,3,3,1 0,29,9,8,4,1,6,1,2,0,0,0,0,1,0 0,56,133,70,55,30,14,19,9,2,3,2,3,3,1 0,5,9,8,4,1,6,1,2,0,0,0,0,1,0
/media/michal/Pauli/masterdata/processed/annotated/rares/20140901/patrol_run_27/room_2/features/nonPlanes<fpfh_iss_2015-05-17_17-47-53.pcd 0.0150103 0.000758973 0.00229508 11 232,190,137,130,109,78,69,57,52,39,23 62,58,35,30,27,19,15,18,18,12,12 0,0,1,0,0,0,0,0,0,0,0 375705 775 1760 55 155 400 1385 34 134 374930,407,144,91,51,26,20,7,7,5,7,4,4,2 0,24,9,8,5,2,2,1,0,1,2,1,0,0 0,32,144,91,51,26,20,7,7,5,7,4,4,2 0,3,9,8,5,2,2,1,0,1,2,1,0,0
/media/michal/Pauli/masterdata/processed/annotated/rares/20140901/patrol_run_31/room_2/features/nonPlanes<fpfh_iss_2015-05-17_17-48-01.pcd 0.0158532 0.000757195 0.00189767 8 279,190,119,100,88,66,41,31 73,39,29,22,15,15,12,16 0,0,0,0,0,0,0,0 408408 705 1760 9 27 400 1455 5 23 407703,363,132,69,50,30,8,12,7,14,3,5,4,0,0,2,4,1,1 0,4,2,1,0,1,0,0,0,0,0,1,0,0,0,0,0,0,0 0,58,132,69,50,30,8,12,7,14,3,5,4,0,0,2,4,1,1 0,0,2,1,0,1,0,0,0,0,0,1,0,0,0,0,0,0,0
/media/michal/Pauli/masterdata/processed/annotated/rares/20140901/patrol_run_32/room_2/features/nonPlanes<fpfh_iss_2015-05-17_17-48-08.pcd 0.0165617 0.000760466 0.00187955 9 195,186,123,100,77,60,45,37,31 45,44,27,31,19,21,13,12,15 0,0,0,0,0,0,0,0,0 404976 722 1760 6 22 400 1438 3 19 404254,360,145,69,51,31,23,14,10,6,2,2,2,2,0,2,1,1,0,1 0,3,2,0,0,0,0,0,0,0,0,0,0,0,0,1,0,0,0,0 0,38,145,69,51,31,23,14,10,6,2,2,2,2,0,2,1,1,0,1 0,0,2,0,0,0,0,0,0,0,0,0,0,0,0,1,0,0,0,0
/media/michal/Pauli/masterdata/processed/annotated/rares/20140901/patrol_run_33/room_1/features/nonPlanes<fpfh_iss_2015-05-17_17-48-15.pcd 0.0163948 0.000769898 0.00193451 10 233,204,177,97,67,56,50,42,40,36 40,45,38,28,13,12,17,13,19,20 -1 391680 700 1760 -1 -1 400 1460 -1 -1 390980,361,126,64,38,40,26,14,7,5,4,3,2,1,3,2,3,0,1 -1 0,61,126,64,38,40,26,14,7,5,4,3,2,1,3,2,3,0,1 -1
/media/michal/Pauli/masterdata/processed/annotated/rares/20140902/patrol_run_35/room_2/features/nonPlanes<fpfh_iss_2015-05-17_17-48-23.pcd 0.0150066 0.00101839 0.00228819 9 246,179,141,106,70,53,52,47,44 83,42,38,28,15,13,13,13,15 1,0,0,0,0,0,0,0,0 378972 718 1760 64 193 400 1442 48 177 378254,374,114,79,54,34,18,12,10,11,1,2,4,0,1,1,1,1,0,0,0,0,1 0,22,16,12,4,2,3,0,2,0,0,0,1,0,0,1,1,0,0,0,0,0,0 0,56,114,79,54,34,18,12,10,11,1,2,4,0,1,1,1,1,0,0,0,0,1 0,6,16,12,4,2,3,0,2,0,0,0,1,0,0,1,1,0,0,0,0,0,0
/media/michal/Pauli/masterdata/processed/annotated/rares/20140902/patrol_run_38/room_0/features/nonPlanes<fpfh_iss_2015-05-17_17-48-30.pcd 0.0228121 0.000750553 0.00269901 9 392,173,73,67,60,50,37,33,32 94,45,24,22,20,12,12,13,19 0,0,0,1,0,0,0,0,0 420420 781 1760 40 84 400 1379 21 65 419639,429,139,79,46,34,17,6,7,8,7,1,2,3,1,1,0,1 0,21,8,6,2,1,1,0,0,0,1,0,0,0,0,0,0,0 0,48,139,79,46,34,17,6,7,8,7,1,2,3,1,1,0,1 0,2,8,6,2,1,1,0,0,0,1,0,0,0,0,0,0,0
/media/michal/Pauli/masterdata/processed/annotated/rares/20140903/patrol_run_1/room_4/features/nonPlanes<fpfh_iss_2015-05-17_17-48-37.pcd 0.0236007 0.000722687 0.00260479 7 227,214,139,59,59,56,27 62,48,41,16,13,12,12 0,0,0,0,0,0,0 418077 764 1760 18 48 400 1396 14 44 417313,421,139,78,29,28,24,13,7,9,6,1,2,1,4,0,0,1,1 0,5,6,3,2,1,0,0,0,1,0,0,0,0,0,0,0,0,0 0,57,139,78,29,28,24,13,7,9,6,1,2,1,4,0,0,1,1 0,1,6,3,2,1,0,0,0,1,0,0,0,0,0,0,0,0,0
/media/michal/Pauli/masterdata/processed/annotated/rares/20140903/patrol_run_10/room_2/features/nonPlanes<fpfh_iss_2015-05-17_17-48-46.pcd 0.014567 0.000762831 0.00187368 10 178,164,114,107,89,81,64,54,53,29 40,47,32,27,23,22,23,15,12,12 0,0,0,0,0,0,0,1,0,0 401082 732 1760 14 29 400 1428 8 23 400350,384,133,73,38,40,22,12,7,3,7,1,5,1,4,2 0,6,4,3,0,0,1,0,0,0,0,0,0,0,0,0 0,52,133,73,38,40,22,12,7,3,7,1,5,1,4,2 0,0,4,3,0,0,1,0,0,0,0,0,0,0,0,0
/media/michal/Pauli/masterdata/processed/annotated/rares/20140903/patrol_run_12/room_2/features/nonPlanes<fpfh_iss_2015-05-17_17-48-53.pcd 0.0146876 0.000792332 0.00189555 9 176,110,103,101,94,86,63,62,50 46,30,30,20,27,21,17,21,15 0,0,0,0,0,0,0,0,0 393294 768 1760 9 13 400 1392 3 7 392526,416,131,76,56,24,23,16,11,3,5,3,0,1,0,0,2,1 0,6,2,1,0,0,0,0,0,0,0,0,0,0,0,0,0,0 0,48,131,76,56,24,23,16,11,3,5,3,0,1,0,0,2,1 0,0,2,1,0,0,0,0,0,0,0,0,0,0,0,0,0,0
/media/michal/Pauli/masterdata/processed/annotated/rares/20140903/patrol_run_14/room_1/features/nonPlanes<fpfh_iss_2015-05-17_17-49-01.pcd 0.0181019 0.00118872 0.00196612 10 166,151,124,124,75,62,51,45,36,35 40,34,40,31,18,13,22,14,13,15 0,0,0,0,1,0,0,0,0,0 411840 728 1760 22 65 400 1432 15 58 411112,382,124,77,38,37,23,16,12,5,4,3,1,2,1,2,1 0,7,8,3,0,0,0,0,3,1,0,0,0,0,0,0,0 0,54,124,77,38,37,23,16,12,5,4,3,1,2,1,2,1 0,0,8,3,0,0,0,0,3,1,0,0,0,0,0,0,0
/media/michal/Pauli/masterdata/processed/annotated/rares/20140903/patrol_run_2/room_4/features/nonPlanes<fpfh_iss_2015-05-17_17-49-09.pcd 0.0240935 0.000693752 0.00314925 8 272,256,189,59,58,52,42,41 78,77,56,14,22,19,14,13 1,0,0,0,0,0,0,0 397188 866 1760 83 215 400 1294 50 182 396322,494,152,106,47,29,12,8,5,6,1,2,1,0,2,0,0,1 0,37,15,12,8,4,1,4,0,1,0,0,0,0,0,0,0,1 0,28,152,106,47,29,12,8,5,6,1,2,1,0,2,0,0,1 0,4,15,12,8,4,1,4,0,1,0,0,0,0,0,0,0,1
/media/michal/Pauli/masterdata/processed/annotated/rares/20140903/patrol_run_9/room_2/features/nonPlanes<fpfh_iss_2015-05-17_17-49-17.pcd 0.0218581 0.000754352 0.00250042 9 230,214,96,64,61,56,46,38,32 72,57,22,14,16,16,19,13,13 0,0,0,0,0,1,0,0,0 428340 833 1760 27 61 400 1327 15 49 427507,472,145,88,46,33,12,15,7,5,5,4,0,1 0,14,4,5,2,1,0,0,0,0,0,1,0,0 0,39,145,88,46,33,12,15,7,5,5,4,0,1 0,2,4,5,2,1,0,0,0,0,0,1,0,0
/media/michal/Pauli/masterdata/processed/annotated/rares/20140904/patrol_run_15/room_2/features/nonPlanes<fpfh_iss_2015-05-17_17-49-25.pcd 0.0174971 0.000789867 0.00192255 11 259,215,125,68,65,43,42,37,37,36,35 61,61,42,17,23,13,13,14,12,12,12 0,0,1,0,0,0,0,0,0,0,0 394284 850 1760 57 128 400 1310 35 106 393434,472,163,88,50,35,17,8,5,6,3,1,0,0,0,2 0,23,16,6,6,5,1,0,0,0,0,0,0,0,0,0 0,22,163,88,50,35,17,8,5,6,3,1,0,0,0,2 0,1,16,6,6,5,1,0,0,0,0,0,0,0,0,0
/media/michal/Pauli/masterdata/processed/annotated/rares/20140905/patrol_run_17/room_2/features/nonPlanes<fpfh_iss_2015-05-17_17-49-35.pcd 0.0150273 0.00159935 0.0020176 9 287,260,97,93,64,60,58,46,26 81,72,28,31,20,20,12,14,12 0,0,0,1,0,0,0,0,0 408408 801 1760 46 104 400 1359 28 86 407607,440,141,98,46,25,17,8,9,2,3,4,3,0,3,0,0,1,1 0,19,11,8,3,3,2,0,0,0,0,0,0,0,0,0,0,0,0 0,39,141,98,46,25,17,8,9,2,3,4,3,0,3,0,0,1,1 0,1,11,8,3,3,2,0,0,0,0,0,0,0,0,0,0,0,0
/media/michal/Pauli/masterdata/processed/annotated/rares/20140905/patrol_run_19/room_1/features/nonPlanes<fpfh_iss_2015-05-17_17-49-45.pcd 0.0177503 0.00134929 0.00247319 8 230,201,135,103,57,45,38,28 68,55,47,28,15,13,12,12 0,0,1,0,0,0,0,0 388416 803 1760 67 144 400 1357 44 121 387613,438,157,73,47,33,18,12,9,6,4,3,2,0,0,0,0,0,0,0,0,1 0,27,25,6,1,5,2,0,1,0,0,0,0,0,0,0,0,0,0,0,0,0 0,35,157,73,47,33,18,12,9,6,4,3,2,0,0,0,0,0,0,0,0,1 0,4,25,6,1,5,2,0,1,0,0,0,0,0,0,0,0,0,0,0,0,0
/media/michal/Pauli/masterdata/processed/annotated/rares/20140905/patrol_run_21/room_2/features/nonPlanes<fpfh_iss_2015-05-17_17-49-56.pcd 0.0162786 0.000782887 0.00196973 8 166,162,129,113,106,84,84,42 47,46,39,31,37,29,16,15 0,0,1,0,0,0,0,0 401082 802 1760 55 145 400 1358 39 129 400280,429,162,93,35,31,19,11,6,2,5,2,2,0,2,1,0,1,0,0,1 0,17,16,10,2,5,2,3,0,0,0,0,0,0,0,0,0,0,0,0,0 0,27,162,93,35,31,19,11,6,2,5,2,2,0,2,1,0,1,0,0,1 0,1,16,10,2,5,2,3,0,0,0,0,0,0,0,0,0,0,0,0,0
/media/michal/Pauli/masterdata/processed/annotated/rares/20140905/patrol_run_23/room_2/features/nonPlanes<fpfh_iss_2015-05-17_17-50-04.pcd 0.0149096 0.00105935 0.00199594 9 206,167,111,108,106,99,96,89,37 52,49,31,29,29,28,23,15,12 0,1,0,0,0,0,0,0,0 404481 747 1760 56 159 400 1413 45 148 403734,382,133,103,43,26,21,11,8,8,2,3,1,2,1,0,1,0,1,0,0,0,0,1 0,14,16,13,4,2,4,1,1,1,0,0,0,0,0,0,0,0,0,0,0,0,0,0 0,35,133,103,43,26,21,11,8,8,2,3,1,2,1,0,1,0,1,0,0,0,0,1 0,3,16,13,4,2,4,1,1,1,0,0,0,0,0,0,0,0,0,0,0,0,0,0
/media/michal/Pauli/masterdata/processed/annotated/rares/20140905/patrol_run_25/room_1/features/nonPlanes<fpfh_iss_2015-05-17_17-50-11.pcd 0.0168213 0.00106905 0.00195246 7 186,180,176,157,106,83,66 50,40,48,40,28,27,18 0,0,1,0,0,0,0 397188 710 1760 68 195 400 1450 47 174 396478,364,140,65,44,26,26,10,6,3,8,6,1,6,2,1,0,1,1 0,26,15,12,7,1,3,0,0,0,2,0,0,0,1,0,0,0,1 0,54,140,65,44,26,26,10,6,3,8,6,1,6,2,1,0,1,1 0,5,15,12,7,1,3,0,0,0,2,0,0,0,1,0,0,0,1
/media/michal/Pauli/masterdata/processed/annotated/rares/20140905/patrol_run_27/room_2/features/nonPlanes<fpfh_iss_2015-05-17_17-50-18.pcd 0.0140787 0.000741991 0.00211646 6 358,152,94,79,74,55 82,47,30,24,17,22 0,1,0,0,0,0 405768 711 1760 49 118 400 1449 39 108 405057,376,126,68,43,25,25,16,8,3,5,3,2,4,1,2,1,0,0,1,2 0,18,15,8,5,1,0,1,0,0,0,0,0,0,1,0,0,0,0,0,0 0,65,126,68,43,25,25,16,8,3,5,3,2,4,1,2,1,0,0,1,2 0,8,15,8,5,1,0,1,0,0,0,0,0,0,1,0,0,0,0,0,0
/media/michal/Pauli/masterdata/processed/annotated/rares/20140905/patrol_run_29/room_2/features/nonPlanes<fpfh_iss_2015-05-17_17-50-25.pcd 0.0146342 0.000739585 0.00191029 4 331,283,80,79 86,74,24,25 0,0,0,1 383295 745 1760 33 87 400 1415 25 79 382550,407,133,53,62,23,18,11,11,7,8,4,4,3,0,0,0,0,1 0,14,5,5,6,1,0,1,0,0,0,0,1,0,0,0,0,0,0 0,62,133,53,62,23,18,11,11,7,8,4,4,3,0,0,0,0,1 0,6,5,5,6,1,0,1,0,0,0,0,1,0,0,0,0,0,0
/media/michal/Pauli/masterdata/processed/annotated/rares/20140905/patrol_run_30/room_1/features/nonPlanes<fpfh_iss_2015-05-17_17-50-31.pcd 0.0142922 0.000721635 0.00221753 11 236,168,158,135,76,75,54,53,52,45,39 53,44,39,34,21,18,19,14,12,16,13 0,0,0,0,0,0,0,0,0,1,0 386100 728 1760 18 42 400 1432 14 38 385372,375,132,74,44,37,23,16,7,3,5,3,4,3,0,0,1,0,0,1 0,7,7,1,2,0,0,0,0,0,1,0,0,0,0,0,0,0,0,0 0,47,132,74,44,37,23,16,7,3,5,3,4,3,0,0,1,0,0,1 0,3,7,1,2,0,0,0,0,0,1,0,0,0,0,0,0,0,0,0
/media/michal/Pauli/masterdata/processed/annotated/rares/20140905/patrol_run_30/room_7/features/nonPlanes<fpfh_iss_2015-05-17_17-50-38.pcd 0.0163243 0.000819195 0.0021782 8 197,160,87,86,86,76,48,47 60,51,16,25,16,26,18,14 0,0,0,0,0,1,0,0 393294 837 1760 45 119 400 1323 27 101 392457,472,159,76,55,29,19,9,4,4,5,1,0,0,0,0,1,2,0,0,0,1 0,22,9,5,3,2,1,0,0,1,1,0,0,0,0,0,0,1,0,0,0,0 0,35,159,76,55,29,19,9,4,4,5,1,0,0,0,0,1,2,0,0,0,1 0,4,9,5,3,2,1,0,0,1,1,0,0,0,0,0,0,1,0,0,0,0
/media/michal/Pauli/masterdata/processed/annotated/rares/20140908/patrol_run_32/room_2/features/nonPlanes<fpfh_iss_2015-05-17_17-50-47.pcd 0.0168857 0.000814221 0.00229279 9 274,208,89,87,73,71,48,39,32 74,48,27,23,19,21,19,14,14 0,0,0,0,0,0,0,0,0 388416 760 1760 17 31 400 1400 8 22 387656,408,137,78,55,30,10,9,7,3,11,4,3,1,1,1,1,0,0,0,1 0,11,3,0,1,2,0,0,0,0,0,0,0,0,0,0,0,0,0,0,0 0,48,137,78,55,30,10,9,7,3,11,4,3,1,1,1,1,0,0,0,1 0,2,3,0,1,2,0,0,0,0,0,0,0,0,0,0,0,0,0,0,0
/media/michal/Pauli/masterdata/processed/annotated/rares/20140908/patrol_run_34/room_2/features/nonPlanes<fpfh_iss_2015-05-17_17-50-55.pcd 0.0180612 0.000967279 0.00191559 10 252,211,80,69,68,52,47,38,37,35 76,61,21,16,19,22,14,12,12,13 0,0,0,0,1,0,0,0,0,0 404976 813 1760 39 110 400 1347 26 97 404163,446,155,87,42,26,19,11,12,7,3,1,2,0,0,2 0,15,8,7,3,2,1,0,1,0,1,0,1,0,0,0 0,33,155,87,42,26,19,11,12,7,3,1,2,0,0,2 0,2,8,7,3,2,1,0,1,0,1,0,1,0,0,0
/media/michal/Pauli/masterdata/processed/annotated/rares/20140908/patrol_run_36/room_3/features/nonPlanes<fpfh_iss_2015-05-17_17-51-05.pcd 0.0162846 0.000906062 0.00274441 7 302,246,136,94,76,68,66 85,59,31,20,20,20,13 1,0,0,0,0,0,0 380919 737 1760 84 255 400 1423 56 227 380182,380,130,82,49,30,24,17,6,4,6,5,0,1,1,0,0,1,0,0,0,0,1 0,35,14,15,6,4,3,0,1,1,1,2,0,0,1,0,0,0,0,0,0,0,1 0,43,130,82,49,30,24,17,6,4,6,5,0,1,1,0,0,1,0,0,0,0,1 0,7,14,15,6,4,3,0,1,1,1,2,0,0,1,0,0,0,0,0,0,0,1
/media/michal/Pauli/masterdata/processed/annotated/rares/20140908/patrol_run_38/room_2/features/nonPlanes<fpfh_iss_2015-05-17_17-51-14.pcd 0.0157214 0.000978942 0.00206049 6 311,242,237,80,74,45 92,63,65,19,20,16 0,0,1,0,0,0 419331 794 1760 73 210 400 1366 51 188 418537,412,162,97,41,28,19,10,10,6,3,2,3,0,0,0,0,0,0,0,0,0,0,1 0,25,16,17,8,0,2,0,2,1,1,0,0,0,0,0,0,0,0,0,0,0,0,1 0,18,162,97,41,28,19,10,10,6,3,2,3,0,0,0,0,0,0,0,0,0,0,1 0,3,16,17,8,0,2,0,2,1,1,0,0,0,0,0,0,0,0,0,0,0,0,1
/media/michal/Pauli/masterdata/processed/annotated/rares/20140908/patrol_run_39/room_3/features/nonPlanes<fpfh_iss_2015-05-17_17-51-22.pcd 0.0159014 0.00068304 0.00251938 8 216,181,178,105,96,96,67,41 70,41,53,32,26,19,16,12 0,1,0,0,0,0,0,0 397188 788 1760 54 164 400 1372 35 145 396400,427,158,72,46,28,17,9,12,8,3,3,0,0,0,3,1,0,0,0,1 0,22,10,7,4,3,3,1,1,0,1,1,0,0,0,0,1,0,0,0,0 0,39,158,72,46,28,17,9,12,8,3,3,0,0,0,3,1,0,0,0,1 0,3,10,7,4,3,3,1,1,0,1,1,0,0,0,0,1,0,0,0,0
/media/michal/Pauli/masterdata/processed/annotated/rares/20140908/patrol_run_41/room_3/features/nonPlanes<fpfh_iss_2015-05-17_17-51-30.pcd 0.0157062 0.000702766 0.00186384 6 309,256,193,63,47,44 90,60,53,21,16,15 0,1,0,0,0,0 394548 800 1760 56 209 400 1360 38 191 393748,426,163,74,56,27,17,14,10,2,6,1,0,1,2,0,0,1 0,18,12,5,5,4,1,4,2,0,1,1,0,1,2,0,0,0 0,26,163,74,56,27,17,14,10,2,6,1,0,1,2,0,0,1 0,0,12,5,5,4,1,4,2,0,1,1,0,1,2,0,0,0
/media/michal/Pauli/masterdata/processed/annotated/rares/20140908/patrol_run_43/room_3/features/nonPlanes<fpfh_iss_2015-05-17_17-51-41.pcd 0.0165932 0.00138921 0.00302138 9 194,172,150,94,91,86,75,48,43 48,41,40,13,24,12,16,16,18 0,0,0,0,1,0,0,0,0 403920 696 1760 46 153 400 1464 36 143 403224,363,120,66,47,30,23,10,10,7,6,5,1,0,2,1,2,0,1,0,0,0,0,1,0,0,0,1 0,11,11,8,6,3,0,2,3,1,1,0,0,0,0,0,0,0,0,0,0,0,0,0,0,0,0,0 0,67,120,66,47,30,23,10,10,7,6,5,1,0,2,1,2,0,1,0,0,0,0,1,0,0,0,1 0,1,11,8,6,3,0,2,3,1,1,0,0,0,0,0,0,0,0,0,0,0,0,0,0,0,0,0
/media/michal/Pauli/masterdata/processed/annotated/rares/20140908/patrol_run_45/room_2/features/nonPlanes<fpfh_iss_2015-05-17_17-51-50.pcd 0.0170995 0.00065877 0.00196596 8 312,229,113,83,55,55,43,35 83,62,33,25,19,17,18,14 0,1,0,0,0,0,1,0 388773 849 1760 98 256 400 1311 61 219 387924,475,164,76,63,30,12,10,7,4,2,1,3,2 0,40,25,9,9,5,3,1,2,3,1,0,0,0 0,26,164,76,63,30,12,10,7,4,2,1,3,2 0,3,25,9,9,5,3,1,2,3,1,0,0,0
/media/michal/Pauli/masterdata/processed/annotated/rares/20140908/patrol_run_47/room_3/features/nonPlanes<fpfh_iss_2015-05-17_17-52-02.pcd 0.0183526 0.000933437 0.00190173 6 337,233,108,77,58,50 97,64,40,17,18,16 0,1,0,0,0,0 391314 868 1760 103 244 400 1292 59 200 390446,506,162,72,57,25,17,11,5,3,5,2,1,0,1,0,0,1 0,48,23,11,13,3,2,1,0,0,0,0,0,0,1,0,0,1 0,38,162,72,57,25,17,11,5,3,5,2,1,0,1,0,0,1 0,4,23,11,13,3,2,1,0,0,0,0,0,0,1,0,0,1
/media/michal/Pauli/masterdata/processed/annotated/rares/20140909/patrol_run_49/room_3/features/nonPlanes<fpfh_iss_2015-05-17_17-52-14.pcd 0.0161175 0.00094445 0.0018837 6 328,164,79,71,71,57 91,47,23,24,19,18 0,0,0,0,1,0 434511 827 1760 45 103 400 1333 23 81 433684,467,149,75,49,36,18,11,9,4,5,1,1,0,2 0,25,9,4,2,1,0,1,2,0,0,0,1,0,0 0,40,149,75,49,36,18,11,9,4,5,1,1,0,2 0,3,9,4,2,1,0,1,2,0,0,0,1,0,0
/media/michal/Pauli/masterdata/processed/annotated/rares/20140909/patrol_run_51/room_3/features/nonPlanes<fpfh_iss_2015-05-17_17-52-23.pcd 0.01706 0.00103937 0.00199911 11 172,168,135,111,74,59,58,58,42,39,17 42,32,52,31,16,15,20,13,12,15,13 0,0,0,0,0,0,1,0,0,0,0 702702 799 1760 47 92 400 1361 25 70 701903,442,149,84,39,21,21,15,9,7,6,1,1,2,1,0,0,0,1 0,26,11,4,2,1,2,1,0,0,0,0,0,0,0,0,0,0,0 0,43,149,84,39,21,21,15,9,7,6,1,1,2,1,0,0,0,1 0,4,11,4,2,1,2,1,0,0,0,0,0,0,0,0,0,0,0
/media/michal/Pauli/masterdata/processed/annotated/rares/20140909/patrol_run_53/room_3/features/nonPlanes<fpfh_iss_2015-05-17_17-52-32.pcd 0.015182 0.000794183 0.00308024 10 266,144,115,113,90,63,56,52,44,38 61,37,33,33,26,19,17,13,13,13 1,0,0,0,0,0,0,0,0,0 392224 806 1760 78 250 400 1354 50 222 391418,449,131,83,64,31,17,10,7,4,4,0,1,2,1,0,1,1 0,33,11,7,11,5,3,3,1,0,0,0,1,1,0,0,1,1 0,43,131,83,64,31,17,10,7,4,4,0,1,2,1,0,1,1 0,5,11,7,11,5,3,3,1,0,0,0,1,1,0,0,1,1
/media/michal/Pauli/masterdata/processed/annotated/rares/20140909/patrol_run_55/room_3/features/nonPlanes<fpfh_iss_2015-05-17_17-52-39.pcd 0.0174295 0.000783776 0.00204536 7 326,151,136,59,48,46,40 96,52,32,20,15,12,15 0,0,0,1,0,0,0 434511 819 1760 51 99 400 1341 23 71 433692,447,137,104,54,36,11,8,11,2,4,2,1,0,1,1 0,31,6,10,1,1,0,1,0,0,1,0,0,0,0,0 0,28,137,104,54,36,11,8,11,2,4,2,1,0,1,1 0,3,6,10,1,1,0,1,0,0,1,0,0,0,0,0
/media/michal/Pauli/masterdata/processed/annotated/rares/20140909/patrol_run_59/room_3/features/nonPlanes<fpfh_iss_2015-05-18_11-53-29.pcd 0.0240161 0.00252907 0.00311249 12 138,132,105,99,82,64,63,62,54,48,46,36 33,35,30,34,26,22,20,13,15,15,18,14 0,0,0,0,0,0,0,0,0,0,0,1 432300 818 1760 43 79 400 1342 23 59 431482,449,159,74,44,41,19,12,11,5,0,1,0,0,1,1,0,0,0,1 0,24,10,5,1,2,1,0,0,0,0,0,0,0,0,0,0,0,0,0 0,31,159,74,44,41,19,12,11,5,0,1,0,0,1,1,0,0,0,1 0,4,10,5,1,2,1,0,0,0,0,0,0,0,0,0,0,0,0,0
/media/michal/Pauli/masterdata/processed/annotated/rares/20140909/patrol_run_59/room_3/features/nonPlanes<fpfh_iss_2015-05-18_11-55-44.pcd 0.0211636 0.000770308 0.00262552 12 138,132,105,99,82,64,63,62,54,48,46,36 33,35,30,34,26,22,20,13,15,15,18,14 0,0,0,0,0,0,0,0,0,0,0,1 432300 818 1760 43 79 400 1342 23 59 431482,449,159,74,44,41,19,12,11,5,0,1,0,0,1,1,0,0,0,1 0,24,10,5,1,2,1,0,0,0,0,0,0,0,0,0,0,0,0,0 0,31,159,74,44,41,19,12,11,5,0,1,0,0,1,1,0,0,0,1 0,4,10,5,1,2,1,0,0,0,0,0,0,0,0,0,0,0,0,0
/media/michal/Pauli/masterdata/processed/annotated/rares/20140909/patrol_run_61/room_3/features/nonPlanes<fpfh_iss_2015-05-18_11-56-01.pcd 0.0169419 0.00108534 0.00194671 11 284,117,98,69,63,55,47,46,40,38,29 69,31,35,22,22,16,12,17,12,13,12 0,0,0,0,0,0,0,0,0,1,0 430122 826 1760 37 66 400 1334 16 45 429296,441,179,83,48,24,21,10,8,2,3,2,3,1,0,0,0,0,0,0,0,1 0,21,10,4,0,1,0,0,1,0,0,0,0,0,0,0,0,0,0,0,0,0 0,15,179,83,48,24,21,10,8,2,3,2,3,1,0,0,0,0,0,0,0,1 0,0,10,4,0,1,0,0,1,0,0,0,0,0,0,0,0,0,0,0,0,0
/media/michal/Pauli/masterdata/processed/annotated/rares/20140909/patrol_run_63/room_3/features/nonPlanes<fpfh_iss_2015-05-18_11-56-22.pcd 0.0168173 0.00108663 0.0018374 12 150,124,123,113,97,71,70,48,47,46,40,38 35,29,30,18,33,19,16,20,12,13,16,14 0,0,0,0,0,0,0,0,0,0,1,0 391314 753 1760 36 106 400 1407 24 94 390561,413,141,71,28,26,27,17,6,5,10,3,1,2,0,0,1,0,0,0,0,0,0,1,0,0,1 0,15,8,4,1,1,2,3,0,0,1,1,0,0,0,0,0,0,0,0,0,0,0,0,0,0,0 0,60,141,71,28,26,27,17,6,5,10,3,1,2,0,0,1,0,0,0,0,0,0,1,0,0,1 0,3,8,4,1,1,2,3,0,0,1,1,0,0,0,0,0,0,0,0,0,0,0,0,0,0,0
/media/michal/Pauli/masterdata/processed/annotated/rares/20140910/patrol_run_67/room_3/features/nonPlanes<fpfh_iss_2015-05-18_11-56-44.pcd 0.015934 0.00119105 0.0020426 9 302,207,87,81,76,62,60,55,50 84,50,21,24,24,19,16,19,14 1,0,0,0,0,0,0,0,0 460647 772 1760 95 289 400 1388 64 258 459875,428,131,68,47,33,26,15,5,6,3,6,1,1,1,0,0,0,0,0,0,0,0,1 0,36,25,9,5,4,4,3,2,2,1,3,0,0,1,0,0,0,0,0,0,0,0,0 0,56,131,68,47,33,26,15,5,6,3,6,1,1,1,0,0,0,0,0,0,0,0,1 0,5,25,9,5,4,4,3,2,2,1,3,0,0,1,0,0,0,0,0,0,0,0,0
/media/michal/Pauli/masterdata/processed/annotated/rares/20140910/patrol_run_69/room_3/features/nonPlanes<fpfh_iss_2015-05-18_11-57-05.pcd 0.0171905 0.00104816 0.00184077 8 169,140,138,98,92,55,54,48 55,42,40,29,18,12,15,12 0,0,0,1,0,0,0,0 382239 796 1760 64 157 400 1364 33 126 381443,426,166,77,41,28,21,12,9,7,1,0,2,2,1,2,0,0,1 0,33,10,7,4,1,6,0,2,0,1,0,0,0,0,0,0,0,0 0,30,166,77,41,28,21,12,9,7,1,0,2,2,1,2,0,0,1 0,2,10,7,4,1,6,0,2,0,1,0,0,0,0,0,0,0,0
/media/michal/Pauli/masterdata/processed/annotated/rares/20140910/patrol_run_71/room_3/features/nonPlanes<fpfh_iss_2015-05-18_11-57-27.pcd 0.0181374 0.00112415 0.0019832 7 251,215,110,83,52,47,44 60,78,27,27,12,15,15 0,0,0,0,0,0,0 472461 854 1760 40 82 400 1306 20 62 471607,482,173,69,55,31,16,9,10,3,1,0,0,2,1,0,1,0,1 0,21,8,5,2,3,0,1,0,0,0,0,0,0,0,0,0,0,0 0,28,173,69,55,31,16,9,10,3,1,0,0,2,1,0,1,0,1 0,1,8,5,2,3,0,1,0,0,0,0,0,0,0,0,0,0,0
/media/michal/Pauli/masterdata/processed/annotated/rares/20140910/patrol_run_74/room_3/features/nonPlanes<fpfh_iss_2015-05-18_11-57-45.pcd 0.0153761 0.00108871 0.00201224 9 200,173,154,104,93,71,67,56,36 72,40,28,29,24,20,22,14,12 1,0,0,0,0,0,0,0,0 426888 719 1760 41 129 400 1441 32 120 426169,368,130,78,60,18,28,7,7,6,3,3,3,2,0,0,1,1,2,0,0,1,0,0,0,0,1 0,13,9,7,6,0,2,0,0,2,0,1,1,0,0,0,0,0,0,0,0,0,0,0,0,0,0 0,49,130,78,60,18,28,7,7,6,3,3,3,2,0,0,1,1,2,0,0,1,0,0,0,0,1 0,4,9,7,6,0,2,0,0,2,0,1,1,0,0,0,0,0,0,0,0,0,0,0,0,0,0
/media/michal/Pauli/masterdata/processed/annotated/rares/20140910/patrol_run_77/room_4/features/nonPlanes<fpfh_iss_2015-05-18_11-58-02.pcd 0.016935 0.00105608 0.00187796 5 331,204,68,53,45 87,63,22,14,16 0,0,0,0,0 392700 766 1760 15 35 400 1394 8 28 391934,411,146,79,39,30,20,10,7,6,5,2,5,2,4 0,9,2,2,1,0,0,0,0,0,0,0,1,0,0 0,45,146,79,39,30,20,10,7,6,5,2,5,2,4 0,2,2,2,1,0,0,0,0,0,0,0,1,0,0
/media/michal/Pauli/masterdata/processed/annotated/rares/20140910/patrol_run_79/room_2/features/nonPlanes<fpfh_iss_2015-05-18_11-58-22.pcd 0.0138361 0.000770612 0.00233567 10 193,152,137,109,56,54,52,49,47,31 48,40,39,25,14,18,16,19,12,15 0,0,0,0,0,0,0,1,0,0 381376 771 1760 44 84 400 1389 23 63 380605,404,149,81,39,42,25,7,5,5,7,1,2,0,1,2,1 0,23,12,4,2,2,0,1,0,0,0,0,0,0,0,0,0 0,33,149,81,39,42,25,7,5,5,7,1,2,0,1,2,1 0,2,12,4,2,2,0,1,0,0,0,0,0,0,0,0,0
/media/michal/Pauli/masterdata/processed/annotated/rares/20140910/patrol_run_81/room_2/features/nonPlanes<fpfh_iss_2015-05-18_11-58-38.pcd 0.0145815 0.000778801 0.00242101 9 299,97,88,87,79,75,62,49,21 57,29,24,21,31,15,16,12,13 0,0,0,0,1,0,0,0,0 389400 717 1760 48 103 400 1443 35 90 388683,380,128,75,45,26,18,9,7,4,3,6,2,7,3,0,0,2,1,0,0,1 0,23,13,7,0,1,1,2,1,0,0,0,0,0,0,0,0,0,0,0,0,0 0,63,128,75,45,26,18,9,7,4,3,6,2,7,3,0,0,2,1,0,0,1 0,10,13,7,0,1,1,2,1,0,0,0,0,0,0,0,0,0,0,0,0,0
/media/michal/Pauli/masterdata/processed/annotated/rares/20140911/patrol_run_82/room_3/features/nonPlanes<fpfh_iss_2015-05-18_11-58-56.pcd 0.0147297 0.000717653 0.00182222 7 326,125,122,70,66,51,24 60,16,34,19,21,15,13 0,0,0,0,0,0,0 445269 709 1760 24 67 400 1451 19 62 444560,376,121,65,41,41,23,9,8,5,3,3,3,3,2,2,3,0,0,0,0,0,0,0,1 0,8,8,4,1,1,1,0,0,0,0,0,0,0,0,0,1,0,0,0,0,0,0,0,0 0,67,121,65,41,41,23,9,8,5,3,3,3,3,2,2,3,0,0,0,0,0,0,0,1 0,3,8,4,1,1,1,0,0,0,0,0,0,0,0,0,1,0,0,0,0,0,0,0,0
/media/michal/Pauli/masterdata/processed/annotated/rares/20140911/patrol_run_84/room_3/features/nonPlanes<fpfh_iss_2015-05-18_11-59-13.pcd 0.0144903 0.000732165 0.00195965 6 336,173,90,56,41,40 106,38,33,16,12,12 1,0,0,0,0,0 388773 799 1760 118 337 400 1361 75 294 387974,449,150,68,49,26,17,12,7,7,2,4,2,3,1,0,1,0,0,1 0,46,36,11,8,2,3,1,2,3,0,1,1,3,1,0,0,0,0,0 0,50,150,68,49,26,17,12,7,7,2,4,2,3,1,0,1,0,0,1 0,3,36,11,8,2,3,1,2,3,0,1,1,3,1,0,0,0,0,0
/media/michal/Pauli/masterdata/processed/annotated/rares/20140911/patrol_run_88/room_3/features/nonPlanes<fpfh_iss_2015-05-18_11-59-29.pcd 0.0160554 0.000762665 0.00261762 7 314,240,128,80,70,65,33 67,76,43,15,27,19,12 0,1,0,0,0,0,0 393294 755 1760 83 226 400 1405 45 188 392539,408,124,95,45,26,18,8,5,5,3,7,5,2,1,1,1,0,0,0,0,0,1 0,38,16,14,5,2,1,2,1,0,1,0,2,0,0,0,0,0,0,0,0,0,1 0,53,124,95,45,26,18,8,5,5,3,7,5,2,1,1,1,0,0,0,0,0,1 0,0,16,14,5,2,1,2,1,0,1,0,2,0,0,0,0,0,0,0,0,0,1
/media/michal/Pauli/masterdata/processed/annotated/rares/20140911/patrol_run_90/room_3/features/nonPlanes<fpfh_iss_2015-05-18_11-59-48.pcd 0.0143417 0.000721736 0.00202789 8 217,197,141,133,120,76,60,49 47,49,38,34,56,23,15,15 0,0,0,0,1,0,0,0 393822 739 1760 53 121 400 1421 35 103 393083,388,126,79,50,34,15,12,12,5,9,4,2,2,1 0,31,8,6,2,1,0,2,0,1,2,0,0,0,0 0,49,126,79,50,34,15,12,12,5,9,4,2,2,1 0,13,8,6,2,1,0,2,0,1,2,0,0,0,0
/media/michal/Pauli/masterdata/processed/annotated/rares/20140911/patrol_run_92/room_3/features/nonPlanes<fpfh_iss_2015-05-18_12-00-03.pcd 0.0144562 0.000768846 0.00190127 6 298,217,187,106,73,42 84,60,49,33,21,12 0,0,1,0,0,0 408408 809 1760 53 126 400 1351 32 105 407599,450,159,74,40,32,16,13,6,6,7,3,1,0,0,0,0,0,0,0,1,0,0,0,0,0,1 0,22,12,11,2,3,0,1,1,1,0,0,0,0,0,0,0,0,0,0,0,0,0,0,0,0,0 0,41,159,74,40,32,16,13,6,6,7,3,1,0,0,0,0,0,0,0,1,0,0,0,0,0,1 0,1,12,11,2,3,0,1,1,1,0,0,0,0,0,0,0,0,0,0,0,0,0,0,0,0,0
/media/michal/Pauli/masterdata/processed/annotated/rares/20140912/patrol_run_100/room_3/features/nonPlanes<fpfh_iss_2015-05-18_12-00-19.pcd 0.0070287 0.000369225 0.000939799 5 402,228,137,73,63 112,74,45,22,16 0,1,0,0,0 380919 828 1760 69 176 400 1332 46 153 380091,451,167,83,41,35,24,9,6,5,2,0,1,2,1,1 0,26,19,9,7,2,3,1,0,0,1,0,1,0,0,0 0,23,167,83,41,35,24,9,6,5,2,0,1,2,1,1 0,3,19,9,7,2,3,1,0,0,1,0,1,0,0,0
/media/michal/Pauli/masterdata/processed/annotated/rares/20140912/patrol_run_102/room_3/features/nonPlanes<fpfh_iss_2015-05-18_12-00-41.pcd 0.0166589 0.000831163 0.00191413 9 278,270,172,93,65,60,51,40,38 65,48,48,28,17,14,13,22,12 0,0,1,0,0,0,0,0,0 455466 732 1760 63 154 400 1428 45 136 454734,404,124,64,42,31,16,14,8,9,5,7,2,1,1,1,1,0,0,0,0,0,1,1 0,29,10,10,6,3,2,1,1,1,0,0,0,0,0,0,0,0,0,0,0,0,0,0 0,72,124,64,42,31,16,14,8,9,5,7,2,1,1,1,1,0,0,0,0,0,1,1 0,11,10,10,6,3,2,1,1,1,0,0,0,0,0,0,0,0,0,0,0,0,0,0
/media/michal/Pauli/masterdata/processed/annotated/rares/20140912/patrol_run_104/room_3/features/nonPlanes<fpfh_iss_2015-05-18_12-01-00.pcd 0.00952255 0.000492247 0.00207696 6 275,211,180,102,86,68 60,60,71,32,20,21 0,0,1,0,0,0 398574 810 1760 70 151 400 1350 37 118 397764,466,135,81,44,23,24,10,10,8,1,3,2,1,0,0,0,0,0,0,1,0,0,0,1 0,34,18,8,4,2,0,1,3,0,0,0,0,0,0,0,0,0,0,0,0,0,0,0,0 0,56,135,81,44,23,24,10,10,8,1,3,2,1,0,0,0,0,0,0,1,0,0,0,1 0,1,18,8,4,2,0,1,3,0,0,0,0,0,0,0,0,0,0,0,0,0,0,0,0
/media/michal/Pauli/masterdata/processed/annotated/rares/20140912/patrol_run_94/room_3/features/nonPlanes<fpfh_iss_2015-05-18_12-01-19.pcd 0.017851 0.00111819 0.00241061 8 384,145,98,75,73,49,48,30 105,47,26,27,23,17,15,12 0,0,1,0,0,0,0,0 426888 877 1760 62 133 400 1283 30 101 426011,503,162,95,50,23,16,11,6,7,0,1,1,2 0,34,12,9,3,0,0,1,2,0,0,0,0,1 0,26,162,95,50,23,16,11,6,7,0,1,1,2 0,2,12,9,3,0,0,1,2,0,0,0,0,1
/media/michal/Pauli/masterdata/processed/annotated/rares/20140912/patrol_run_96/room_2/features/nonPlanes<fpfh_iss_2015-05-18_12-01-46.pcd 0.0152539 0.000753918 0.00223526 12 217,105,94,93,89,71,64,61,51,41,35,28 52,23,24,34,18,24,15,12,17,14,16,12 0,0,0,1,0,0,0,0,0,0,0,0 375144 749 1760 45 103 400 1411 34 92 374395,403,133,74,48,30,15,12,12,7,5,1,3,1,2,1,1,0,0,0,0,0,0,0,0,1 0,18,12,9,3,2,0,0,0,0,0,0,1,0,0,0,0,0,0,0,0,0,0,0,0,0 0,54,133,74,48,30,15,12,12,7,5,1,3,1,2,1,1,0,0,0,0,0,0,0,0,1 0,7,12,9,3,2,0,0,0,0,0,0,1,0,0,0,0,0,0,0,0,0,0,0,0,0
/media/michal/Pauli/masterdata/processed/annotated/rares/20140912/patrol_run_98/room_3/features/nonPlanes<fpfh_iss_2015-05-18_12-02-12.pcd 0.0227906 0.000673052 0.00266397 9 256,171,116,85,69,48,42,35,29 72,43,36,23,20,15,13,12,15 0,0,1,0,0,0,0,0,0 385506 856 1760 76 158 400 1304 38 120 384650,498,140,94,46,38,17,4,7,4,4,2,0,1,0,0,0,0,0,0,0,0,0,0,0,0,0,0,0,1 0,39,16,10,5,2,2,1,1,0,0,0,0,0,0,0,0,0,0,0,0,0,0,0,0,0,0,0,0,0 0,42,140,94,46,38,17,4,7,4,4,2,0,1,0,0,0,0,0,0,0,0,0,0,0,0,0,0,0,1 0,1,16,10,5,2,2,1,1,0,0,0,0,0,0,0,0,0,0,0,0,0,0,0,0,0,0,0,0,0
/media/michal/Pauli/masterdata/processed/annotated/rares/20140921/patrol_run_110/room_2/features/nonPlanes<fpfh_iss_2015-05-18_12-02-42.pcd 0.0201323 0.000716259 0.00269965 8 176,152,96,87,85,84,69,35 52,34,29,18,26,22,16,13 0,0,0,0,1,0,0,0 404481 735 1760 43 143 400 1425 35 135 403746,369,150,63,53,33,26,14,11,3,3,2,4,2,1,0,1 0,11,10,7,5,4,2,1,1,0,0,1,0,1,0,0,0 0,34,150,63,53,33,26,14,11,3,3,2,4,2,1,0,1 0,3,10,7,5,4,2,1,1,0,0,1,0,1,0,0,0
/media/michal/Pauli/masterdata/processed/annotated/rares/20140921/patrol_run_112/room_2/features/nonPlanes<fpfh_iss_2015-05-18_12-03-03.pcd 0.0163076 0.000734474 0.00182541 10 200,153,115,104,73,61,49,48,38,20 48,47,40,34,22,15,15,16,17,13 0,0,0,0,0,0,0,1,0,0 408408 892 1760 35 71 400 1268 19 55 407516,532,157,92,41,25,15,12,7,5,2,1,1,1,0,0,0,0,1 0,18,11,3,0,2,0,0,0,0,0,0,1,0,0,0,0,0,0 0,40,157,92,41,25,15,12,7,5,2,1,1,1,0,0,0,0,1 0,2,11,3,0,2,0,0,0,0,0,0,1,0,0,0,0,0,0
/media/michal/Pauli/masterdata/processed/annotated/rares/20140921/patrol_run_114/room_1/features/nonPlanes<fpfh_iss_2015-05-18_12-03-34.pcd 0.0162094 0.000814793 0.00206588 7 241,131,101,95,89,84,72 53,35,35,20,26,20,19 0,0,0,0,0,1,0 410652 727 1760 31 98 400 1433 23 90 409925,361,145,80,47,32,18,12,9,8,7,1,4,0,0,0,1,0,1,0,0,0,1 0,10,10,4,2,2,0,1,0,1,0,0,0,0,0,0,0,0,0,0,0,0,1 0,34,145,80,47,32,18,12,9,8,7,1,4,0,0,0,1,0,1,0,0,0,1 0,2,10,4,2,2,0,1,0,1,0,0,0,0,0,0,0,0,0,0,0,0,1
/media/michal/Pauli/masterdata/processed/annotated/rares/20140922/patrol_run_116/room_2/features/nonPlanes<fpfh_iss_2015-05-18_12-03-52.pcd 0.015826 0.000812017 0.00193481 6 285,283,111,55,49,29 65,86,33,13,15,15 0,0,0,0,0,0 414018 757 1760 28 80 400 1403 18 70 413261,415,132,78,40,31,18,7,10,8,7,5,0,1,0,1,2,0,0,2 0,11,7,3,3,1,0,0,1,0,1,1,0,0,0,0,0,0,0,0 0,58,132,78,40,31,18,7,10,8,7,5,0,1,0,1,2,0,0,2 0,1,7,3,3,1,0,0,1,0,1,1,0,0,0,0,0,0,0,0
/media/michal/Pauli/masterdata/processed/annotated/rares/20140922/patrol_run_118/room_2/features/nonPlanes<fpfh_iss_2015-05-18_12-04-13.pcd 0.0127154 0.00106806 0.00176333 7 234,197,122,50,49,44,39 71,56,29,14,14,19,13 0,0,0,0,0,1,0 403293 793 1760 51 97 400 1367 25 71 402500,423,156,85,47,28,20,8,11,6,0,4,1,2,0,0,1,0,0,0,0,0,0,0,0,0,1 0,31,9,5,1,2,2,1,0,0,0,0,0,0,0,0,0,0,0,0,0,0,0,0,0,0,0 0,30,156,85,47,28,20,8,11,6,0,4,1,2,0,0,1,0,0,0,0,0,0,0,0,0,1 0,5,9,5,1,2,2,1,0,0,0,0,0,0,0,0,0,0,0,0,0,0,0,0,0,0,0
/media/michal/Pauli/masterdata/processed/annotated/rares/20140922/patrol_run_120/room_1/features/nonPlanes<fpfh_iss_2015-05-18_12-04-34.pcd 0.0184471 0.00110189 0.00207978 6 221,185,150,137,95,94 63,40,41,32,27,26 1,0,0,0,0,0 416658 794 1760 46 93 400 1366 27 74 415864,438,150,76,46,31,13,7,13,6,5,4,1,1,1,1,0,0,0,0,0,0,1 0,25,9,7,2,1,0,0,2,0,0,0,0,0,0,0,0,0,0,0,0,0,0 0,44,150,76,46,31,13,7,13,6,5,4,1,1,1,1,0,0,0,0,0,0,1 0,6,9,7,2,1,0,0,2,0,0,0,0,0,0,0,0,0,0,0,0,0,0
/media/michal/Pauli/masterdata/processed/annotated/rares/20140922/patrol_run_124/room_2/features/nonPlanes<fpfh_iss_2015-05-18_12-04-55.pcd 0.0189531 0.000804052 0.00219103 6 236,224,213,67,50,45 71,56,55,20,27,19 0,0,0,0,0,1 463320 852 1760 33 60 400 1308 20 47 462468,492,149,98,34,30,15,16,3,5,2,5,1,0,0,1,0,1 0,15,14,2,1,0,0,1,0,0,0,0,0,0,0,0,0,0 0,40,149,98,34,30,15,16,3,5,2,5,1,0,0,1,0,1 0,2,14,2,1,0,0,1,0,0,0,0,0,0,0,0,0,0
/media/michal/Pauli/masterdata/processed/annotated/rares/20140922/patrol_run_126/room_2/features/nonPlanes<fpfh_iss_2015-05-18_12-05-15.pcd 0.0151724 0.0010819 0.00189714 9 219,212,119,108,81,55,53,47,34 65,42,31,27,29,13,13,13,15 0,0,0,1,0,0,0,0,0 416262 772 1760 53 135 400 1388 30 112 415490,423,147,72,40,25,24,10,9,5,3,8,2,1,0,1,1,0,0,0,0,0,0,0,0,1 0,27,14,3,2,2,0,0,1,0,1,2,0,1,0,0,0,0,0,0,0,0,0,0,0,0 0,51,147,72,40,25,24,10,9,5,3,8,2,1,0,1,1,0,0,0,0,0,0,0,0,1 0,4,14,3,2,2,0,0,1,0,1,2,0,1,0,0,0,0,0,0,0,0,0,0,0,0
/media/michal/Pauli/masterdata/processed/annotated/rares/20140922/patrol_run_128/room_2/features/nonPlanes<fpfh_iss_2015-05-18_12-05-33.pcd 0.0168074 0.00080621 0.00195445 7 344,143,97,74,48,47,33 94,48,35,19,17,12,13 0,0,0,0,0,0,1 403293 857 1760 50 87 400 1303 21 58 402436,481,180,67,48,38,14,11,6,6,1,1,1,2,1 0,30,14,1,2,1,1,1,0,0,0,0,0,0,0 0,24,180,67,48,38,14,11,6,6,1,1,1,2,1 0,1,14,1,2,1,1,1,0,0,0,0,0,0,0
/media/michal/Pauli/masterdata/processed/annotated/rares/20140922/patrol_run_130/room_2/features/nonPlanes<fpfh_iss_2015-05-18_12-05-51.pcd 0.0174866 0.000789884 0.00212276 8 263,191,90,68,66,52,36,29 73,65,29,24,18,13,14,13 0,0,1,0,0,0,0,0 432300 822 1760 60 129 400 1338 31 100 431478,472,141,82,49,19,24,7,11,5,4,2,3,1,0,1,0,1 0,32,11,8,4,1,1,2,0,0,1,0,0,0,0,0,0,0 0,50,141,82,49,19,24,7,11,5,4,2,3,1,0,1,0,1 0,3,11,8,4,1,1,2,0,0,1,0,0,0,0,0,0,0
/media/michal/Pauli/masterdata/processed/annotated/rares/20140922/patrol_run_132/room_1/features/nonPlanes<fpfh_iss_2015-05-18_12-06-12.pcd 0.0161702 0.00106441 0.00190432 6 262,170,156,128,80,47 53,42,39,35,21,23 0,0,0,0,0,0 404976 710 1760 4 9 400 1450 2 7 404266,350,143,75,41,34,19,13,10,8,5,4,1,2,3,0,1,0,1 0,2,0,1,1,0,0,0,0,0,0,0,0,0,0,0,0,0,0 0,40,143,75,41,34,19,13,10,8,5,4,1,2,3,0,1,0,1 0,0,0,1,1,0,0,0,0,0,0,0,0,0,0,0,0,0,0
/media/michal/Pauli/masterdata/processed/annotated/rares/20140922/patrol_run_134/room_2/features/nonPlanes<fpfh_iss_2015-05-18_12-06-31.pcd 0.018469 0.000711856 0.00191654 10 180,160,160,126,92,69,58,43,42,32 43,41,40,36,31,19,16,12,12,13 0,0,0,1,0,0,0,0,0,0 400554 780 1760 52 140 400 1380 35 123 399774,419,126,88,60,30,26,13,7,2,2,1,2,1,1,1,0,1 0,22,11,5,5,1,6,1,0,0,0,0,0,1,0,0,0,0 0,39,126,88,60,30,26,13,7,2,2,1,2,1,1,1,0,1 0,5,11,5,5,1,6,1,0,0,0,0,0,1,0,0,0,0
/media/michal/Pauli/masterdata/processed/annotated/rares/20140922/patrol_run_138/room_2/features/nonPlanes<fpfh_iss_2015-05-18_12-06-57.pcd 0.0158808 0.000764368 0.00202041 7 276,233,95,64,62,50,49 66,62,27,17,20,15,16 0,0,0,0,0,0,0 412335 756 1760 28 73 400 1404 17 62 411579,379,150,85,60,22,25,10,6,6,5,2,3,0,1,1,0,1 0,11,6,5,2,0,2,1,1,0,0,0,0,0,0,0,0,0 0,23,150,85,60,22,25,10,6,6,5,2,3,0,1,1,0,1 0,0,6,5,2,0,2,1,1,0,0,0,0,0,0,0,0,0
/media/michal/Pauli/masterdata/processed/annotated/rares/20140923/patrol_run_139/room_2/features/nonPlanes<fpfh_iss_2015-05-18_12-07-13.pcd 0.0148001 0.000783488 0.00199008 6 266,224,133,46,41,39 85,65,34,15,13,13 1,0,0,0,0,0 404481 829 1760 84 233 400 1331 59 208 403652,472,141,89,49,25,14,17,9,4,1,3,2,2,1 0,28,23,15,6,2,2,3,3,0,1,0,0,1,0 0,43,141,89,49,25,14,17,9,4,1,3,2,2,1 0,3,23,15,6,2,2,3,3,0,1,0,0,1,0
/media/michal/Pauli/masterdata/processed/annotated/rares/20140923/patrol_run_141/room_2/features/nonPlanes<fpfh_iss_2015-05-18_12-07-31.pcd 0.015445 0.000674468 0.00191064 9 247,183,113,81,74,66,58,57,47 54,52,33,21,17,20,13,14,18 0,1,0,0,0,0,0,0,0 407286 737 1760 78 211 400 1423 50 183 406549,387,151,77,38,25,10,9,8,8,7,3,4,3,1,1,2,1,2 0,38,16,8,6,3,1,1,0,0,2,0,0,1,1,0,0,0,1 0,50,151,77,38,25,10,9,8,8,7,3,4,3,1,1,2,1,2 0,10,16,8,6,3,1,1,0,0,2,0,0,1,1,0,0,0,1
/media/michal/Pauli/masterdata/processed/annotated/rares/20140923/patrol_run_144/room_2/features/nonPlanes<fpfh_iss_2015-05-18_12-07-49.pcd 0.0157255 0.000925323 0.00193393 9 225,147,114,93,86,73,71,71,37 47,45,31,30,24,24,23,17,15 0,1,0,0,0,0,0,0,0 383724 783 1760 63 165 400 1377 45 147 382941,441,138,68,46,31,20,9,10,4,4,2,4,4,0,0,0,0,1,0,0,1 0,26,13,7,8,3,4,0,1,0,0,0,0,1,0,0,0,0,0,0,0,0 0,58,138,68,46,31,20,9,10,4,4,2,4,4,0,0,0,0,1,0,0,1 0,8,13,7,8,3,4,0,1,0,0,0,0,1,0,0,0,0,0,0,0,0
/media/michal/Pauli/masterdata/processed/annotated/rares/20140923/patrol_run_146/room_2/features/nonPlanes<fpfh_iss_2015-05-18_12-08-08.pcd 0.0154331 0.000810325 0.00200885 8 251,187,140,69,63,55,51,48 68,51,49,13,15,19,12,13 0,0,1,0,0,0,0,0 384384 772 1760 67 146 400 1388 43 122 383612,425,146,69,53,23,11,12,8,7,6,1,1,3,2,3,0,1,0,0,1 0,32,15,7,8,2,1,1,1,0,0,0,0,0,0,0,0,0,0,0,0 0,53,146,69,53,23,11,12,8,7,6,1,1,3,2,3,0,1,0,0,1 0,8,15,7,8,2,1,1,1,0,0,0,0,0,0,0,0,0,0,0,0
/media/michal/Pauli/masterdata/processed/annotated/rares/20140923/patrol_run_148/room_2/features/nonPlanes<fpfh_iss_2015-05-18_12-08-24.pcd 0.0144189 0.000758328 0.00194205 7 215,212,174,68,66,61,55 67,59,32,25,13,25,14 0,0,0,0,0,1,0 391545 780 1760 40 88 400 1380 28 76 390765,434,138,87,43,26,15,6,6,10,7,2,0,1,1,0,0,0,0,0,0,2,0,0,0,0,0,0,2 0,18,11,6,1,3,0,0,0,0,0,1,0,0,0,0,0,0,0,0,0,0,0,0,0,0,0,0,0 0,54,138,87,43,26,15,6,6,10,7,2,0,1,1,0,0,0,0,0,0,2,0,0,0,0,0,0,2 0,6,11,6,1,3,0,0,0,0,0,1,0,0,0,0,0,0,0,0,0,0,0,0,0,0,0,0,0
/media/michal/Pauli/masterdata/processed/annotated/rares/20140923/patrol_run_150/room_2/features/nonPlanes<fpfh_iss_2015-05-18_12-08-41.pcd 0.0142618 0.000742379 0.00192523 11 147,124,124,103,99,95,74,67,62,58,56 39,35,34,30,24,30,20,19,18,14,15 0,1,0,0,0,0,0,0,0,0,0 383295 748 1760 49 114 400 1412 29 94 382547,389,144,80,40,36,16,12,6,5,4,8,5,1,1,1 0,26,10,4,3,2,1,0,2,0,0,0,1,0,0,0 0,41,144,80,40,36,16,12,6,5,4,8,5,1,1,1 0,6,10,4,3,2,1,0,2,0,0,0,1,0,0,0
/media/michal/Pauli/masterdata/processed/annotated/rares/20140924/patrol_run_152/room_2/features/nonPlanes<fpfh_iss_2015-05-18_12-08-56.pcd 0.0170196 0.000765655 0.00191847 12 211,141,140,87,80,71,57,52,42,41,38,25 47,34,31,34,16,12,17,18,14,12,14,12 0,0,0,1,0,0,0,0,0,0,0,0 365568 728 1760 46 97 400 1432 33 84 364840,379,130,83,48,27,17,13,8,4,2,3,4,2,5,0,1,0,0,1,1 0,17,15,8,4,2,0,0,0,0,0,0,0,0,0,0,0,0,0,0,0 0,51,130,83,48,27,17,13,8,4,2,3,4,2,5,0,1,0,0,1,1 0,4,15,8,4,2,0,0,0,0,0,0,0,0,0,0,0,0,0,0,0
/media/michal/Pauli/masterdata/processed/annotated/rares/20140924/patrol_run_156/room_2/features/nonPlanes<fpfh_iss_2015-05-18_12-09-13.pcd 0.0153338 0.000713721 0.00190995 9 183,159,141,119,115,57,56,49,44 43,39,40,35,30,15,12,16,12 0,0,1,0,0,0,0,0,0 373296 712 1760 44 141 400 1448 36 133 372584,365,126,78,47,28,21,8,14,8,5,3,5,0,1,1,0,0,1,0,0,0,0,0,0,1 0,12,15,9,2,1,2,0,0,0,1,0,1,0,0,0,0,0,0,0,0,0,0,0,0,1 0,53,126,78,47,28,21,8,14,8,5,3,5,0,1,1,0,0,1,0,0,0,0,0,0,1 0,4,15,9,2,1,2,0,0,0,1,0,1,0,0,0,0,0,0,0,0,0,0,0,0,1
/media/michal/Pauli/masterdata/processed/annotated/rares/20140924/patrol_run_158/room_1/features/nonPlanes<fpfh_iss_2015-05-18_12-09-28.pcd 0.0143645 0.000746287 0.00246294 7 243,144,140,92,63,62,41 55,30,37,25,22,18,13 0,0,0,0,1,0,0 383724 727 1760 36 75 400 1433 19 58 382997,393,117,72,43,29,24,21,8,7,3,2,2,1,0,1,2,0,0,0,1,0,0,0,0,0,1 0,21,6,5,0,2,1,0,0,0,0,1,0,0,0,0,0,0,0,0,0,0,0,0,0,0,0 0,66,117,72,43,29,24,21,8,7,3,2,2,1,0,1,2,0,0,0,1,0,0,0,0,0,1 0,4,6,5,0,2,1,0,0,0,0,1,0,0,0,0,0,0,0,0,0,0,0,0,0,0,0
/media/michal/Pauli/masterdata/processed/annotated/rares/20140924/patrol_run_162/room_2/features/nonPlanes<fpfh_iss_2015-05-18_12-09-42.pcd 0.0156741 0.00121088 0.0019514 8 420,170,131,86,71,51,42,40 105,48,31,19,23,18,14,12 0,0,0,0,0,0,0,0 423654 767 1760 18 29 400 1393 7 18 422887,408,133,78,63,34,17,10,8,5,2,2,1,0,3,0,1,0,1,1 0,13,2,1,1,1,0,0,0,0,0,0,0,0,0,0,0,0,0,0 0,41,133,78,63,34,17,10,8,5,2,2,1,0,3,0,1,0,1,1 0,2,2,1,1,1,0,0,0,0,0,0,0,0,0,0,0,0,0,0
/media/michal/Pauli/masterdata/processed/annotated/rares/20140924/patrol_run_164/room_1/features/nonPlanes<fpfh_iss_2015-05-18_12-10-00.pcd 0.0182565 0.000772895 0.00190195 7 343,179,121,118,82,66,40 89,57,33,32,26,23,17 0,0,0,0,0,0,1 394284 804 1760 23 42 400 1356 14 33 393480,434,162,68,60,31,16,11,6,4,5,2,1,0,2,0,0,2 0,12,6,2,3,0,0,0,0,0,0,0,0,0,0,0,0,0 0,30,162,68,60,31,16,11,6,4,5,2,1,0,2,0,0,2 0,3,6,2,3,0,0,0,0,0,0,0,0,0,0,0,0,0
/media/michal/Pauli/masterdata/processed/annotated/rares/20140924/patrol_run_166/room_2/features/nonPlanes<fpfh_iss_2015-05-18_12-10-17.pcd 0.0170466 0.000736471 0.0019646 7 239,234,181,97,74,62,44 77,63,46,32,16,21,13 0,0,0,0,0,0,1 378378 822 1760 17 43 400 1338 11 37 377556,447,168,89,41,28,17,8,5,4,6,3,3,0,2,1 0,7,3,3,1,2,0,1,0,0,0,0,0,0,0,0 0,25,168,89,41,28,17,8,5,4,6,3,3,0,2,1 0,1,3,3,1,2,0,1,0,0,0,0,0,0,0,0
