obj_search:
  camera_z: 1.7
  ceiling_z: 2.27
  floor_z: 0
  object_query: {K: 5}
  processed_data_dir: /home/michal/Downloads/pcddata/processed/
  raw_data_dir: /media/michal/Pauli/masterdata/raw/
object_query: {K: 10, cluster_maxsize: 500, cluster_minsize: 12, cluster_tolerance: 0.2,
  clusters_to_results: true, extract_mult: 1.3, match: nonPlanes<shotcolor_uniform,
  n_max_points: 400, output_dir: 'NULL', query_features: '/home/michal/Downloads/pcddata/processed/query/queryobjects/0,01/chair1/features/rgb_0015_label_chair1<shotcolor_uniform_2015-05-26_14-46-03.pcd',
  results_out: '/home/michal/Downloads/pcddata/processed/query/k10_mx400_t0,2/iter100',
  subdirs: 4, target_features: /media/michal/Pauli/masterdata/processed/paramtest/iter100,
  x_step_hough: 0.05, y_step_hough: 0.05, z_step_hough: 0.05}
rosdistro: 'indigo

  '
roslaunch:
  uris: {host_tycho__50449: 'http://tycho:50449/', host_tycho__57236: 'http://tycho:57236/'}
rosversion: '1.11.10

  '
run_id: 04ec35c4-06e1-11e5-ab5e-3c970e77227e
BEGIN_DATA
# fname t_query t_hough t_cluster cluster_n cluster_scores cluster_points cluster_inobb n_hough_tot nonzero_hough hough_votes boxpts boxvotes maxpts maxvotes maxboxpts maxboxvotes hough_hist box_hist max_hist boxmax_hist
/media/michal/Pauli/masterdata/processed/paramtest/iter100/annotated/rares/20140820/patrol_run_4/room_0/features/nonPlanes<shotcolor_uniform_2015-05-20_21-36-39.pcd 31.363 0.00403398 0.00294658 10 410,228,119,106,85,84,77,61,57,56 57,45,20,16,14,21,23,15,13,13 1,0,0,0,0,0,0,0,0,0 1139050 1927 3720 95 460 400 1882 59 417 1137123,1216,360,138,75,34,30,24,9,7,11,9,2,5,2,1,0,1,1,0,1,1 0,29,9,6,12,5,7,8,2,3,3,3,2,3,1,0,0,0,0,0,1,1 0,0,49,138,75,34,30,24,9,7,11,9,2,5,2,1,0,1,1,0,1,1 0,0,2,6,12,5,7,8,2,3,3,3,2,3,1,0,0,0,0,0,1,1
/media/michal/Pauli/masterdata/processed/paramtest/iter100/annotated/rares/20140828/patrol_run_19/room_3/features/nonPlanes<shotcolor_uniform_2015-05-20_21-36-43.pcd 38.338 0.00166828 0.00182924 6 325,179,122,92,90,80 51,39,25,23,15,17 0,0,0,0,0,0 1240738 2095 3720 50 78 400 1721 11 35 1238643,1391,378,131,75,35,27,16,12,10,5,4,4,2,3,0,1,0,0,1 0,35,7,4,3,1,0,0,0,0,0,0,0,0,0,0,0,0,0,0 0,0,74,131,75,35,27,16,12,10,5,4,4,2,3,0,1,0,0,1 0,0,3,4,3,1,0,0,0,0,0,0,0,0,0,0,0,0,0,0
/media/michal/Pauli/masterdata/processed/paramtest/iter100/annotated/rares/20140829/patrol_run_20/room_3/features/nonPlanes<shotcolor_uniform_2015-05-20_21-36-48.pcd 30.2643 0.00137267 0.00148883 11 451,188,140,138,105,104,58,55,51,46,39 44,22,43,24,18,23,15,14,15,12,12 0,0,0,1,0,0,0,0,0,0,0 1240624 1951 3720 58 166 400 1920 25 125 1238673,1302,343,134,45,32,23,13,16,5,9,3,5,2,4,0,1,3,1,0,2,3,0,0,1,1,2,0,0,0,0,0,0,0,1 0,25,10,11,1,2,4,1,2,0,0,0,0,1,1,0,0,0,0,0,0,0,0,0,0,0,0,0,0,0,0,0,0,0,0 0,0,94,134,45,32,23,13,16,5,9,3,5,2,4,0,1,3,1,0,2,3,0,0,1,1,2,0,0,0,0,0,0,0,1 0,0,2,11,1,2,4,1,2,0,0,0,0,1,1,0,0,0,0,0,0,0,0,0,0,0,0,0,0,0,0,0,0,0,0
/media/michal/Pauli/masterdata/processed/paramtest/iter100/annotated/rares/20140829/patrol_run_26/room_2/features/nonPlanes<shotcolor_uniform_2015-05-20_21-36-50.pcd 39.1283 0.00251352 0.00187653 7 515,236,155,106,90,76,75 80,40,25,26,14,14,15 1,0,0,0,0,0,0 1135060 1894 3720 117 533 400 1949 69 470 1133166,1217,335,124,71,39,22,21,13,11,15,5,4,5,5,4,1,1,0,1 0,33,16,13,11,9,7,7,4,2,4,0,0,3,3,3,1,1,0,0 0,0,58,124,71,39,22,21,13,11,15,5,4,5,5,4,1,1,0,1 0,0,1,13,11,9,7,7,4,2,4,0,0,3,3,3,1,1,0,0
/media/michal/Pauli/masterdata/processed/paramtest/iter100/annotated/rares/20140901/patrol_run_27/room_2/features/nonPlanes<shotcolor_uniform_2015-05-20_21-36-55.pcd 37.5006 0.00103717 0.000923326 7 498,145,134,131,101,84,61 66,22,33,26,17,16,15 1,0,0,0,0,0,0 1094400 2009 3720 111 561 400 1859 69 507 1092391,1357,335,123,62,35,22,18,12,5,17,6,4,3,2,0,3,1,1,1,0,0,1,0,0,0,0,1 0,30,15,11,7,9,7,6,4,4,4,3,2,2,2,0,1,1,1,1,0,0,1,0,0,0,0,0 0,0,83,123,62,35,22,18,12,5,17,6,4,3,2,0,3,1,1,1,0,0,1,0,0,0,0,1 0,0,3,11,7,9,7,6,4,4,4,3,2,2,2,0,1,1,1,1,0,0,1,0,0,0,0,0
/media/michal/Pauli/masterdata/processed/paramtest/iter100/annotated/rares/20140901/patrol_run_31/room_2/features/nonPlanes<shotcolor_uniform_2015-05-20_21-36-59.pcd 27.2662 0.142782 0.00187172 7 597,413,87,85,82,80,56 66,55,12,18,14,16,17 0,0,0,0,0,0,0 1264640 1775 3720 9 12 400 2150 1 4 1262865,1180,273,124,60,32,27,14,6,5,5,15,3,1,3,4,1,6,2,1,1,1,2,1,0,3,0,3,0,1,0,0,0,0,0,0,0,1 0,8,0,0,1,0,0,0,0,0,0,0,0,0,0,0,0,0,0,0,0,0,0,0,0,0,0,0,0,0,0,0,0,0,0,0,0,0 0,0,78,124,60,32,27,14,6,5,5,15,3,1,3,4,1,6,2,1,1,1,2,1,0,3,0,3,0,1,0,0,0,0,0,0,0,1 0,0,0,0,1,0,0,0,0,0,0,0,0,0,0,0,0,0,0,0,0,0,0,0,0,0,0,0,0,0,0,0,0,0,0,0,0,0
/media/michal/Pauli/masterdata/processed/paramtest/iter100/annotated/rares/20140901/patrol_run_32/room_2/features/nonPlanes<shotcolor_uniform_2015-05-20_21-37-02.pcd 35.7602 0.00329399 0.00215399 8 269,187,183,135,125,67,47,29 26,18,21,25,14,15,13,12 1,0,0,0,0,0,0,0 1201408 1978 3720 30 267 400 1935 24 260 1199430,1371,302,129,51,37,25,13,7,6,2,6,2,5,3,2,3,2,2,1,1,1,1,1,1,0,1,0,1,0,0,0,0,1,0,0,0,1 0,5,3,2,2,1,1,2,2,0,1,1,0,2,1,0,3,0,1,1,0,0,1,0,0,0,0,0,0,0,0,0,0,1,0,0,0,0 0,0,95,129,51,37,25,13,7,6,2,6,2,5,3,2,3,2,2,1,1,1,1,1,1,0,1,0,1,0,0,0,0,1,0,0,0,1 0,0,2,2,2,1,1,2,2,0,1,1,0,2,1,0,3,0,1,1,0,0,1,0,0,0,0,0,0,0,0,0,0,1,0,0,0,0
/media/michal/Pauli/masterdata/processed/paramtest/iter100/annotated/rares/20140901/patrol_run_33/room_1/features/nonPlanes<shotcolor_uniform_2015-05-20_21-37-05.pcd 41.7487 0.00369734 0.00164613 6 225,190,74,64,48,46 70,52,19,14,19,16 -1 1186056 2497 3720 -1 -1 400 1326 -1 -1 1183559,1800,414,157,65,31,14,9,5,1,1 -1 0,0,117,157,65,31,14,9,5,1,1 -1
/media/michal/Pauli/masterdata/processed/paramtest/iter100/annotated/rares/20140902/patrol_run_35/room_2/features/nonPlanes<shotcolor_uniform_2015-05-20_21-37-10.pcd 38.7012 0.00276042 0.00198878 7 477,344,159,76,60,51,40 71,55,32,13,16,17,13 1,0,0,0,0,0,0 1120164 1970 3720 115 527 400 1899 69 469 1118194,1319,312,148,58,40,18,21,9,13,9,3,3,0,4,5,1,2,0,0,2,0,0,1,0,0,0,2 0,34,16,18,4,9,5,11,3,5,3,1,0,0,0,1,0,1,0,0,1,0,0,1,0,0,0,2 0,0,61,148,58,40,18,21,9,13,9,3,3,0,4,5,1,2,0,0,2,0,0,1,0,0,0,2 0,0,4,18,4,9,5,11,3,5,3,1,0,0,0,1,0,1,0,0,1,0,0,1,0,0,0,2
/media/michal/Pauli/masterdata/processed/paramtest/iter100/annotated/rares/20140902/patrol_run_38/room_0/features/nonPlanes<shotcolor_uniform_2015-05-20_21-37-14.pcd 35.3778 0.00387211 0.00331497 9 150,142,108,104,95,92,92,85,54 27,31,21,20,17,21,20,12,12 0,0,0,0,0,0,0,0,0 1060884 2020 3720 50 103 400 1776 13 56 1058864,1296,380,149,71,33,23,21,14,6,11,5,5,1,1,0,3,1 0,27,14,4,1,1,0,1,0,0,2,0,0,0,0,0,0,0 0,0,56,149,71,33,23,21,14,6,11,5,5,1,1,0,3,1 0,0,4,4,1,1,0,1,0,0,2,0,0,0,0,0,0,0
/media/michal/Pauli/masterdata/processed/paramtest/iter100/annotated/rares/20140903/patrol_run_1/room_4/features/nonPlanes<shotcolor_uniform_2015-05-20_21-37-18.pcd 36.9503 0.00441475 0.001779 8 237,176,158,152,149,117,91,61 26,22,26,17,22,20,21,14 1,0,0,0,1,0,0,0 1165840 1808 3720 75 410 400 2038 45 374 1164032,1134,331,127,68,37,20,18,23,9,9,11,5,1,3,3,1,1,1,0,0,0,1,2,0,1,0,0,1,0,0,0,1 0,24,8,6,6,7,3,1,4,1,4,2,1,0,2,2,0,0,1,0,0,0,1,1,0,0,0,0,0,0,0,0,1 0,0,57,127,68,37,20,18,23,9,9,11,5,1,3,3,1,1,1,0,0,0,1,2,0,1,0,0,1,0,0,0,1 0,0,2,6,6,7,3,1,4,1,4,2,1,0,2,2,0,0,1,0,0,0,1,1,0,0,0,0,0,0,0,0,1
/media/michal/Pauli/masterdata/processed/paramtest/iter100/annotated/rares/20140903/patrol_run_10/room_2/features/nonPlanes<shotcolor_uniform_2015-05-20_21-37-21.pcd 32.7677 0.00465311 0.00310966 5 585,185,167,70,46 96,26,25,16,15 0,1,0,0,0 1150032 1976 3720 37 178 400 1878 23 161 1148056,1310,323,141,73,42,20,15,8,9,7,4,5,7,3,2,0,3,0,1,2,0,1 0,11,4,8,2,2,0,1,1,0,1,3,0,3,0,0,0,0,0,0,1,0,0 0,0,57,141,73,42,20,15,8,9,7,4,5,7,3,2,0,3,0,1,2,0,1 0,0,1,8,2,2,0,1,1,0,1,3,0,3,0,0,0,0,0,0,1,0,0
/media/michal/Pauli/masterdata/processed/paramtest/iter100/annotated/rares/20140903/patrol_run_12/room_2/features/nonPlanes<shotcolor_uniform_2015-05-20_21-37-24.pcd 35.3065 0.00336261 0.00173075 8 202,199,153,151,119,110,56,42 33,25,32,19,25,20,12,13 0,0,1,0,0,0,0,0 1093032 1949 3720 41 162 400 1890 30 144 1091083,1268,324,159,67,34,27,19,8,8,5,6,11,3,2,0,3,0,2,1,2 0,4,12,11,3,2,2,1,2,2,0,0,1,0,1,0,0,0,0,0,0 0,0,43,159,67,34,27,19,8,8,5,6,11,3,2,0,3,0,2,1,2 0,0,5,11,3,2,2,1,2,2,0,0,1,0,1,0,0,0,0,0,0
/media/michal/Pauli/masterdata/processed/paramtest/iter100/annotated/rares/20140903/patrol_run_14/room_1/features/nonPlanes<shotcolor_uniform_2015-05-20_21-37-28.pcd 38.0826 0.00389945 0.0019093 7 235,225,178,156,85,61,47 24,38,33,24,20,12,14 0,1,0,0,0,0,0 1236064 1992 3720 49 215 400 1863 32 192 1234072,1327,336,124,66,48,24,16,7,11,10,5,8,2,0,2,1,1,1,0,1,0,0,0,0,1,0,0,0,0,0,1 0,11,7,4,5,10,3,1,1,2,2,0,2,1,0,0,0,0,0,0,0,0,0,0,0,0,0,0,0,0,0,0 0,0,71,124,66,48,24,16,7,11,10,5,8,2,0,2,1,1,1,0,1,0,0,0,0,1,0,0,0,0,0,1 0,0,1,4,5,10,3,1,1,2,2,0,2,1,0,0,0,0,0,0,0,0,0,0,0,0,0,0,0,0,0,0
/media/michal/Pauli/masterdata/processed/paramtest/iter100/annotated/rares/20140903/patrol_run_2/room_4/features/nonPlanes<shotcolor_uniform_2015-05-20_21-37-32.pcd 29.0391 0.00316552 0.00174714 8 230,211,138,118,75,69,45,39 36,24,19,19,15,19,12,13 1,0,0,0,0,0,0,0 1119404 2014 3720 122 430 400 1827 52 335 1117390,1335,349,149,60,37,19,21,13,2,2,3,6,1,2,4,4,2,1,1,1,0,0,1,0,0,0,0,1 0,45,29,10,7,9,8,5,2,0,0,0,2,0,1,0,1,0,0,0,1,0,0,1,0,0,0,0,1 0,0,70,149,60,37,19,21,13,2,2,3,6,1,2,4,4,2,1,1,1,0,0,1,0,0,0,0,1 0,0,4,10,7,9,8,5,2,0,0,0,2,0,1,0,1,0,0,0,1,0,0,1,0,0,0,0,1
/media/michal/Pauli/masterdata/processed/paramtest/iter100/annotated/rares/20140903/patrol_run_9/room_2/features/nonPlanes<shotcolor_uniform_2015-05-20_21-37-35.pcd 31.4743 0.00173474 0.00202838 6 333,203,197,127,81,63 59,35,33,17,13,17 0,0,0,1,0,0 1234240 2085 3720 32 148 400 1772 17 127 1232155,1422,344,121,67,39,30,17,12,13,3,3,3,4,1,2,1,1,1,0,0,0,0,0,0,0,1 0,9,6,3,1,5,1,2,0,1,1,0,2,0,0,0,0,0,0,0,0,0,0,0,0,0,1 0,0,81,121,67,39,30,17,12,13,3,3,3,4,1,2,1,1,1,0,0,0,0,0,0,0,1 0,0,0,3,1,5,1,2,0,1,1,0,2,0,0,0,0,0,0,0,0,0,0,0,0,0,1
/media/michal/Pauli/masterdata/processed/paramtest/iter100/annotated/rares/20140904/patrol_run_15/room_2/features/nonPlanes<shotcolor_uniform_2015-05-20_21-37-39.pcd 27.7087 0.00219543 0.00204664 8 421,146,145,142,131,120,98,72 70,33,28,32,31,33,18,12 1,0,0,0,0,0,0,0 1260004 1995 3720 144 522 400 1816 70 421 1258009,1286,363,132,77,36,26,26,15,17,2,3,6,1,3,1,0,0,1 0,47,31,18,8,8,7,5,3,7,2,2,3,1,1,0,0,0,1 0,0,54,132,77,36,26,26,15,17,2,3,6,1,3,1,0,0,1 0,0,4,18,8,8,7,5,3,7,2,2,3,1,1,0,0,0,1
/media/michal/Pauli/masterdata/processed/paramtest/iter100/annotated/rares/20140905/patrol_run_17/room_2/features/nonPlanes<shotcolor_uniform_2015-05-20_21-37-42.pcd 34.2245 0.00247172 0.00170501 9 167,127,121,119,89,85,71,64,56 18,22,18,17,15,20,18,16,13 0,0,0,0,1,0,0,0,0 1161888 2011 3720 89 212 400 1807 30 142 1159877,1309,351,155,60,46,29,16,16,6,7,3,3,1,0,2,2,1,2,1,1 0,48,15,12,4,1,1,0,5,1,0,2,0,0,0,0,0,0,0,0,0 0,0,49,155,60,46,29,16,16,6,7,3,3,1,0,2,2,1,2,1,1 0,0,4,12,4,1,1,0,5,1,0,2,0,0,0,0,0,0,0,0,0
/media/michal/Pauli/masterdata/processed/paramtest/iter100/annotated/rares/20140905/patrol_run_19/room_1/features/nonPlanes<shotcolor_uniform_2015-05-20_21-37-46.pcd 29.7075 0.00320897 0.000773784 8 169,142,133,100,89,86,82,75 26,17,32,13,20,14,16,15 0,0,0,0,0,0,0,0 1118416 1947 3720 51 84 400 1860 9 35 1116469,1234,381,126,67,45,20,25,8,8,8,11,3,2,1,3,1,1,1,0,0,0,0,0,1,1 0,35,8,3,2,2,1,0,0,0,0,0,0,0,0,0,0,0,0,0,0,0,0,0,0,0 0,0,68,126,67,45,20,25,8,8,8,11,3,2,1,3,1,1,1,0,0,0,0,0,1,1 0,0,1,3,2,2,1,0,0,0,0,0,0,0,0,0,0,0,0,0,0,0,0,0,0,0
/media/michal/Pauli/masterdata/processed/paramtest/iter100/annotated/rares/20140905/patrol_run_21/room_2/features/nonPlanes<shotcolor_uniform_2015-05-20_21-37-49.pcd 37.3505 0.00556091 0.00336856 5 548,204,179,112,55 92,37,42,24,13 0,0,0,0,0 1181040 1968 3720 33 41 400 1872 2 8 1179072,1288,319,141,85,36,30,24,15,3,7,5,5,0,3,3,0,0,0,1,0,1,2 0,29,3,0,0,0,1,0,0,0,0,0,0,0,0,0,0,0,0,0,0,0,0 0,0,39,141,85,36,30,24,15,3,7,5,5,0,3,3,0,0,0,1,0,1,2 0,0,1,0,0,0,1,0,0,0,0,0,0,0,0,0,0,0,0,0,0,0,0
/media/michal/Pauli/masterdata/processed/paramtest/iter100/annotated/rares/20140905/patrol_run_23/room_2/features/nonPlanes<shotcolor_uniform_2015-05-20_21-37-53.pcd 29.4268 0.00273709 0.00125727 6 644,281,121,84,68,57 79,46,29,17,13,13 0,0,0,0,0,1 1000688 1828 3720 61 118 400 2032 14 61 998860,1168,303,133,74,45,24,19,14,9,6,9,2,3,5,2,2,4,1,0,1,0,1,1,1,0,0,1 0,37,11,6,3,2,0,1,0,0,0,0,1,0,0,0,0,0,0,0,0,0,0,0,0,0,0,0 0,0,43,133,74,45,24,19,14,9,6,9,2,3,5,2,2,4,1,0,1,0,1,1,1,0,0,1 0,0,1,6,3,2,0,1,0,0,0,0,1,0,0,0,0,0,0,0,0,0,0,0,0,0,0,0
/media/michal/Pauli/masterdata/processed/paramtest/iter100/annotated/rares/20140905/patrol_run_25/room_1/features/nonPlanes<shotcolor_uniform_2015-05-20_21-37-57.pcd 34.718 0.00160825 0.00265454 5 388,385,170,118,70 49,64,31,18,21 0,0,0,0,0 1075896 1895 3720 45 73 400 1949 9 28 1074001,1219,343,133,71,26,23,21,15,7,3,9,8,5,0,3,2,0,1,1,1,0,0,0,1,0,1,1,0,0,0,0,0,1 0,27,11,4,3,0,0,0,0,0,0,0,0,0,0,0,0,0,0,0,0,0,0,0,0,0,0,0,0,0,0,0,0,0 0,0,67,133,71,26,23,21,15,7,3,9,8,5,0,3,2,0,1,1,1,0,0,0,1,0,1,1,0,0,0,0,0,1 0,0,2,4,3,0,0,0,0,0,0,0,0,0,0,0,0,0,0,0,0,0,0,0,0,0,0,0,0,0,0,0,0,0
/media/michal/Pauli/masterdata/processed/paramtest/iter100/annotated/rares/20140905/patrol_run_27/room_2/features/nonPlanes<shotcolor_uniform_2015-05-20_21-38-00.pcd 23.3388 0.00308113 0.00246583 7 502,206,199,164,114,76,71 83,44,28,23,24,14,16 0,0,0,0,0,0,0 1058400 1851 3720 63 119 400 1972 15 58 1056549,1154,330,138,76,52,26,18,11,11,8,5,5,6,5,1,0,2,0,1,1,0,0,0,0,0,0,0,1 0,35,14,8,1,2,3,0,0,0,0,0,0,0,0,0,0,0,0,0,0,0,0,0,0,0,0,0,0 0,0,33,138,76,52,26,18,11,11,8,5,5,6,5,1,0,2,0,1,1,0,0,0,0,0,0,0,1 0,0,1,8,1,2,3,0,0,0,0,0,0,0,0,0,0,0,0,0,0,0,0,0,0,0,0,0,0
/media/michal/Pauli/masterdata/processed/paramtest/iter100/annotated/rares/20140905/patrol_run_29/room_2/features/nonPlanes<shotcolor_uniform_2015-05-20_21-38-03.pcd 26.862 0.00169858 0.00252072 7 317,252,190,155,127,118,63 59,48,42,25,24,13,13 0,0,0,0,1,0,0 988992 1845 3720 56 165 400 1945 22 122 987147,1115,343,150,83,47,30,22,20,10,7,6,4,0,1,3,1,0,1,1,0,0,1 0,25,9,7,5,3,1,0,3,0,1,1,0,0,0,1,0,0,0,0,0,0,0 0,0,13,150,83,47,30,22,20,10,7,6,4,0,1,3,1,0,1,1,0,0,1 0,0,0,7,5,3,1,0,3,0,1,1,0,0,0,1,0,0,0,0,0,0,0
/media/michal/Pauli/masterdata/processed/paramtest/iter100/annotated/rares/20140905/patrol_run_30/room_1/features/nonPlanes<shotcolor_uniform_2015-05-20_21-38-06.pcd 35.8945 0.00298098 0.00291607 5 724,193,123,122,112 83,44,25,33,14 0,0,0,0,0 950232 1790 3720 23 42 400 2064 7 23 948442,1124,339,116,72,31,27,12,16,9,10,6,4,3,2,1,2,4,2,1,2,0,1,2,2,0,0,0,0,0,1,0,0,0,0,1 0,13,6,1,1,2,0,0,0,0,0,0,0,0,0,0,0,0,0,0,0,0,0,0,0,0,0,0,0,0,0,0,0,0,0,0 0,0,73,116,72,31,27,12,16,9,10,6,4,3,2,1,2,4,2,1,2,0,1,2,2,0,0,0,0,0,1,0,0,0,0,1 0,0,3,1,1,2,0,0,0,0,0,0,0,0,0,0,0,0,0,0,0,0,0,0,0,0,0,0,0,0,0,0,0,0,0,0
/media/michal/Pauli/masterdata/processed/paramtest/iter100/annotated/rares/20140905/patrol_run_30/room_7/features/nonPlanes<shotcolor_uniform_2015-05-20_21-38-10.pcd 31.9606 0.00250508 0.000831819 8 357,166,163,150,94,79,53,53 70,21,28,28,26,18,16,16 1,0,0,0,0,0,0,0 1158544 2081 3720 124 381 400 1760 61 304 1156463,1402,351,125,77,43,28,9,14,10,5,5,4,4,1,0,0,0,1,0,0,1,0,0,0,0,0,1 0,49,19,22,9,6,5,2,4,3,0,3,1,0,1,0,0,0,0,0,0,0,0,0,0,0,0,0 0,0,72,125,77,43,28,9,14,10,5,5,4,4,1,0,0,0,1,0,0,1,0,0,0,0,0,1 0,0,5,22,9,6,5,2,4,3,0,3,1,0,1,0,0,0,0,0,0,0,0,0,0,0,0,0
/media/michal/Pauli/masterdata/processed/paramtest/iter100/annotated/rares/20140908/patrol_run_32/room_2/features/nonPlanes<shotcolor_uniform_2015-05-20_21-38-13.pcd 41.874 0.00317194 0.000793705 7 222,193,179,128,97,68,43 46,33,34,35,22,17,12 0,0,0,0,0,0,0 1146802 2052 3720 35 60 400 1719 5 21 1144750,1303,404,139,77,49,27,23,12,2,4,3,1,3,3,1,0,0,0,0,0,1 0,21,9,1,2,2,0,0,0,0,0,0,0,0,0,0,0,0,0,0,0,0 0,0,55,139,77,49,27,23,12,2,4,3,1,3,3,1,0,0,0,0,0,1 0,0,0,1,2,2,0,0,0,0,0,0,0,0,0,0,0,0,0,0,0,0
/media/michal/Pauli/masterdata/processed/paramtest/iter100/annotated/rares/20140908/patrol_run_34/room_2/features/nonPlanes<shotcolor_uniform_2015-05-20_21-38-17.pcd 32.7783 0.00194671 0.00172137 9 258,169,153,139,90,80,78,73,53 38,31,29,17,19,16,20,12,13 0,0,0,0,0,1,0,0,0 1146612 1908 3720 83 264 400 1880 28 190 1144704,1176,359,159,67,44,43,19,13,8,6,2,2,1,0,1,0,1,3,1,0,1,0,1,0,0,1 0,36,20,7,3,2,5,2,3,0,1,1,1,0,0,0,0,0,1,0,0,0,0,0,0,0,1 0,0,27,159,67,44,43,19,13,8,6,2,2,1,0,1,0,1,3,1,0,1,0,1,0,0,1 0,0,1,7,3,2,5,2,3,0,1,1,1,0,0,0,0,0,1,0,0,0,0,0,0,0,1
/media/michal/Pauli/masterdata/processed/paramtest/iter100/annotated/rares/20140908/patrol_run_36/room_3/features/nonPlanes<shotcolor_uniform_2015-05-20_21-38-21.pcd 29.2102 0.00336711 0.00278936 8 637,222,110,107,90,86,62,42 84,19,26,23,23,20,13,12 1,0,0,0,0,0,0,0 949620 1830 3720 109 636 400 2026 76 596 947790,1166,292,151,77,36,36,17,13,5,4,5,7,4,3,4,3,0,1,1,1,1,1,0,0,0,1,0,0,0,0,0,0,0,0,0,0,0,1 0,26,10,12,11,7,8,3,4,4,1,4,6,3,2,2,2,0,1,1,1,0,0,0,0,0,1,0,0,0,0,0,0,0,0,0,0,0,0 0,0,28,151,77,36,36,17,13,5,4,5,7,4,3,4,3,0,1,1,1,1,1,0,0,0,1,0,0,0,0,0,0,0,0,0,0,0,1 0,0,3,12,11,7,8,3,4,4,1,4,6,3,2,2,2,0,1,1,1,0,0,0,0,0,1,0,0,0,0,0,0,0,0,0,0,0,0
/media/michal/Pauli/masterdata/processed/paramtest/iter100/annotated/rares/20140908/patrol_run_38/room_2/features/nonPlanes<shotcolor_uniform_2015-05-20_21-38-24.pcd 34.3189 0.00268223 0.00194597 6 439,246,219,139,102,99 85,41,44,13,19,22 1,0,0,0,0,0 942956 1885 3720 133 471 400 1936 75 399 941071,1186,317,148,84,52,30,18,10,8,8,5,6,3,5,2,2,0,0,0,0,0,0,0,1 0,44,15,15,20,19,6,2,3,1,3,1,1,2,0,1,0,0,0,0,0,0,0,0,0 0,0,18,148,84,52,30,18,10,8,8,5,6,3,5,2,2,0,0,0,0,0,0,0,1 0,0,1,15,20,19,6,2,3,1,3,1,1,2,0,1,0,0,0,0,0,0,0,0,0
/media/michal/Pauli/masterdata/processed/paramtest/iter100/annotated/rares/20140908/patrol_run_39/room_3/features/nonPlanes<shotcolor_uniform_2015-05-20_21-38-28.pcd 28.9511 0.00304888 0.00191963 6 509,320,134,114,94,74 57,49,23,21,18,15 0,0,0,0,0,0 1107662 1724 3720 44 67 400 2140 8 26 1105938,1068,298,142,69,30,28,19,10,8,12,8,6,5,4,1,2,2,3,2,1,1,0,1,0,1,0,0,1,0,2 0,31,6,4,3,0,0,0,0,0,0,0,0,0,0,0,0,0,0,0,0,0,0,0,0,0,0,0,0,0,0 0,0,42,142,69,30,28,19,10,8,12,8,6,5,4,1,2,2,3,2,1,1,0,1,0,1,0,0,1,0,2 0,0,1,4,3,0,0,0,0,0,0,0,0,0,0,0,0,0,0,0,0,0,0,0,0,0,0,0,0,0,0
/media/michal/Pauli/masterdata/processed/paramtest/iter100/annotated/rares/20140908/patrol_run_41/room_3/features/nonPlanes<shotcolor_uniform_2015-05-20_21-38-31.pcd 35.9208 0.00289356 0.00181332 8 597,159,139,123,72,55,55,50 80,23,34,16,17,13,12,12 1,0,0,0,0,0,0,0 1040400 1783 3720 106 548 400 2053 63 491 1038617,1099,332,133,68,48,19,17,15,9,6,7,5,3,5,4,1,1,4,3,2,1,0,1 0,29,19,10,5,12,1,5,3,3,3,2,2,1,2,2,1,1,2,0,2,0,0,1 0,0,48,133,68,48,19,17,15,9,6,7,5,3,5,4,1,1,4,3,2,1,0,1 0,0,5,10,5,12,1,5,3,3,3,2,2,1,2,2,1,1,2,0,2,0,0,1
/media/michal/Pauli/masterdata/processed/paramtest/iter100/annotated/rares/20140908/patrol_run_43/room_3/features/nonPlanes<shotcolor_uniform_2015-05-20_21-38-36.pcd 31.5008 0.00189147 0.00192671 8 646,200,133,122,83,76,58,53 61,22,15,28,21,15,15,13 1,0,0,0,0,0,0,0 1100784 1764 3720 100 723 400 2107 66 677 1099020,1115,333,120,54,32,19,18,10,11,7,11,5,7,2,4,2,2,2,0,0,1,1,2,1,1,1,0,1,1,0,1 0,22,16,7,3,4,2,6,5,7,3,5,1,4,1,1,1,2,2,0,0,1,1,2,1,1,0,0,1,1,0,0 0,0,84,120,54,32,19,18,10,11,7,11,5,7,2,4,2,2,2,0,0,1,1,2,1,1,1,0,1,1,0,1 0,0,4,7,3,4,2,6,5,7,3,5,1,4,1,1,1,2,2,0,0,1,1,2,1,1,0,0,1,1,0,0
/media/michal/Pauli/masterdata/processed/paramtest/iter100/annotated/rares/20140908/patrol_run_45/room_2/features/nonPlanes<shotcolor_uniform_2015-05-20_21-38-39.pcd 32.3758 0.00328525 0.00182199 8 328,240,220,158,93,92,73,69 57,38,31,17,17,20,23,15 0,0,1,0,0,0,0,0 1109600 1808 3720 117 451 400 2018 57 374 1107792,1114,348,116,83,37,32,19,13,8,12,1,5,3,3,5,2,1,0,1,0,1,0,1,1,0,1,0,0,0,0,0,0,0,0,1 0,43,19,14,8,5,8,4,2,2,4,0,1,1,1,3,1,0,0,0,0,1,0,0,0,0,0,0,0,0,0,0,0,0,0,0 0,0,54,116,83,37,32,19,13,8,12,1,5,3,3,5,2,1,0,1,0,1,0,1,1,0,1,0,0,0,0,0,0,0,0,1 0,0,2,14,8,5,8,4,2,2,4,0,1,1,1,3,1,0,0,0,0,1,0,0,0,0,0,0,0,0,0,0,0,0,0,0
/media/michal/Pauli/masterdata/processed/paramtest/iter100/annotated/rares/20140908/patrol_run_47/room_3/features/nonPlanes<shotcolor_uniform_2015-05-20_21-38-43.pcd 31.9422 0.00299071 0.00283401 5 880,164,155,85,38 118,25,33,18,12 1,0,0,0,0 1105800 1859 3720 163 858 400 2018 98 777 1103941,1216,319,125,58,37,21,19,8,7,12,6,5,4,5,4,4,0,1,0,3,3,0,0,1,0,0,0,0,0,0,1 0,49,21,19,11,10,3,11,6,4,7,1,3,2,3,3,2,0,1,0,3,2,0,0,1,0,0,0,0,0,0,1 0,0,76,125,58,37,21,19,8,7,12,6,5,4,5,4,4,0,1,0,3,3,0,0,1,0,0,0,0,0,0,1 0,0,5,19,11,10,3,11,6,4,7,1,3,2,3,3,2,0,1,0,3,2,0,0,1,0,0,0,0,0,0,1
/media/michal/Pauli/masterdata/processed/paramtest/iter100/annotated/rares/20140909/patrol_run_49/room_3/features/nonPlanes<shotcolor_uniform_2015-05-20_21-38-47.pcd 35.547 0.0036703 0.00186232 9 351,207,159,110,81,59,58,48,42 76,33,31,15,23,12,15,12,13 0,0,0,0,0,0,0,0,0 1049598 2015 3720 64 107 400 1786 12 43 1047583,1296,372,150,73,31,31,17,15,7,5,3,6,1,2,3,1,0,1,0,1 0,40,13,5,5,0,1,0,0,0,0,0,0,0,0,0,0,0,0,0,0 0,0,53,150,73,31,31,17,15,7,5,3,6,1,2,3,1,0,1,0,1 0,0,1,5,5,0,1,0,0,0,0,0,0,0,0,0,0,0,0,0,0
/media/michal/Pauli/masterdata/processed/paramtest/iter100/annotated/rares/20140909/patrol_run_51/room_3/features/nonPlanes<shotcolor_uniform_2015-05-20_21-38-51.pcd 39.5344 0.00547427 0.00294251 5 473,185,137,59,34 77,34,29,12,12 1,0,0,0,0 1987742 1968 3720 141 533 400 1850 68 434 1985774,1266,354,132,68,42,36,19,13,16,7,8,2,0,0,0,1,2,0,1,1 0,47,27,20,8,4,8,6,5,5,4,3,0,0,0,0,1,1,0,1,1 0,0,52,132,68,42,36,19,13,16,7,8,2,0,0,0,1,2,0,1,1 0,0,1,20,8,4,8,6,5,5,4,3,0,0,0,0,1,1,0,1,1
/media/michal/Pauli/masterdata/processed/paramtest/iter100/annotated/rares/20140909/patrol_run_53/room_3/features/nonPlanes<shotcolor_uniform_2015-05-20_21-38-56.pcd 32.9625 0.00142043 0.00178961 9 223,219,111,92,76,76,67,59,49 38,39,21,15,19,17,15,14,13 0,1,0,0,0,0,0,0,0 1102608 2002 3720 89 279 400 1778 41 216 1100606,1262,370,159,79,49,25,15,20,7,5,2,4,0,0,2,0,2,1 0,33,16,12,6,11,3,1,2,1,2,0,1,0,0,0,0,1,0 0,0,30,159,79,49,25,15,20,7,5,2,4,0,0,2,0,2,1 0,0,1,12,6,11,3,1,2,1,2,0,1,0,0,0,0,1,0
/media/michal/Pauli/masterdata/processed/paramtest/iter100/annotated/rares/20140909/patrol_run_55/room_3/features/nonPlanes<shotcolor_uniform_2015-05-20_21-39-00.pcd 36.2838 0.00343721 0.00312675 9 290,118,99,97,81,69,66,63,47 58,17,22,19,23,20,18,19,14 0,0,0,0,0,0,0,0,0 1020908 2195 3720 30 66 400 1602 10 45 1018713,1472,394,149,75,39,22,17,9,7,5,1,0,2,2,0,0,1 0,19,1,3,3,2,1,0,1,0,0,0,0,0,0,0,0,0 0,0,71,149,75,39,22,17,9,7,5,1,0,2,2,0,0,1 0,0,0,3,3,2,1,0,1,0,0,0,0,0,0,0,0,0
/media/michal/Pauli/masterdata/processed/paramtest/iter100/annotated/rares/20140909/patrol_run_57/room_3/features/nonPlanes<shotcolor_uniform_2015-05-20_21-39-04.pcd 38.3244 0.00585066 0.00315888 5 257,240,172,105,78 44,36,38,22,14 0,1,0,0,0 2799460 1928 3720 93 324 400 1876 41 260 2797532,1212,345,148,83,49,28,14,16,11,4,4,5,2,0,2,1,0,1,0,1,0,0,0,0,2 0,40,14,5,10,6,5,3,4,0,1,1,1,0,0,2,0,0,0,0,0,0,0,0,0,1 0,0,29,148,83,49,28,14,16,11,4,4,5,2,0,2,1,0,1,0,1,0,0,0,0,2 0,0,2,5,10,6,5,3,4,0,1,1,1,0,0,2,0,0,0,0,0,0,0,0,0,1
/media/michal/Pauli/masterdata/processed/paramtest/iter100/annotated/rares/20140909/patrol_run_59/room_3/features/nonPlanes<shotcolor_uniform_2015-05-20_21-39-07.pcd 22.9563 0.000951396 0.00187174 7 390,287,223,122,112,99,51 68,42,44,27,19,16,13 1,0,0,0,0,0,0 446622 1868 3720 137 474 400 1959 67 385 444754,1175,321,138,74,49,27,25,26,4,8,6,5,0,3,3,1,1,0,1,0,0,1 0,51,21,20,12,6,5,6,5,2,4,2,0,0,1,1,0,0,0,0,0,0,1 0,0,28,138,74,49,27,25,26,4,8,6,5,0,3,3,1,1,0,1,0,0,1 0,0,2,20,12,6,5,6,5,2,4,2,0,0,1,1,0,0,0,0,0,0,1
/media/michal/Pauli/masterdata/processed/paramtest/iter100/annotated/rares/20140909/patrol_run_61/room_3/features/nonPlanes<shotcolor_uniform_2015-05-20_21-39-09.pcd 23.7832 0.000435862 0.000966392 7 459,220,174,164,140,140,50 62,24,37,25,30,17,13 0,0,0,0,0,0,0 447579 1661 3720 51 83 400 2186 11 36 445918,988,287,144,65,48,39,21,14,13,9,7,3,6,1,4,2,2,2,1,0,0,0,0,1,1,1,0,0,0,1,0,0,0,0,1 0,33,7,9,1,1,0,0,0,0,0,0,0,0,0,0,0,0,0,0,0,0,0,0,0,0,0,0,0,0,0,0,0,0,0,0 0,0,14,144,65,48,39,21,14,13,9,7,3,6,1,4,2,2,2,1,0,0,0,0,1,1,1,0,0,0,1,0,0,0,0,1 0,0,0,9,1,1,0,0,0,0,0,0,0,0,0,0,0,0,0,0,0,0,0,0,0,0,0,0,0,0,0,0,0,0,0,0
/media/michal/Pauli/masterdata/processed/paramtest/iter100/annotated/rares/20140909/patrol_run_63/room_3/features/nonPlanes<shotcolor_uniform_2015-05-20_21-39-12.pcd 24.6837 0.000850654 0.00179939 6 468,173,173,124,47,47 110,44,43,29,13,12 0,0,0,1,0,0 420420 2107 3720 105 252 400 1600 36 155 418313,1294,429,190,96,38,31,12,9,3,3,0,1,1 0,41,28,14,10,5,4,1,1,1,0,0,0,0 0,0,16,190,96,38,31,12,9,3,3,0,1,1 0,0,0,14,10,5,4,1,1,1,0,0,0,0
/media/michal/Pauli/masterdata/processed/paramtest/iter100/annotated/rares/20140910/patrol_run_67/room_3/features/nonPlanes<shotcolor_uniform_2015-05-20_21-39-14.pcd 26.409 0.00112013 0.00306693 8 435,191,148,146,115,106,93,90 63,22,22,24,23,24,17,13 1,0,0,0,0,0,0,0 473286 1735 3720 139 580 400 2110 72 498 471551,1060,302,110,87,51,26,30,15,14,9,8,6,4,2,3,4,1,2,1 0,52,18,9,13,8,6,6,8,4,2,3,4,1,0,2,1,1,1,0 0,0,27,110,87,51,26,30,15,14,9,8,6,4,2,3,4,1,2,1 0,0,3,9,13,8,6,6,8,4,2,3,4,1,0,2,1,1,1,0
/media/michal/Pauli/masterdata/processed/paramtest/iter100/annotated/rares/20140910/patrol_run_69/room_3/features/nonPlanes<shotcolor_uniform_2015-05-20_21-39-17.pcd 25.5571 0.000899154 0.00177482 10 202,137,132,121,110,93,91,84,60,53 35,23,28,21,17,22,15,13,13,12 0,0,0,0,0,1,0,1,0,0 446622 1914 3720 93 227 400 1906 32 151 444708,1214,336,124,69,53,37,29,20,14,8,3,3,2,0,1,0,0,0,0,1 0,46,18,10,7,3,3,2,0,1,2,1,0,0,0,0,0,0,0,0,0 0,0,36,124,69,53,37,29,20,14,8,3,3,2,0,1,0,0,0,0,1 0,0,3,10,7,3,3,2,0,1,2,1,0,0,0,0,0,0,0,0,0
/media/michal/Pauli/masterdata/processed/paramtest/iter100/annotated/rares/20140910/patrol_run_71/room_3/features/nonPlanes<shotcolor_uniform_2015-05-20_21-39-20.pcd 24.559 0.00109748 0.00185138 8 288,232,221,131,122,118,73,55 39,45,32,23,17,19,15,13 1,0,0,0,0,0,0,0 477048 1705 3720 101 377 400 2107 42 301 475343,997,338,131,69,42,28,25,19,16,11,9,4,2,4,2,2,1,0,1,2,0,0,0,0,1,0,1 0,42,21,11,3,5,0,2,3,4,2,2,1,0,1,1,0,0,0,1,1,0,0,0,0,0,0,1 0,0,30,131,69,42,28,25,19,16,11,9,4,2,4,2,2,1,0,1,2,0,0,0,0,1,0,1 0,0,4,11,3,5,0,2,3,4,2,2,1,0,1,1,0,0,0,1,1,0,0,0,0,0,0,1
/media/michal/Pauli/masterdata/processed/paramtest/iter100/annotated/rares/20140910/patrol_run_74/room_3/features/nonPlanes<shotcolor_uniform_2015-05-20_21-39-22.pcd 28.3526 0.000977087 0.00212506 8 374,320,260,140,128,112,109,57 48,55,38,21,22,23,23,14 0,1,0,0,0,0,0,0 442200 1730 3720 85 366 400 2119 56 327 440470,1059,291,139,66,36,41,21,21,16,9,14,2,2,1,3,4,1,0,3,0,0,1 0,19,10,14,7,8,9,5,4,2,3,2,1,0,1,0,0,0,0,0,0,0,0 0,0,20,139,66,36,41,21,21,16,9,14,2,2,1,3,4,1,0,3,0,0,1 0,0,0,14,7,8,9,5,4,2,3,2,1,0,1,0,0,0,0,0,0,0,0
/media/michal/Pauli/masterdata/processed/paramtest/iter100/annotated/rares/20140910/patrol_run_77/room_4/features/nonPlanes<shotcolor_uniform_2015-05-20_21-39-26.pcd 22.789 0.000893461 0.00180809 8 311,245,226,188,160,89,88,66 41,32,24,30,25,19,24,14 1,0,0,0,0,0,0,0 446622 1665 3720 49 250 400 2181 33 222 444957,991,312,124,75,39,21,17,25,8,11,10,9,6,1,3,4,2,1,0,2,1,1,0,0,0,0,0,1,1 0,4,12,9,3,2,5,3,2,1,4,0,2,1,0,0,0,0,0,0,1,0,0,0,0,0,0,0,0,0 0,0,38,124,75,39,21,17,25,8,11,10,9,6,1,3,4,2,1,0,2,1,1,0,0,0,0,0,1,1 0,0,0,9,3,2,5,3,2,1,4,0,2,1,0,0,0,0,0,0,1,0,0,0,0,0,0,0,0,0
/media/michal/Pauli/masterdata/processed/paramtest/iter100/annotated/rares/20140910/patrol_run_79/room_2/features/nonPlanes<shotcolor_uniform_2015-05-20_21-39-29.pcd 22.8292 0.00106244 0.00207571 5 570,414,397,123,76 80,61,59,24,14 1,0,0,0,0 396627 1590 3720 105 557 400 2253 70 516 395037,913,288,121,91,47,38,18,20,14,8,4,3,5,2,1,1,4,2,3,0,3,1,0,0,0,0,0,0,0,1,0,1,0,0,0,0,1 0,29,8,10,16,8,7,5,5,6,2,1,0,0,1,0,0,1,0,1,0,2,1,0,0,0,0,0,0,0,1,0,1,0,0,0,0,0 0,0,11,121,91,47,38,18,20,14,8,4,3,5,2,1,1,4,2,3,0,3,1,0,0,0,0,0,0,0,1,0,1,0,0,0,0,1 0,0,2,10,16,8,7,5,5,6,2,1,0,0,1,0,0,1,0,1,0,2,1,0,0,0,0,0,0,0,1,0,1,0,0,0,0,0
/media/michal/Pauli/masterdata/processed/paramtest/iter100/annotated/rares/20140910/patrol_run_81/room_2/features/nonPlanes<shotcolor_uniform_2015-05-20_21-39-31.pcd 27.4994 0.000470215 0.000983945 4 394,252,114,89 100,70,33,22 0,1,0,0 432300 2231 3720 159 356 400 1497 58 224 430069,1439,443,191,70,40,20,15,4,7,1,0,1 0,70,43,21,11,4,5,2,1,1,0,0,1 0,0,51,191,70,40,20,15,4,7,1,0,1 0,0,12,21,11,4,5,2,1,1,0,0,1
/media/michal/Pauli/masterdata/processed/paramtest/iter100/annotated/rares/20140911/patrol_run_82/room_3/features/nonPlanes<shotcolor_uniform_2015-05-20_21-39-34.pcd 27.1363 0.000960416 0.00208714 7 337,276,269,148,117,102,96 57,37,41,22,25,19,18 1,1,0,0,0,0,0 473154 1801 3720 121 585 400 2021 77 522 471353,1103,306,145,77,62,31,19,18,13,4,4,3,3,3,5,1,0,1,1,1,0,0,1 0,25,19,14,12,15,7,4,7,3,2,2,2,3,1,2,1,0,0,1,1,0,0,0 0,0,8,145,77,62,31,19,18,13,4,4,3,3,3,5,1,0,1,1,1,0,0,1 0,0,0,14,12,15,7,4,7,3,2,2,2,3,1,2,1,0,0,1,1,0,0,0
/media/michal/Pauli/masterdata/processed/paramtest/iter100/annotated/rares/20140911/patrol_run_84/room_3/features/nonPlanes<shotcolor_uniform_2015-05-20_21-39-37.pcd 23.674 0.000868023 0.00186699 10 351,171,146,126,106,102,81,78,74,70 57,25,28,16,14,17,17,18,17,15 1,0,1,0,0,0,0,0,0,0 455400 1746 3720 152 594 400 2051 82 501 453654,1023,334,147,89,42,30,21,14,12,6,5,6,4,5,1,0,0,1,1,1,1,1,0,0,1,1 0,47,23,19,19,11,6,4,6,3,2,3,3,3,2,0,0,0,1,0,0,0,0,0,0,0,0 0,0,11,147,89,42,30,21,14,12,6,5,6,4,5,1,0,0,1,1,1,1,1,0,0,1,1 0,0,0,19,19,11,6,4,6,3,2,3,3,3,2,0,0,0,1,0,0,0,0,0,0,0,0
/media/michal/Pauli/masterdata/processed/paramtest/iter100/annotated/rares/20140911/patrol_run_88/room_3/features/nonPlanes<shotcolor_uniform_2015-05-20_21-39-40.pcd 22.0526 0.000926839 0.00195583 10 431,253,149,118,114,106,103,92,84,50 63,43,21,21,18,20,16,20,16,12 1,0,0,0,0,0,0,0,0,0 474606 1762 3720 157 549 400 2077 62 428 472844,1081,305,133,69,44,35,29,12,18,9,9,2,6,1,2,2,3,0,0,0,0,1,1 0,69,27,12,12,6,7,7,1,1,2,3,1,3,1,2,1,1,0,0,0,0,0,1 0,0,24,133,69,44,35,29,12,18,9,9,2,6,1,2,2,3,0,0,0,0,1,1 0,0,1,12,12,6,7,7,1,1,2,3,1,3,1,2,1,1,0,0,0,0,0,1
/media/michal/Pauli/masterdata/processed/paramtest/iter100/annotated/rares/20140911/patrol_run_90/room_3/features/nonPlanes<shotcolor_uniform_2015-05-20_21-39-42.pcd 22.2096 0.000894594 0.00203305 8 564,292,121,109,104,92,48,33 62,59,27,20,23,20,12,12 0,0,1,0,0,0,0,0 408408 1759 3720 90 261 400 2055 41 199 406649,1053,338,144,61,59,30,14,10,13,7,7,4,5,4,1,0,0,1,1,2,0,2,0,0,0,0,0,0,0,1,1,1 0,36,17,14,7,7,1,2,1,1,1,1,0,0,2,0,0,0,0,0,0,0,0,0,0,0,0,0,0,0,0,0,0 0,0,32,144,61,59,30,14,10,13,7,7,4,5,4,1,0,0,1,1,2,0,2,0,0,0,0,0,0,0,1,1,1 0,0,4,14,7,7,1,2,1,1,1,1,0,0,2,0,0,0,0,0,0,0,0,0,0,0,0,0,0,0,0,0,0
/media/michal/Pauli/masterdata/processed/paramtest/iter100/annotated/rares/20140911/patrol_run_92/room_3/features/nonPlanes<shotcolor_uniform_2015-05-20_21-39-45.pcd 22.5084 0.000861805 0.00217019 11 395,189,176,150,147,113,80,74,74,72,42 47,36,33,24,17,19,13,18,16,12,12 0,0,0,1,0,0,0,0,1,0,0 454740 1600 3720 66 222 400 2183 29 172 453140,887,289,158,79,56,38,24,13,11,13,8,5,6,5,1,3,0,1,1,0,0,0,1,0,0,0,0,0,0,0,0,0,0,0,0,0,1 0,25,11,9,6,2,3,2,1,2,2,1,1,1,0,0,0,0,0,0,0,0,0,0,0,0,0,0,0,0,0,0,0,0,0,0,0,0 0,0,0,134,79,56,38,24,13,11,13,8,5,6,5,1,3,0,1,1,0,0,0,1,0,0,0,0,0,0,0,0,0,0,0,0,0,1 0,0,0,8,6,2,3,2,1,2,2,1,1,1,0,0,0,0,0,0,0,0,0,0,0,0,0,0,0,0,0,0,0,0,0,0,0,0
/media/michal/Pauli/masterdata/processed/paramtest/iter100/annotated/rares/20140912/patrol_run_100/room_3/features/nonPlanes<shotcolor_uniform_2015-05-20_21-39-47.pcd 28.4501 0.000886097 0.00200459 7 413,241,180,129,86,58,58 79,41,37,25,14,13,13 1,0,0,0,0,0,0 437778 1917 3720 133 457 400 1871 66 353 435861,1185,344,156,86,43,34,25,15,9,8,3,2,2,2,1,1,0,1 0,30,37,19,14,12,5,5,2,4,2,0,0,1,1,0,1,0,0 0,0,12,156,86,43,34,25,15,9,8,3,2,2,2,1,1,0,1 0,0,0,19,14,12,5,5,2,4,2,0,0,1,1,0,1,0,0
/media/michal/Pauli/masterdata/processed/paramtest/iter100/annotated/rares/20140912/patrol_run_102/room_3/features/nonPlanes<shotcolor_uniform_2015-05-20_21-39-51.pcd 22.3226 0.000858602 0.00209962 7 513,462,161,106,94,93,77 63,78,25,22,18,14,18 1,0,0,0,0,0,0 463320 1654 3720 136 669 400 2178 74 591 461666,966,295,140,72,51,39,22,18,6,10,6,4,6,5,2,2,1,5,1,1,1,0,0,1 0,46,16,10,7,12,10,8,7,0,3,1,1,2,4,1,2,0,3,0,1,1,0,0,1 0,0,7,140,72,51,39,22,18,6,10,6,4,6,5,2,2,1,5,1,1,1,0,0,1 0,0,0,10,7,12,10,8,7,0,3,1,1,2,4,1,2,0,3,0,1,1,0,0,1
/media/michal/Pauli/masterdata/processed/paramtest/iter100/annotated/rares/20140912/patrol_run_104/room_3/features/nonPlanes<shotcolor_uniform_2015-05-20_21-39-54.pcd 27.9205 0.0013283 0.00270691 6 619,331,110,102,95,73 110,59,18,21,17,15 1,0,0,0,0,0 445500 1822 3720 178 663 400 1986 95 555 443678,1110,312,146,95,44,32,28,16,10,9,4,8,3,3,1,1 0,58,25,21,23,10,10,9,5,7,3,1,2,0,2,1,1 0,0,0,146,95,44,32,28,16,10,9,4,8,3,3,1,1 0,0,0,21,23,10,10,9,5,7,3,1,2,0,2,1,1
/media/michal/Pauli/masterdata/processed/paramtest/iter100/annotated/rares/20140912/patrol_run_94/room_3/features/nonPlanes<shotcolor_uniform_2015-05-20_21-39-57.pcd 23.0538 0.000848365 0.00192129 9 401,196,177,152,147,116,111,103,51 62,26,30,27,34,17,24,19,13 1,0,0,0,0,0,0,0,0 445500 1780 3720 142 563 400 2027 74 468 443720,1067,333,128,82,52,34,25,17,10,7,6,5,2,7,0,1,1,1,1,1 0,41,27,18,15,7,7,5,5,5,1,1,4,1,4,0,0,0,0,1,0 0,0,20,128,82,52,34,25,17,10,7,6,5,2,7,0,1,1,1,1,1 0,0,0,18,15,7,7,5,5,5,1,1,4,1,4,0,0,0,0,1,0
/media/michal/Pauli/masterdata/processed/paramtest/iter100/annotated/rares/20140912/patrol_run_96/room_2/features/nonPlanes<shotcolor_uniform_2015-05-20_21-40-00.pcd 22.9164 0.000872623 0.00189776 7 500,311,186,143,138,96,71 69,43,34,20,27,15,17 1,0,0,0,0,0,0 434511 1640 3720 98 546 400 2191 72 513 432871,951,309,148,64,36,30,25,21,9,10,4,9,3,4,5,2,3,1,1,0,0,1,0,1,1,1,0,1 0,19,8,14,11,10,8,7,6,1,1,1,1,1,3,3,0,1,0,1,0,0,0,0,1,0,0,0,1 0,0,20,148,64,36,30,25,21,9,10,4,9,3,4,5,2,3,1,1,0,0,1,0,1,1,1,0,1 0,0,1,14,11,10,8,7,6,1,1,1,1,1,3,3,0,1,0,1,0,0,0,0,1,0,0,0,1
/media/michal/Pauli/masterdata/processed/paramtest/iter100/annotated/rares/20140912/patrol_run_98/room_3/features/nonPlanes<shotcolor_uniform_2015-05-20_21-40-02.pcd 30.26 0.00153771 0.002166 8 482,223,217,193,164,81,61,57 79,42,37,24,32,18,16,13 1,0,0,0,0,0,0,0 446622 1792 3720 158 588 400 2031 78 479 444830,1095,316,145,78,46,27,23,21,13,5,5,4,3,3,3,1,1,0,0,0,0,0,1,0,0,0,1,0,0,0,0,0,0,0,0,0,0,0,0,0,0,0,0,0,0,1 0,51,32,19,13,7,5,9,5,4,3,2,3,3,0,0,1,1,0,0,0,0,0,0,0,0,0,0,0,0,0,0,0,0,0,0,0,0,0,0,0,0,0,0,0,0,0 0,0,19,145,78,46,27,23,21,13,5,5,4,3,3,3,1,1,0,0,0,0,0,1,0,0,0,1,0,0,0,0,0,0,0,0,0,0,0,0,0,0,0,0,0,0,1 0,0,3,19,13,7,5,9,5,4,3,2,3,3,0,0,1,1,0,0,0,0,0,0,0,0,0,0,0,0,0,0,0,0,0,0,0,0,0,0,0,0,0,0,0,0,0
/media/michal/Pauli/masterdata/processed/paramtest/iter100/annotated/rares/20140921/patrol_run_110/room_2/features/nonPlanes<shotcolor_uniform_2015-05-20_21-40-06.pcd 26.7853 0.000910452 0.00168184 7 156,90,80,75,67,53,37 43,24,20,23,17,12,12 0,0,0,1,0,0,0 411840 2411 3720 132 252 400 1395 43 143 409429,1697,422,153,59,37,22,10,7,1,1,2 0,69,38,12,3,5,3,1,0,1,0,0 0,0,108,153,59,37,22,10,7,1,1,2 0,0,18,12,3,5,3,1,0,1,0,0
/media/michal/Pauli/masterdata/processed/paramtest/iter100/annotated/rares/20140921/patrol_run_112/room_2/features/nonPlanes<shotcolor_uniform_2015-05-20_21-40-09.pcd 29.1618 0.000855602 0.00215373 7 666,137,128,113,111,97,90 90,29,25,20,23,14,15 1,0,0,0,0,0,0 419265 1659 3720 124 616 400 2170 74 540 417606,971,285,140,75,54,33,26,21,12,12,7,5,7,4,2,2,1,0,0,0,0,1,0,0,0,0,0,1 0,24,26,13,10,10,7,6,6,5,4,2,2,4,1,1,0,1,0,0,0,0,1,0,0,0,0,0,1 0,0,0,137,75,54,33,26,21,12,12,7,5,7,4,2,2,1,0,0,0,0,1,0,0,0,0,0,1 0,0,0,13,10,10,7,6,6,5,4,2,2,4,1,1,0,1,0,0,0,0,1,0,0,0,0,0,1
/media/michal/Pauli/masterdata/processed/paramtest/iter100/annotated/rares/20140921/patrol_run_114/room_1/features/nonPlanes<shotcolor_uniform_2015-05-20_21-40-13.pcd 23.7961 0.000833378 0.00201339 8 471,251,220,210,119,105,69,58 59,40,50,29,14,22,12,13 1,0,0,0,0,0,0,0 421476 1667 3720 93 533 400 2173 63 494 419809,987,301,126,72,50,26,28,17,12,11,13,6,7,3,0,2,2,0,0,0,2,0,0,1,0,0,0,0,1 0,21,10,9,11,6,4,7,4,2,2,4,2,3,3,0,1,1,0,0,0,2,0,0,1,0,0,0,0,0 0,0,21,126,72,50,26,28,17,12,11,13,6,7,3,0,2,2,0,0,0,2,0,0,1,0,0,0,0,1 0,0,1,9,11,6,4,7,4,2,2,4,2,3,3,0,1,1,0,0,0,2,0,0,1,0,0,0,0,0
/media/michal/Pauli/masterdata/processed/paramtest/iter100/annotated/rares/20140922/patrol_run_116/room_2/features/nonPlanes<shotcolor_uniform_2015-05-20_21-40-15.pcd 21.988 0.000408672 0.00191231 9 346,205,152,146,139,117,114,113,87 53,35,22,28,28,21,20,22,17 1,0,0,0,1,0,0,0,0 424116 1768 3720 114 514 400 2046 73 456 422348,1062,318,130,80,54,34,26,22,10,7,7,7,3,4,1,2,1 0,24,19,14,12,9,7,4,9,5,4,2,2,0,2,0,1,0 0,0,12,130,80,54,34,26,22,10,7,7,7,3,4,1,2,1 0,0,2,14,12,9,7,4,9,5,4,2,2,0,2,0,1,0
/media/michal/Pauli/masterdata/processed/paramtest/iter100/annotated/rares/20140922/patrol_run_118/room_2/features/nonPlanes<shotcolor_uniform_2015-05-20_21-40-18.pcd 29.9637 0.000882312 0.001968 10 325,202,200,135,116,102,90,85,79,77 58,26,30,20,27,20,16,15,19,15 1,0,0,0,0,0,0,0,0,0 451044 1776 3720 127 414 400 2044 58 328 449268,1076,301,144,82,58,31,24,11,13,7,12,6,4,2,2,2,1 0,52,17,14,12,11,6,3,3,3,1,1,1,1,1,1,0,0 0,0,1,144,82,58,31,24,11,13,7,12,6,4,2,2,2,1 0,0,0,14,12,11,6,3,3,3,1,1,1,1,1,1,0,0
/media/michal/Pauli/masterdata/processed/paramtest/iter100/annotated/rares/20140922/patrol_run_120/room_1/features/nonPlanes<shotcolor_uniform_2015-05-20_21-40-22.pcd 32.0521 0.000908899 0.00195791 8 522,271,170,105,101,100,85,57 102,43,34,14,22,25,18,14 1,0,0,0,0,0,0,0 478401 1814 3720 110 416 400 1990 64 350 476587,1098,335,133,88,47,25,23,15,17,12,7,8,2,1,1,0,2 0,26,22,25,8,7,2,3,6,4,1,1,3,1,0,0,0,1 0,0,19,133,88,47,25,23,15,17,12,7,8,2,1,1,0,2 0,0,2,25,8,7,2,3,6,4,1,1,3,1,0,0,0,1
/media/michal/Pauli/masterdata/processed/paramtest/iter100/annotated/rares/20140922/patrol_run_124/room_2/features/nonPlanes<shotcolor_uniform_2015-05-20_21-40-26.pcd 29.9018 0.000955244 0.00183689 9 235,150,150,116,103,99,78,68,61 44,35,20,16,21,19,18,13,13 0,0,0,0,0,0,0,1,0 483516 1947 3720 73 181 400 1878 23 118 481569,1252,327,144,76,46,35,29,11,3,5,7,3,0,1,1,1,3,1,0,0,1,1 0,37,19,3,5,2,1,3,0,0,0,1,0,0,1,1,0,0,0,0,0,0,0 0,0,32,144,76,46,35,29,11,3,5,7,3,0,1,1,1,3,1,0,0,1,1 0,0,6,3,5,2,1,3,0,0,0,1,0,0,1,1,0,0,0,0,0,0,0
/media/michal/Pauli/masterdata/processed/paramtest/iter100/annotated/rares/20140922/patrol_run_126/room_2/features/nonPlanes<shotcolor_uniform_2015-05-20_21-40-29.pcd 25.5306 0.00139084 0.00182369 10 350,199,147,146,130,94,91,91,78,62 62,21,18,22,21,16,18,15,13,12 1,0,0,0,0,0,0,0,0,0 455499 1672 3720 144 442 400 2155 59 330 453827,979,323,118,85,43,29,21,25,9,6,6,5,3,6,4,3,0,0,0,2,1,1,0,1,0,0,0,1,0,0,0,1 0,58,30,11,15,11,4,4,6,2,0,0,0,0,1,0,0,0,0,0,1,0,0,0,1,0,0,0,0,0,0,0,0 0,0,30,118,85,43,29,21,25,9,6,6,5,3,6,4,3,0,0,0,2,1,1,0,1,0,0,0,1,0,0,0,1 0,0,3,11,15,11,4,4,6,2,0,0,0,0,1,0,0,0,0,0,1,0,0,0,1,0,0,0,0,0,0,0,0
/media/michal/Pauli/masterdata/processed/paramtest/iter100/annotated/rares/20140922/patrol_run_128/room_2/features/nonPlanes<shotcolor_uniform_2015-05-20_21-40-32.pcd 22.6133 0.00100966 0.00207395 7 487,348,211,156,76,65,56 83,62,34,32,20,14,14 1,0,0,0,0,0,0 454410 1834 3720 142 440 400 1957 62 341 452576,1113,313,159,79,61,36,23,18,7,8,7,4,2,0,2,0,0,1,0,1 0,61,19,16,10,11,10,7,1,1,3,1,0,1,0,0,0,0,1,0,0 0,0,0,151,79,61,36,23,18,7,8,7,4,2,0,2,0,0,1,0,1 0,0,0,16,10,11,10,7,1,1,3,1,0,1,0,0,0,0,1,0,0
/media/michal/Pauli/masterdata/processed/paramtest/iter100/annotated/rares/20140922/patrol_run_130/room_2/features/nonPlanes<shotcolor_uniform_2015-05-20_21-40-35.pcd 25.7288 0.000858379 0.00187643 9 317,266,186,173,118,106,81,76,62 52,42,29,20,21,20,13,15,13 1,1,0,0,0,0,0,0,0 443289 1633 3720 152 612 400 2208 80 519 441656,954,285,144,67,48,33,23,22,10,12,8,5,4,4,2,2,3,2,1,1,1,1,0,1 0,51,22,18,12,9,13,6,5,0,3,4,2,1,3,0,0,0,1,1,1,0,0,0,0 0,0,6,144,67,48,33,23,22,10,12,8,5,4,4,2,2,3,2,1,1,1,1,0,1 0,0,1,18,12,9,13,6,5,0,3,4,2,1,3,0,0,0,1,1,1,0,0,0,0
/media/michal/Pauli/masterdata/processed/paramtest/iter100/annotated/rares/20140922/patrol_run_132/room_1/features/nonPlanes<shotcolor_uniform_2015-05-20_21-40-38.pcd 26.538 0.000883231 0.00193838 7 358,274,182,87,84,78,52 41,53,28,13,16,18,13 0,0,0,0,0,0,0 454740 1780 3720 12 54 400 2044 8 49 452960,1084,336,136,68,39,26,20,17,18,10,9,3,4,0,1,0,2,2,0,0,1,0,1,1,0,1,0,0,1 0,3,1,1,0,4,1,0,0,1,0,1,0,0,0,0,0,0,0,0,0,0,0,0,0,0,0,0,0,0 0,0,40,136,68,39,26,20,17,18,10,9,3,4,0,1,0,2,2,0,0,1,0,1,1,0,1,0,0,1 0,0,0,1,0,4,1,0,0,1,0,1,0,0,0,0,0,0,0,0,0,0,0,0,0,0,0,0,0,0
/media/michal/Pauli/masterdata/processed/paramtest/iter100/annotated/rares/20140922/patrol_run_134/room_2/features/nonPlanes<shotcolor_uniform_2015-05-20_21-40-41.pcd 31.0976 0.000801519 0.00199582 7 436,253,203,141,90,78,70 76,51,44,25,17,13,15 1,0,0,0,0,0,0 411840 1867 3720 134 494 400 1907 71 404 409973,1121,353,150,84,56,41,15,10,12,7,8,7,1,0,0,1,1 0,36,29,14,15,14,7,5,4,2,1,3,1,1,0,0,1,1 0,0,7,150,84,56,41,15,10,12,7,8,7,1,0,0,1,1 0,0,2,14,15,14,7,5,4,2,1,3,1,1,0,0,1,1
/media/michal/Pauli/masterdata/processed/paramtest/iter100/annotated/rares/20140922/patrol_run_138/room_2/features/nonPlanes<shotcolor_uniform_2015-05-20_21-40-44.pcd 29.5871 0.00129168 0.00289204 10 284,270,162,140,137,105,88,66,65,59 31,45,17,27,31,18,13,13,17,12 0,0,0,1,0,0,0,0,0,0 443223 1709 3720 77 207 400 2147 29 145 441514,1045,301,128,67,42,34,20,8,16,4,10,9,7,5,0,5,2,2,1,0,1,0,0,1,0,1 0,34,18,8,3,3,3,3,2,2,0,0,0,1,0,0,0,0,0,0,0,0,0,0,0,0,0 0,0,37,128,67,42,34,20,8,16,4,10,9,7,5,0,5,2,2,1,0,1,0,0,1,0,1 0,0,4,8,3,3,3,3,2,2,0,0,0,1,0,0,0,0,0,0,0,0,0,0,0,0,0
/media/michal/Pauli/masterdata/processed/paramtest/iter100/annotated/rares/20140923/patrol_run_139/room_2/features/nonPlanes<shotcolor_uniform_2015-05-20_21-40-48.pcd 25.5533 0.000852922 0.00265638 7 836,228,118,88,86,73,50 131,23,13,20,18,16,13 1,0,0,0,0,0,0 430782 1701 3720 184 840 400 2137 109 740 429081,1019,310,118,87,50,27,27,13,9,10,4,9,4,3,2,1,1,1,0,1,0,1,0,0,0,1,0,0,0,0,1,1,0,0,1 0,50,26,15,26,14,9,9,8,6,5,3,5,0,2,2,1,1,1,0,0,0,0,0,0,0,0,0,0,0,0,0,1,0,0,0 0,0,28,118,87,50,27,27,13,9,10,4,9,4,3,2,1,1,1,0,1,0,1,0,0,0,1,0,0,0,0,1,1,0,0,1 0,0,1,15,26,14,9,9,8,6,5,3,5,0,2,2,1,1,1,0,0,0,0,0,0,0,0,0,0,0,0,0,1,0,0,0
/media/michal/Pauli/masterdata/processed/paramtest/iter100/annotated/rares/20140923/patrol_run_141/room_2/features/nonPlanes<shotcolor_uniform_2015-05-20_21-40-50.pcd 22.8387 0.000848405 0.00204975 8 509,273,181,156,152,146,122,98 64,61,19,31,26,28,19,18 1,0,0,0,0,0,0,0 407286 1633 3720 141 678 400 2214 78 596 405653,960,296,118,78,50,35,21,17,19,9,5,3,5,2,2,3,3,0,1,0,1,1,0,1,0,0,0,1,0,0,1,0,0,0,0,0,0,0,0,1 0,44,21,15,9,10,7,7,2,8,3,1,3,3,1,1,1,1,0,1,0,1,0,0,1,0,0,0,0,0,0,0,0,0,0,0,0,0,0,0,1 0,0,23,118,78,50,35,21,17,19,9,5,3,5,2,2,3,3,0,1,0,1,1,0,1,0,0,0,1,0,0,1,0,0,0,0,0,0,0,0,1 0,0,2,15,9,10,7,7,2,8,3,1,3,3,1,1,1,1,0,1,0,1,0,0,1,0,0,0,0,0,0,0,0,0,0,0,0,0,0,0,1
/media/michal/Pauli/masterdata/processed/paramtest/iter100/annotated/rares/20140923/patrol_run_144/room_2/features/nonPlanes<shotcolor_uniform_2015-05-20_21-40-53.pcd 24.9142 0.000884377 0.00208404 8 482,213,119,108,107,87,63,57 88,31,22,20,22,14,14,13 1,0,0,0,0,0,0,0 438471 1812 3720 178 607 400 2003 88 482 436659,1107,331,124,81,55,36,18,12,12,13,7,6,2,1,3,1,2,0,0,1 0,55,37,23,16,16,10,4,7,1,2,2,2,0,1,1,0,1,0,0,0 0,0,26,124,81,55,36,18,12,12,13,7,6,2,1,3,1,2,0,0,1 0,0,2,23,16,16,10,4,7,1,2,2,2,0,1,1,0,1,0,0,0
/media/michal/Pauli/masterdata/processed/paramtest/iter100/annotated/rares/20140923/patrol_run_146/room_2/features/nonPlanes<shotcolor_uniform_2015-05-20_21-40-56.pcd 22.9853 0.000709 0.00213577 8 515,195,174,149,140,122,118,96 70,32,38,19,31,18,20,20 1,0,0,0,0,0,0,0 391248 1739 3720 167 670 400 2100 76 555 389509,1058,313,138,57,46,30,23,17,12,11,8,5,8,3,3,1,2,1,0,2,0,1 0,67,25,15,7,6,7,6,10,5,5,4,0,4,2,2,0,1,0,0,1,0,0 0,0,32,138,57,46,30,23,17,12,11,8,5,8,3,3,1,2,1,0,2,0,1 0,0,1,15,7,6,7,6,10,5,5,4,0,4,2,2,0,1,0,0,1,0,0
/media/michal/Pauli/masterdata/processed/paramtest/iter100/annotated/rares/20140923/patrol_run_148/room_2/features/nonPlanes<shotcolor_uniform_2015-05-20_21-40-58.pcd 23.7476 0.00101599 0.00196162 8 495,182,168,142,122,88,83,64 88,34,31,23,25,17,16,13 1,0,0,0,0,0,0,0 444246 1769 3720 136 457 400 2004 73 370 442477,1023,345,141,92,54,40,17,16,10,11,3,11,3,0,1,0,0,0,0,2 0,39,24,20,22,11,6,4,2,2,1,1,4,0,0,0,0,0,0,0,0 0,0,0,140,92,54,40,17,16,10,11,3,11,3,0,1,0,0,0,0,2 0,0,0,20,22,11,6,4,2,2,1,1,4,0,0,0,0,0,0,0,0
/media/michal/Pauli/masterdata/processed/paramtest/iter100/annotated/rares/20140923/patrol_run_150/room_2/features/nonPlanes<shotcolor_uniform_2015-05-20_21-41-01.pcd 20.2263 0.0012786 0.00338781 7 619,252,200,121,100,96,63 73,46,20,22,22,18,15 1,0,0,0,0,0,0 454740 1585 3720 109 627 400 2271 74 582 453155,921,285,117,84,47,35,14,17,14,13,9,4,2,1,7,5,1,3,1,0,0,0,0,0,2,0,0,0,0,0,1,2 0,25,12,11,12,7,10,4,2,5,4,4,3,0,0,2,4,1,1,0,0,0,0,0,0,0,0,0,0,0,0,0,2 0,0,21,117,84,47,35,14,17,14,13,9,4,2,1,7,5,1,3,1,0,0,0,0,0,2,0,0,0,0,0,1,2 0,0,2,11,12,7,10,4,2,5,4,4,3,0,0,2,4,1,1,0,0,0,0,0,0,0,0,0,0,0,0,0,2
/media/michal/Pauli/masterdata/processed/paramtest/iter100/annotated/rares/20140924/patrol_run_152/room_2/features/nonPlanes<shotcolor_uniform_2015-05-20_21-41-03.pcd 27.4502 0.000847848 0.00328675 8 524,137,102,99,89,87,59,52 96,31,21,21,16,19,13,12 1,0,0,0,0,0,0,0 384087 1911 3720 149 542 400 1843 81 446 382176,1145,372,169,70,54,36,28,14,5,5,7,2,3,0,1 0,40,28,23,9,17,6,13,5,2,0,4,1,0,0,1 0,0,6,169,70,54,36,28,14,5,5,7,2,3,0,1 0,0,0,23,9,17,6,13,5,2,0,4,1,0,0,1
/media/michal/Pauli/masterdata/processed/paramtest/iter100/annotated/rares/20140924/patrol_run_156/room_2/features/nonPlanes<shotcolor_uniform_2015-05-20_21-41-07.pcd 22.4738 0.000758118 0.00287148 10 672,163,92,76,75,70,67,66,45,44 78,27,15,14,14,17,14,13,12,12 1,1,0,0,0,0,0,0,0,0 395010 1716 3720 141 804 400 2123 90 736 393294,1035,316,123,74,46,35,13,21,12,6,6,7,3,1,3,6,2,2,0,3,0,0,1,1 0,34,23,12,8,11,7,5,9,6,2,3,3,3,0,2,5,1,2,0,3,0,0,1,1 0,0,35,123,74,46,35,13,21,12,6,6,7,3,1,3,6,2,2,0,3,0,0,1,1 0,0,6,12,8,11,7,5,9,6,2,3,3,3,0,2,5,1,2,0,3,0,0,1,1
/media/michal/Pauli/masterdata/processed/paramtest/iter100/annotated/rares/20140924/patrol_run_158/room_1/features/nonPlanes<shotcolor_uniform_2015-05-20_21-41-09.pcd 26.0525 0.000883578 0.00197094 10 514,141,123,107,86,62,62,62,57,57 72,25,22,24,20,14,13,12,14,13 1,0,0,0,0,0,0,0,0,0 438471 1822 3720 131 624 400 1976 77 544 436649,1100,335,137,93,57,27,18,11,14,6,6,2,7,4,2,0,2,0,1 0,28,27,12,14,9,7,5,5,6,3,3,2,5,1,1,0,2,0,1 0,0,13,137,93,57,27,18,11,14,6,6,2,7,4,2,0,2,0,1 0,0,1,12,14,9,7,5,5,6,3,3,2,5,1,1,0,2,0,1
/media/michal/Pauli/masterdata/processed/paramtest/iter100/annotated/rares/20140924/patrol_run_162/room_2/features/nonPlanes<shotcolor_uniform_2015-05-20_21-41-12.pcd 25.3075 0.00120462 0.00182024 9 398,297,139,136,108,94,88,67,60 49,45,20,32,20,16,13,19,13 1,0,0,0,0,0,0,0,0 435600 1751 3720 77 416 400 2098 44 374 433849,1080,312,119,76,53,24,16,17,13,3,9,3,5,9,3,3,1,0,2,0,0,0,0,1,0,1,1 0,24,9,10,5,5,1,3,1,3,0,2,1,3,5,0,2,0,0,2,0,0,0,0,1,0,0,0 0,0,41,119,76,53,24,16,17,13,3,9,3,5,9,3,3,1,0,2,0,0,0,0,1,0,1,1 0,0,0,10,5,5,1,3,1,3,0,2,1,3,5,0,2,0,0,2,0,0,0,0,1,0,0,0
/media/michal/Pauli/masterdata/processed/paramtest/iter100/annotated/rares/20140924/patrol_run_164/room_1/features/nonPlanes<shotcolor_uniform_2015-05-20_21-41-15.pcd 23.1415 0.00102057 0.00201641 10 254,220,169,167,149,123,90,72,66,52 38,45,14,23,20,19,16,14,13,14 1,0,0,0,0,0,0,0,0,0 425568 1715 3720 66 288 400 2126 36 247 423853,1036,291,128,92,55,29,23,11,15,7,5,7,2,1,2,2,0,2,1,1,0,1,0,1,1,0,1,0,0,0,0,0,1 0,19,11,3,12,8,2,2,0,4,1,1,0,0,0,0,0,0,1,0,0,0,1,0,0,0,0,1,0,0,0,0,0,0 0,0,12,128,92,55,29,23,11,15,7,5,7,2,1,2,2,0,2,1,1,0,1,0,1,1,0,1,0,0,0,0,0,1 0,0,0,3,12,8,2,2,0,4,1,1,0,0,0,0,0,0,1,0,0,0,1,0,0,0,0,1,0,0,0,0,0,0
/media/michal/Pauli/masterdata/processed/paramtest/iter100/annotated/rares/20140924/patrol_run_166/room_2/features/nonPlanes<shotcolor_uniform_2015-05-20_21-41-18.pcd 28.7601 0.000989311 0.00276026 10 288,234,118,115,113,104,88,83,66,49 44,43,24,21,22,16,19,15,13,12 0,1,0,0,0,0,0,0,0,0 411642 1777 3720 60 240 400 2018 38 211 409865,1052,340,145,74,41,43,22,19,9,10,5,5,2,5,1,0,0,1,1,0,0,2 0,15,7,13,3,5,7,2,2,1,3,1,0,1,0,0,0,0,0,0,0,0,0 0,0,15,145,74,41,43,22,19,9,10,5,5,2,5,1,0,0,1,1,0,0,2 0,0,0,13,3,5,7,2,2,1,3,1,0,1,0,0,0,0,0,0,0,0,0
