obj_search:
  camera_z: 1.7
  ceiling_z: 2.27
  floor_z: 0
  object_query: {K: 5}
  processed_data_dir: /home/michal/Downloads/pcddata/processed/
  raw_data_dir: /media/michal/Pauli/masterdata/raw/
object_query: {K: 10, cluster_maxsize: 500, cluster_minsize: 12, cluster_tolerance: 0.2,
  clusters_to_results: true, extract_mult: 1.3, match: nonPlanes<shot_uniform, n_max_points: 400,
  output_dir: 'NULL', query_features: '/home/michal/Downloads/pcddata/processed/query/queryobjects/0,01/chair1/features/rgb_0015_label_chair1<shot_uniform_2015-05-26_14-45-51.pcd',
  results_out: '/home/michal/Downloads/pcddata/processed/query/k10_mx400_t0,2/iter100',
  subdirs: 4, target_features: /media/michal/Pauli/masterdata/processed/paramtest/iter100,
  x_step_hough: 0.05, y_step_hough: 0.05, z_step_hough: 0.05}
rosdistro: 'indigo

  '
roslaunch:
  uris: {host_tycho__33706: 'http://tycho:33706/', host_tycho__38340: 'http://tycho:38340/',
    host_tycho__46207: 'http://tycho:46207/', host_tycho__47045: 'http://tycho:47045/',
    host_tycho__50032: 'http://tycho:50032/', host_tycho__51123: 'http://tycho:51123/',
    host_tycho__52643: 'http://tycho:52643/', host_tycho__54822: 'http://tycho:54822/',
    host_tycho__56536: 'http://tycho:56536/'}
rosversion: '1.11.10

  '
run_id: c79ca080-06dd-11e5-8250-3c970e77227e
BEGIN_DATA
# fname t_query t_hough t_cluster cluster_n cluster_scores cluster_points cluster_inobb n_hough_tot nonzero_hough hough_votes boxpts boxvotes maxpts maxvotes maxboxpts maxboxvotes hough_hist box_hist max_hist boxmax_hist
/media/michal/Pauli/masterdata/processed/paramtest/iter100/annotated/rares/20140820/patrol_run_4/room_0/features/nonPlanes<shot_uniform_2015-05-20_21-31-52.pcd 6.16911 0.00432287 0.00186653 10 137,101,95,81,71,60,55,50,47,46 47,31,24,23,21,14,15,13,15,17 0,1,0,0,0,0,0,0,0,0 1139050 2467 3720 127 224 400 1337 29 95 1136583,1751,414,175,70,31,15,3,4,2,2 0,67,36,16,4,3,1,0,0,0,0 0,0,98,175,70,31,15,3,4,2,2 0,0,5,16,4,3,1,0,0,0,0
/media/michal/Pauli/masterdata/processed/paramtest/iter100/annotated/rares/20140828/patrol_run_19/room_3/features/nonPlanes<shot_uniform_2015-05-20_21-31-55.pcd 6.60644 0.00208724 0.00262245 6 211,122,111,107,48,41 72,39,37,31,18,15 1,0,0,0,0,0 1240738 2623 3720 115 212 400 1215 38 117 1238115,1941,437,140,64,27,8,4,0,2 0,59,32,11,10,2,1,0,0,0 0,0,155,140,64,27,8,4,0,2 0,0,14,11,10,2,1,0,0,0
/media/michal/Pauli/masterdata/processed/paramtest/iter100/annotated/rares/20140829/patrol_run_20/room_3/features/nonPlanes<shot_uniform_2015-05-20_21-31-59.pcd 5.38303 0.00171514 0.00176175 8 226,104,91,90,70,53,44,41 67,32,27,27,21,17,14,12 0,0,0,0,1,0,0,0 1240624 2444 3720 72 136 400 1329 19 67 1238180,1697,444,171,81,30,9,4,6,2 0,37,21,6,5,1,1,0,1,0 0,0,97,171,81,30,9,4,6,2 0,0,5,6,5,1,1,0,1,0
/media/michal/Pauli/masterdata/processed/paramtest/iter100/annotated/rares/20140829/patrol_run_26/room_2/features/nonPlanes<shot_uniform_2015-05-20_21-32-02.pcd 9.17776 0.00377172 0.0024954 4 232,154,69,31 69,50,21,13 0,1,0,0 1135060 2631 3720 152 275 400 1237 48 153 1132429,1979,405,141,56,30,10,6,4 0,86,32,21,8,2,1,2,0 0,0,153,141,56,30,10,6,4 0,0,14,21,8,2,1,2,0
/media/michal/Pauli/masterdata/processed/paramtest/iter100/annotated/rares/20140901/patrol_run_27/room_2/features/nonPlanes<shot_uniform_2015-05-20_21-32-06.pcd 5.72605 0.0019219 0.00187286 7 216,210,78,77,66,44,40 69,56,21,25,26,12,16 0,0,0,1,0,0,0 1094400 2521 3720 128 216 400 1287 31 98 1091879,1809,445,144,68,31,12,6,6 0,76,33,8,7,2,2,0,0 0,0,133,144,68,31,12,6,6 0,0,12,8,7,2,2,0,0
/media/michal/Pauli/masterdata/processed/paramtest/iter100/annotated/rares/20140901/patrol_run_31/room_2/features/nonPlanes<shot_uniform_2015-05-20_21-32-09.pcd 4.95642 0.00317331 0.00185983 9 245,213,123,102,81,73,65,59,54 51,47,31,26,19,17,13,17,12 0,0,0,0,0,0,0,0,0 1264640 2114 3720 30 56 400 1663 7 26 1262526,1371,357,163,99,55,36,21,6,3,1,0,1,0,0,1 0,16,7,3,3,1,0,0,0,0,0,0,0,0,0,0 0,0,14,163,99,55,36,21,6,3,1,0,1,0,0,1 0,0,0,3,3,1,0,0,0,0,0,0,0,0,0,0
/media/michal/Pauli/masterdata/processed/paramtest/iter100/annotated/rares/20140901/patrol_run_32/room_2/features/nonPlanes<shot_uniform_2015-05-20_21-32-11.pcd 5.83523 0.0023023 0.00240238 5 268,171,81,71,45 83,51,25,20,17 0,0,0,0,0 1201408 2511 3720 31 67 400 1285 9 39 1198897,1787,451,159,62,25,13,10,3,1 0,16,8,2,1,2,1,0,0,1 0,0,127,159,62,25,13,10,3,1 0,0,2,2,1,2,1,0,0,1
/media/michal/Pauli/masterdata/processed/paramtest/iter100/annotated/rares/20140901/patrol_run_33/room_1/features/nonPlanes<shot_uniform_2015-05-20_21-32-13.pcd 6.93553 0.00170008 0.00168617 7 226,173,60,59,47,36,36 64,51,16,13,15,12,12 -1 1186056 2519 3720 -1 -1 400 1333 -1 -1 1183537,1851,406,131,62,30,18,15,2,3,1 -1 0,0,138,131,62,30,18,15,2,3,1 -1
/media/michal/Pauli/masterdata/processed/paramtest/iter100/annotated/rares/20140902/patrol_run_35/room_2/features/nonPlanes<shot_uniform_2015-05-20_21-32-17.pcd 6.03381 0.00168314 0.00173741 7 168,146,112,83,74,48,45 49,47,42,27,21,15,13 0,0,0,0,1,0,0 1120164 2578 3720 111 199 400 1263 31 110 1117586,1899,419,152,59,24,10,11,2,2 0,71,15,13,5,4,2,1,0,0 0,0,140,152,59,24,10,11,2,2 0,0,6,13,5,4,2,1,0,0
/media/michal/Pauli/masterdata/processed/paramtest/iter100/annotated/rares/20140902/patrol_run_38/room_0/features/nonPlanes<shot_uniform_2015-05-20_21-32-20.pcd 4.30837 0.00354771 0.00177959 7 173,121,47,43,43,36,32 53,42,13,15,14,13,12 0,0,1,0,0,1,0 1060884 2585 3720 88 161 400 1252 27 87 1058299,1902,427,146,61,25,12,11,1 0,48,20,12,5,2,0,1,0 0,0,144,146,61,25,12,11,1 0,0,7,12,5,2,0,1,0
/media/michal/Pauli/masterdata/processed/paramtest/iter100/annotated/rares/20140903/patrol_run_1/room_4/features/nonPlanes<shot_uniform_2015-05-20_21-32-23.pcd 6.30885 0.00359968 0.0027921 6 313,95,61,55,43,34 84,27,21,14,13,13 0,0,0,0,0,0 1165840 2448 3720 61 129 400 1339 20 73 1163392,1715,437,168,68,35,10,6,4,4,1 0,26,18,7,7,0,3,0,0,0,0 0,0,104,168,68,35,10,6,4,4,1 0,0,3,7,7,0,3,0,0,0,0
/media/michal/Pauli/masterdata/processed/paramtest/iter100/annotated/rares/20140903/patrol_run_10/room_2/features/nonPlanes<shot_uniform_2015-05-20_21-32-25.pcd 4.66325 0.00470163 0.000779846 8 207,159,63,62,57,38,37,35 60,46,20,23,18,15,12,13 0,0,0,0,0,0,0,0 1150032 2526 3720 35 62 400 1249 11 30 1147506,1781,478,161,62,24,14,3,1,1,1 0,16,13,5,0,1,0,0,0,0,0 0,0,133,161,62,24,14,3,1,1,1 0,0,5,5,0,1,0,0,0,0,0
/media/michal/Pauli/masterdata/processed/paramtest/iter100/annotated/rares/20140903/patrol_run_12/room_2/features/nonPlanes<shot_uniform_2015-05-20_21-32-28.pcd 5.10456 0.00370186 0.00171275 7 207,127,92,89,48,47,34 64,37,30,28,12,14,13 0,0,0,0,0,0,0 1093032 2498 3720 34 67 400 1285 11 38 1090534,1761,444,183,65,25,10,6,2,1,1 0,17,9,3,3,1,1,0,0,0,0 0,0,107,183,65,25,10,6,2,1,1 0,0,3,3,3,1,1,0,0,0,0
/media/michal/Pauli/masterdata/processed/paramtest/iter100/annotated/rares/20140903/patrol_run_14/room_1/features/nonPlanes<shot_uniform_2015-05-20_21-32-30.pcd 6.09199 0.0017943 0.00234327 5 225,113,79,60,32 68,39,27,20,13 0,0,0,0,0 1236064 2575 3720 38 80 400 1219 15 51 1233489,1849,470,166,45,31,7,2,4,0,1 0,17,9,7,2,2,1,0,0,0,0 0,0,144,166,45,31,7,2,4,0,1 0,0,3,7,2,2,1,0,0,0,0
/media/michal/Pauli/masterdata/processed/paramtest/iter100/annotated/rares/20140903/patrol_run_2/room_4/features/nonPlanes<shot_uniform_2015-05-20_21-32-33.pcd 5.01 0.00302666 0.00176769 4 242,179,110,59 68,50,34,18 0,1,0,0 1119404 2477 3720 156 314 400 1311 51 181 1116927,1745,461,138,77,29,13,9,3,1,0,0,1 0,77,43,11,16,4,3,1,0,1,0,0,0 0,0,129,138,77,29,13,9,3,1,0,0,1 0,0,15,11,16,4,3,1,0,1,0,0,0
/media/michal/Pauli/masterdata/processed/paramtest/iter100/annotated/rares/20140903/patrol_run_9/room_2/features/nonPlanes<shot_uniform_2015-05-20_21-32-35.pcd 5.49998 0.00474818 0.0016961 9 203,88,69,67,57,51,51,50,31 59,27,19,23,17,18,16,16,14 0,0,1,0,0,0,0,0,0 1234240 2561 3720 44 96 400 1267 18 64 1231679,1869,437,150,54,26,9,8,3,3,2 0,20,10,8,3,1,1,0,0,1,0 0,0,145,150,54,26,9,8,3,3,2 0,0,4,8,3,1,1,0,0,1,0
/media/michal/Pauli/masterdata/processed/paramtest/iter100/annotated/rares/20140904/patrol_run_15/room_2/features/nonPlanes<shot_uniform_2015-05-20_21-32-38.pcd 4.61312 0.00270486 0.00168096 7 158,149,142,46,44,37,37 53,49,44,16,17,14,12 0,1,0,0,0,0,0 1260004 2598 3720 154 256 400 1211 39 126 1257406,1887,462,148,60,28,8,3,2 0,100,27,15,5,6,0,1,0 0,0,151,148,60,28,8,3,2 0,0,12,15,5,6,0,1,0
/media/michal/Pauli/masterdata/processed/paramtest/iter100/annotated/rares/20140905/patrol_run_17/room_2/features/nonPlanes<shot_uniform_2015-05-20_21-32-41.pcd 4.35888 0.00165168 0.00184689 6 235,152,62,61,45,43 68,40,19,22,13,15 0,1,0,0,0,0 1161888 2488 3720 113 241 400 1296 39 152 1159400,1752,471,148,66,20,13,11,2,3,2 0,59,23,13,11,3,0,0,0,2,2 0,0,135,148,66,20,13,11,2,3,2 0,0,8,13,11,3,0,0,0,2,2
/media/michal/Pauli/masterdata/processed/paramtest/iter100/annotated/rares/20140905/patrol_run_19/room_1/features/nonPlanes<shot_uniform_2015-05-20_21-32-43.pcd 4.89342 0.00149307 0.000762307 9 112,111,103,71,63,53,44,43,39 33,31,30,20,21,15,16,12,13 0,0,1,0,0,0,0,0,0 1118416 2501 3720 102 185 400 1286 25 86 1115915,1768,445,184,57,24,9,9,2,2,0,1 0,55,26,12,5,3,0,1,0,0,0,0 0,0,112,184,57,24,9,9,2,2,0,1 0,0,4,12,5,3,0,1,0,0,0,0
/media/michal/Pauli/masterdata/processed/paramtest/iter100/annotated/rares/20140905/patrol_run_21/room_2/features/nonPlanes<shot_uniform_2015-05-20_21-32-47.pcd 4.64722 0.0643112 0.00194933 7 146,127,99,78,49,38,37 39,40,25,24,12,14,14 0,0,0,0,0,0,0 1181040 2469 3720 64 119 400 1346 14 56 1178571,1764,420,164,52,33,23,5,5,0,0,0,2,0,1 0,37,16,4,2,2,1,2,0,0,0,0,0,0,0 0,0,115,164,52,33,23,5,5,0,0,0,2,0,1 0,0,3,4,2,2,1,2,0,0,0,0,0,0,0
/media/michal/Pauli/masterdata/processed/paramtest/iter100/annotated/rares/20140905/patrol_run_23/room_2/features/nonPlanes<shot_uniform_2015-05-20_21-32-50.pcd 4.59957 0.00297594 0.00165817 6 221,185,88,75,50,45 62,54,26,24,15,14 0,1,0,0,0,0 1000688 2457 3720 104 192 400 1352 27 97 998231,1746,410,164,70,38,18,7,2,1,1 0,59,21,13,7,1,2,1,0,0,0 0,0,99,164,70,38,18,7,2,1,1 0,0,3,13,7,1,2,1,0,0,0
/media/michal/Pauli/masterdata/processed/paramtest/iter100/annotated/rares/20140905/patrol_run_25/room_1/features/nonPlanes<shot_uniform_2015-05-20_21-32-53.pcd 6.8479 0.0047652 0.00237317 9 114,85,70,67,66,65,42,41,36 31,27,23,18,22,15,13,12,15 1,0,0,0,0,0,0,0,0 1075896 2449 3720 99 187 400 1321 28 99 1073447,1699,474,146,74,27,12,9,3,5 0,54,25,8,6,2,3,1,0,0 0,0,124,146,74,27,12,9,3,5 0,0,8,8,6,2,3,1,0,0
/media/michal/Pauli/masterdata/processed/paramtest/iter100/annotated/rares/20140905/patrol_run_27/room_2/features/nonPlanes<shot_uniform_2015-05-20_21-32-57.pcd 4.34586 0.00146228 0.00249665 5 373,152,114,70,56 103,39,31,19,16 0,0,1,0,0 1058400 2328 3720 99 195 400 1447 27 105 1056072,1583,424,162,76,36,25,15,4,1,0,1,1 0,54,25,8,3,4,1,3,1,0,0,0,0 0,0,79,162,76,36,25,15,4,1,0,1,1 0,0,7,8,3,4,1,3,1,0,0,0,0
/media/michal/Pauli/masterdata/processed/paramtest/iter100/annotated/rares/20140905/patrol_run_29/room_2/features/nonPlanes<shot_uniform_2015-05-20_21-33-00.pcd 3.88816 0.00132127 0.00165811 7 245,217,69,69,58,54,48 59,61,21,16,18,16,16 0,0,0,0,0,1,0 988992 2337 3720 63 115 400 1439 17 57 986655,1593,417,169,82,34,20,13,7,0,1,1 0,34,15,7,6,0,1,0,0,0,0,0 0,0,73,169,82,34,20,13,7,0,1,1 0,0,3,7,6,0,1,0,0,0,0,0
/media/michal/Pauli/masterdata/processed/paramtest/iter100/annotated/rares/20140905/patrol_run_30/room_1/features/nonPlanes<shot_uniform_2015-05-20_21-33-03.pcd 5.60717 0.0014025 0.00162117 9 108,101,81,74,72,54,54,54,47 26,29,25,24,20,16,15,13,13 0,0,0,0,0,0,1,0,0 950232 2427 3720 47 88 400 1350 14 52 947805,1684,452,165,63,27,19,7,6,2,1,1 0,30,6,5,3,0,2,1,0,0,0,0 0,0,109,165,63,27,19,7,6,2,1,1 0,0,3,5,3,0,2,1,0,0,0,0
/media/michal/Pauli/masterdata/processed/paramtest/iter100/annotated/rares/20140905/patrol_run_30/room_7/features/nonPlanes<shot_uniform_2015-05-20_21-33-07.pcd 5.50412 0.00178215 0.00237771 5 399,200,79,62,59 113,59,21,17,14 0,0,1,0,0 1158544 2455 3720 108 183 400 1321 17 65 1156089,1711,463,151,71,29,19,5,4,1,0,1 0,64,29,7,5,0,2,0,1,0,0,0 0,0,119,151,71,29,19,5,4,1,0,1 0,0,2,7,5,0,2,0,1,0,0,0
/media/michal/Pauli/masterdata/processed/paramtest/iter100/annotated/rares/20140908/patrol_run_32/room_2/features/nonPlanes<shot_uniform_2015-05-20_21-33-10.pcd 5.17462 0.00173833 0.00169126 3 206,169,47 69,53,17 0,0,0 1146802 2635 3720 46 80 400 1188 15 45 1144167,1938,462,141,58,20,10,5,1 0,27,8,9,1,0,1,0,0 0,0,165,141,58,20,10,5,1 0,0,4,9,1,0,1,0,0
/media/michal/Pauli/masterdata/processed/paramtest/iter100/annotated/rares/20140908/patrol_run_34/room_2/features/nonPlanes<shot_uniform_2015-05-20_21-33-14.pcd 4.94043 0.00158991 0.00177799 8 236,114,88,85,72,45,44,43 71,30,24,25,24,15,14,13 0,0,1,0,0,0,0,0 1146612 2432 3720 101 202 400 1338 32 115 1144180,1682,459,158,68,32,22,8,2,0,1 0,51,20,16,9,3,2,0,0,0,0 0,0,109,158,68,32,22,8,2,0,1 0,0,2,16,9,3,2,0,0,0,0
/media/michal/Pauli/masterdata/processed/paramtest/iter100/annotated/rares/20140908/patrol_run_36/room_3/features/nonPlanes<shot_uniform_2015-05-20_21-33-17.pcd 4.74953 0.00270341 0.00228233 7 259,212,174,79,62,37,34 75,62,46,26,20,12,12 0,0,1,0,0,0,0 949620 2474 3720 142 281 400 1331 43 161 947146,1759,444,144,65,30,14,12,2,1,1,0,0,1,0,1 0,78,34,13,7,5,1,2,0,0,1,0,0,1,0,0 0,0,129,144,65,30,14,12,2,1,1,0,0,1,0,1 0,0,13,13,7,5,1,2,0,0,1,0,0,1,0,0
/media/michal/Pauli/masterdata/processed/paramtest/iter100/annotated/rares/20140908/patrol_run_38/room_2/features/nonPlanes<shot_uniform_2015-05-20_21-33-21.pcd 5.34621 0.00270016 0.00168245 6 177,118,115,74,62,38 50,40,36,22,16,14 1,0,0,0,0,0 942956 2465 3720 147 307 400 1305 51 187 940491,1715,462,180,58,18,15,9,6,2 0,72,34,19,11,5,2,3,1,0 0,0,112,180,58,18,15,9,6,2 0,0,10,19,11,5,2,3,1,0
/media/michal/Pauli/masterdata/processed/paramtest/iter100/annotated/rares/20140908/patrol_run_39/room_3/features/nonPlanes<shot_uniform_2015-05-20_21-33-25.pcd 4.92859 0.00253152 0.00149928 9 284,203,89,84,70,66,57,55,46 70,46,25,26,18,18,15,15,15 0,0,0,1,0,0,0,0,0 1107662 2257 3720 89 156 400 1484 26 83 1105405,1478,442,171,78,40,25,12,4,5,1,0,1 0,53,18,11,4,0,3,0,0,0,0,0,0 0,0,63,171,78,40,25,12,4,5,1,0,1 0,0,8,11,4,0,3,0,0,0,0,0,0
/media/michal/Pauli/masterdata/processed/paramtest/iter100/annotated/rares/20140908/patrol_run_41/room_3/features/nonPlanes<shot_uniform_2015-05-20_21-33-28.pcd 5.37422 0.00098112 0.00112283 6 176,176,174,71,48,44 50,46,55,23,16,12 0,1,0,0,0,0 1040400 2415 3720 124 267 400 1377 45 169 1037985,1687,413,175,71,37,20,6,4,1,1 0,60,25,16,14,4,3,1,1,0,0 0,0,85,175,71,37,20,6,4,1,1 0,0,6,16,14,4,3,1,1,0,0
/media/michal/Pauli/masterdata/processed/paramtest/iter100/annotated/rares/20140908/patrol_run_43/room_3/features/nonPlanes<shot_uniform_2015-05-20_21-33-32.pcd 5.89225 0.00191734 0.00176227 6 277,225,125,63,62,38 73,59,38,15,15,13 0,0,0,0,1,0 1100784 2335 3720 82 182 400 1427 29 116 1098449,1577,455,157,70,33,18,11,6,2,1,4,1 0,40,16,11,5,5,3,2,0,0,0,0,0 0,0,97,157,70,33,18,11,6,2,1,4,1 0,0,3,11,5,5,3,2,0,0,0,0,0
/media/michal/Pauli/masterdata/processed/paramtest/iter100/annotated/rares/20140908/patrol_run_45/room_2/features/nonPlanes<shot_uniform_2015-05-20_21-33-35.pcd 5.39837 0.00208459 0.00188325 8 167,159,138,117,113,85,59,57 40,37,38,28,34,30,17,15 0,0,0,1,0,0,0,0 1109600 2290 3720 175 352 400 1469 43 179 1107310,1529,420,180,91,36,12,7,5,3,3,1,1,2 0,91,43,20,9,7,1,0,0,2,2,0,0,0 0,0,59,180,91,36,12,7,5,3,3,1,1,2 0,0,2,20,9,7,1,0,0,2,2,0,0,0
/media/michal/Pauli/masterdata/processed/paramtest/iter100/annotated/rares/20140908/patrol_run_47/room_3/features/nonPlanes<shot_uniform_2015-05-20_21-33-38.pcd 5.45382 0.00156006 0.0017927 5 301,232,79,59,40 96,64,27,15,13 1,0,0,0,0 1105800 2492 3720 210 399 400 1290 68 222 1103308,1754,464,161,55,31,16,6,3,2 0,107,54,27,12,7,2,0,1,0 0,0,126,161,55,31,16,6,3,2 0,0,19,27,12,7,2,0,1,0
/media/michal/Pauli/masterdata/processed/paramtest/iter100/annotated/rares/20140909/patrol_run_49/room_3/features/nonPlanes<shot_uniform_2015-05-20_21-33-41.pcd 6.14213 0.00393326 0.00285453 7 188,107,77,70,66,55,32 54,35,27,20,15,16,12 0,0,0,0,0,0,0 1049598 2505 3720 77 126 400 1305 13 43 1047093,1795,445,143,59,29,20,10,2,1,1 0,45,24,4,1,1,2,0,0,0,0 0,0,135,143,59,29,20,10,2,1,1 0,0,5,4,1,1,2,0,0,0,0
/media/michal/Pauli/masterdata/processed/paramtest/iter100/annotated/rares/20140909/patrol_run_51/room_3/features/nonPlanes<shot_uniform_2015-05-20_21-33-45.pcd 6.92537 0.00247472 0.00253928 6 178,108,103,73,72,50 49,35,26,21,27,15 1,0,0,0,0,0 1987742 2515 3720 139 276 400 1303 43 157 1985227,1813,434,142,64,34,18,4,4,1,1 0,73,33,13,11,4,3,0,2,0,0 0,0,132,142,64,34,18,4,4,1,1 0,0,10,13,11,4,3,0,2,0,0
/media/michal/Pauli/masterdata/processed/paramtest/iter100/annotated/rares/20140909/patrol_run_53/room_3/features/nonPlanes<shot_uniform_2015-05-20_21-33-49.pcd 5.72067 0.00166978 0.00173324 7 122,119,102,93,78,76,28 35,40,31,25,25,17,13 1,0,0,0,0,0,0 1102608 2509 3720 126 244 400 1276 38 129 1100099,1774,465,158,62,26,10,9,4,1 0,61,32,22,7,2,0,1,1,0 0,0,130,158,62,26,10,9,4,1 0,0,5,22,7,2,0,1,1,0
/media/michal/Pauli/masterdata/processed/paramtest/iter100/annotated/rares/20140909/patrol_run_55/room_3/features/nonPlanes<shot_uniform_2015-05-20_21-33-53.pcd 6.12165 0.00367562 0.0017692 8 171,75,66,52,50,40,36,30 58,25,25,20,20,12,15,14 0,1,0,0,0,0,0,0 1020908 2713 3720 151 229 400 1124 28 82 1018195,2030,473,139,44,16,8,1,2 0,99,34,13,3,1,1,0,0 0,0,190,139,44,16,8,1,2 0,0,10,13,3,1,1,0,0
/media/michal/Pauli/masterdata/processed/paramtest/iter100/annotated/rares/20140909/patrol_run_57/room_3/features/nonPlanes<shot_uniform_2015-05-20_21-33-57.pcd 7.75589 0.00333077 0.00174907 3 209,144,53 53,32,15 0,1,0 2799460 2315 3720 162 365 400 1493 55 235 2797145,1603,389,169,58,43,22,13,12,3,2,0,0,0,0,0,0,0,0,1 0,84,28,23,11,7,2,2,4,0,0,0,0,0,0,0,0,0,0,1 0,0,77,169,58,43,22,13,12,3,2,0,0,0,0,0,0,0,0,1 0,0,5,23,11,7,2,2,4,0,0,0,0,0,0,0,0,0,0,1
/media/michal/Pauli/masterdata/processed/paramtest/iter100/annotated/rares/20140909/patrol_run_59/room_3/features/nonPlanes<shot_uniform_2015-05-20_21-33-59.pcd 4.84218 0.0024776 0.00257287 9 156,112,111,97,74,59,52,50,50 46,36,27,27,21,19,19,17,15 0,1,0,0,0,0,0,0,0 446622 2462 3720 107 204 400 1342 38 118 444160,1746,418,167,79,25,11,7,4,4,0,0,0,1 0,52,29,14,10,0,2,0,0,0,0,0,0,0 0,0,102,167,79,25,11,7,4,4,0,0,0,1 0,0,12,14,10,0,2,0,0,0,0,0,0,0
/media/michal/Pauli/masterdata/processed/paramtest/iter100/annotated/rares/20140909/patrol_run_61/room_3/features/nonPlanes<shot_uniform_2015-05-20_21-34-02.pcd 4.70427 0.00091365 0.00274904 6 435,142,96,94,86,46 112,41,23,25,22,16 0,0,1,0,0,0 447579 2267 3720 99 204 400 1463 32 119 445312,1477,454,179,81,31,24,5,11,3,0,1,0,0,1 0,49,27,10,4,4,3,0,1,1,0,0,0,0,0 0,0,64,179,81,31,24,5,11,3,0,1,0,0,1 0,0,9,10,4,4,3,0,1,1,0,0,0,0,0
/media/michal/Pauli/masterdata/processed/paramtest/iter100/annotated/rares/20140909/patrol_run_63/room_3/features/nonPlanes<shot_uniform_2015-05-20_21-34-05.pcd 6.07484 0.0011807 0.00244597 8 278,190,110,93,65,59,53,43 73,49,28,27,18,15,13,14 0,0,1,0,0,0,0,0 420420 2272 3720 93 197 400 1480 31 119 418148,1504,426,179,85,27,25,14,6,4,2 0,46,18,17,7,1,1,1,1,0,1 0,0,58,179,85,27,25,14,6,4,2 0,0,2,17,7,1,1,1,1,0,1
/media/michal/Pauli/masterdata/processed/paramtest/iter100/annotated/rares/20140910/patrol_run_67/room_3/features/nonPlanes<shot_uniform_2015-05-20_21-34-08.pcd 5.7942 0.000980508 0.00167367 7 274,197,114,82,68,49,42 68,52,32,29,20,15,13 0,1,0,0,0,0,0 473286 2330 3720 184 356 400 1421 54 188 470956,1561,442,182,70,43,12,11,4,1,1,2,1 0,92,49,24,8,8,2,0,0,0,1,0,0 0,0,73,182,70,43,12,11,4,1,1,2,1 0,0,11,24,8,8,2,0,0,0,1,0,0
/media/michal/Pauli/masterdata/processed/paramtest/iter100/annotated/rares/20140910/patrol_run_69/room_3/features/nonPlanes<shot_uniform_2015-05-20_21-34-12.pcd 5.06838 0.0011193 0.00222604 5 314,257,98,70,50 86,69,30,20,17 0,1,0,0,0 446622 2398 3720 177 358 400 1405 48 202 444224,1681,410,156,83,33,15,7,8,2,2,0,0,1 0,102,32,17,9,9,4,1,2,0,0,0,0,1 0,0,93,156,83,33,15,7,8,2,2,0,0,1 0,0,5,17,9,9,4,1,2,0,0,0,0,1
/media/michal/Pauli/masterdata/processed/paramtest/iter100/annotated/rares/20140910/patrol_run_71/room_3/features/nonPlanes<shot_uniform_2015-05-20_21-34-16.pcd 3.78513 0.00132517 0.00214039 7 306,192,123,105,103,58,54 86,46,30,26,29,20,14 0,0,0,0,1,0,0 477048 2272 3720 129 269 400 1475 40 149 474776,1499,440,172,77,39,21,13,4,3,3,0,0,0,0,0,1 0,58,34,22,9,1,2,1,1,1,0,0,0,0,0,0,0 0,0,67,172,77,39,21,13,4,3,3,0,0,0,0,0,1 0,0,3,22,9,1,2,1,1,1,0,0,0,0,0,0,0
/media/michal/Pauli/masterdata/processed/paramtest/iter100/annotated/rares/20140910/patrol_run_74/room_3/features/nonPlanes<shot_uniform_2015-05-20_21-34-18.pcd 5.30605 0.000809254 0.00208706 9 150,137,110,91,72,60,56,51,36 42,40,28,29,20,20,17,13,13 0,0,0,0,0,1,0,0,0 442200 2419 3720 66 114 400 1380 20 62 439781,1698,407,163,91,32,13,7,5,2,1 0,40,12,8,4,2,0,0,0,0,0 0,0,86,163,91,32,13,7,5,2,1 0,0,6,8,4,2,0,0,0,0,0
/media/michal/Pauli/masterdata/processed/paramtest/iter100/annotated/rares/20140910/patrol_run_77/room_4/features/nonPlanes<shot_uniform_2015-05-20_21-34-21.pcd 3.53859 0.00105205 0.00178977 8 249,235,166,100,93,89,70,66 64,56,44,21,20,23,17,18 0,0,0,0,0,0,1,0 446622 2143 3720 52 142 400 1599 21 97 444479,1365,417,176,65,52,35,11,14,6,2 0,17,14,7,6,4,0,1,2,1,0 0,0,39,176,65,52,35,11,14,6,2 0,0,0,7,6,4,0,1,2,1,0
/media/michal/Pauli/masterdata/processed/paramtest/iter100/annotated/rares/20140910/patrol_run_79/room_2/features/nonPlanes<shot_uniform_2015-05-20_21-34-24.pcd 4.89725 0.00107844 0.00239988 6 313,272,112,109,68,41 80,65,30,26,18,13 0,0,0,1,0,0 396627 2256 3720 110 227 400 1527 33 135 394371,1519,394,174,78,38,20,11,11,6,5 0,62,23,8,7,4,2,0,2,1,1 0,0,57,174,78,38,20,11,11,6,5 0,0,8,8,7,4,2,0,2,1,1
/media/michal/Pauli/masterdata/processed/paramtest/iter100/annotated/rares/20140910/patrol_run_81/room_2/features/nonPlanes<shot_uniform_2015-05-20_21-34-26.pcd 5.76682 0.00058978 0.00274619 6 252,176,158,86,70,47 68,50,43,24,19,12 0,0,1,0,0,0 432300 2319 3720 124 262 400 1440 44 166 429981,1558,452,141,90,36,21,9,6,4,1,0,1 0,64,24,15,12,3,3,0,3,0,0,0,0 0,0,91,141,90,36,21,9,6,4,1,0,1 0,0,8,15,12,3,3,0,3,0,0,0,0
/media/michal/Pauli/masterdata/processed/paramtest/iter100/annotated/rares/20140911/patrol_run_82/room_3/features/nonPlanes<shot_uniform_2015-05-20_21-34-29.pcd 4.38721 0.0014114 0.00163777 9 239,189,72,68,64,54,51,41,39 63,57,21,21,16,15,12,13,12 0,0,0,0,1,1,0,0,0 473154 2447 3720 85 183 400 1355 29 113 470707,1729,420,167,70,25,20,7,6,2,1 0,42,21,10,3,4,2,1,1,0,1 0,0,102,167,70,25,20,7,6,2,1 0,0,7,10,3,4,2,1,1,0,1
/media/michal/Pauli/masterdata/processed/paramtest/iter100/annotated/rares/20140911/patrol_run_84/room_3/features/nonPlanes<shot_uniform_2015-05-20_21-34-32.pcd 4.22165 0.00137061 0.00181636 9 240,163,137,81,74,57,53,50,48 62,42,38,23,18,14,17,13,14 1,0,0,0,0,0,0,0,0 455400 2259 3720 212 439 400 1482 68 257 453141,1480,431,184,83,40,17,14,2,4,2,2 0,106,48,27,12,11,4,3,1,0,0,0 0,0,52,184,83,40,17,14,2,4,2,2 0,0,10,27,12,11,4,3,1,0,0,0
/media/michal/Pauli/masterdata/processed/paramtest/iter100/annotated/rares/20140911/patrol_run_88/room_3/features/nonPlanes<shot_uniform_2015-05-20_21-34-34.pcd 3.41 0.000532905 0.0010783 8 305,179,143,85,83,61,57,43 77,50,35,26,21,13,15,13 0,0,1,0,0,0,0,0 474606 2236 3720 172 319 400 1498 36 149 472370,1450,434,177,86,51,16,9,7,3,3 0,102,38,10,10,8,1,1,0,2,0 0,0,48,177,86,51,16,9,7,3,3 0,0,4,10,10,8,1,1,0,2,0
/media/michal/Pauli/masterdata/processed/paramtest/iter100/annotated/rares/20140911/patrol_run_90/room_3/features/nonPlanes<shot_uniform_2015-05-20_21-34-36.pcd 4.74394 0.00162047 0.00238201 9 269,114,78,65,62,56,54,52,42 69,32,21,19,16,15,15,12,14 0,0,0,0,0,0,0,0,0 408408 2339 3720 113 176 400 1409 18 66 406069,1567,450,170,85,30,18,10,7,1,1 0,80,19,7,3,1,2,0,1,0,0 0,0,78,170,85,30,18,10,7,1,1 0,0,4,7,3,1,2,0,1,0,0
/media/michal/Pauli/masterdata/processed/paramtest/iter100/annotated/rares/20140911/patrol_run_92/room_3/features/nonPlanes<shot_uniform_2015-05-20_21-34-40.pcd 4.11794 0.00115029 0.00167328 8 291,125,86,75,68,57,55,30 69,34,20,20,18,15,15,14 0,0,0,1,0,0,0,0 454740 2233 3720 109 221 400 1505 32 122 452507,1451,437,187,70,40,19,13,7,5,2,0,0,1,0,1 0,55,25,16,6,3,2,1,0,0,1,0,0,0,0,0 0,0,55,187,70,40,19,13,7,5,2,0,0,1,0,1 0,0,3,16,6,3,2,1,0,0,1,0,0,0,0,0
/media/michal/Pauli/masterdata/processed/paramtest/iter100/annotated/rares/20140912/patrol_run_100/room_3/features/nonPlanes<shot_uniform_2015-05-20_21-34-43.pcd 4.8443 0.000981984 0.00171452 6 233,175,166,72,58,33 68,52,45,26,16,14 0,0,1,0,0,0 437778 2443 3720 161 318 400 1340 47 173 435335,1706,435,174,61,45,12,4,3,2,0,1 0,83,37,22,8,8,2,0,0,0,0,1 0,0,98,174,61,45,12,4,3,2,0,1 0,0,6,22,8,8,2,0,0,0,0,1
/media/michal/Pauli/masterdata/processed/paramtest/iter100/annotated/rares/20140912/patrol_run_102/room_3/features/nonPlanes<shot_uniform_2015-05-20_21-34-47.pcd 4.21029 0.00136336 0.00217352 5 355,278,87,53,42 96,63,21,17,14 0,1,0,0,0 463320 2167 3720 180 448 400 1549 66 295 461153,1363,446,184,77,47,21,9,11,2,3,3,1 0,75,42,27,16,8,2,2,2,2,1,2,1 0,0,42,184,77,47,21,9,11,2,3,3,1 0,0,3,27,16,8,2,2,2,2,1,2,1
/media/michal/Pauli/masterdata/processed/paramtest/iter100/annotated/rares/20140912/patrol_run_104/room_3/features/nonPlanes<shot_uniform_2015-05-20_21-34-50.pcd 5.40598 0.000784517 0.00169439 7 238,170,154,148,74,68,40 62,47,39,42,21,25,14 0,1,0,0,0,0,0 445500 2369 3720 149 288 400 1412 42 154 443131,1630,419,160,82,45,21,7,2,2,1 0,80,33,18,9,4,3,2,0,0,0 0,0,80,160,82,45,21,7,2,2,1 0,0,6,18,9,4,3,2,0,0,0
/media/michal/Pauli/masterdata/processed/paramtest/iter100/annotated/rares/20140912/patrol_run_94/room_3/features/nonPlanes<shot_uniform_2015-05-20_21-34-54.pcd 4.00614 0.000739011 0.00176242 7 254,244,110,81,75,70,52 65,46,33,25,24,19,16 0,0,0,0,0,1,0 445500 2242 3720 119 227 400 1527 31 121 443258,1491,419,165,85,38,12,8,8,5,4,2,1,1,3 0,70,24,11,7,3,0,2,1,0,0,1,0,0,0 0,0,68,165,85,38,12,8,8,5,4,2,1,1,3 0,0,6,11,7,3,0,2,1,0,0,1,0,0,0
/media/michal/Pauli/masterdata/processed/paramtest/iter100/annotated/rares/20140912/patrol_run_96/room_2/features/nonPlanes<shot_uniform_2015-05-20_21-34-58.pcd 3.95269 0.000969229 0.00175652 8 217,159,132,107,73,72,67,38 54,40,36,27,14,19,19,13 0,0,0,0,0,1,0,0 434511 2200 3720 88 168 400 1530 23 84 432311,1410,430,187,81,39,23,18,7,2,2,0,1 0,46,22,12,4,2,0,0,2,0,0,0,0 0,0,40,187,81,39,23,18,7,2,2,0,1 0,0,3,12,4,2,0,0,2,0,0,0,0
/media/michal/Pauli/masterdata/processed/paramtest/iter100/annotated/rares/20140912/patrol_run_98/room_3/features/nonPlanes<shot_uniform_2015-05-20_21-35-01.pcd 5.06644 0.000990181 0.0017751 6 188,112,102,94,66,53 54,34,34,28,20,17 1,0,0,0,0,0 446622 2417 3720 199 356 400 1350 49 174 444205,1664,465,141,88,36,8,5,5,4,0,0,1 0,118,43,15,16,3,2,0,2,0,0,0,0 0,0,112,141,88,36,8,5,5,4,0,0,1 0,0,11,15,16,3,2,0,2,0,0,0,0
/media/michal/Pauli/masterdata/processed/paramtest/iter100/annotated/rares/20140921/patrol_run_110/room_2/features/nonPlanes<shot_uniform_2015-05-20_21-35-05.pcd 5.08677 0.00107725 0.00175678 8 157,152,98,91,78,61,50,40 44,42,32,28,17,14,16,12 0,0,1,0,1,0,0,0 411840 2419 3720 143 310 400 1378 49 189 409421,1696,424,165,69,30,16,7,5,1,5,1 0,67,38,20,4,6,3,1,2,0,2,0 0,0,101,165,69,30,16,7,5,1,5,1 0,0,11,20,4,6,3,1,2,0,2,0
/media/michal/Pauli/masterdata/processed/paramtest/iter100/annotated/rares/20140921/patrol_run_112/room_2/features/nonPlanes<shot_uniform_2015-05-20_21-35-08.pcd 4.56651 0.000912627 0.00167194 6 149,117,105,86,84,51 49,32,28,21,21,13 1,0,0,0,0,0 419265 2317 3720 93 187 400 1432 34 112 416948,1546,458,154,80,38,21,11,5,1,2,0,0,0,1 0,43,24,15,6,3,2,0,0,0,0,0,0,0,0 0,0,87,154,80,38,21,11,5,1,2,0,0,0,1 0,0,8,15,6,3,2,0,0,0,0,0,0,0,0
/media/michal/Pauli/masterdata/processed/paramtest/iter100/annotated/rares/20140921/patrol_run_114/room_1/features/nonPlanes<shot_uniform_2015-05-20_21-35-12.pcd 3.70003 0.000960693 0.00170309 8 185,148,117,83,83,71,47,42 47,38,31,25,21,22,13,12 0,0,1,0,0,0,0,0 421476 2267 3720 72 147 400 1488 24 88 419209,1502,399,204,83,41,17,7,7,6,1 0,37,15,9,6,4,0,0,0,1,0 0,0,34,204,83,41,17,7,7,6,1 0,0,4,9,6,4,0,0,0,1,0
/media/michal/Pauli/masterdata/processed/paramtest/iter100/annotated/rares/20140922/patrol_run_116/room_2/features/nonPlanes<shot_uniform_2015-05-20_21-35-15.pcd 4.14381 0.00172175 0.00221224 9 240,149,137,87,66,66,52,43,37 65,38,41,25,18,17,12,13,12 0,0,0,1,0,0,0,0,0 424116 2254 3720 101 204 400 1458 31 111 421862,1446,480,173,73,39,23,8,5,5,0,1,0,0,0,0,0,0,1 0,47,30,11,5,6,0,2,0,0,0,0,0,0,0,0,0,0,0 0,0,72,173,73,39,23,8,5,5,0,1,0,0,0,0,0,0,1 0,0,7,11,5,6,0,2,0,0,0,0,0,0,0,0,0,0,0
/media/michal/Pauli/masterdata/processed/paramtest/iter100/annotated/rares/20140922/patrol_run_118/room_2/features/nonPlanes<shot_uniform_2015-05-20_21-35-18.pcd 4.85199 0.000984665 0.00176442 7 335,145,71,59,57,53,50 97,39,14,20,17,15,16 0,0,0,0,1,0,0 451044 2399 3720 108 189 400 1399 26 93 448645,1677,423,164,58,31,26,8,4,6,2 0,68,20,11,4,1,3,0,0,1,0 0,0,101,164,58,31,26,8,4,6,2 0,0,6,11,4,1,3,0,0,1,0
/media/michal/Pauli/masterdata/processed/paramtest/iter100/annotated/rares/20140922/patrol_run_120/room_1/features/nonPlanes<shot_uniform_2015-05-20_21-35-23.pcd 6.00922 0.00127971 0.00173763 7 219,136,114,85,69,47,40 59,39,33,30,16,15,14 0,0,0,1,0,0,0 478401 2312 3720 98 167 400 1436 24 77 476089,1540,456,148,92,40,17,8,5,3,2,1 0,58,24,9,3,2,2,0,0,0,0,0 0,0,84,148,92,40,17,8,5,3,2,1 0,0,8,9,3,2,2,0,0,0,0,0
/media/michal/Pauli/masterdata/processed/paramtest/iter100/annotated/rares/20140922/patrol_run_124/room_2/features/nonPlanes<shot_uniform_2015-05-20_21-35-27.pcd 5.67536 0.00102461 0.00169362 6 181,164,85,56,38,36 59,52,29,14,13,13 0,0,0,0,0,0 483516 2485 3720 76 118 400 1277 13 39 481031,1727,484,158,69,26,12,3,3,2,1 0,47,20,5,4,0,0,0,0,0,0 0,0,126,158,69,26,12,3,3,2,1 0,0,4,5,4,0,0,0,0,0,0
/media/michal/Pauli/masterdata/processed/paramtest/iter100/annotated/rares/20140922/patrol_run_126/room_2/features/nonPlanes<shot_uniform_2015-05-20_21-35-32.pcd 4.44659 0.000601505 0.00171031 11 214,156,110,76,69,64,61,58,53,52,51 52,38,25,15,17,14,13,15,13,12,12 0,0,1,0,0,0,0,0,0,0,0 455499 2055 3720 141 306 400 1686 37 165 453444,1278,375,181,109,48,26,18,8,5,0,3,3,1 0,67,37,14,12,5,3,1,0,0,0,0,1,1 0,0,0,179,109,48,26,18,8,5,0,3,3,1 0,0,0,14,12,5,3,1,0,0,0,0,1,1
/media/michal/Pauli/masterdata/processed/paramtest/iter100/annotated/rares/20140922/patrol_run_128/room_2/features/nonPlanes<shot_uniform_2015-05-20_21-35-36.pcd 3.8805 0.000982529 0.00170821 10 247,115,110,110,108,57,56,50,39,35 67,37,29,27,35,16,14,15,12,12 0,0,1,0,0,0,0,0,0,0 454410 2324 3720 142 270 400 1413 34 126 452086,1541,452,186,78,32,16,9,9,0,0,0,0,0,1 0,72,39,14,9,7,0,1,0,0,0,0,0,0,0 0,0,69,186,78,32,16,9,9,0,0,0,0,0,1 0,0,3,14,9,7,0,1,0,0,0,0,0,0,0
/media/michal/Pauli/masterdata/processed/paramtest/iter100/annotated/rares/20140922/patrol_run_130/room_2/features/nonPlanes<shot_uniform_2015-05-20_21-35-40.pcd 4.32871 0.000737999 0.00165914 9 237,168,125,78,77,75,49,43,39 62,42,28,18,21,18,13,12,12 0,0,0,1,0,0,0,0,0 443289 2187 3720 163 345 400 1542 52 208 441102,1396,420,202,76,42,24,11,8,4,2,1,1 0,85,29,24,10,6,5,3,0,1,0,0,0 0,0,29,202,76,42,24,11,8,4,2,1,1 0,0,3,24,10,6,5,3,0,1,0,0,0
/media/michal/Pauli/masterdata/processed/paramtest/iter100/annotated/rares/20140922/patrol_run_132/room_1/features/nonPlanes<shot_uniform_2015-05-20_21-35-45.pcd 4.97475 0.00095183 0.00207395 5 262,220,45,44,40 68,63,14,14,13 0,0,0,0,0 454740 2333 3720 15 29 400 1419 4 13 452407,1565,449,171,77,32,17,10,6,4,2 0,6,5,3,1,0,0,0,0,0,0 0,0,81,171,77,32,17,10,6,4,2 0,0,0,3,1,0,0,0,0,0,0
/media/michal/Pauli/masterdata/processed/paramtest/iter100/annotated/rares/20140922/patrol_run_134/room_2/features/nonPlanes<shot_uniform_2015-05-20_21-35-49.pcd 5.31239 0.00136939 0.00265634 6 179,175,103,66,37,34 51,45,27,21,12,12 0,0,1,0,0,0 411840 2416 3720 87 177 400 1365 27 103 409424,1677,436,172,70,30,12,7,7,3,1,1 0,46,20,6,10,1,2,1,0,1,0,0 0,0,97,172,70,30,12,7,7,3,1,1 0,0,6,6,10,1,2,1,0,1,0,0
/media/michal/Pauli/masterdata/processed/paramtest/iter100/annotated/rares/20140922/patrol_run_138/room_2/features/nonPlanes<shot_uniform_2015-05-20_21-35-55.pcd 5.57443 0.000924662 0.00172562 7 273,119,80,55,47,40,38 73,37,23,15,13,14,13 0,0,0,0,0,0,0 443223 2303 3720 77 155 400 1452 23 83 440920,1538,438,169,85,28,20,11,8,3,2,1 0,36,21,8,8,3,1,0,0,0,0,0 0,0,73,169,85,28,20,11,8,3,2,1 0,0,3,8,8,3,1,0,0,0,0,0
/media/michal/Pauli/masterdata/processed/paramtest/iter100/annotated/rares/20140923/patrol_run_139/room_2/features/nonPlanes<shot_uniform_2015-05-20_21-35-59.pcd 4.08832 0.00109207 0.0025029 6 247,231,146,140,80,41 63,60,40,36,22,12 0,1,0,0,0,0 430782 2277 3720 172 361 400 1467 54 209 428505,1501,437,184,77,35,15,17,1,7,3 0,84,38,24,14,7,2,1,0,1,1 0,0,61,184,77,35,15,17,1,7,3 0,0,4,24,14,7,2,1,0,1,1
/media/michal/Pauli/masterdata/processed/paramtest/iter100/annotated/rares/20140923/patrol_run_141/room_2/features/nonPlanes<shot_uniform_2015-05-20_21-36-02.pcd 4.32027 0.000889462 0.00176685 5 318,253,123,122,65 77,65,30,31,16 0,0,0,1,0 407286 2159 3720 155 299 400 1571 38 153 405127,1369,425,188,85,37,24,14,7,4,2,2,1,0,0,0,0,0,0,0,0,0,0,0,1 0,88,31,16,8,8,2,1,0,0,1,0,0,0,0,0,0,0,0,0,0,0,0,0,0 0,0,35,188,85,37,24,14,7,4,2,2,1,0,0,0,0,0,0,0,0,0,0,0,1 0,0,2,16,8,8,2,1,0,0,1,0,0,0,0,0,0,0,0,0,0,0,0,0,0
/media/michal/Pauli/masterdata/processed/paramtest/iter100/annotated/rares/20140923/patrol_run_144/room_2/features/nonPlanes<shot_uniform_2015-05-20_21-36-05.pcd 4.55257 0.000948389 0.00167621 7 212,188,69,61,47,44,36 56,49,22,21,12,12,12 0,0,1,0,0,0,1 438471 2329 3720 128 213 400 1421 33 101 436142,1559,435,185,89,30,11,7,8,2,1,1,1 0,78,25,21,1,1,1,1,0,0,0,0,0 0,0,65,185,89,30,11,7,8,2,1,1,1 0,0,8,21,1,1,1,1,0,0,0,0,0
/media/michal/Pauli/masterdata/processed/paramtest/iter100/annotated/rares/20140923/patrol_run_146/room_2/features/nonPlanes<shot_uniform_2015-05-20_21-36-08.pcd 4.27645 0.000833829 0.00175807 6 317,313,172,45,44,43 87,90,45,14,13,16 0,0,1,0,0,0 391248 2349 3720 153 272 400 1425 37 133 388899,1603,429,167,74,32,23,11,5,3,2 0,93,32,13,7,4,3,0,0,0,1 0,0,83,167,74,32,23,11,5,3,2 0,0,9,13,7,4,3,0,0,0,1
/media/michal/Pauli/masterdata/processed/paramtest/iter100/annotated/rares/20140923/patrol_run_148/room_2/features/nonPlanes<shot_uniform_2015-05-20_21-36-12.pcd 4.11013 0.00107555 0.00171422 5 280,178,99,54,51 75,49,25,15,12 0,0,0,1,0 444246 2244 3720 117 215 400 1503 26 99 442002,1471,402,205,81,43,24,8,1,7,2 0,66,27,11,6,4,3,0,0,0,0 0,0,29,205,81,43,24,8,1,7,2 0,0,2,11,6,4,3,0,0,0,0
/media/michal/Pauli/masterdata/processed/paramtest/iter100/annotated/rares/20140923/patrol_run_150/room_2/features/nonPlanes<shot_uniform_2015-05-20_21-36-15.pcd 3.77564 0.0010123 0.00179604 9 217,197,171,169,142,133,93,53,52 47,46,41,36,33,36,20,15,13 0,1,0,0,0,0,0,0,0 454740 2088 3720 112 287 400 1650 45 195 452652,1306,396,178,88,61,24,16,6,7,4,1,0,1 0,42,27,18,8,8,3,3,1,2,0,0,0,0 0,0,14,178,88,61,24,16,6,7,4,1,0,1 0,0,2,18,8,8,3,3,1,2,0,0,0,0
/media/michal/Pauli/masterdata/processed/paramtest/iter100/annotated/rares/20140924/patrol_run_152/room_2/features/nonPlanes<shot_uniform_2015-05-20_21-36-17.pcd 6.04457 0.00117822 0.0026639 7 181,109,63,59,57,51,39 56,32,17,18,19,14,14 0,0,0,0,0,0,0 384087 2488 3720 92 145 400 1322 20 54 381599,1778,441,152,54,23,22,10,4,3,0,0,1 0,53,30,4,5,0,0,0,0,0,0,0,0 0,0,131,152,54,23,22,10,4,3,0,0,1 0,0,11,4,5,0,0,0,0,0,0,0,0
/media/michal/Pauli/masterdata/processed/paramtest/iter100/annotated/rares/20140924/patrol_run_156/room_2/features/nonPlanes<shot_uniform_2015-05-20_21-36-21.pcd 3.84075 0.000605815 0.000718514 8 211,204,125,97,90,85,43,43 56,59,31,28,26,28,15,13 0,0,0,0,1,0,0,0 395010 2370 3720 112 201 400 1394 30 104 392640,1614,441,171,75,34,19,7,4,4,1 0,67,20,13,8,2,1,1,0,0,0 0,0,85,171,75,34,19,7,4,4,1 0,0,5,13,8,2,1,1,0,0,0
/media/michal/Pauli/masterdata/processed/paramtest/iter100/annotated/rares/20140924/patrol_run_158/room_1/features/nonPlanes<shot_uniform_2015-05-20_21-36-24.pcd 4.18644 0.000930201 0.00172452 5 306,96,60,44,35 87,29,16,15,12 0,0,0,0,0 438471 2420 3720 97 173 400 1358 19 82 436051,1678,448,162,71,28,16,7,5,3,0,0,2 0,65,16,6,3,1,4,0,1,1,0,0,0 0,0,106,162,71,28,16,7,5,3,0,0,2 0,0,3,6,3,1,4,0,1,1,0,0,0
/media/michal/Pauli/masterdata/processed/paramtest/iter100/annotated/rares/20140924/patrol_run_162/room_2/features/nonPlanes<shot_uniform_2015-05-20_21-36-27.pcd 5.32936 0.00110387 0.002787 7 254,223,118,94,85,76,64 62,64,30,34,22,19,16 0,0,0,0,0,1,0 435600 2313 3720 68 127 400 1451 18 67 433287,1557,431,177,62,47,11,13,7,7,0,1 0,40,12,9,5,0,0,1,0,1,0,0 0,0,75,177,62,47,11,13,7,7,0,1 0,0,2,9,5,0,0,1,0,1,0,0
/media/michal/Pauli/masterdata/processed/paramtest/iter100/annotated/rares/20140924/patrol_run_164/room_1/features/nonPlanes<shot_uniform_2015-05-20_21-36-30.pcd 3.54788 0.000894266 0.00209263 10 131,127,117,111,70,67,63,60,57,53 32,34,32,27,18,18,20,19,17,12 0,0,0,0,0,0,1,0,0,0 425568 2260 3720 64 123 400 1482 20 63 423308,1482,435,181,84,33,22,12,5,3,0,2,0,0,0,0,0,0,0,1 0,28,23,4,8,1,0,0,0,0,0,0,0,0,0,0,0,0,0,0 0,0,57,181,84,33,22,12,5,3,0,2,0,0,0,0,0,0,0,1 0,0,7,4,8,1,0,0,0,0,0,0,0,0,0,0,0,0,0,0
/media/michal/Pauli/masterdata/processed/paramtest/iter100/annotated/rares/20140924/patrol_run_166/room_2/features/nonPlanes<shot_uniform_2015-05-20_21-36-32.pcd 4.80403 0.000852519 0.00067818 6 201,136,94,91,77,70 56,41,22,30,26,22 0,0,0,0,0,1 411642 2406 3720 54 96 400 1357 15 50 409236,1649,461,162,76,25,14,10,4,4,0,0,1 0,32,11,5,4,1,1,0,0,0,0,0,0 0,0,104,162,76,25,14,10,4,4,0,0,1 0,0,4,5,4,1,1,0,0,0,0,0,0
