obj_search:
  camera_z: 1.7
  ceiling_z: 2.27
  floor_z: 0
  object_query: {K: 5}
  processed_data_dir: /home/michal/Downloads/pcddata/processed/
  raw_data_dir: /media/michal/Pauli/masterdata/raw/
object_query: {K: 10, cluster_maxsize: 500, cluster_minsize: 12, cluster_tolerance: 0.25,
  clusters_to_results: true, extract_mult: 1.3, match: nonPlanes<fpfh_iss, n_max_points: 400,
  output_dir: 'NULL', query_features: '/home/michal/Downloads/pcddata/processed/query/queryobjects/0,01/pillow/features/rgb_0003_label_pillow<fpfh_iss_2015-05-26_14-59-04.pcd',
  results_out: '/home/michal/Downloads/pcddata/processed/query/k10_mx400_t0,25/dt0,02_mp8000_pp0,001',
  subdirs: 4, target_features: '/media/michal/Pauli/masterdata/processed/paramtest/dt0,02_mp8000_pp0,001',
  x_step_hough: 0.05, y_step_hough: 0.05, z_step_hough: 0.05}
rosdistro: 'indigo

  '
roslaunch:
  uris: {host_tycho__38784: 'http://tycho:38784/'}
rosversion: '1.11.10

  '
run_id: 25b8d9f4-0909-11e5-9b0f-3c970e77227e
BEGIN_DATA
# fname t_query t_hough t_cluster cluster_n cluster_scores cluster_points cluster_inobb n_hough_tot nonzero_hough hough_votes boxpts boxvotes maxpts maxvotes maxboxpts maxboxvotes hough_hist box_hist max_hist boxmax_hist
/media/michal/Pauli/masterdata/processed/paramtest/dt0,02_mp8000_pp0,001/annotated/rares/20140820/patrol_run_2/room_1/features/nonPlanes<fpfh_iss_2015-05-22_03-05-17.pcd 0.00799895 0.00150568 0.00199947 8 144,138,108,42,39,32,21,17 58,60,59,23,23,19,16,12 -1 386100 449 770 -1 -1 400 721 -1 -1 385651,295,80,32,16,11,10,2,2,0,1 -1 0,246,80,32,16,11,10,2,2,0,1 -1
/media/michal/Pauli/masterdata/processed/paramtest/dt0,02_mp8000_pp0,001/annotated/rares/20140820/patrol_run_4/room_0/features/nonPlanes<fpfh_iss_2015-05-22_03-05-28.pcd 0.00784216 0.00116126 0.00187247 9 160,76,62,52,49,48,41,37,25 53,37,32,24,28,34,28,19,13 -1 413127 400 770 -1 -1 400 770 -1 -1 412727,251,69,24,23,7,15,5,1,2,2,1 -1 0,251,69,24,23,7,15,5,1,2,2,1 -1
/media/michal/Pauli/masterdata/processed/paramtest/dt0,02_mp8000_pp0,001/annotated/rares/20140828/patrol_run_19/room_3/features/nonPlanes<fpfh_iss_2015-05-22_03-05-38.pcd 0.00838298 0.000620703 0.00218229 8 170,92,38,34,26,23,20,18 79,34,17,14,12,12,14,15 -1 400554 423 770 -1 -1 400 747 -1 -1 400131,258,93,27,18,9,10,2,3,1,1,1 -1 0,235,93,27,18,9,10,2,3,1,1,1 -1
/media/michal/Pauli/masterdata/processed/paramtest/dt0,02_mp8000_pp0,001/annotated/rares/20140829/patrol_run_20/room_3/features/nonPlanes<fpfh_iss_2015-05-22_03-05-50.pcd 0.0106125 0.000645235 0.00215022 10 149,101,33,30,29,26,22,22,17,15 62,39,16,26,14,13,14,14,14,14 -1 394284 422 770 -1 -1 400 748 -1 -1 393862,258,75,46,24,8,5,0,3,0,1,1,0,1 -1 0,236,75,46,24,8,5,0,3,0,1,1,0,1 -1
/media/michal/Pauli/masterdata/processed/paramtest/dt0,02_mp8000_pp0,001/annotated/rares/20140829/patrol_run_26/room_2/features/nonPlanes<fpfh_iss_2015-05-22_03-06-01.pcd 0.00729516 0.00108463 0.00226552 5 219,166,36,29,28 103,60,25,15,18 0,0,0,0,0 393822 394 770 23 79 394 770 23 79 393428,246,63,35,17,9,12,4,4,2,0,0,0,1,0,0,0,1 0,10,2,3,3,1,1,1,0,1,0,0,0,0,0,0,0,1 0,246,63,35,17,9,12,4,4,2,0,0,0,1,0,0,0,1 0,10,2,3,3,1,1,1,0,1,0,0,0,0,0,0,0,1
/media/michal/Pauli/masterdata/processed/paramtest/dt0,02_mp8000_pp0,001/annotated/rares/20140901/patrol_run_27/room_2/features/nonPlanes<fpfh_iss_2015-05-22_03-06-12.pcd 0.00794847 0.000487156 0.00186317 7 152,126,56,47,34,34,28 73,42,22,26,24,15,17 -1 371910 396 770 -1 -1 396 770 -1 -1 371514,241,73,28,22,13,8,5,0,3,0,1,1,1 -1 0,241,73,28,22,13,8,5,0,3,0,1,1,1 -1
/media/michal/Pauli/masterdata/processed/paramtest/dt0,02_mp8000_pp0,001/annotated/rares/20140901/patrol_run_31/room_2/features/nonPlanes<fpfh_iss_2015-05-22_03-06-22.pcd 0.0104963 0.000716811 0.00188912 8 150,73,67,37,28,26,26,24 74,21,20,18,16,19,18,12 -1 408408 388 770 -1 -1 388 770 -1 -1 408020,240,67,25,26,9,7,5,2,2,0,1,3,0,1 -1 0,240,67,25,26,9,7,5,2,2,0,1,3,0,1 -1
/media/michal/Pauli/masterdata/processed/paramtest/dt0,02_mp8000_pp0,001/annotated/rares/20140901/patrol_run_32/room_2/features/nonPlanes<fpfh_iss_2015-05-22_03-06-34.pcd 0.0076257 0.000501289 0.00185036 6 70,61,56,49,42,29 27,18,34,20,28,18 -1 392704 375 770 -1 -1 375 770 -1 -1 392329,232,64,23,23,11,3,3,7,1,2,4,1,0,1 -1 0,232,64,23,23,11,3,3,7,1,2,4,1,0,1 -1
/media/michal/Pauli/masterdata/processed/paramtest/dt0,02_mp8000_pp0,001/annotated/rares/20140901/patrol_run_33/room_1/features/nonPlanes<fpfh_iss_2015-05-22_03-06-45.pcd 0.0076986 0.000931377 0.001942 8 225,44,38,29,26,25,19,15 101,18,13,16,13,15,16,15 -1 399960 389 770 -1 -1 389 770 -1 -1 399571,233,69,32,24,12,7,2,2,6,1,1 -1 0,233,69,32,24,12,7,2,2,6,1,1 -1
/media/michal/Pauli/masterdata/processed/paramtest/dt0,02_mp8000_pp0,001/annotated/rares/20140902/patrol_run_35/room_2/features/nonPlanes<fpfh_iss_2015-05-22_03-06-56.pcd 0.00659612 0.000899474 0.00174876 8 108,93,77,71,42,41,35,16 56,26,42,37,18,18,14,12 -1 378972 379 770 -1 -1 379 770 -1 -1 378593,217,74,27,30,12,8,2,3,3,2,1 -1 0,217,74,27,30,12,8,2,3,3,2,1 -1
/media/michal/Pauli/masterdata/processed/paramtest/dt0,02_mp8000_pp0,001/annotated/rares/20140902/patrol_run_38/room_0/features/nonPlanes<fpfh_iss_2015-05-22_03-07-07.pcd 0.0100274 0.000688055 0.00268659 7 149,117,64,64,33,29,24 67,69,32,26,19,12,12 0,0,0,0,0,0,0 420420 378 770 16 46 378 770 16 46 420042,228,65,34,16,12,6,5,6,1,1,2,1,0,1 0,2,8,1,2,1,2,0,0,0,0,0,0,0,0 0,228,65,34,16,12,6,5,6,1,1,2,1,0,1 0,2,8,1,2,1,2,0,0,0,0,0,0,0,0
/media/michal/Pauli/masterdata/processed/paramtest/dt0,02_mp8000_pp0,001/annotated/rares/20140903/patrol_run_1/room_4/features/nonPlanes<fpfh_iss_2015-05-22_03-07-16.pcd 0.012702 0.00115 0.00277387 7 121,113,64,33,33,32,25 65,48,35,15,13,13,18 0,0,0,0,0,0,0 418077 394 770 14 37 394 770 14 37 417683,242,67,39,12,11,11,3,3,3,1,0,1,0,1 0,6,3,1,2,0,1,0,1,0,0,0,0,0,0 0,242,67,39,12,11,11,3,3,3,1,0,1,0,1 0,6,3,1,2,0,1,0,1,0,0,0,0,0,0
/media/michal/Pauli/masterdata/processed/paramtest/dt0,02_mp8000_pp0,001/annotated/rares/20140903/patrol_run_10/room_2/features/nonPlanes<fpfh_iss_2015-05-22_03-07-28.pcd 0.00871602 0.000711656 0.0016809 8 144,77,69,42,31,30,28,20 65,44,32,22,17,17,15,14 -1 401082 386 770 -1 -1 386 770 -1 -1 400696,230,80,29,12,12,7,5,5,2,0,1,2,0,0,1 -1 0,230,80,29,12,12,7,5,5,2,0,1,2,0,0,1 -1
/media/michal/Pauli/masterdata/processed/paramtest/dt0,02_mp8000_pp0,001/annotated/rares/20140903/patrol_run_12/room_2/features/nonPlanes<fpfh_iss_2015-05-22_03-07-37.pcd 0.0100057 0.000709944 0.00222596 5 152,111,63,36,20 76,51,30,16,13 -1 393294 376 770 -1 -1 376 770 -1 -1 392918,231,66,34,11,10,8,4,1,1,5,0,1,1,2,1 -1 0,231,66,34,11,10,8,4,1,1,5,0,1,1,2,1 -1
/media/michal/Pauli/masterdata/processed/paramtest/dt0,02_mp8000_pp0,001/annotated/rares/20140903/patrol_run_14/room_1/features/nonPlanes<fpfh_iss_2015-05-22_03-07-47.pcd 0.00783695 0.000809571 0.00162692 7 166,83,39,28,25,19,18 82,33,22,14,16,15,14 -1 415800 382 770 -1 -1 382 770 -1 -1 415418,240,58,28,24,11,7,3,2,4,1,1,0,1,0,2 -1 0,240,58,28,24,11,7,3,2,4,1,1,0,1,0,2 -1
/media/michal/Pauli/masterdata/processed/paramtest/dt0,02_mp8000_pp0,001/annotated/rares/20140903/patrol_run_2/room_4/features/nonPlanes<fpfh_iss_2015-05-22_03-07-59.pcd 0.0116172 0.000690782 0.00314178 8 189,90,57,37,28,27,23,23 82,39,25,23,17,13,19,13 0,0,0,0,0,0,0,0 397188 438 770 12 26 400 732 12 26 396750,275,78,44,17,10,10,3,1 0,6,2,1,2,1,0,0,0 0,237,78,44,17,10,10,3,1 0,6,2,1,2,1,0,0,0
/media/michal/Pauli/masterdata/processed/paramtest/dt0,02_mp8000_pp0,001/annotated/rares/20140903/patrol_run_9/room_2/features/nonPlanes<fpfh_iss_2015-05-22_03-08-09.pcd 0.00935106 0.000728013 0.00198426 4 203,159,31,24 105,74,16,14 -1 428340 400 770 -1 -1 400 770 -1 -1 427940,240,76,40,15,12,6,3,2,1,1,3,0,1 -1 0,240,76,40,15,12,6,3,2,1,1,3,0,1 -1
/media/michal/Pauli/masterdata/processed/paramtest/dt0,02_mp8000_pp0,001/annotated/rares/20140904/patrol_run_15/room_2/features/nonPlanes<fpfh_iss_2015-05-22_03-08-18.pcd 0.0113735 0.001376 0.00307635 6 121,91,81,50,48,31 65,44,43,18,34,17 -1 382336 424 770 -1 -1 400 746 -1 -1 381912,271,74,36,17,9,7,4,4,1,0,0,0,0,0,0,0,0,0,1 -1 0,247,74,36,17,9,7,4,4,1,0,0,0,0,0,0,0,0,0,1 -1
/media/michal/Pauli/masterdata/processed/paramtest/dt0,02_mp8000_pp0,001/annotated/rares/20140905/patrol_run_17/room_2/features/nonPlanes<fpfh_iss_2015-05-22_03-08-29.pcd 0.00806831 0.000739098 0.00193732 10 143,94,66,47,46,31,29,29,25,20 49,50,43,23,28,15,20,13,14,13 -1 404481 422 770 -1 -1 400 748 -1 -1 404059,262,84,36,14,8,8,3,4,2,0,0,0,0,0,0,0,1 -1 0,240,84,36,14,8,8,3,4,2,0,0,0,0,0,0,0,1 -1
/media/michal/Pauli/masterdata/processed/paramtest/dt0,02_mp8000_pp0,001/annotated/rares/20140905/patrol_run_19/room_1/features/nonPlanes<fpfh_iss_2015-05-22_03-08-40.pcd 0.0108933 0.000702425 0.00196695 9 129,95,74,53,51,45,29,23,20 46,47,50,32,20,22,18,13,14 -1 388416 417 770 -1 -1 400 753 -1 -1 387999,268,63,33,24,13,5,7,1,1,2 -1 0,251,63,33,24,13,5,7,1,1,2 -1
/media/michal/Pauli/masterdata/processed/paramtest/dt0,02_mp8000_pp0,001/annotated/rares/20140905/patrol_run_21/room_2/features/nonPlanes<fpfh_iss_2015-05-22_03-08-53.pcd 0.00812829 0.000697533 0.00168661 9 78,57,47,39,35,30,28,27,24 46,27,22,23,12,13,14,14,16 -1 401082 387 770 -1 -1 387 770 -1 -1 400695,241,67,27,14,17,6,6,3,1,2,0,1,1,0,0,0,1 -1 0,241,67,27,14,17,6,6,3,1,2,0,1,1,0,0,0,1 -1
/media/michal/Pauli/masterdata/processed/paramtest/dt0,02_mp8000_pp0,001/annotated/rares/20140905/patrol_run_23/room_2/features/nonPlanes<fpfh_iss_2015-05-22_03-09-06.pcd 0.00793611 0.000689553 0.00209468 9 96,95,60,55,41,41,33,31,28 40,35,21,21,28,16,15,13,14 -1 392224 364 770 -1 -1 364 770 -1 -1 391860,213,62,30,19,14,10,6,3,3,2,0,2 -1 0,213,62,30,19,14,10,6,3,3,2,0,2 -1
/media/michal/Pauli/masterdata/processed/paramtest/dt0,02_mp8000_pp0,001/annotated/rares/20140905/patrol_run_25/room_1/features/nonPlanes<fpfh_iss_2015-05-22_03-09-18.pcd 0.0073274 0.00122683 0.00152787 9 87,60,47,41,38,37,33,19,16 42,17,17,23,18,18,18,13,12 -1 397188 363 770 -1 -1 363 770 -1 -1 396825,211,71,32,17,6,5,7,4,3,2,1,1,2,0,0,1 -1 0,211,71,32,17,6,5,7,4,3,2,1,1,2,0,0,1 -1
/media/michal/Pauli/masterdata/processed/paramtest/dt0,02_mp8000_pp0,001/annotated/rares/20140905/patrol_run_27/room_2/features/nonPlanes<fpfh_iss_2015-05-22_03-09-29.pcd 0.00870888 0.000667753 0.00163623 9 128,73,34,31,30,29,23,21,20 49,23,18,17,19,14,18,15,12 -1 409596 393 770 -1 -1 393 770 -1 -1 409203,244,64,29,26,12,3,7,0,5,2,0,0,0,0,1 -1 0,244,64,29,26,12,3,7,0,5,2,0,0,0,0,1 -1
/media/michal/Pauli/masterdata/processed/paramtest/dt0,02_mp8000_pp0,001/annotated/rares/20140905/patrol_run_29/room_2/features/nonPlanes<fpfh_iss_2015-05-22_03-09-39.pcd 0.00800362 0.000494904 0.00157615 5 196,129,42,33,19 94,58,24,14,13 -1 383295 367 770 -1 -1 367 770 -1 -1 382928,220,67,32,16,10,2,3,4,3,4,2,1,2,1 -1 0,220,67,32,16,10,2,3,4,3,4,2,1,2,1 -1
/media/michal/Pauli/masterdata/processed/paramtest/dt0,02_mp8000_pp0,001/annotated/rares/20140905/patrol_run_30/room_1/features/nonPlanes<fpfh_iss_2015-05-22_03-09-49.pcd 0.00920545 0.000633775 0.00280006 7 149,126,99,82,32,23,23 53,62,37,41,13,14,12 -1 382239 375 770 -1 -1 375 770 -1 -1 381864,224,71,26,27,8,3,5,0,3,2,2,1,1,1,0,0,1 -1 0,224,71,26,27,8,3,5,0,3,2,2,1,1,1,0,0,1 -1
/media/michal/Pauli/masterdata/processed/paramtest/dt0,02_mp8000_pp0,001/annotated/rares/20140905/patrol_run_30/room_7/features/nonPlanes<fpfh_iss_2015-05-22_03-09-59.pcd 0.00890075 0.000812821 0.00168305 8 100,86,72,55,45,33,30,24 46,29,16,31,25,14,24,17 -1 381376 380 770 -1 -1 380 770 -1 -1 380996,224,64,38,15,18,9,5,4,1,0,1,0,1 -1 0,224,64,38,15,18,9,5,4,1,0,1,0,1 -1
/media/michal/Pauli/masterdata/processed/paramtest/dt0,02_mp8000_pp0,001/annotated/rares/20140908/patrol_run_32/room_2/features/nonPlanes<fpfh_iss_2015-05-22_03-10-11.pcd 0.00716781 0.000707767 0.00169118 7 205,71,63,48,28,26,18 96,25,26,22,13,16,13 -1 404481 374 770 -1 -1 374 770 -1 -1 404107,221,65,26,19,19,12,7,0,3,1,0,1 -1 0,221,65,26,19,19,12,7,0,3,1,0,1 -1
/media/michal/Pauli/masterdata/processed/paramtest/dt0,02_mp8000_pp0,001/annotated/rares/20140908/patrol_run_34/room_2/features/nonPlanes<fpfh_iss_2015-05-22_03-10-22.pcd 0.00811194 0.000620355 0.00193179 7 210,113,74,55,53,21,17 94,48,45,39,28,14,15 -1 404976 420 770 -1 -1 400 750 -1 -1 404556,262,74,39,22,12,4,3,0,0,0,2,0,1,0,1 -1 0,242,74,39,22,12,4,3,0,0,0,2,0,1,0,1 -1
/media/michal/Pauli/masterdata/processed/paramtest/dt0,02_mp8000_pp0,001/annotated/rares/20140908/patrol_run_36/room_3/features/nonPlanes<fpfh_iss_2015-05-22_03-10-33.pcd 0.00788673 0.000481324 0.00177899 9 147,121,65,50,40,36,35,25,19 59,58,13,21,14,12,22,14,17 -1 369376 390 770 -1 -1 390 770 -1 -1 368986,241,70,33,13,12,7,4,2,2,3,1,1,0,0,0,0,0,0,0,0,1 -1 0,241,70,33,13,12,7,4,2,2,3,1,1,0,0,0,0,0,0,0,0,1 -1
/media/michal/Pauli/masterdata/processed/paramtest/dt0,02_mp8000_pp0,001/annotated/rares/20140908/patrol_run_38/room_2/features/nonPlanes<fpfh_iss_2015-05-22_03-10-45.pcd 0.00746292 0.00106326 0.00268022 4 218,97,94,43 61,57,55,14 -1 406624 371 770 -1 -1 371 770 -1 -1 406253,216,68,35,17,13,5,7,3,1,2,1,2,1 -1 0,216,68,35,17,13,5,7,3,1,2,1,2,1 -1
/media/michal/Pauli/masterdata/processed/paramtest/dt0,02_mp8000_pp0,001/annotated/rares/20140908/patrol_run_39/room_3/features/nonPlanes<fpfh_iss_2015-05-22_03-10-55.pcd 0.00804799 0.000718712 0.00191246 10 128,107,56,55,50,31,31,29,18,16 40,44,34,32,19,17,12,16,16,16 -1 397188 385 770 -1 -1 385 770 -1 -1 396803,233,60,32,23,18,9,3,3,1,2,1 -1 0,233,60,32,23,18,9,3,3,1,2,1 -1
/media/michal/Pauli/masterdata/processed/paramtest/dt0,02_mp8000_pp0,001/annotated/rares/20140908/patrol_run_41/room_3/features/nonPlanes<fpfh_iss_2015-05-22_03-11-07.pcd 0.00922163 0.000608148 0.00232232 8 182,129,88,59,52,46,33,23 76,65,35,34,22,31,22,13 -1 379456 408 770 -1 -1 400 762 -1 -1 379048,250,83,21,25,12,5,5,4,0,0,2,1 -1 0,242,83,21,25,12,5,5,4,0,0,2,1 -1
/media/michal/Pauli/masterdata/processed/paramtest/dt0,02_mp8000_pp0,001/annotated/rares/20140908/patrol_run_43/room_3/features/nonPlanes<fpfh_iss_2015-05-22_03-11-18.pcd 0.00737423 0.00110821 0.00170051 6 143,108,80,55,46,38 71,31,33,19,19,17 -1 399960 377 770 -1 -1 377 770 -1 -1 399583,230,62,34,18,10,11,2,3,3,0,0,1,2,0,0,0,0,0,0,0,0,0,1 -1 0,230,62,34,18,10,11,2,3,3,0,0,1,2,0,0,0,0,0,0,0,0,0,1 -1
/media/michal/Pauli/masterdata/processed/paramtest/dt0,02_mp8000_pp0,001/annotated/rares/20140908/patrol_run_45/room_2/features/nonPlanes<fpfh_iss_2015-05-22_03-11-30.pcd 0.00716293 0.000657994 0.00186267 6 235,76,56,45,43,34 79,46,37,22,25,20 -1 388773 415 770 -1 -1 400 755 -1 -1 388358,251,84,40,17,8,6,3,1,3,0,0,0,1,0,0,0,0,1 -1 0,236,84,40,17,8,6,3,1,3,0,0,0,1,0,0,0,0,1 -1
/media/michal/Pauli/masterdata/processed/paramtest/dt0,02_mp8000_pp0,001/annotated/rares/20140908/patrol_run_47/room_3/features/nonPlanes<fpfh_iss_2015-05-22_03-11-42.pcd 0.0072191 0.000522043 0.0026498 8 241,88,58,39,34,33,20,15 91,41,37,13,20,21,14,12 -1 395307 419 770 -1 -1 400 751 -1 -1 394888,259,77,36,22,9,6,5,1,3,1 -1 0,240,77,36,22,9,6,5,1,3,1 -1
/media/michal/Pauli/masterdata/processed/paramtest/dt0,02_mp8000_pp0,001/annotated/rares/20140909/patrol_run_49/room_3/features/nonPlanes<fpfh_iss_2015-05-22_03-11-55.pcd 0.00811588 0.000744597 0.00213475 9 97,62,59,45,44,42,39,27,26 38,33,21,25,21,27,24,15,13 -1 434511 397 770 -1 -1 397 770 -1 -1 434114,237,71,33,24,16,7,2,4,2,1 -1 0,237,71,33,24,16,7,2,4,2,1 -1
/media/michal/Pauli/masterdata/processed/paramtest/dt0,02_mp8000_pp0,001/annotated/rares/20140909/patrol_run_51/room_3/features/nonPlanes<fpfh_iss_2015-05-22_03-12-04.pcd 0.00997984 0.00126721 0.0017585 9 110,101,85,55,52,39,36,27,25 40,36,50,30,27,29,16,16,16 -1 698841 408 770 -1 -1 400 762 -1 -1 698433,255,83,26,15,11,8,3,0,2,0,1,2,1,0,0,0,0,0,0,0,1 -1 0,247,83,26,15,11,8,3,0,2,0,1,2,1,0,0,0,0,0,0,0,1 -1
/media/michal/Pauli/masterdata/processed/paramtest/dt0,02_mp8000_pp0,001/annotated/rares/20140909/patrol_run_53/room_3/features/nonPlanes<fpfh_iss_2015-05-22_03-12-15.pcd 0.00776632 0.000723505 0.00188208 7 145,101,67,62,42,39,33 65,50,39,29,25,19,18 -1 404481 441 770 -1 -1 400 729 -1 -1 404040,273,99,28,20,11,2,3,2,0,2,1 -1 0,232,99,28,20,11,2,3,2,0,2,1 -1
/media/michal/Pauli/masterdata/processed/paramtest/dt0,02_mp8000_pp0,001/annotated/rares/20140909/patrol_run_55/room_3/features/nonPlanes<fpfh_iss_2015-05-22_03-12-26.pcd 0.00808768 0.000727702 0.00168456 8 155,71,58,44,32,25,25,24 63,43,20,21,18,17,12,14 -1 421344 400 770 -1 -1 400 770 -1 -1 420944,245,74,29,20,11,8,6,3,1,2,0,1 -1 0,245,74,29,20,11,8,6,3,1,2,0,1 -1
/media/michal/Pauli/masterdata/processed/paramtest/dt0,02_mp8000_pp0,001/annotated/rares/20140909/patrol_run_59/room_3/features/nonPlanes<fpfh_iss_2015-05-22_03-12-38.pcd 0.00967302 0.000719901 0.00186974 8 275,76,38,37,32,31,25,23 120,34,17,28,25,20,13,14 -1 432300 411 770 -1 -1 400 759 -1 -1 431889,266,64,34,20,9,6,4,2,1,2,1,1,0,0,0,0,1 -1 0,255,64,34,20,9,6,4,2,1,2,1,1,0,0,0,0,1 -1
/media/michal/Pauli/masterdata/processed/paramtest/dt0,02_mp8000_pp0,001/annotated/rares/20140909/patrol_run_61/room_3/features/nonPlanes<fpfh_iss_2015-05-22_03-12-50.pcd 0.00988909 0.000627696 0.0018057 9 171,74,70,57,50,40,37,27,14 93,34,27,15,24,15,22,14,12 -1 430122 385 770 -1 -1 385 770 -1 -1 429737,219,83,37,22,8,5,1,1,1,2,3,1,1,1 -1 0,219,83,37,22,8,5,1,1,1,2,3,1,1,1 -1
/media/michal/Pauli/masterdata/processed/paramtest/dt0,02_mp8000_pp0,001/annotated/rares/20140909/patrol_run_63/room_3/features/nonPlanes<fpfh_iss_2015-05-22_03-13-00.pcd 0.00958744 0.000721542 0.00203897 10 115,73,64,47,44,36,34,26,25,21 61,33,22,20,23,21,18,12,12,17 0,0,0,0,0,0,0,0,0,0 391314 397 770 18 39 397 770 18 39 390917,244,76,28,12,15,11,5,2,0,1,0,1,0,2 0,13,0,1,1,1,1,0,1,0,0,0,0,0,0 0,244,76,28,12,15,11,5,2,0,1,0,1,0,2 0,13,0,1,1,1,1,0,1,0,0,0,0,0,0
/media/michal/Pauli/masterdata/processed/paramtest/dt0,02_mp8000_pp0,001/annotated/rares/20140910/patrol_run_67/room_3/features/nonPlanes<fpfh_iss_2015-05-22_03-13-11.pcd 0.00676708 0.00142366 0.00213658 6 204,123,92,43,27,20 83,54,45,18,16,14 -1 460647 400 770 -1 -1 400 770 -1 -1 460247,246,70,31,22,8,12,4,5,0,1,0,0,1 -1 0,246,70,31,22,8,12,4,5,0,1,0,0,1 -1
/media/michal/Pauli/masterdata/processed/paramtest/dt0,02_mp8000_pp0,001/annotated/rares/20140910/patrol_run_69/room_3/features/nonPlanes<fpfh_iss_2015-05-22_03-13-23.pcd 0.00666454 0.000502906 0.00196589 7 206,150,44,37,31,29,22 93,70,27,21,18,17,15 -1 382239 419 770 -1 -1 400 751 -1 -1 381820,257,76,42,19,9,8,4,1,1,1,1 -1 0,238,76,42,19,9,8,4,1,1,1,1 -1
/media/michal/Pauli/masterdata/processed/paramtest/dt0,02_mp8000_pp0,001/annotated/rares/20140910/patrol_run_71/room_3/features/nonPlanes<fpfh_iss_2015-05-22_03-13-34.pcd 0.00904279 0.000846588 0.00272025 8 149,69,66,61,33,28,24,18 64,33,27,24,19,16,15,13 -1 472461 399 770 -1 -1 399 770 -1 -1 472062,238,80,38,20,2,6,7,3,0,3,0,0,1,0,0,1 -1 0,238,80,38,20,2,6,7,3,0,3,0,0,1,0,0,1 -1
/media/michal/Pauli/masterdata/processed/paramtest/dt0,02_mp8000_pp0,001/annotated/rares/20140910/patrol_run_74/room_3/features/nonPlanes<fpfh_iss_2015-05-22_03-13-44.pcd 0.00887864 0.000678319 0.00197694 11 118,85,53,40,39,35,34,32,22,20,12 67,24,27,26,21,12,12,20,14,13,12 -1 426888 387 770 -1 -1 387 770 -1 -1 426501,245,66,31,13,5,5,6,4,7,2,1,1,1 -1 0,245,66,31,13,5,5,6,4,7,2,1,1,1 -1
/media/michal/Pauli/masterdata/processed/paramtest/dt0,02_mp8000_pp0,001/annotated/rares/20140910/patrol_run_77/room_4/features/nonPlanes<fpfh_iss_2015-05-22_03-13-56.pcd 0.00789639 0.000498463 0.00179319 8 122,76,57,49,45,45,25,21 39,21,27,17,30,25,18,12 -1 392700 342 770 -1 -1 342 770 -1 -1 392358,206,48,34,17,12,6,6,1,2,0,1,5,2,1,0,0,0,0,0,0,0,0,1 -1 0,206,48,34,17,12,6,6,1,2,0,1,5,2,1,0,0,0,0,0,0,0,0,1 -1
/media/michal/Pauli/masterdata/processed/paramtest/dt0,02_mp8000_pp0,001/annotated/rares/20140910/patrol_run_79/room_2/features/nonPlanes<fpfh_iss_2015-05-22_03-14-06.pcd 0.00684947 0.00068298 0.00174373 9 73,69,63,60,59,37,34,34,25 32,26,38,22,34,26,21,15,16 -1 393294 397 770 -1 -1 397 770 -1 -1 392897,243,69,39,13,12,8,6,1,3,1,0,1,1 -1 0,243,69,39,13,12,8,6,1,3,1,0,1,1 -1
/media/michal/Pauli/masterdata/processed/paramtest/dt0,02_mp8000_pp0,001/annotated/rares/20140910/patrol_run_81/room_2/features/nonPlanes<fpfh_iss_2015-05-22_03-14-15.pcd 0.0090854 0.000500361 0.00157527 8 102,98,76,64,60,54,32,26 47,56,31,18,22,19,14,13 -1 377600 368 770 -1 -1 368 770 -1 -1 377232,215,69,28,17,13,11,6,3,1,3,0,1,0,0,0,0,1 -1 0,215,69,28,17,13,11,6,3,1,3,0,1,0,0,0,0,1 -1
/media/michal/Pauli/masterdata/processed/paramtest/dt0,02_mp8000_pp0,001/annotated/rares/20140911/patrol_run_82/room_3/features/nonPlanes<fpfh_iss_2015-05-22_03-14-27.pcd 0.00771845 0.000672336 0.00176918 9 184,49,45,35,34,32,31,26,22 76,31,14,22,13,22,20,13,13 -1 449592 396 770 -1 -1 396 770 -1 -1 449196,233,77,35,16,16,10,4,2,1,1,1 -1 0,233,77,35,16,16,10,4,2,1,1,1 -1
/media/michal/Pauli/masterdata/processed/paramtest/dt0,02_mp8000_pp0,001/annotated/rares/20140911/patrol_run_84/room_3/features/nonPlanes<fpfh_iss_2015-05-22_03-14-39.pcd 0.00712283 0.000491767 0.00298428 9 213,102,46,40,34,32,23,13,13 85,54,21,27,24,16,16,12,12 -1 388773 425 770 -1 -1 400 745 -1 -1 388348,264,86,33,18,8,6,2,5,1,0,1,0,1 -1 0,239,86,33,18,8,6,2,5,1,0,1,0,1 -1
/media/michal/Pauli/masterdata/processed/paramtest/dt0,02_mp8000_pp0,001/annotated/rares/20140911/patrol_run_88/room_3/features/nonPlanes<fpfh_iss_2015-05-22_03-14-53.pcd 0.00778192 0.000652161 0.00305236 9 179,100,44,43,38,29,26,25,24 67,47,21,25,22,14,17,15,13 -1 393294 420 770 -1 -1 400 750 -1 -1 392874,266,69,39,20,11,4,6,2,2,0,0,0,0,1 -1 0,246,69,39,20,11,4,6,2,2,0,0,0,0,1 -1
/media/michal/Pauli/masterdata/processed/paramtest/dt0,02_mp8000_pp0,001/annotated/rares/20140911/patrol_run_90/room_3/features/nonPlanes<fpfh_iss_2015-05-22_03-15-03.pcd 0.00819931 0.00157086 0.00185492 10 156,78,67,65,51,36,29,28,26,25 58,37,34,18,36,27,18,20,19,18 -1 393822 427 770 -1 -1 400 743 -1 -1 393395,265,76,35,29,13,4,2,1,1,0,0,1 -1 0,238,76,35,29,13,4,2,1,1,0,0,1 -1
/media/michal/Pauli/masterdata/processed/paramtest/dt0,02_mp8000_pp0,001/annotated/rares/20140911/patrol_run_92/room_3/features/nonPlanes<fpfh_iss_2015-05-22_03-15-14.pcd 0.00883099 0.000825304 0.00335785 7 155,153,71,46,29,19,18 68,91,23,27,13,16,15 -1 396032 423 770 -1 -1 400 747 -1 -1 395609,257,84,38,22,11,3,4,1,0,1,0,2 -1 0,234,84,38,22,11,3,4,1,0,1,0,2 -1
/media/michal/Pauli/masterdata/processed/paramtest/dt0,02_mp8000_pp0,001/annotated/rares/20140912/patrol_run_100/room_3/features/nonPlanes<fpfh_iss_2015-05-22_03-15-24.pcd 0.00820596 0.000605194 0.00300242 8 192,99,47,39,38,35,32,20 72,63,20,24,14,19,21,15 -1 369376 416 770 -1 -1 400 754 -1 -1 368960,261,72,32,22,12,8,6,0,0,2,1 -1 0,245,72,32,22,12,8,6,0,0,2,1 -1
/media/michal/Pauli/masterdata/processed/paramtest/dt0,02_mp8000_pp0,001/annotated/rares/20140912/patrol_run_102/room_3/features/nonPlanes<fpfh_iss_2015-05-22_03-15-35.pcd 0.00965364 0.000547283 0.00180864 7 189,107,79,52,36,33,32 62,43,43,32,12,18,23 -1 441664 388 770 -1 -1 388 770 -1 -1 441276,242,69,28,14,11,9,3,3,3,1,2,2,1 -1 0,242,69,28,14,11,9,3,3,3,1,2,2,1 -1
/media/michal/Pauli/masterdata/processed/paramtest/dt0,02_mp8000_pp0,001/annotated/rares/20140912/patrol_run_104/room_3/features/nonPlanes<fpfh_iss_2015-05-22_03-15-51.pcd 0.00836664 0.00128542 0.00183722 9 130,116,77,60,38,33,28,27,20 52,61,35,24,24,21,14,14,12 -1 386496 423 770 -1 -1 400 747 -1 -1 386073,255,86,41,18,7,8,3,3,0,2 -1 0,232,86,41,18,7,8,3,3,0,2 -1
/media/michal/Pauli/masterdata/processed/paramtest/dt0,02_mp8000_pp0,001/annotated/rares/20140912/patrol_run_94/room_3/features/nonPlanes<fpfh_iss_2015-05-22_03-16-02.pcd 0.00832672 0.000547534 0.00183473 9 125,103,91,85,23,22,22,22,20 57,41,46,55,15,19,16,12,12 -1 431244 428 770 -1 -1 400 742 -1 -1 430816,271,79,30,23,10,7,3,2,2,0,0,1 -1 0,243,79,30,23,10,7,3,2,2,0,0,1 -1
/media/michal/Pauli/masterdata/processed/paramtest/dt0,02_mp8000_pp0,001/annotated/rares/20140912/patrol_run_96/room_2/features/nonPlanes<fpfh_iss_2015-05-22_03-16-14.pcd 0.00852005 0.00137392 0.00181191 9 129,101,45,38,36,36,32,27,25 46,59,26,18,22,19,17,20,16 -1 375144 421 770 -1 -1 400 749 -1 -1 374723,266,73,39,14,11,7,5,4,1,0,0,1 -1 0,245,73,39,14,11,7,5,4,1,0,0,1 -1
/media/michal/Pauli/masterdata/processed/paramtest/dt0,02_mp8000_pp0,001/annotated/rares/20140912/patrol_run_98/room_3/features/nonPlanes<fpfh_iss_2015-05-22_03-16-26.pcd 0.00740582 0.000526656 0.00169336 8 109,85,76,70,62,36,36,28 45,39,33,28,27,30,14,16 -1 385506 378 770 -1 -1 378 770 -1 -1 385128,225,68,34,19,7,12,3,3,3,1,0,1,1,0,0,0,1 -1 0,225,68,34,19,7,12,3,3,3,1,0,1,1,0,0,0,1 -1
/media/michal/Pauli/masterdata/processed/paramtest/dt0,02_mp8000_pp0,001/annotated/rares/20140921/patrol_run_110/room_2/features/nonPlanes<fpfh_iss_2015-05-22_03-16-39.pcd 0.009658 0.000873693 0.0016935 8 94,89,72,53,47,40,27,21 39,58,30,18,25,17,17,12 -1 392224 394 770 -1 -1 394 770 -1 -1 391830,241,56,44,23,15,7,1,3,1,0,1,1,1 -1 0,241,56,44,23,15,7,1,3,1,0,1,1,1 -1
/media/michal/Pauli/masterdata/processed/paramtest/dt0,02_mp8000_pp0,001/annotated/rares/20140921/patrol_run_112/room_2/features/nonPlanes<fpfh_iss_2015-05-22_03-16-51.pcd 0.00752233 0.000710232 0.00258909 9 154,141,89,37,32,30,25,21,18 55,83,43,16,21,13,13,14,12 0,0,0,0,0,0,0,0,0 408408 431 770 6 15 400 739 6 15 407977,275,79,38,14,7,7,5,2,2,1,1 0,2,2,1,0,0,1,0,0,0,0,0 0,244,79,38,14,7,7,5,2,2,1,1 0,2,2,1,0,0,1,0,0,0,0,0
/media/michal/Pauli/masterdata/processed/paramtest/dt0,02_mp8000_pp0,001/annotated/rares/20140921/patrol_run_114/room_1/features/nonPlanes<fpfh_iss_2015-05-22_03-17-07.pcd 0.00832919 0.000675614 0.00177391 7 106,72,71,55,53,45,35 47,25,52,22,26,18,18 0,0,0,0,0,0,0 410652 385 770 12 32 385 770 12 32 410267,233,70,34,16,9,10,3,1,2,1,4,1,1 0,8,0,1,1,0,1,0,0,0,0,1,0,0 0,233,70,34,16,9,10,3,1,2,1,4,1,1 0,8,0,1,1,0,1,0,0,0,0,1,0,0
/media/michal/Pauli/masterdata/processed/paramtest/dt0,02_mp8000_pp0,001/annotated/rares/20140922/patrol_run_116/room_2/features/nonPlanes<fpfh_iss_2015-05-22_03-17-17.pcd 0.00805843 0.000738393 0.00175705 8 147,118,71,34,32,28,18,17 53,68,35,16,12,14,13,13 0,0,0,0,0,0,0,0 409959 384 770 13 30 384 770 13 30 409575,235,63,34,18,11,5,9,2,3,1,2,1 0,7,1,3,0,1,0,1,0,0,0,0,0 0,235,63,34,18,11,5,9,2,3,1,2,1 0,7,1,3,0,1,0,1,0,0,0,0,0
/media/michal/Pauli/masterdata/processed/paramtest/dt0,02_mp8000_pp0,001/annotated/rares/20140922/patrol_run_118/room_2/features/nonPlanes<fpfh_iss_2015-05-22_03-17-29.pcd 0.00929057 0.000691417 0.00224952 7 157,74,73,73,67,25,19 69,42,45,35,30,14,15 0,0,0,0,0,0,0 403293 407 770 11 28 400 763 11 28 402886,264,69,21,19,14,7,5,3,2,0,1,0,1,0,0,1 0,3,5,0,2,0,0,1,0,0,0,0,0,0,0,0,0 0,257,69,21,19,14,7,5,3,2,0,1,0,1,0,0,1 0,3,5,0,2,0,0,1,0,0,0,0,0,0,0,0,0
/media/michal/Pauli/masterdata/processed/paramtest/dt0,02_mp8000_pp0,001/annotated/rares/20140922/patrol_run_120/room_1/features/nonPlanes<fpfh_iss_2015-05-22_03-17-41.pcd 0.00848097 0.000558933 0.00255876 4 163,125,114,100 73,71,50,64 0,0,0,0 407808 428 770 6 8 400 742 6 8 407380,274,69,46,12,10,7,5,3,1,0,0,1 0,4,2,0,0,0,0,0,0,0,0,0,0 0,246,69,46,12,10,7,5,3,1,0,0,1 0,4,2,0,0,0,0,0,0,0,0,0,0
/media/michal/Pauli/masterdata/processed/paramtest/dt0,02_mp8000_pp0,001/annotated/rares/20140922/patrol_run_124/room_2/features/nonPlanes<fpfh_iss_2015-05-22_03-17-54.pcd 0.00826567 0.000753184 0.00252332 8 196,54,39,28,27,26,22,16 80,30,16,16,13,17,12,13 0,0,1,0,0,0,0,0 459030 431 770 9 18 400 739 9 18 458599,254,102,34,13,17,8,0,2,1 0,4,3,1,0,1,0,0,0,0 0,223,102,34,13,17,8,0,2,1 0,4,3,1,0,1,0,0,0,0
/media/michal/Pauli/masterdata/processed/paramtest/dt0,02_mp8000_pp0,001/annotated/rares/20140922/patrol_run_126/room_2/features/nonPlanes<fpfh_iss_2015-05-22_03-18-06.pcd 0.00789832 0.00106403 0.00178497 9 93,78,74,56,50,43,43,33,20 57,34,30,25,30,20,16,27,14 0,0,0,0,0,0,1,0,0 407456 444 770 10 25 400 726 9 24 407012,283,78,36,28,12,3,1,1,2 0,3,3,1,2,1,0,0,0,0 0,239,78,36,28,12,3,1,1,2 0,2,3,1,2,1,0,0,0,0
/media/michal/Pauli/masterdata/processed/paramtest/dt0,02_mp8000_pp0,001/annotated/rares/20140922/patrol_run_128/room_2/features/nonPlanes<fpfh_iss_2015-05-22_03-18-18.pcd 0.00731477 0.00102204 0.00306582 8 114,103,83,63,56,35,34,23 57,44,43,32,25,21,18,17 0,0,0,0,0,0,0,0 391072 417 770 7 18 400 753 7 18 390655,261,70,37,24,12,6,4,0,1,0,1,0,0,0,0,0,0,1 0,1,3,1,2,0,0,0,0,0,0,0,0,0,0,0,0,0,0 0,244,70,37,24,12,6,4,0,1,0,1,0,0,0,0,0,0,1 0,1,3,1,2,0,0,0,0,0,0,0,0,0,0,0,0,0,0
/media/michal/Pauli/masterdata/processed/paramtest/dt0,02_mp8000_pp0,001/annotated/rares/20140922/patrol_run_130/room_2/features/nonPlanes<fpfh_iss_2015-05-22_03-18-30.pcd 0.00823711 0.00121375 0.0028082 8 132,119,74,48,41,36,28,27 60,58,29,26,26,18,16,16 0,0,0,0,0,1,0,0 419200 411 770 5 13 400 759 5 13 418789,250,78,38,16,13,8,3,2,1,0,1,0,0,0,0,1 0,1,2,1,0,1,0,0,0,0,0,0,0,0,0,0,0 0,239,78,38,16,13,8,3,2,1,0,1,0,0,0,0,1 0,1,2,1,0,1,0,0,0,0,0,0,0,0,0,0,0
/media/michal/Pauli/masterdata/processed/paramtest/dt0,02_mp8000_pp0,001/annotated/rares/20140922/patrol_run_132/room_1/features/nonPlanes<fpfh_iss_2015-05-22_03-18-41.pcd 0.00826543 0.000811739 0.00228087 14 106,76,53,50,43,32,28,28,25,22,19,17,17,14 35,44,27,19,19,17,16,15,12,12,14,14,12,12 0,0,0,1,0,0,0,0,0,0,0,0,0,0 397188 408 770 6 16 400 762 6 16 396780,256,72,33,14,13,6,6,3,3,1,1 0,2,2,1,0,0,0,1,0,0,0,0 0,248,72,33,14,13,6,6,3,3,1,1 0,2,2,1,0,0,0,1,0,0,0,0
/media/michal/Pauli/masterdata/processed/paramtest/dt0,02_mp8000_pp0,001/annotated/rares/20140922/patrol_run_134/room_2/features/nonPlanes<fpfh_iss_2015-05-22_03-18-55.pcd 0.00842537 0.00107744 0.00245699 5 174,79,66,48,19 70,42,33,24,12 0,0,0,0,0 400554 447 770 7 17 400 723 7 17 400107,265,111,35,23,4,3,4,0,1,0,1 0,1,3,2,1,0,0,0,0,0,0,0 0,218,111,35,23,4,3,4,0,1,0,1 0,1,3,2,1,0,0,0,0,0,0,0
/media/michal/Pauli/masterdata/processed/paramtest/dt0,02_mp8000_pp0,001/annotated/rares/20140922/patrol_run_138/room_2/features/nonPlanes<fpfh_iss_2015-05-22_03-19-06.pcd 0.00800659 0.000726479 0.00256443 11 127,58,52,40,40,38,37,32,32,26,15 72,33,16,25,13,18,14,18,12,12,14 0,0,0,0,0,0,0,0,0,0,0 408408 415 770 4 14 400 755 4 14 407993,261,78,30,17,7,9,7,3,1,0,0,2 0,1,0,1,1,0,1,0,0,0,0,0,0 0,246,78,30,17,7,9,7,3,1,0,0,2 0,1,0,1,1,0,1,0,0,0,0,0,0
/media/michal/Pauli/masterdata/processed/paramtest/dt0,02_mp8000_pp0,001/annotated/rares/20140923/patrol_run_139/room_2/features/nonPlanes<fpfh_iss_2015-05-22_03-19-15.pcd 0.00766868 0.000676803 0.00183173 9 152,113,71,64,42,27,25,22,18 65,77,38,22,27,17,18,17,13 0,0,0,0,0,0,0,0,0 392224 430 770 2 2 400 740 2 2 391794,267,83,32,19,15,11,1,1,1 0,2,0,0,0,0,0,0,0,0 0,237,83,32,19,15,11,1,1,1 0,2,0,0,0,0,0,0,0,0
/media/michal/Pauli/masterdata/processed/paramtest/dt0,02_mp8000_pp0,001/annotated/rares/20140923/patrol_run_141/room_2/features/nonPlanes<fpfh_iss_2015-05-22_03-19-26.pcd 0.00802248 0.000877187 0.00182329 11 96,70,56,51,41,39,33,32,27,22,18 32,36,15,29,21,20,26,23,12,15,14 0,0,0,0,0,0,0,0,0,0,0 407286 414 770 3 8 400 756 3 8 406872,261,73,29,21,11,8,5,2,3,0,1 0,1,1,0,0,1,0,0,0,0,0,0 0,247,73,29,21,11,8,5,2,3,0,1 0,1,1,0,0,1,0,0,0,0,0,0
/media/michal/Pauli/masterdata/processed/paramtest/dt0,02_mp8000_pp0,001/annotated/rares/20140923/patrol_run_144/room_2/features/nonPlanes<fpfh_iss_2015-05-22_03-19-38.pcd 0.00760648 0.000654971 0.00181623 10 99,78,55,38,32,31,30,29,22,20 43,48,29,20,18,18,15,14,17,13 0,0,0,0,0,0,0,0,0,0 375744 426 770 2 5 400 744 2 5 375318,261,94,27,19,11,4,4,2,2,0,1,1 0,1,0,0,1,0,0,0,0,0,0,0,0 0,235,94,27,19,11,4,4,2,2,0,1,1 0,1,0,0,1,0,0,0,0,0,0,0,0
/media/michal/Pauli/masterdata/processed/paramtest/dt0,02_mp8000_pp0,001/annotated/rares/20140923/patrol_run_146/room_2/features/nonPlanes<fpfh_iss_2015-05-22_03-19-49.pcd 0.00682179 0.00172348 0.00168533 10 108,77,62,57,39,39,37,35,19,18 53,32,21,26,20,16,25,13,13,12 0,0,1,0,0,0,0,0,0,0 380688 390 770 8 29 390 770 8 29 380298,231,74,31,22,13,9,3,2,1,2,1,0,0,1 0,3,1,2,0,0,0,1,0,0,0,1,0,0,0 0,231,74,31,22,13,9,3,2,1,2,1,0,0,1 0,3,1,2,0,0,0,1,0,0,0,1,0,0,0
/media/michal/Pauli/masterdata/processed/paramtest/dt0,02_mp8000_pp0,001/annotated/rares/20140923/patrol_run_148/room_2/features/nonPlanes<fpfh_iss_2015-05-22_03-19-57.pcd 0.00646185 0.000692592 0.00170439 6 109,92,81,43,37,36 58,41,31,23,13,14 0,0,0,0,0,0 391545 376 770 10 43 376 770 10 43 391169,223,67,37,12,18,4,2,3,4,3,1,1,1 0,2,2,1,2,0,0,0,2,0,1,0,0,0 0,223,67,37,12,18,4,2,3,4,3,1,1,1 0,2,2,1,2,0,0,0,2,0,1,0,0,0
/media/michal/Pauli/masterdata/processed/paramtest/dt0,02_mp8000_pp0,001/annotated/rares/20140923/patrol_run_150/room_2/features/nonPlanes<fpfh_iss_2015-05-22_03-20-07.pcd 0.00865112 0.000936441 0.00285739 7 112,111,105,69,54,32,25 45,55,52,41,30,17,13 0,0,0,0,1,0,0 368448 411 770 9 12 400 759 9 12 368037,249,76,34,24,12,9,2,3,1,1 0,7,1,1,0,0,0,0,0,0,0 0,238,76,34,24,12,9,2,3,1,1 0,7,1,1,0,0,0,0,0,0,0
/media/michal/Pauli/masterdata/processed/paramtest/dt0,02_mp8000_pp0,001/annotated/rares/20140924/patrol_run_152/room_2/features/nonPlanes<fpfh_iss_2015-05-22_03-20-15.pcd 0.00789496 0.000709742 0.00175836 7 241,79,56,43,38,25,18 112,41,22,17,23,18,15 0,0,0,0,0,0,0 365568 414 770 8 15 400 756 8 15 365154,266,72,29,17,9,9,3,3,3,1,1,0,1 0,4,2,1,1,0,0,0,0,0,0,0,0,0 0,252,72,29,17,9,9,3,3,3,1,1,0,1 0,4,2,1,1,0,0,0,0,0,0,0,0,0
/media/michal/Pauli/masterdata/processed/paramtest/dt0,02_mp8000_pp0,001/annotated/rares/20140924/patrol_run_156/room_2/features/nonPlanes<fpfh_iss_2015-05-22_03-20-26.pcd 0.00882808 0.000489336 0.00177915 7 145,74,70,49,30,24,16 66,27,32,24,12,16,13 0,0,0,0,0,0,0 369600 398 770 7 22 398 770 7 22 369202,248,64,33,23,12,7,3,3,2,0,1,0,1,1 0,2,0,2,1,2,0,0,0,0,0,0,0,0,0 0,248,64,33,23,12,7,3,3,2,0,1,0,1,1 0,2,0,2,1,2,0,0,0,0,0,0,0,0,0
/media/michal/Pauli/masterdata/processed/paramtest/dt0,02_mp8000_pp0,001/annotated/rares/20140924/patrol_run_158/room_1/features/nonPlanes<fpfh_iss_2015-05-22_03-20-36.pcd 0.0088317 0.00071082 0.00179236 9 100,82,61,51,44,34,25,20,20 33,41,24,13,14,18,18,16,13 0,0,1,0,0,0,0,0,0 379962 405 770 9 28 400 765 9 28 379557,253,75,30,14,12,10,3,3,1,2,0,0,1,1 0,2,3,1,1,0,1,1,0,0,0,0,0,0,0 0,248,75,30,14,12,10,3,3,1,2,0,0,1,1 0,2,3,1,1,0,1,1,0,0,0,0,0,0,0
/media/michal/Pauli/masterdata/processed/paramtest/dt0,02_mp8000_pp0,001/annotated/rares/20140924/patrol_run_162/room_2/features/nonPlanes<fpfh_iss_2015-05-22_03-20-46.pcd 0.00728197 0.000964939 0.0018566 8 165,156,62,48,43,32,17,15 67,57,29,25,24,20,12,12 -1 410816 391 770 -1 -1 391 770 -1 -1 410425,237,68,35,17,17,5,3,2,3,1,2,0,1 -1 0,237,68,35,17,17,5,3,2,3,1,2,0,1 -1
/media/michal/Pauli/masterdata/processed/paramtest/dt0,02_mp8000_pp0,001/annotated/rares/20140924/patrol_run_164/room_1/features/nonPlanes<fpfh_iss_2015-05-22_03-20-57.pcd 0.00870502 0.000603942 0.00188873 9 126,84,59,31,29,22,22,16,13 44,29,27,13,12,19,13,14,12 -1 394284 396 770 -1 -1 396 770 -1 -1 393888,245,68,30,21,13,7,3,2,4,0,2,0,1 -1 0,245,68,30,21,13,7,3,2,4,0,2,0,1 -1
/media/michal/Pauli/masterdata/processed/paramtest/dt0,02_mp8000_pp0,001/annotated/rares/20140924/patrol_run_166/room_2/features/nonPlanes<fpfh_iss_2015-05-22_03-21-07.pcd 0.00903587 0.000552171 0.00186126 10 168,88,76,38,38,32,30,29,28,17 61,44,41,17,15,19,21,18,19,15 -1 378378 412 770 -1 -1 400 758 -1 -1 377966,255,72,40,18,13,4,6,2,0,0,0,0,1,0,0,0,0,0,1 -1 0,243,72,40,18,13,4,6,2,0,0,0,0,1,0,0,0,0,0,1 -1
