obj_search:
  camera_z: 1.7
  ceiling_z: 2.27
  floor_z: 0
  object_query: {K: 5}
  processed_data_dir: /home/michal/Downloads/pcddata/processed/
  raw_data_dir: /media/michal/Pauli/masterdata/raw/
object_query: {K: 10, cluster_maxsize: 500, cluster_minsize: 12, cluster_tolerance: 0.2,
  clusters_to_results: true, extract_mult: 1.3, match: nonPlanes<pfhrgb_uniform, n_max_points: 400,
  output_dir: 'NULL', query_features: '/home/michal/Downloads/pcddata/processed/query/queryobjects/0,01/laptop1/features/rgb_0012_label_laptop1<pfhrgb_uniform_2015-05-26_14-52-25.pcd',
  results_out: '/home/michal/Downloads/pcddata/processed/query/k10_mx400_t0,2/dt0,02_mp8000_pp0,001',
  subdirs: 4, target_features: '/home/michal/Downloads/pcddata/processed/paramtest/dt0,02_mp8000_pp0,001',
  x_step_hough: 0.05, y_step_hough: 0.05, z_step_hough: 0.05}
rosdistro: 'indigo

  '
roslaunch:
  uris: {host_tycho__33040: 'http://tycho:33040/'}
rosversion: '1.11.10

  '
run_id: e9fe219e-07b4-11e5-9e3c-3c970e77227e
BEGIN_DATA
# fname t_query t_hough t_cluster cluster_n cluster_scores cluster_points cluster_inobb n_hough_tot nonzero_hough hough_votes boxpts boxvotes maxpts maxvotes maxboxpts maxboxvotes hough_hist box_hist max_hist boxmax_hist
/home/michal/Downloads/pcddata/processed/paramtest/dt0,02_mp8000_pp0,001/annotated/rares/20140820/patrol_run_2/room_1/features/nonPlanes<pfhrgb_uniform_2015-05-21_21-39-02.pcd 0.287421 0.000739856 0.00273504 9 198,181,118,62,61,55,31,28,21 44,52,48,20,20,19,12,14,12 0,0,1,0,0,0,0,0,0 449955 512 1280 21 55 400 1168 20 54 449443,244,113,55,29,19,16,14,7,5,2,1,2,1,0,0,0,1,3 0,4,5,8,3,1,0,0,0,0,0,0,0,0,0,0,0,0,0 0,132,113,55,29,19,16,14,7,5,2,1,2,1,0,0,0,1,3 0,3,5,8,3,1,0,0,0,0,0,0,0,0,0,0,0,0,0
/home/michal/Downloads/pcddata/processed/paramtest/dt0,02_mp8000_pp0,001/annotated/rares/20140820/patrol_run_4/room_0/features/nonPlanes<pfhrgb_uniform_2015-05-21_21-42-25.pcd 0.286108 0.000631143 0.00219872 9 318,177,134,71,54,53,37,21,18 81,65,40,24,14,14,14,12,13 1,0,0,0,0,0,0,0,0 424446 529 1280 53 242 400 1151 52 241 423917,252,122,55,31,23,12,14,6,3,6,0,2,0,1,1,0,0,0,0,0,0,1 0,13,8,2,7,3,3,6,4,2,4,0,0,0,1,0,0,0,0,0,0,0,0 0,123,122,55,31,23,12,14,6,3,6,0,2,0,1,1,0,0,0,0,0,0,1 0,12,8,2,7,3,3,6,4,2,4,0,0,0,1,0,0,0,0,0,0,0,0
/home/michal/Downloads/pcddata/processed/paramtest/dt0,02_mp8000_pp0,001/annotated/rares/20140828/patrol_run_19/room_3/features/nonPlanes<pfhrgb_uniform_2015-05-21_21-43-51.pcd 0.309766 0.000945596 0.00176809 7 216,83,74,68,45,33,23 69,32,20,32,17,18,13 -1 445269 514 1280 -1 -1 400 1166 -1 -1 444755,243,102,71,32,21,14,13,2,2,5,1,2,1,2,0,2,0,0,0,1 -1 0,129,102,71,32,21,14,13,2,2,5,1,2,1,2,0,2,0,0,0,1 -1
/home/michal/Downloads/pcddata/processed/paramtest/dt0,02_mp8000_pp0,001/annotated/rares/20140829/patrol_run_20/room_3/features/nonPlanes<pfhrgb_uniform_2015-05-21_21-46-06.pcd 0.298984 0.000949498 0.0027382 9 192,103,88,78,78,76,38,33,31 53,20,46,30,20,18,13,17,17 -1 461736 508 1280 -1 -1 400 1172 -1 -1 461228,253,116,41,27,19,14,10,8,4,4,2,2,3,0,1,2,0,0,0,0,1,1 -1 0,145,116,41,27,19,14,10,8,4,4,2,2,3,0,1,2,0,0,0,0,1,1 -1
/home/michal/Downloads/pcddata/processed/paramtest/dt0,02_mp8000_pp0,001/annotated/rares/20140829/patrol_run_26/room_2/features/nonPlanes<pfhrgb_uniform_2015-05-21_21-48-05.pcd 0.277456 0.001789 0.00310412 6 361,151,88,59,30,15 111,41,18,17,16,13 0,0,0,0,0,0 404481 536 1280 60 170 400 1144 56 166 403945,274,109,60,30,21,12,4,10,4,2,4,1,2,1,0,0,0,0,0,0,0,0,1,0,0,0,0,1 0,22,8,13,6,7,2,0,1,0,0,0,0,0,1,0,0,0,0,0,0,0,0,0,0,0,0,0,0 0,138,109,60,30,21,12,4,10,4,2,4,1,2,1,0,0,0,0,0,0,0,0,1,0,0,0,0,1 0,18,8,13,6,7,2,0,1,0,0,0,0,0,1,0,0,0,0,0,0,0,0,0,0,0,0,0,0
/home/michal/Downloads/pcddata/processed/paramtest/dt0,02_mp8000_pp0,001/annotated/rares/20140901/patrol_run_27/room_2/features/nonPlanes<pfhrgb_uniform_2015-05-21_21-50-17.pcd 0.239803 0.00065909 0.0026079 5 591,102,101,36,26 156,38,34,14,13 0,0,0,0,0 424710 499 1280 68 315 400 1181 67 314 424211,237,111,47,33,15,14,15,5,4,7,6,2,1,0,0,1,0,0,1 0,17,7,7,6,4,7,7,2,2,6,2,1,0,0,0,0,0,0,0 0,138,111,47,33,15,14,15,5,4,7,6,2,1,0,0,1,0,0,1 0,16,7,7,6,4,7,7,2,2,6,2,1,0,0,0,0,0,0,0
/home/michal/Downloads/pcddata/processed/paramtest/dt0,02_mp8000_pp0,001/annotated/rares/20140901/patrol_run_31/room_2/features/nonPlanes<pfhrgb_uniform_2015-05-21_21-52-28.pcd 0.288766 0.00140332 0.00215489 8 332,305,95,62,41,40,40,31 65,96,29,16,19,19,14,12 1,0,0,0,0,0,0,0 456456 452 1280 39 272 400 1228 39 272 456004,214,95,45,27,12,12,10,11,4,4,0,5,5,3,0,1,1,0,1,1,0,0,0,0,0,0,0,1 0,6,0,6,4,2,3,2,3,3,2,0,0,4,2,0,0,0,0,1,1,0,0,0,0,0,0,0,0 0,162,95,45,27,12,12,10,11,4,4,0,5,5,3,0,1,1,0,1,1,0,0,0,0,0,0,0,1 0,6,0,6,4,2,3,2,3,3,2,0,0,4,2,0,0,0,0,1,1,0,0,0,0,0,0,0,0
/home/michal/Downloads/pcddata/processed/paramtest/dt0,02_mp8000_pp0,001/annotated/rares/20140901/patrol_run_32/room_2/features/nonPlanes<pfhrgb_uniform_2015-05-21_21-54-39.pcd 0.311108 0.000902863 0.00303055 8 295,189,83,61,61,42,27,21 80,42,32,24,17,14,19,12 -1 449592 499 1280 -1 -1 400 1181 -1 -1 449093,266,90,52,21,13,18,9,4,5,5,4,5,1,0,1,0,1,1,0,1,1,0,1 -1 0,167,90,52,21,13,18,9,4,5,5,4,5,1,0,1,0,1,1,0,1,1,0,1 -1
/home/michal/Downloads/pcddata/processed/paramtest/dt0,02_mp8000_pp0,001/annotated/rares/20140901/patrol_run_33/room_1/features/nonPlanes<pfhrgb_uniform_2015-05-21_21-57-11.pcd 0.336875 0.00107508 0.00167857 6 400,83,76,73,34,24 92,27,22,22,15,14 -1 451044 461 1280 -1 -1 400 1219 -1 -1 450583,201,101,59,32,18,11,7,6,5,7,5,0,2,1,2,2,0,0,1,0,0,0,0,0,0,0,0,1 -1 0,140,101,59,32,18,11,7,6,5,7,5,0,2,1,2,2,0,0,1,0,0,0,0,0,0,0,0,1 -1
/home/michal/Downloads/pcddata/processed/paramtest/dt0,02_mp8000_pp0,001/annotated/rares/20140902/patrol_run_35/room_2/features/nonPlanes<pfhrgb_uniform_2015-05-21_21-59-20.pcd 0.253146 0.000788871 0.00283713 11 415,118,59,58,52,35,32,29,25,24,23 91,35,21,13,13,17,15,18,12,14,14 1,0,0,0,0,0,0,0,0,0,0 451044 491 1280 55 319 400 1189 53 317 450553,240,106,51,22,16,13,9,9,4,8,4,2,2,1,0,1,1,1,1 0,5,10,6,5,3,6,4,4,0,5,2,1,1,1,0,1,0,1,0 0,149,106,51,22,16,13,9,9,4,8,4,2,2,1,0,1,1,1,1 0,3,10,6,5,3,6,4,4,0,5,2,1,1,1,0,1,0,1,0
/home/michal/Downloads/pcddata/processed/paramtest/dt0,02_mp8000_pp0,001/annotated/rares/20140902/patrol_run_38/room_0/features/nonPlanes<pfhrgb_uniform_2015-05-21_22-00-35.pcd 0.274705 0.000671832 0.00241509 5 457,217,133,66,25 86,71,60,19,13 -1 427977 443 1280 -1 -1 400 1237 -1 -1 427534,204,88,46,32,22,20,6,5,2,1,2,2,0,0,3,2,2,2,0,0,0,0,1,0,2,0,0,1 -1 0,161,88,46,32,22,20,6,5,2,1,2,2,0,0,3,2,2,2,0,0,0,0,1,0,2,0,0,1 -1
/home/michal/Downloads/pcddata/processed/paramtest/dt0,02_mp8000_pp0,001/annotated/rares/20140903/patrol_run_1/room_4/features/nonPlanes<pfhrgb_uniform_2015-05-21_22-02-18.pcd 0.313553 0.000721985 0.00204401 8 233,169,95,93,88,36,32,29 77,55,23,20,34,12,16,13 1,0,0,0,0,0,0,0 470184 528 1280 55 164 400 1152 52 161 469656,254,116,58,40,11,12,11,8,7,4,1,3,1,1,1 0,19,11,8,7,2,3,1,1,2,1,0,0,0,0,0 0,126,116,58,40,11,12,11,8,7,4,1,3,1,1,1 0,16,11,8,7,2,3,1,1,2,1,0,0,0,0,0
/home/michal/Downloads/pcddata/processed/paramtest/dt0,02_mp8000_pp0,001/annotated/rares/20140903/patrol_run_10/room_2/features/nonPlanes<pfhrgb_uniform_2015-05-21_22-04-32.pcd 0.310813 0.000863731 0.00187326 9 189,129,107,96,82,72,70,55,26 27,49,38,17,25,23,27,21,17 -1 453024 429 1280 -1 -1 400 1251 -1 -1 452595,194,87,52,25,17,13,9,9,1,2,2,5,2,0,1,3,1,0,1,1,2,0,0,0,1,0,0,0,0,0,0,0,0,0,1 -1 0,165,87,52,25,17,13,9,9,1,2,2,5,2,0,1,3,1,0,1,1,2,0,0,0,1,0,0,0,0,0,0,0,0,0,1 -1
/home/michal/Downloads/pcddata/processed/paramtest/dt0,02_mp8000_pp0,001/annotated/rares/20140903/patrol_run_12/room_2/features/nonPlanes<pfhrgb_uniform_2015-05-21_22-06-02.pcd 0.305177 0.000629229 0.00249241 9 271,189,81,79,76,38,35,23,19 38,57,31,33,19,15,21,12,16 -1 434214 490 1280 -1 -1 400 1190 -1 -1 433724,262,93,47,24,15,10,7,3,6,7,4,2,2,1,1,1,2,0,0,0,0,1,0,0,0,0,0,0,0,0,0,0,0,2 -1 0,172,93,47,24,15,10,7,3,6,7,4,2,2,1,1,1,2,0,0,0,0,1,0,0,0,0,0,0,0,0,0,0,0,2 -1
/home/michal/Downloads/pcddata/processed/paramtest/dt0,02_mp8000_pp0,001/annotated/rares/20140903/patrol_run_14/room_1/features/nonPlanes<pfhrgb_uniform_2015-05-21_22-08-50.pcd 0.338237 0.000834784 0.00199367 8 276,181,99,87,39,39,36,23 44,54,33,27,18,14,12,12 -1 434313 468 1280 -1 -1 400 1212 -1 -1 433845,217,97,57,27,24,10,9,3,4,5,3,3,3,0,0,1,1,0,1,0,0,0,1,0,1,0,0,0,1 -1 0,149,97,57,27,24,10,9,3,4,5,3,3,3,0,0,1,1,0,1,0,0,0,1,0,1,0,0,0,1 -1
/home/michal/Downloads/pcddata/processed/paramtest/dt0,02_mp8000_pp0,001/annotated/rares/20140903/patrol_run_2/room_4/features/nonPlanes<pfhrgb_uniform_2015-05-21_22-11-47.pcd 0.306468 0.000682901 0.00216351 9 369,123,108,75,57,35,35,35,23 95,42,36,26,20,18,18,12,13 -1 462264 522 1280 -1 -1 400 1158 -1 -1 461742,260,105,58,29,22,15,8,6,3,5,4,3,2,0,0,1,1 -1 0,138,105,58,29,22,15,8,6,3,5,4,3,2,0,0,1,1 -1
/home/michal/Downloads/pcddata/processed/paramtest/dt0,02_mp8000_pp0,001/annotated/rares/20140903/patrol_run_9/room_2/features/nonPlanes<pfhrgb_uniform_2015-05-21_22-15-22.pcd 0.30228 0.000915801 0.00172949 7 213,154,148,74,54,49,44 42,29,48,17,20,21,20 -1 491568 491 1280 -1 -1 400 1189 -1 -1 491077,240,108,54,20,18,13,7,9,5,3,2,2,4,1,2,0,1,0,0,0,0,0,0,0,0,0,0,0,1,1 -1 0,149,108,54,20,18,13,7,9,5,3,2,2,4,1,2,0,1,0,0,0,0,0,0,0,0,0,0,0,1,1 -1
/home/michal/Downloads/pcddata/processed/paramtest/dt0,02_mp8000_pp0,001/annotated/rares/20140904/patrol_run_15/room_2/features/nonPlanes<pfhrgb_uniform_2015-05-21_22-18-16.pcd 0.305338 0.000976572 0.0029339 8 267,220,112,91,56,28,26,24 115,47,33,29,17,15,12,14 1,0,0,0,0,0,0,0 517902 572 1280 44 92 400 1108 38 86 517330,296,125,55,36,21,16,9,2,2,4,0,2,1,1,0,0,1,0,1 0,16,17,7,1,2,0,1,0,0,0,0,0,0,0,0,0,0,0,0 0,124,125,55,36,21,16,9,2,2,4,0,2,1,1,0,0,1,0,1 0,10,17,7,1,2,0,1,0,0,0,0,0,0,0,0,0,0,0,0
/home/michal/Downloads/pcddata/processed/paramtest/dt0,02_mp8000_pp0,001/annotated/rares/20140905/patrol_run_17/room_2/features/nonPlanes<pfhrgb_uniform_2015-05-21_22-20-19.pcd 0.253974 0.000889341 0.0028829 8 194,128,124,118,106,63,52,35 64,37,44,40,25,21,23,13 -1 446160 517 1280 -1 -1 400 1163 -1 -1 445643,236,119,67,32,18,18,3,6,6,2,3,1,1,2,1,1,0,0,1 -1 0,119,119,67,32,18,18,3,6,6,2,3,1,1,2,1,1,0,0,1 -1
/home/michal/Downloads/pcddata/processed/paramtest/dt0,02_mp8000_pp0,001/annotated/rares/20140905/patrol_run_19/room_1/features/nonPlanes<pfhrgb_uniform_2015-05-21_22-23-27.pcd 0.252868 0.00110391 0.00210536 9 237,151,141,137,87,74,45,28,24 74,57,21,37,33,24,16,16,12 -1 453024 478 1280 -1 -1 400 1202 -1 -1 452546,223,101,49,30,20,16,8,9,7,2,2,3,2,1,1,1,2,1 -1 0,145,101,49,30,20,16,8,9,7,2,2,3,2,1,1,1,2,1 -1
/home/michal/Downloads/pcddata/processed/paramtest/dt0,02_mp8000_pp0,001/annotated/rares/20140905/patrol_run_21/room_2/features/nonPlanes<pfhrgb_uniform_2015-05-21_22-26-39.pcd 0.269228 0.000903897 0.00194051 12 269,151,95,76,71,65,60,41,33,30,27,19 77,34,17,32,20,17,16,22,12,18,14,14 -1 419265 467 1280 -1 -1 400 1213 -1 -1 418798,213,108,48,26,22,12,8,7,6,2,1,5,1,0,3,1,0,0,0,1,0,2,0,0,0,1 -1 0,146,108,48,26,22,12,8,7,6,2,1,5,1,0,3,1,0,0,0,1,0,2,0,0,0,1 -1
/home/michal/Downloads/pcddata/processed/paramtest/dt0,02_mp8000_pp0,001/annotated/rares/20140905/patrol_run_23/room_2/features/nonPlanes<pfhrgb_uniform_2015-05-21_22-29-39.pcd 0.254698 0.00147792 0.00202264 13 162,156,135,95,69,65,57,39,37,35,33,29,27 41,32,46,21,32,12,18,12,21,12,14,15,12 -1 463320 495 1280 -1 -1 400 1185 -1 -1 462825,245,108,43,25,16,18,13,7,3,4,3,2,3,2,0,0,0,1,1,0,0,0,0,0,0,0,1 -1 0,150,108,43,25,16,18,13,7,3,4,3,2,3,2,0,0,0,1,1,0,0,0,0,0,0,0,1 -1
/home/michal/Downloads/pcddata/processed/paramtest/dt0,02_mp8000_pp0,001/annotated/rares/20140905/patrol_run_25/room_1/features/nonPlanes<pfhrgb_uniform_2015-05-21_22-31-56.pcd 0.241444 0.000812146 0.00210878 10 260,157,123,96,92,56,38,31,26,24 73,42,25,20,23,18,19,21,15,20 -1 410652 461 1280 -1 -1 400 1219 -1 -1 410191,223,99,36,30,18,13,6,7,7,4,5,3,1,1,1,0,2,3,0,1,1 -1 0,162,99,36,30,18,13,6,7,7,4,5,3,1,1,1,0,2,3,0,1,1 -1
/home/michal/Downloads/pcddata/processed/paramtest/dt0,02_mp8000_pp0,001/annotated/rares/20140905/patrol_run_27/room_2/features/nonPlanes<pfhrgb_uniform_2015-05-21_22-33-57.pcd 0.270278 0.000651352 0.00291838 12 240,91,87,83,72,62,53,35,35,31,31,24 64,26,23,35,23,25,17,15,12,18,14,12 -1 470448 524 1280 -1 -1 400 1156 -1 -1 469924,260,108,59,26,21,13,11,9,6,3,2,1,3,1,0,0,0,0,0,1 -1 0,136,108,59,26,21,13,11,9,6,3,2,1,3,1,0,0,0,0,0,1 -1
/home/michal/Downloads/pcddata/processed/paramtest/dt0,02_mp8000_pp0,001/annotated/rares/20140905/patrol_run_29/room_2/features/nonPlanes<pfhrgb_uniform_2015-05-21_22-36-05.pcd 0.261063 0.00153645 0.00284473 11 165,125,116,97,64,64,64,60,50,43,18 57,40,18,19,33,30,21,17,16,12,17 -1 433290 510 1280 -1 -1 400 1170 -1 -1 432780,249,97,63,32,26,9,13,5,3,4,4,0,0,1,1,1,0,0,0,0,0,1,0,0,0,0,1 -1 0,139,97,63,32,26,9,13,5,3,4,4,0,0,1,1,1,0,0,0,0,0,1,0,0,0,0,1 -1
/home/michal/Downloads/pcddata/processed/paramtest/dt0,02_mp8000_pp0,001/annotated/rares/20140905/patrol_run_30/room_1/features/nonPlanes<pfhrgb_uniform_2015-05-21_22-38-05.pcd 0.288105 0.000630227 0.00200417 8 215,196,182,161,141,60,31,28 39,40,63,39,45,19,13,14 -1 451044 443 1280 -1 -1 400 1237 -1 -1 450601,205,92,48,30,15,14,7,7,3,5,5,2,1,0,2,1,1,0,0,0,2,0,0,1,1,0,0,0,0,0,0,0,0,0,0,0,0,0,0,1 -1 0,162,92,48,30,15,14,7,7,3,5,5,2,1,0,2,1,1,0,0,0,2,0,0,1,1,0,0,0,0,0,0,0,0,0,0,0,0,0,0,1 -1
/home/michal/Downloads/pcddata/processed/paramtest/dt0,02_mp8000_pp0,001/annotated/rares/20140905/patrol_run_30/room_7/features/nonPlanes<pfhrgb_uniform_2015-05-21_22-40-41.pcd 0.288919 0.000923558 0.00299133 13 133,114,101,92,77,50,45,39,34,27,26,26,20 45,24,34,26,13,26,14,14,12,15,18,14,12 -1 458865 566 1280 -1 -1 400 1114 -1 -1 458299,295,126,54,30,18,13,10,4,4,3,3,3,0,1,1,0,1 -1 0,129,126,54,30,18,13,10,4,4,3,3,3,0,1,1,0,1 -1
/home/michal/Downloads/pcddata/processed/paramtest/dt0,02_mp8000_pp0,001/annotated/rares/20140908/patrol_run_32/room_2/features/nonPlanes<pfhrgb_uniform_2015-05-21_22-42-50.pcd 0.269592 0.00113385 0.00229515 11 200,161,109,74,64,55,50,45,34,33,25 36,60,25,12,12,21,22,22,18,17,15 -1 448668 497 1280 -1 -1 400 1183 -1 -1 448171,252,100,42,30,23,10,8,8,5,7,1,2,3,2,1,1,0,0,1,1 -1 0,155,100,42,30,23,10,8,8,5,7,1,2,3,2,1,1,0,0,1,1 -1
/home/michal/Downloads/pcddata/processed/paramtest/dt0,02_mp8000_pp0,001/annotated/rares/20140908/patrol_run_34/room_2/features/nonPlanes<pfhrgb_uniform_2015-05-21_22-45-05.pcd 0.274896 0.000667288 0.00237978 7 222,207,145,126,65,38,30 60,69,43,31,28,14,14 0,0,0,0,0,0,0 423720 477 1280 12 40 400 1203 12 40 423243,241,92,51,25,12,15,8,4,5,8,6,0,1,1,2,1,1,1,0,1,1,0,0,1 0,4,2,1,3,0,0,1,0,0,1,0,0,0,0,0,0,0,0,0,0,0,0,0,0 0,164,92,51,25,12,15,8,4,5,8,6,0,1,1,2,1,1,1,0,1,1,0,0,1 0,4,2,1,3,0,0,1,0,0,1,0,0,0,0,0,0,0,0,0,0,0,0,0,0
/home/michal/Downloads/pcddata/processed/paramtest/dt0,02_mp8000_pp0,001/annotated/rares/20140908/patrol_run_36/room_3/features/nonPlanes<pfhrgb_uniform_2015-05-21_22-47-10.pcd 0.258692 0.000804944 0.0018785 7 265,197,118,111,69,52,34 62,105,21,30,19,12,20 1,0,0,0,0,0,0 423654 482 1280 50 249 400 1198 50 249 423172,247,95,46,19,12,15,12,11,9,2,4,1,0,3,1,2,0,1,1,0,0,0,0,1 0,11,7,5,4,4,1,6,4,2,1,2,0,0,2,1,0,0,0,0,0,0,0,0,0 0,165,95,46,19,12,15,12,11,9,2,4,1,0,3,1,2,0,1,1,0,0,0,0,1 0,11,7,5,4,4,1,6,4,2,1,2,0,0,2,1,0,0,0,0,0,0,0,0,0
/home/michal/Downloads/pcddata/processed/paramtest/dt0,02_mp8000_pp0,001/annotated/rares/20140908/patrol_run_38/room_2/features/nonPlanes<pfhrgb_uniform_2015-05-21_22-49-07.pcd 0.26232 0.000708097 0.00241776 9 284,164,112,93,91,49,27,26,21 62,29,28,49,20,20,13,13,12 1,0,0,0,0,0,0,0,0 433356 464 1280 42 243 400 1216 42 243 432892,231,91,42,30,13,13,11,9,3,5,1,2,4,1,2,0,1,2,0,1,1,0,0,0,0,0,1 0,7,6,5,4,3,4,4,0,1,1,1,1,1,0,1,0,0,2,0,1,0,0,0,0,0,0,0 0,167,91,42,30,13,13,11,9,3,5,1,2,4,1,2,0,1,2,0,1,1,0,0,0,0,0,1 0,7,6,5,4,3,4,4,0,1,1,1,1,1,0,1,0,0,2,0,1,0,0,0,0,0,0,0
/home/michal/Downloads/pcddata/processed/paramtest/dt0,02_mp8000_pp0,001/annotated/rares/20140908/patrol_run_39/room_3/features/nonPlanes<pfhrgb_uniform_2015-05-21_22-51-30.pcd 0.271265 0.000645532 0.00195378 5 259,249,68,59,25 59,83,35,25,14 0,0,0,0,0 414678 490 1280 39 153 400 1190 37 151 414188,236,115,39,26,19,14,13,4,5,6,5,1,0,1,2,0,2,1,0,0,0,0,1 0,12,9,3,3,2,2,2,1,0,1,2,1,0,1,0,0,0,0,0,0,0,0,0 0,146,115,39,26,19,14,13,4,5,6,5,1,0,1,2,0,2,1,0,0,0,0,1 0,10,9,3,3,2,2,2,1,0,1,2,1,0,1,0,0,0,0,0,0,0,0,0
/home/michal/Downloads/pcddata/processed/paramtest/dt0,02_mp8000_pp0,001/annotated/rares/20140908/patrol_run_41/room_3/features/nonPlanes<pfhrgb_uniform_2015-05-21_22-53-24.pcd 0.27845 0.00124224 0.00190588 7 294,132,78,63,61,52,34 60,53,20,19,18,20,15 1,0,0,0,0,0,0 455400 463 1280 44 254 400 1217 44 254 454937,212,97,49,28,18,9,14,13,7,2,6,2,2,1,1,0,0,0,1,0,0,1 0,5,5,6,3,3,0,8,4,3,2,2,2,1,0,0,0,0,0,0,0,0,0 0,149,97,49,28,18,9,14,13,7,2,6,2,2,1,1,0,0,0,1,0,0,1 0,5,5,6,3,3,0,8,4,3,2,2,2,1,0,0,0,0,0,0,0,0,0
/home/michal/Downloads/pcddata/processed/paramtest/dt0,02_mp8000_pp0,001/annotated/rares/20140908/patrol_run_43/room_3/features/nonPlanes<pfhrgb_uniform_2015-05-21_22-55-56.pcd 0.289015 0.00086393 0.00173697 5 269,179,113,68,48 66,27,25,23,12 1,0,0,0,0 414018 463 1280 33 164 400 1217 33 164 413555,243,88,33,27,19,17,5,5,1,4,5,3,1,1,0,3,0,1,1,3,0,0,2,1 0,13,4,2,2,3,1,1,0,1,0,3,0,0,0,0,1,0,0,1,0,0,0,0,1 0,180,88,33,27,19,17,5,5,1,4,5,3,1,1,0,3,0,1,1,3,0,0,2,1 0,13,4,2,2,3,1,1,0,1,0,3,0,0,0,0,1,0,0,1,0,0,0,0,1
/home/michal/Downloads/pcddata/processed/paramtest/dt0,02_mp8000_pp0,001/annotated/rares/20140908/patrol_run_45/room_2/features/nonPlanes<pfhrgb_uniform_2015-05-21_22-58-07.pcd 0.290893 0.00090077 0.00295359 6 453,159,133,57,36,31 106,41,41,23,13,14 1,0,0,0,0,0 442200 477 1280 62 351 400 1203 62 351 441723,239,98,38,23,23,15,11,7,4,6,1,4,3,0,0,1,1,0,1,0,1,0,0,0,0,0,0,0,0,0,0,0,0,1 0,13,9,5,5,6,4,4,5,2,1,1,1,2,0,0,1,1,0,1,0,0,0,0,0,0,0,0,0,0,0,0,0,0,1 0,162,98,38,23,23,15,11,7,4,6,1,4,3,0,0,1,1,0,1,0,1,0,0,0,0,0,0,0,0,0,0,0,0,1 0,13,9,5,5,6,4,4,5,2,1,1,1,2,0,0,1,1,0,1,0,0,0,0,0,0,0,0,0,0,0,0,0,0,1
/home/michal/Downloads/pcddata/processed/paramtest/dt0,02_mp8000_pp0,001/annotated/rares/20140908/patrol_run_47/room_3/features/nonPlanes<pfhrgb_uniform_2015-05-21_23-01-21.pcd 0.278566 0.000815144 0.00234983 4 372,270,104,72 109,73,38,20 1,0,0,0 465300 492 1280 43 198 400 1188 43 198 464808,239,97,41,38,22,21,12,3,6,1,6,2,1,1,0,0,0,0,0,0,1,0,0,0,0,1 0,11,5,5,9,2,2,3,0,0,1,3,0,0,1,0,0,0,0,0,0,0,0,0,0,0,1 0,147,97,41,38,22,21,12,3,6,1,6,2,1,1,0,0,0,0,0,0,1,0,0,0,0,1 0,11,5,5,9,2,2,3,0,0,1,3,0,0,1,0,0,0,0,0,0,0,0,0,0,0,1
/home/michal/Downloads/pcddata/processed/paramtest/dt0,02_mp8000_pp0,001/annotated/rares/20140909/patrol_run_49/room_3/features/nonPlanes<pfhrgb_uniform_2015-05-21_23-04-45.pcd 0.276611 0.000897212 0.00251997 10 290,130,98,83,78,56,49,47,38,23 54,43,29,16,26,31,15,16,21,13 1,0,0,0,0,0,0,0,0,0 437778 487 1280 38 222 400 1193 36 220 437291,231,114,40,29,21,9,8,8,8,4,4,3,5,1,0,0,1,1 0,11,4,0,5,1,0,2,2,2,2,2,3,4,0,0,0,0,0 0,144,114,40,29,21,9,8,8,8,4,4,3,5,1,0,0,1,1 0,9,4,0,5,1,0,2,2,2,2,2,3,4,0,0,0,0,0
/home/michal/Downloads/pcddata/processed/paramtest/dt0,02_mp8000_pp0,001/annotated/rares/20140909/patrol_run_51/room_3/features/nonPlanes<pfhrgb_uniform_2015-05-21_23-07-54.pcd 0.265059 0.00119668 0.0030628 9 204,188,94,87,68,65,57,39,39 56,61,31,27,22,22,17,19,16 1,0,0,0,0,0,0,0,0 812328 510 1280 39 174 400 1170 38 173 811818,255,101,56,29,20,13,5,7,6,8,2,3,1,2,0,1,0,0,0,0,1 0,16,3,1,3,3,4,0,3,1,2,0,2,0,0,0,0,0,0,0,0,1 0,145,101,56,29,20,13,5,7,6,8,2,3,1,2,0,1,0,0,0,0,1 0,15,3,1,3,3,4,0,3,1,2,0,2,0,0,0,0,0,0,0,0,1
/home/michal/Downloads/pcddata/processed/paramtest/dt0,02_mp8000_pp0,001/annotated/rares/20140909/patrol_run_53/room_3/features/nonPlanes<pfhrgb_uniform_2015-05-21_23-10-05.pcd 0.251223 0.00104841 0.00272032 11 239,134,116,108,69,61,55,40,31,31,26 61,48,32,24,24,16,18,14,20,16,13 1,0,0,0,0,0,0,0,0,0,0 456456 480 1280 45 215 400 1200 45 215 455976,224,100,55,27,19,14,13,6,4,5,2,1,6,2,0,1,0,0,0,0,0,0,1 0,13,7,5,1,6,4,2,0,0,1,0,1,2,1,0,1,0,0,0,0,0,0,1 0,144,100,55,27,19,14,13,6,4,5,2,1,6,2,0,1,0,0,0,0,0,0,1 0,13,7,5,1,6,4,2,0,0,1,0,1,2,1,0,1,0,0,0,0,0,0,1
/home/michal/Downloads/pcddata/processed/paramtest/dt0,02_mp8000_pp0,001/annotated/rares/20140909/patrol_run_55/room_3/features/nonPlanes<pfhrgb_uniform_2015-05-21_23-12-21.pcd 0.30937 0.000880171 0.00216117 5 343,112,95,77,32 107,47,28,26,23 1,0,0,0,0 446622 583 1280 64 229 400 1097 55 220 446039,325,102,51,35,27,18,12,6,2,1,2,0,0,1,0,0,0,0,1 0,18,12,7,7,7,5,5,1,0,0,1,0,0,0,0,0,0,0,1 0,142,102,51,35,27,18,12,6,2,1,2,0,0,1,0,0,0,0,1 0,9,12,7,7,7,5,5,1,0,0,1,0,0,0,0,0,0,0,1
/home/michal/Downloads/pcddata/processed/paramtest/dt0,02_mp8000_pp0,001/annotated/rares/20140909/patrol_run_59/room_3/features/nonPlanes<pfhrgb_uniform_2015-05-21_23-14-17.pcd 0.301921 0.000774324 0.00247871 8 177,151,117,106,68,60,43,37 25,43,32,37,38,20,29,19 -1 446622 548 1280 -1 -1 400 1132 -1 -1 446074,299,115,45,30,14,10,12,4,2,5,2,2,1,2,1,1,1,1,0,0,0,0,0,0,0,0,0,0,1 -1 0,151,115,45,30,14,10,12,4,2,5,2,2,1,2,1,1,1,1,0,0,0,0,0,0,0,0,0,0,1 -1
/home/michal/Downloads/pcddata/processed/paramtest/dt0,02_mp8000_pp0,001/annotated/rares/20140909/patrol_run_61/room_3/features/nonPlanes<pfhrgb_uniform_2015-05-21_23-16-08.pcd 0.305686 0.000839349 0.0025565 8 349,108,106,103,66,41,30,27 51,31,40,34,31,16,13,13 -1 447579 472 1280 -1 -1 400 1208 -1 -1 447107,232,101,54,25,11,8,14,2,7,5,1,2,1,1,2,2,1,0,0,0,0,0,0,0,0,0,0,0,0,0,0,0,1,0,0,0,0,0,0,2 -1 0,160,101,54,25,11,8,14,2,7,5,1,2,1,1,2,2,1,0,0,0,0,0,0,0,0,0,0,0,0,0,0,0,1,0,0,0,0,0,0,2 -1
/home/michal/Downloads/pcddata/processed/paramtest/dt0,02_mp8000_pp0,001/annotated/rares/20140909/patrol_run_63/room_3/features/nonPlanes<pfhrgb_uniform_2015-05-21_23-18-31.pcd 0.365277 0.00064889 0.00173609 7 205,94,73,73,67,61,22 52,34,31,12,22,12,14 -1 420420 540 1280 -1 -1 400 1140 -1 -1 419880,255,141,49,32,18,11,7,9,8,5,2,1,1,0,0,0,0,0,0,0,0,1 -1 0,115,141,49,32,18,11,7,9,8,5,2,1,1,0,0,0,0,0,0,0,0,1 -1
/home/michal/Downloads/pcddata/processed/paramtest/dt0,02_mp8000_pp0,001/annotated/rares/20140910/patrol_run_67/room_3/features/nonPlanes<pfhrgb_uniform_2015-05-21_23-20-33.pcd 0.272317 0.00147587 0.00208119 9 220,186,147,116,87,55,31,20,14 100,38,47,31,29,13,12,12,13 0,0,1,0,0,0,0,0,0 473286 557 1280 55 146 400 1123 43 134 472729,303,102,54,32,14,17,12,7,4,5,2,3,1,1 0,19,12,11,5,3,2,2,0,1,0,0,0,0,0 0,146,102,54,32,14,17,12,7,4,5,2,3,1,1 0,7,12,11,5,3,2,2,0,1,0,0,0,0,0
/home/michal/Downloads/pcddata/processed/paramtest/dt0,02_mp8000_pp0,001/annotated/rares/20140910/patrol_run_69/room_3/features/nonPlanes<pfhrgb_uniform_2015-05-21_23-22-26.pcd 0.267382 0.000897638 0.00202969 5 257,246,151,72,52 104,77,39,31,20 0,0,0,0,0 446622 594 1280 36 73 400 1086 20 57 446028,325,114,69,37,11,14,3,5,5,5,1,2,1,1,1 0,16,9,7,3,0,1,0,0,0,0,0,0,0,0,0 0,131,114,69,37,11,14,3,5,5,5,1,2,1,1,1 0,0,9,7,3,0,1,0,0,0,0,0,0,0,0,0
/home/michal/Downloads/pcddata/processed/paramtest/dt0,02_mp8000_pp0,001/annotated/rares/20140910/patrol_run_71/room_3/features/nonPlanes<pfhrgb_uniform_2015-05-21_23-24-55.pcd 0.277376 0.00130739 0.00192522 9 288,94,85,84,69,66,64,52,41 88,25,20,29,32,20,28,16,13 1,0,0,0,0,0,0,0,0 477048 518 1280 42 130 400 1162 40 128 476530,267,90,67,30,16,8,14,8,4,1,6,2,0,1,1,1,0,1,0,0,0,0,1 0,11,9,10,4,2,3,1,0,1,0,1,0,0,0,0,0,0,0,0,0,0,0,0 0,149,90,67,30,16,8,14,8,4,1,6,2,0,1,1,1,0,1,0,0,0,0,1 0,9,9,10,4,2,3,1,0,1,0,1,0,0,0,0,0,0,0,0,0,0,0,0
/home/michal/Downloads/pcddata/processed/paramtest/dt0,02_mp8000_pp0,001/annotated/rares/20140910/patrol_run_74/room_3/features/nonPlanes<pfhrgb_uniform_2015-05-21_23-27-20.pcd 0.264454 0.000846739 0.00330398 11 271,132,85,77,64,63,52,35,29,27,24 46,48,28,22,24,26,19,14,18,13,12 1,0,0,0,0,0,0,0,0,0,0 442200 526 1280 37 228 400 1154 34 225 441674,283,96,50,26,25,13,4,11,5,3,3,1,2,0,0,0,1,0,1,1,0,0,0,0,0,0,0,0,0,1 0,10,5,1,3,4,3,0,3,1,0,1,1,1,0,0,0,1,0,1,1,0,0,0,0,0,0,0,0,0,1 0,157,96,50,26,25,13,4,11,5,3,3,1,2,0,0,0,1,0,1,1,0,0,0,0,0,0,0,0,0,1 0,7,5,1,3,4,3,0,3,1,0,1,1,1,0,0,0,1,0,1,1,0,0,0,0,0,0,0,0,0,1
/home/michal/Downloads/pcddata/processed/paramtest/dt0,02_mp8000_pp0,001/annotated/rares/20140910/patrol_run_77/room_4/features/nonPlanes<pfhrgb_uniform_2015-05-21_23-29-24.pcd 0.299 0.000940243 0.00291486 6 250,179,156,75,68,50 76,59,32,25,12,30 -1 446622 500 1280 -1 -1 400 1180 -1 -1 446122,260,102,32,33,22,15,8,4,5,5,5,0,2,1,1,1,1,0,2,0,0,0,0,1 -1 0,160,102,32,33,22,15,8,4,5,5,5,0,2,1,1,1,1,0,2,0,0,0,0,1 -1
/home/michal/Downloads/pcddata/processed/paramtest/dt0,02_mp8000_pp0,001/annotated/rares/20140910/patrol_run_79/room_2/features/nonPlanes<pfhrgb_uniform_2015-05-21_23-31-00.pcd 0.325319 0.000845205 0.00163552 10 106,106,91,77,65,59,54,50,47,37 21,18,33,14,25,24,12,18,17,17 -1 396627 422 1280 -1 -1 400 1258 -1 -1 396205,189,90,46,19,13,14,9,10,9,6,4,4,0,1,2,3,0,1,0,0,0,0,0,0,0,0,1,0,0,0,0,0,0,0,1 -1 0,167,90,46,19,13,14,9,10,9,6,4,4,0,1,2,3,0,1,0,0,0,0,0,0,0,0,1,0,0,0,0,0,0,0,1 -1
/home/michal/Downloads/pcddata/processed/paramtest/dt0,02_mp8000_pp0,001/annotated/rares/20140910/patrol_run_81/room_2/features/nonPlanes<pfhrgb_uniform_2015-05-21_23-33-35.pcd 0.364989 0.000869787 0.00288623 8 267,194,114,76,69,56,43,34 51,74,32,29,20,22,12,14 -1 432300 499 1280 -1 -1 400 1181 -1 -1 431801,253,103,35,44,17,14,9,7,4,5,1,1,1,0,0,0,0,0,0,0,0,2,0,0,1,1,0,0,0,0,0,0,0,0,1 -1 0,154,103,35,44,17,14,9,7,4,5,1,1,1,0,0,0,0,0,0,0,0,2,0,0,1,1,0,0,0,0,0,0,0,0,1 -1
/home/michal/Downloads/pcddata/processed/paramtest/dt0,02_mp8000_pp0,001/annotated/rares/20140911/patrol_run_82/room_3/features/nonPlanes<pfhrgb_uniform_2015-05-21_23-36-04.pcd 0.331444 0.000689221 0.00238146 7 195,160,97,80,31,21,17 75,22,34,31,13,15,16 -1 473154 537 1280 -1 -1 400 1143 -1 -1 472617,284,103,59,24,17,15,9,11,6,1,4,0,0,0,0,0,1,0,1,0,1,0,0,0,0,1 -1 0,147,103,59,24,17,15,9,11,6,1,4,0,0,0,0,0,1,0,1,0,1,0,0,0,0,1 -1
/home/michal/Downloads/pcddata/processed/paramtest/dt0,02_mp8000_pp0,001/annotated/rares/20140911/patrol_run_84/room_3/features/nonPlanes<pfhrgb_uniform_2015-05-21_23-38-46.pcd 0.308372 0.00189545 0.00236048 9 126,121,91,79,58,57,56,38,35 32,28,13,32,20,21,22,19,18 1,0,0,0,0,0,0,0,0 455400 544 1280 21 113 400 1136 21 113 454856,280,133,45,21,23,11,6,7,4,4,2,0,1,1,1,1,0,0,1,2,1 0,7,3,1,2,3,0,2,0,0,0,0,0,0,0,0,0,0,0,1,1,1 0,136,133,45,21,23,11,6,7,4,4,2,0,1,1,1,1,0,0,1,2,1 0,7,3,1,2,3,0,2,0,0,0,0,0,0,0,0,0,0,0,1,1,1
/home/michal/Downloads/pcddata/processed/paramtest/dt0,02_mp8000_pp0,001/annotated/rares/20140911/patrol_run_88/room_3/features/nonPlanes<pfhrgb_uniform_2015-05-21_23-41-22.pcd 0.304088 0.000894109 0.00266889 9 291,246,77,63,52,45,42,37,35 97,58,18,22,26,18,17,22,17 1,0,0,0,0,0,0,0,0 474606 555 1280 32 102 400 1125 29 99 474051,296,103,65,20,26,9,13,8,5,3,4,2,0,0,0,0,0,0,0,0,1 0,12,5,5,1,2,2,4,0,0,0,1,0,0,0,0,0,0,0,0,0,0 0,141,103,65,20,26,9,13,8,5,3,4,2,0,0,0,0,0,0,0,0,1 0,9,5,5,1,2,2,4,0,0,0,1,0,0,0,0,0,0,0,0,0,0
/home/michal/Downloads/pcddata/processed/paramtest/dt0,02_mp8000_pp0,001/annotated/rares/20140911/patrol_run_90/room_3/features/nonPlanes<pfhrgb_uniform_2015-05-21_23-44-36.pcd 0.279778 0.000644627 0.00201383 8 267,119,96,76,38,34,29,15 78,42,18,19,12,18,22,12 1,0,0,0,0,0,0,0 408408 542 1280 55 209 400 1138 50 204 407866,283,118,47,29,18,6,10,11,7,7,3,0,1,0,0,0,1,0,0,0,0,0,0,1 0,17,10,2,7,6,2,2,4,3,1,0,0,1,0,0,0,0,0,0,0,0,0,0,0 0,141,118,47,29,18,6,10,11,7,7,3,0,1,0,0,0,1,0,0,0,0,0,0,1 0,12,10,2,7,6,2,2,4,3,1,0,0,1,0,0,0,0,0,0,0,0,0,0,0
/home/michal/Downloads/pcddata/processed/paramtest/dt0,02_mp8000_pp0,001/annotated/rares/20140911/patrol_run_92/room_3/features/nonPlanes<pfhrgb_uniform_2015-05-21_23-47-45.pcd 0.281581 0.00190818 0.00202211 9 285,153,132,122,41,28,25,23,16 69,50,38,29,16,15,14,16,12 1,0,0,0,0,0,0,0,0 454740 501 1280 60 269 400 1179 59 268 454239,244,104,54,32,21,13,8,7,2,5,1,0,3,2,0,0,2,1,0,1,0,0,0,0,1 0,13,11,8,8,4,5,2,1,0,3,0,0,3,0,0,0,1,0,0,1,0,0,0,0,0 0,143,104,54,32,21,13,8,7,2,5,1,0,3,2,0,0,2,1,0,1,0,0,0,0,1 0,12,11,8,8,4,5,2,1,0,3,0,0,3,0,0,0,1,0,0,1,0,0,0,0,0
/home/michal/Downloads/pcddata/processed/paramtest/dt0,02_mp8000_pp0,001/annotated/rares/20140912/patrol_run_100/room_3/features/nonPlanes<pfhrgb_uniform_2015-05-21_23-50-18.pcd 0.290699 0.000816296 0.00236811 10 265,90,75,68,62,43,41,41,37,23 66,38,23,28,19,16,20,13,13,12 1,0,0,0,0,0,0,0,0,0 437778 582 1280 57 238 400 1098 50 231 437196,305,131,53,32,15,18,8,10,2,4,2,0,1,1 0,12,8,11,6,2,7,2,5,0,2,0,0,1,1 0,123,131,53,32,15,18,8,10,2,4,2,0,1,1 0,5,8,11,6,2,7,2,5,0,2,0,0,1,1
/home/michal/Downloads/pcddata/processed/paramtest/dt0,02_mp8000_pp0,001/annotated/rares/20140912/patrol_run_102/room_3/features/nonPlanes<pfhrgb_uniform_2015-05-21_23-53-50.pcd 0.286099 0.000875627 0.00213711 5 285,162,147,102,88 81,45,69,36,25 0,0,0,0,0 463320 484 1280 27 123 400 1196 27 123 462836,236,78,63,31,21,13,12,6,10,6,0,4,0,2,0,0,2 0,5,1,7,2,2,1,5,1,2,1,0,0,0,0,0,0,0 0,152,78,63,31,21,13,12,6,10,6,0,4,0,2,0,0,2 0,5,1,7,2,2,1,5,1,2,1,0,0,0,0,0,0,0
/home/michal/Downloads/pcddata/processed/paramtest/dt0,02_mp8000_pp0,001/annotated/rares/20140912/patrol_run_104/room_3/features/nonPlanes<pfhrgb_uniform_2015-05-21_23-58-17.pcd 0.290337 0.00064306 0.00202303 9 281,108,80,66,66,57,54,48,17 65,36,14,23,22,20,34,18,16 1,0,0,0,0,0,0,0,0 445500 567 1280 38 147 400 1113 35 144 444933,316,110,52,27,17,12,11,7,3,4,2,0,1,2,1,0,1,0,0,0,0,0,0,0,0,0,0,1 0,11,7,6,5,2,2,1,1,1,1,0,0,0,0,0,0,0,0,0,0,0,0,0,0,0,0,0,1 0,149,110,52,27,17,12,11,7,3,4,2,0,1,2,1,0,1,0,0,0,0,0,0,0,0,0,0,1 0,8,7,6,5,2,2,1,1,1,1,0,0,0,0,0,0,0,0,0,0,0,0,0,0,0,0,0,1
/home/michal/Downloads/pcddata/processed/paramtest/dt0,02_mp8000_pp0,001/annotated/rares/20140912/patrol_run_94/room_3/features/nonPlanes<pfhrgb_uniform_2015-05-22_00-01-57.pcd 0.310392 0.000948462 0.00315917 8 244,101,90,77,75,49,37,31 50,21,33,20,30,14,18,16 1,0,0,0,0,0,0,0 445500 500 1280 41 202 400 1180 40 201 445000,257,103,41,27,16,8,16,8,5,4,1,7,3,1,2,0,0,0,1 0,8,9,4,2,3,1,3,5,0,1,0,3,1,0,1,0,0,0,0 0,157,103,41,27,16,8,16,8,5,4,1,7,3,1,2,0,0,0,1 0,7,9,4,2,3,1,3,5,0,1,0,3,1,0,1,0,0,0,0
/home/michal/Downloads/pcddata/processed/paramtest/dt0,02_mp8000_pp0,001/annotated/rares/20140912/patrol_run_96/room_2/features/nonPlanes<pfhrgb_uniform_2015-05-22_00-05-35.pcd 0.301312 0.000785316 0.00309157 10 210,130,83,73,72,67,57,53,29,26 51,39,12,31,18,20,16,15,14,12 1,0,0,0,0,0,0,0,0,0 434511 490 1280 46 203 400 1190 45 202 434021,247,95,41,32,18,23,6,3,9,6,1,2,1,1,2,1,0,0,0,0,0,1,0,0,0,0,1 0,9,8,4,7,3,5,3,0,3,2,1,0,0,1,0,0,0,0,0,0,0,0,0,0,0,0,0 0,157,95,41,32,18,23,6,3,9,6,1,2,1,1,2,1,0,0,0,0,0,1,0,0,0,0,1 0,8,8,4,7,3,5,3,0,3,2,1,0,0,1,0,0,0,0,0,0,0,0,0,0,0,0,0
/home/michal/Downloads/pcddata/processed/paramtest/dt0,02_mp8000_pp0,001/annotated/rares/20140912/patrol_run_98/room_3/features/nonPlanes<pfhrgb_uniform_2015-05-22_00-07-48.pcd 0.298137 0.000961164 0.00244869 7 184,160,147,88,57,48,28 37,51,42,39,21,18,14 0,1,0,0,0,0,0 446622 554 1280 34 96 400 1126 26 88 446068,300,110,61,24,18,9,7,7,1,3,4,3,4,0,1,0,0,0,0,0,0,1,0,1 0,13,6,6,1,4,1,1,2,0,0,0,0,0,0,0,0,0,0,0,0,0,0,0,0 0,146,110,61,24,18,9,7,7,1,3,4,3,4,0,1,0,0,0,0,0,0,1,0,1 0,5,6,6,1,4,1,1,2,0,0,0,0,0,0,0,0,0,0,0,0,0,0,0,0
/home/michal/Downloads/pcddata/processed/paramtest/dt0,02_mp8000_pp0,001/annotated/rares/20140921/patrol_run_110/room_2/features/nonPlanes<pfhrgb_uniform_2015-05-22_00-11-07.pcd 0.224019 0.000903206 0.00177166 8 375,154,152,105,87,67,46,23 75,67,32,25,24,13,17,14 -1 411840 379 1280 -1 -1 379 1280 -1 -1 411461,145,82,42,21,21,21,4,11,7,8,2,3,0,4,0,2,2,0,0,1,0,0,2,0,1 -1 0,145,82,42,21,21,21,4,11,7,8,2,3,0,4,0,2,2,0,0,1,0,0,2,0,1 -1
/home/michal/Downloads/pcddata/processed/paramtest/dt0,02_mp8000_pp0,001/annotated/rares/20140921/patrol_run_112/room_2/features/nonPlanes<pfhrgb_uniform_2015-05-22_00-12-18.pcd 0.362699 0.000616243 0.00177654 8 162,148,132,102,95,78,76,19 45,39,19,37,37,18,39,14 -1 423258 466 1280 -1 -1 400 1214 -1 -1 422792,219,111,38,24,15,10,14,8,5,6,4,4,1,2,2,0,0,1,0,0,1,0,0,0,1 -1 0,153,111,38,24,15,10,14,8,5,6,4,4,1,2,2,0,0,1,0,0,1,0,0,0,1 -1
/home/michal/Downloads/pcddata/processed/paramtest/dt0,02_mp8000_pp0,001/annotated/rares/20140921/patrol_run_114/room_1/features/nonPlanes<pfhrgb_uniform_2015-05-22_00-15-01.pcd 0.363943 0.000698308 0.00285206 9 195,158,127,113,112,45,43,40,22 44,68,16,44,28,16,21,13,14 -1 421476 469 1280 -1 -1 400 1211 -1 -1 421007,226,106,45,27,15,10,7,3,2,4,9,5,3,0,2,2,0,0,1,0,0,0,0,1,0,0,0,0,0,1 -1 0,157,106,45,27,15,10,7,3,2,4,9,5,3,0,2,2,0,0,1,0,0,0,0,1,0,0,0,0,0,1 -1
/home/michal/Downloads/pcddata/processed/paramtest/dt0,02_mp8000_pp0,001/annotated/rares/20140922/patrol_run_116/room_2/features/nonPlanes<pfhrgb_uniform_2015-05-22_00-17-09.pcd 0.277276 0.0006241 0.00265636 9 184,151,120,111,88,50,37,34,30 55,31,34,44,14,25,13,15,19 -1 424116 520 1280 -1 -1 400 1160 -1 -1 423596,272,119,43,22,19,6,12,3,3,7,5,3,1,1,0,0,0,1,0,1,0,0,0,0,0,1,0,0,0,0,0,0,0,0,1 -1 0,152,119,43,22,19,6,12,3,3,7,5,3,1,1,0,0,0,1,0,1,0,0,0,0,0,1,0,0,0,0,0,0,0,0,1 -1
/home/michal/Downloads/pcddata/processed/paramtest/dt0,02_mp8000_pp0,001/annotated/rares/20140922/patrol_run_118/room_2/features/nonPlanes<pfhrgb_uniform_2015-05-22_00-20-10.pcd 0.291797 0.000898149 0.00209312 9 335,141,90,72,59,55,48,43,16 100,30,37,26,13,21,14,14,12 0,0,0,0,0,0,0,0,0 451044 502 1280 49 172 400 1178 47 170 450542,249,109,46,24,20,17,10,4,3,3,4,3,6,2,0,2 0,17,8,11,2,1,2,2,1,1,0,2,1,0,0,0,1 0,147,109,46,24,20,17,10,4,3,3,4,3,6,2,0,2 0,15,8,11,2,1,2,2,1,1,0,2,1,0,0,0,1
/home/michal/Downloads/pcddata/processed/paramtest/dt0,02_mp8000_pp0,001/annotated/rares/20140922/patrol_run_120/room_1/features/nonPlanes<pfhrgb_uniform_2015-05-22_00-21-24.pcd 0.288812 0.000889325 0.00221092 9 182,162,130,112,82,70,63,45,32 46,36,52,39,32,22,15,13,19 -1 478401 505 1280 -1 -1 400 1175 -1 -1 477896,247,109,48,36,16,12,7,6,2,6,8,1,3,2,1,0,0,1 -1 0,142,109,48,36,16,12,7,6,2,6,8,1,3,2,1,0,0,1 -1
/home/michal/Downloads/pcddata/processed/paramtest/dt0,02_mp8000_pp0,001/annotated/rares/20140922/patrol_run_124/room_2/features/nonPlanes<pfhrgb_uniform_2015-05-22_00-23-42.pcd 0.34746 0.00098134 0.00201669 9 150,141,110,81,79,61,55,52,20 27,65,44,20,13,19,15,16,17 0,0,0,0,0,0,0,0,0 483516 524 1280 27 45 400 1156 27 45 482992,264,108,53,36,17,9,9,9,4,2,8,1,0,1,0,1,0,1,1 0,17,4,5,0,1,0,0,0,0,0,0,0,0,0,0,0,0,0,0 0,140,108,53,36,17,9,9,9,4,2,8,1,0,1,0,1,0,1,1 0,17,4,5,0,1,0,0,0,0,0,0,0,0,0,0,0,0,0,0
/home/michal/Downloads/pcddata/processed/paramtest/dt0,02_mp8000_pp0,001/annotated/rares/20140922/patrol_run_126/room_2/features/nonPlanes<pfhrgb_uniform_2015-05-22_00-25-17.pcd 0.303059 0.00221517 0.00179316 10 293,124,98,96,82,63,43,42,39,24 78,47,20,32,32,12,15,21,19,15 0,0,0,0,0,0,0,0,0,0 455499 506 1280 26 65 400 1174 26 65 454993,252,103,56,35,16,11,9,6,5,2,1,0,0,2,2,1,0,0,1,0,1,2,1 0,12,7,2,2,0,0,0,2,1,0,0,0,0,0,0,0,0,0,0,0,0,0,0 0,146,103,56,35,16,11,9,6,5,2,1,0,0,2,2,1,0,0,1,0,1,2,1 0,12,7,2,2,0,0,0,2,1,0,0,0,0,0,0,0,0,0,0,0,0,0,0
/home/michal/Downloads/pcddata/processed/paramtest/dt0,02_mp8000_pp0,001/annotated/rares/20140922/patrol_run_128/room_2/features/nonPlanes<pfhrgb_uniform_2015-05-22_00-28-35.pcd 0.303216 0.00120975 0.00187374 10 272,131,125,122,71,45,39,38,27,18 86,29,33,44,28,19,17,18,13,12 0,0,0,0,0,0,0,0,0,0 454410 516 1280 20 35 400 1164 18 33 453894,261,104,46,36,22,10,11,6,3,6,2,2,2,3,0,1,1 0,13,3,2,1,0,1,0,0,0,0,0,0,0,0,0,0,0 0,145,104,46,36,22,10,11,6,3,6,2,2,2,3,0,1,1 0,11,3,2,1,0,1,0,0,0,0,0,0,0,0,0,0,0
/home/michal/Downloads/pcddata/processed/paramtest/dt0,02_mp8000_pp0,001/annotated/rares/20140922/patrol_run_130/room_2/features/nonPlanes<pfhrgb_uniform_2015-05-22_00-32-18.pcd 0.314943 0.00066364 0.00308537 5 406,165,126,93,87 103,37,58,28,35 0,0,0,0,0 443289 510 1280 21 46 400 1170 21 46 442779,249,106,46,34,27,14,7,7,8,3,4,1,2,0,1,0,0,0,0,0,0,1 0,11,5,2,2,0,0,0,0,0,0,1,0,0,0,0,0,0,0,0,0,0,0 0,139,106,46,34,27,14,7,7,8,3,4,1,2,0,1,0,0,0,0,0,0,1 0,11,5,2,2,0,0,0,0,0,0,1,0,0,0,0,0,0,0,0,0,0,0
/home/michal/Downloads/pcddata/processed/paramtest/dt0,02_mp8000_pp0,001/annotated/rares/20140922/patrol_run_132/room_1/features/nonPlanes<pfhrgb_uniform_2015-05-22_00-35-22.pcd 0.300627 0.000718106 0.00212935 7 246,138,129,102,77,57,35 76,31,41,42,27,17,14 1,0,0,0,0,0,0 454740 517 1280 40 108 400 1163 38 106 454223,256,112,48,32,18,20,7,4,5,3,5,3,0,0,0,2,0,1,0,0,1 0,16,7,6,2,5,2,1,1,0,0,0,0,0,0,0,0,0,0,0,0,0 0,139,112,48,32,18,20,7,4,5,3,5,3,0,0,0,2,0,1,0,0,1 0,14,7,6,2,5,2,1,1,0,0,0,0,0,0,0,0,0,0,0,0,0
/home/michal/Downloads/pcddata/processed/paramtest/dt0,02_mp8000_pp0,001/annotated/rares/20140922/patrol_run_134/room_2/features/nonPlanes<pfhrgb_uniform_2015-05-22_00-38-58.pcd 0.312995 0.00089915 0.00306251 8 158,124,124,67,66,54,23,20 40,43,36,19,23,13,14,16 1,0,0,0,0,0,0,0 411840 592 1280 42 150 400 1088 35 143 411248,321,121,57,35,18,16,6,6,5,0,5,0,0,0,2 0,11,14,5,2,1,3,1,1,1,0,1,0,0,0,2 0,129,121,57,35,18,16,6,6,5,0,5,0,0,0,2 0,4,14,5,2,1,3,1,1,1,0,1,0,0,0,2
/home/michal/Downloads/pcddata/processed/paramtest/dt0,02_mp8000_pp0,001/annotated/rares/20140922/patrol_run_138/room_2/features/nonPlanes<pfhrgb_uniform_2015-05-22_00-42-10.pcd 0.360423 0.000693254 0.0028457 9 207,190,172,169,71,55,32,32,13 68,41,50,27,18,24,13,12,12 -1 443223 459 1280 -1 -1 400 1221 -1 -1 442764,226,83,42,35,11,22,13,6,3,4,2,2,2,2,0,2,0,0,1,0,1,0,0,0,0,0,0,1,1 -1 0,167,83,42,35,11,22,13,6,3,4,2,2,2,2,0,2,0,0,1,0,1,0,0,0,0,0,0,1,1 -1
/home/michal/Downloads/pcddata/processed/paramtest/dt0,02_mp8000_pp0,001/annotated/rares/20140923/patrol_run_139/room_2/features/nonPlanes<pfhrgb_uniform_2015-05-22_00-45-20.pcd 0.262704 0.00100835 0.00271859 6 347,180,102,93,53,40 87,64,45,19,19,14 1,0,0,0,0,0 430782 496 1280 55 256 400 1184 54 255 430286,249,81,54,29,33,13,12,6,6,2,4,4,2,0,0,0,0,0,0,0,0,0,0,1 0,9,8,7,5,8,4,5,2,1,2,3,0,1,0,0,0,0,0,0,0,0,0,0,0 0,153,81,54,29,33,13,12,6,6,2,4,4,2,0,0,0,0,0,0,0,0,0,0,1 0,8,8,7,5,8,4,5,2,1,2,3,0,1,0,0,0,0,0,0,0,0,0,0,0
/home/michal/Downloads/pcddata/processed/paramtest/dt0,02_mp8000_pp0,001/annotated/rares/20140923/patrol_run_141/room_2/features/nonPlanes<pfhrgb_uniform_2015-05-22_00-48-40.pcd 0.26763 0.000880548 0.0022631 7 256,162,160,157,72,60,45 67,45,39,54,25,17,18 1,0,0,0,0,0,0 407286 479 1280 49 214 400 1201 49 214 406807,242,80,46,35,16,21,10,8,5,3,1,5,1,0,3,0,0,2,0,1 0,15,5,5,5,2,7,3,1,1,1,0,3,0,0,0,0,0,1,0,0 0,163,80,46,35,16,21,10,8,5,3,1,5,1,0,3,0,0,2,0,1 0,15,5,5,5,2,7,3,1,1,1,0,3,0,0,0,0,0,1,0,0
/home/michal/Downloads/pcddata/processed/paramtest/dt0,02_mp8000_pp0,001/annotated/rares/20140923/patrol_run_144/room_2/features/nonPlanes<pfhrgb_uniform_2015-05-22_00-52-10.pcd 0.307403 0.00088877 0.00291005 5 272,172,95,87,83 90,45,21,28,40 0,0,0,0,0 438471 498 1280 30 76 400 1182 29 75 437973,231,111,50,34,18,12,14,6,9,5,2,3,1,0,1,1 0,11,7,5,3,1,2,1,0,0,0,0,0,0,0,0,0 0,133,111,50,34,18,12,14,6,9,5,2,3,1,0,1,1 0,10,7,5,3,1,2,1,0,0,0,0,0,0,0,0,0
/home/michal/Downloads/pcddata/processed/paramtest/dt0,02_mp8000_pp0,001/annotated/rares/20140923/patrol_run_146/room_2/features/nonPlanes<pfhrgb_uniform_2015-05-22_00-54-34.pcd 0.286688 0.00126595 0.00194865 10 404,94,84,54,49,44,37,28,26,18 106,25,25,22,20,14,14,12,14,12 1,0,0,0,0,0,0,0,0,0 391248 542 1280 44 190 400 1138 43 189 390706,289,113,39,31,22,16,7,6,4,2,3,4,4,1,0,0,0,1 0,9,9,5,2,7,5,1,1,0,1,1,0,3,0,0,0,0,0 0,147,113,39,31,22,16,7,6,4,2,3,4,4,1,0,0,0,1 0,8,9,5,2,7,5,1,1,0,1,1,0,3,0,0,0,0,0
/home/michal/Downloads/pcddata/processed/paramtest/dt0,02_mp8000_pp0,001/annotated/rares/20140923/patrol_run_148/room_2/features/nonPlanes<pfhrgb_uniform_2015-05-22_00-56-04.pcd 0.291375 0.000676202 0.00218214 8 263,174,132,94,61,53,37,27 62,39,44,24,20,12,19,19 -1 444246 473 1280 -1 -1 400 1207 -1 -1 443773,236,103,35,22,18,15,14,8,2,6,4,1,2,2,0,1,0,0,1,0,1,0,0,1,0,0,0,0,0,0,0,0,0,0,1 -1 0,163,103,35,22,18,15,14,8,2,6,4,1,2,2,0,1,0,0,1,0,1,0,0,1,0,0,0,0,0,0,0,0,0,0,1 -1
/home/michal/Downloads/pcddata/processed/paramtest/dt0,02_mp8000_pp0,001/annotated/rares/20140923/patrol_run_150/room_2/features/nonPlanes<pfhrgb_uniform_2015-05-22_00-57-31.pcd 0.359658 0.000672774 0.00232229 6 450,117,100,86,40,36 109,34,41,35,17,13 -1 454740 477 1280 -1 -1 400 1203 -1 -1 454263,246,100,36,20,18,12,7,12,7,1,1,4,4,1,2,1,3,0,0,0,1,0,1 -1 0,169,100,36,20,18,12,7,12,7,1,1,4,4,1,2,1,3,0,0,0,1,0,1 -1
/home/michal/Downloads/pcddata/processed/paramtest/dt0,02_mp8000_pp0,001/annotated/rares/20140924/patrol_run_152/room_2/features/nonPlanes<pfhrgb_uniform_2015-05-22_00-58-37.pcd 0.29881 0.00086241 0.00292592 10 216,152,100,76,48,45,43,41,34,32 42,46,22,25,19,17,22,14,15,20 -1 384087 508 1280 -1 -1 400 1172 -1 -1 383579,265,98,49,21,21,12,13,4,8,5,2,2,4,1,2,0,0,0,0,0,0,0,0,1 -1 0,157,98,49,21,21,12,13,4,8,5,2,2,4,1,2,0,0,0,0,0,0,0,0,1 -1
/home/michal/Downloads/pcddata/processed/paramtest/dt0,02_mp8000_pp0,001/annotated/rares/20140924/patrol_run_156/room_2/features/nonPlanes<pfhrgb_uniform_2015-05-22_01-00-57.pcd 0.318991 0.000697293 0.00237874 8 215,156,118,79,78,75,65,49 61,52,42,19,36,22,23,14 -1 395010 555 1280 -1 -1 400 1125 -1 -1 394455,301,114,45,26,24,9,10,6,3,10,2,2,1,0,1,0,0,0,1 -1 0,146,114,45,26,24,9,10,6,3,10,2,2,1,0,1,0,0,0,1 -1
/home/michal/Downloads/pcddata/processed/paramtest/dt0,02_mp8000_pp0,001/annotated/rares/20140924/patrol_run_158/room_1/features/nonPlanes<pfhrgb_uniform_2015-05-22_01-04-06.pcd 0.324048 0.000656611 0.00309327 5 287,267,112,72,30 96,95,27,23,16 -1 438471 526 1280 -1 -1 400 1154 -1 -1 437945,284,87,55,30,15,15,11,5,9,5,4,1,3,1,1 -1 0,158,87,55,30,15,15,11,5,9,5,4,1,3,1,1 -1
/home/michal/Downloads/pcddata/processed/paramtest/dt0,02_mp8000_pp0,001/annotated/rares/20140924/patrol_run_162/room_2/features/nonPlanes<pfhrgb_uniform_2015-05-22_01-07-31.pcd 0.32826 0.00068406 0.00251605 8 158,151,134,85,78,77,68,46 49,34,44,24,27,15,26,25 -1 435600 456 1280 -1 -1 400 1224 -1 -1 435144,207,95,47,37,20,10,8,6,2,4,5,5,3,2,1,2,0,1,0,0,0,0,0,0,1 -1 0,151,95,47,37,20,10,8,6,2,4,5,5,3,2,1,2,0,1,0,0,0,0,0,0,1 -1
/home/michal/Downloads/pcddata/processed/paramtest/dt0,02_mp8000_pp0,001/annotated/rares/20140924/patrol_run_164/room_1/features/nonPlanes<pfhrgb_uniform_2015-05-22_01-09-54.pcd 0.299707 0.00066637 0.00284057 6 251,216,157,81,52,26 68,61,23,24,25,16 -1 425568 497 1280 -1 -1 400 1183 -1 -1 425071,257,100,40,34,12,16,6,8,3,4,6,3,3,2,1,0,0,0,0,0,0,0,1,0,0,0,0,0,0,0,1 -1 0,160,100,40,34,12,16,6,8,3,4,6,3,3,2,1,0,0,0,0,0,0,0,1,0,0,0,0,0,0,0,1 -1
/home/michal/Downloads/pcddata/processed/paramtest/dt0,02_mp8000_pp0,001/annotated/rares/20140924/patrol_run_166/room_2/features/nonPlanes<pfhrgb_uniform_2015-05-22_01-13-09.pcd 0.329853 0.00104846 0.00227724 9 212,160,106,91,88,68,58,35,26 43,25,34,31,25,31,45,18,12 -1 411642 481 1280 -1 -1 400 1199 -1 -1 411161,249,86,47,34,10,6,15,7,3,5,6,3,3,1,2,1,1,0,1,0,1 -1 0,168,86,47,34,10,6,15,7,3,5,6,3,3,1,2,1,1,0,1,0,1 -1
