obj_search:
  camera_z: 1.7
  ceiling_z: 2.27
  floor_z: 0
  object_query: {K: 5}
  processed_data_dir: /home/michal/Downloads/pcddata/processed/
  raw_data_dir: /media/michal/Pauli/masterdata/raw/
object_query: {K: 10, cluster_maxsize: 500, cluster_minsize: 12, cluster_tolerance: 0.2,
  clusters_to_results: true, extract_mult: 1.3, match: nonPlanes<pfhrgb_uniform, n_max_points: 400,
  output_dir: 'NULL', query_features: '/home/michal/Downloads/pcddata/processed/query/queryobjects/0,01/chair1/features/rgb_0015_label_chair1<pfhrgb_uniform_2015-05-26_14-54-07.pcd',
  results_out: '/home/michal/Downloads/pcddata/processed/query/k10_mx400_t0,2/rares',
  subdirs: 4, target_features: /media/michal/Pauli/masterdata/processed/annotated/rares,
  x_step_hough: 0.05, y_step_hough: 0.05, z_step_hough: 0.05}
rosdistro: 'indigo

  '
roslaunch:
  uris: {host_tycho__36072: 'http://tycho:36072/'}
rosversion: '1.11.10

  '
run_id: dacbb676-0879-11e5-b01a-3c970e77227e
BEGIN_DATA
# fname t_query t_hough t_cluster cluster_n cluster_scores cluster_points cluster_inobb n_hough_tot nonzero_hough hough_votes boxpts boxvotes maxpts maxvotes maxboxpts maxboxvotes hough_hist box_hist max_hist boxmax_hist
/media/michal/Pauli/masterdata/processed/annotated/rares/20140820/patrol_run_2/room_1/features/nonPlanes<pfhrgb_uniform_2015-05-17_13-41-17.pcd 0.808205 0.0012143 0.00259281 10 589,325,271,259,248,212,94,86,85,60 48,32,28,21,33,17,15,17,12,13 0,0,0,1,1,0,0,0,0,0 449955 833 4060 84 488 400 3460 48 436 449122,276,147,90,64,41,32,33,16,26,15,13,10,5,7,8,7,2,7,3,3,3,5,6,1,0,1,0,0,2,3,0,0,0,1,1,0,0,0,0,0,0,1,0,0,0,1,0,0,0,0,0,1,0,0,0,0,0,0,0,0,0,0,0,0,0,0,0,0,0,0,0,0,0,0,0,0,0,1,0,0,0,0,0,0,0,0,0,0,0,0,0,0,1 0,22,12,9,10,4,4,2,1,4,2,0,1,2,1,1,3,0,0,0,0,1,2,1,1,0,1,0,0,0,0,0,0,0,0,0,0,0,0,0,0,0,0,0,0,0,0,0,0,0,0,0,0,0,0,0,0,0,0,0,0,0,0,0,0,0,0,0,0,0,0,0,0,0,0,0,0,0,0,0,0,0,0,0,0,0,0,0,0,0,0,0,0,0 0,0,0,80,64,41,32,33,16,26,15,13,10,5,7,8,7,2,7,3,3,3,5,6,1,0,1,0,0,2,3,0,0,0,1,1,0,0,0,0,0,0,1,0,0,0,1,0,0,0,0,0,1,0,0,0,0,0,0,0,0,0,0,0,0,0,0,0,0,0,0,0,0,0,0,0,0,0,1,0,0,0,0,0,0,0,0,0,0,0,0,0,0,1 0,0,0,7,10,4,4,2,1,4,2,0,1,2,1,1,3,0,0,0,0,1,2,1,1,0,1,0,0,0,0,0,0,0,0,0,0,0,0,0,0,0,0,0,0,0,0,0,0,0,0,0,0,0,0,0,0,0,0,0,0,0,0,0,0,0,0,0,0,0,0,0,0,0,0,0,0,0,0,0,0,0,0,0,0,0,0,0,0,0,0,0,0,0
/media/michal/Pauli/masterdata/processed/annotated/rares/20140820/patrol_run_4/room_0/features/nonPlanes<pfhrgb_uniform_2015-05-17_13-43-03.pcd 0.881623 0.00107154 0.00220333 7 741,329,240,157,137,126,105 63,46,34,14,19,18,12 1,0,0,0,0,0,0 424446 907 4060 80 658 400 3370 52 618 423539,345,141,113,52,42,36,38,31,19,9,12,5,3,4,5,8,5,3,3,4,1,5,0,2,2,3,1,0,0,4,1,0,1,0,0,3,1,0,0,1,1,0,0,0,0,0,0,1,0,0,0,0,0,0,0,0,0,0,0,0,0,1,0,0,1 0,18,8,7,7,0,6,10,1,4,0,2,1,1,1,2,3,1,0,1,2,0,1,0,1,0,0,0,0,0,0,0,0,0,0,0,0,1,0,0,0,0,0,0,0,0,0,0,0,0,0,0,0,0,0,0,0,0,0,0,0,0,1,0,0,1 0,0,0,92,52,42,36,38,31,19,9,12,5,3,4,5,8,5,3,3,4,1,5,0,2,2,3,1,0,0,4,1,0,1,0,0,3,1,0,0,1,1,0,0,0,0,0,0,1,0,0,0,0,0,0,0,0,0,0,0,0,0,1,0,0,1 0,0,0,5,7,0,6,10,1,4,0,2,1,1,1,2,3,1,0,1,2,0,1,0,1,0,0,0,0,0,0,0,0,0,0,0,0,1,0,0,0,0,0,0,0,0,0,0,0,0,0,0,0,0,0,0,0,0,0,0,0,0,1,0,0,1
/media/michal/Pauli/masterdata/processed/annotated/rares/20140828/patrol_run_19/room_3/features/nonPlanes<pfhrgb_uniform_2015-05-17_13-45-09.pcd 0.784288 0.00112246 0.001999 6 633,426,327,231,125,71 55,48,37,30,21,15 0,0,0,0,1,0 445269 927 4060 49 177 400 3338 25 142 444342,336,187,84,65,45,27,44,19,15,20,12,7,2,8,6,6,8,5,0,2,5,1,2,2,2,4,0,0,0,3,1,1,0,1,0,1,1,0,0,2,1,0,1,0,0,0,0,0,0,0,1 0,13,11,4,4,4,4,5,2,1,1,0,0,0,0,0,0,0,0,0,0,0,0,0,0,0,0,0,0,0,0,0,0,0,0,0,0,0,0,0,0,0,0,0,0,0,0,0,0,0,0,0 0,0,0,80,65,45,27,44,19,15,20,12,7,2,8,6,6,8,5,0,2,5,1,2,2,2,4,0,0,0,3,1,1,0,1,0,1,1,0,0,2,1,0,1,0,0,0,0,0,0,0,1 0,0,0,4,4,4,4,5,2,1,1,0,0,0,0,0,0,0,0,0,0,0,0,0,0,0,0,0,0,0,0,0,0,0,0,0,0,0,0,0,0,0,0,0,0,0,0,0,0,0,0,0
/media/michal/Pauli/masterdata/processed/annotated/rares/20140829/patrol_run_20/room_3/features/nonPlanes<pfhrgb_uniform_2015-05-17_13-46-34.pcd 0.910115 0.00113011 0.00249397 7 1006,303,179,153,145,104,68 50,38,28,16,23,20,14 1,0,0,1,0,0,0 461736 853 4060 72 1104 400 3471 59 1087 460883,317,158,80,76,37,30,28,12,18,17,9,7,8,4,2,5,2,1,3,5,1,1,1,2,3,1,0,1,1,4,2,2,0,2,0,2,1,0,1,1,0,1,0,0,1,1,0,0,0,0,0,0,0,0,0,1,0,0,1,0,0,0,0,0,0,1,0,0,0,0,1,0,1 0,9,6,9,6,2,0,1,0,3,3,1,2,0,3,0,1,1,0,2,3,1,1,1,0,3,0,0,0,0,3,1,2,0,1,0,1,0,0,0,1,0,0,0,0,1,0,0,0,0,0,0,0,0,0,0,0,0,0,1,0,0,0,0,0,0,1,0,0,0,0,1,0,1 0,0,22,80,76,37,30,28,12,18,17,9,7,8,4,2,5,2,1,3,5,1,1,1,2,3,1,0,1,1,4,2,2,0,2,0,2,1,0,1,1,0,1,0,0,1,1,0,0,0,0,0,0,0,0,0,1,0,0,1,0,0,0,0,0,0,1,0,0,0,0,1,0,1 0,0,2,9,6,2,0,1,0,3,3,1,2,0,3,0,1,1,0,2,3,1,1,1,0,3,0,0,0,0,3,1,2,0,1,0,1,0,0,0,1,0,0,0,0,1,0,0,0,0,0,0,0,0,0,0,0,0,0,1,0,0,0,0,0,0,1,0,0,0,0,1,0,1
/media/michal/Pauli/masterdata/processed/annotated/rares/20140829/patrol_run_26/room_2/features/nonPlanes<pfhrgb_uniform_2015-05-17_13-47-56.pcd 0.897948 0.00105126 0.00203836 10 517,447,212,140,123,97,97,83,83,66 50,64,23,19,17,16,13,15,13,12 0,1,0,0,0,0,0,0,0,0 404481 970 4060 100 467 400 3242 55 400 403511,363,166,102,68,55,45,39,23,17,11,11,10,6,5,6,0,6,4,1,3,6,5,2,1,2,3,1,2,0,2,0,1,0,1,0,0,0,0,0,0,0,0,0,1,0,0,0,0,0,0,1,1 0,26,16,12,8,10,4,5,8,2,0,2,2,0,1,0,0,0,0,1,0,1,1,0,0,0,0,0,1,0,0,0,0,0,0,0,0,0,0,0,0,0,0,0,0,0,0,0,0,0,0,0,0 0,0,0,61,68,55,45,39,23,17,11,11,10,6,5,6,0,6,4,1,3,6,5,2,1,2,3,1,2,0,2,0,1,0,1,0,0,0,0,0,0,0,0,0,1,0,0,0,0,0,0,1,1 0,0,0,9,8,10,4,5,8,2,0,2,2,0,1,0,0,0,0,1,0,1,1,0,0,0,0,0,1,0,0,0,0,0,0,0,0,0,0,0,0,0,0,0,0,0,0,0,0,0,0,0,0
/media/michal/Pauli/masterdata/processed/annotated/rares/20140901/patrol_run_27/room_2/features/nonPlanes<pfhrgb_uniform_2015-05-17_13-49-01.pcd 0.899193 0.00264925 0.00297222 5 841,381,319,203,142 70,59,25,18,30 1,0,0,0,0 424710 814 4060 87 814 400 3510 60 783 423896,278,149,82,50,52,30,26,14,17,15,11,10,9,19,4,8,2,2,5,4,1,2,1,2,2,0,2,1,1,2,0,2,0,0,2,0,0,1,2,0,1,0,1,0,0,1,0,0,0,0,0,0,0,0,0,0,0,0,1,0,0,0,0,0,0,0,0,0,0,0,0,0,1,0,1 0,23,10,8,4,8,4,3,0,2,3,3,0,0,4,1,0,1,1,1,0,0,0,0,1,0,0,1,1,0,0,0,2,0,0,1,0,0,0,0,0,1,0,1,0,0,1,0,0,0,0,0,0,0,0,0,0,0,0,1,0,0,0,0,0,0,0,0,0,0,0,0,0,1,0,0 0,0,13,82,50,52,30,26,14,17,15,11,10,9,19,4,8,2,2,5,4,1,2,1,2,2,0,2,1,1,2,0,2,0,0,2,0,0,1,2,0,1,0,1,0,0,1,0,0,0,0,0,0,0,0,0,0,0,0,1,0,0,0,0,0,0,0,0,0,0,0,0,0,1,0,1 0,0,6,8,4,8,4,3,0,2,3,3,0,0,4,1,0,1,1,1,0,0,0,0,1,0,0,1,1,0,0,0,2,0,0,1,0,0,0,0,0,1,0,1,0,0,1,0,0,0,0,0,0,0,0,0,0,0,0,1,0,0,0,0,0,0,0,0,0,0,0,0,0,1,0,0
/media/michal/Pauli/masterdata/processed/annotated/rares/20140901/patrol_run_31/room_2/features/nonPlanes<pfhrgb_uniform_2015-05-17_13-50-02.pcd 0.926675 0.00106986 0.00303638 6 507,386,374,298,127,69 63,48,43,12,18,13 0,0,0,0,0,0 456456 751 4060 5 9 400 3602 1 4 455705,244,112,85,57,45,32,29,17,19,11,15,14,9,7,8,4,5,2,0,2,1,1,3,4,4,1,1,4,1,1,0,0,1,2,2,0,0,0,0,0,0,1,2,0,0,1,0,0,0,0,0,0,1,0,0,0,0,0,0,0,0,0,0,0,0,0,0,0,0,0,0,1,0,0,0,0,0,0,0,0,0,0,0,1,0,0,0,0,0,0,0,0,1 0,3,1,0,1,0,0,0,0,0,0,0,0,0,0,0,0,0,0,0,0,0,0,0,0,0,0,0,0,0,0,0,0,0,0,0,0,0,0,0,0,0,0,0,0,0,0,0,0,0,0,0,0,0,0,0,0,0,0,0,0,0,0,0,0,0,0,0,0,0,0,0,0,0,0,0,0,0,0,0,0,0,0,0,0,0,0,0,0,0,0,0,0,0 0,0,5,85,57,45,32,29,17,19,11,15,14,9,7,8,4,5,2,0,2,1,1,3,4,4,1,1,4,1,1,0,0,1,2,2,0,0,0,0,0,0,1,2,0,0,1,0,0,0,0,0,0,1,0,0,0,0,0,0,0,0,0,0,0,0,0,0,0,0,0,0,1,0,0,0,0,0,0,0,0,0,0,0,1,0,0,0,0,0,0,0,0,1 0,0,0,0,1,0,0,0,0,0,0,0,0,0,0,0,0,0,0,0,0,0,0,0,0,0,0,0,0,0,0,0,0,0,0,0,0,0,0,0,0,0,0,0,0,0,0,0,0,0,0,0,0,0,0,0,0,0,0,0,0,0,0,0,0,0,0,0,0,0,0,0,0,0,0,0,0,0,0,0,0,0,0,0,0,0,0,0,0,0,0,0,0,0
/media/michal/Pauli/masterdata/processed/annotated/rares/20140901/patrol_run_32/room_2/features/nonPlanes<pfhrgb_uniform_2015-05-17_13-51-06.pcd 0.93504 0.00109314 0.0030416 8 424,349,291,170,160,134,133,125 48,42,30,18,16,12,20,15 0,0,0,0,0,0,0,0 449592 971 4060 14 65 400 3270 7 52 448621,377,169,97,70,35,35,45,24,11,11,12,12,10,13,8,5,5,6,3,2,5,3,0,1,1,4,1,0,0,0,2,1,0,0,0,0,0,0,0,0,1,0,0,0,0,0,0,0,0,1,0,0,0,0,0,0,0,0,1 0,2,4,2,0,2,0,2,0,0,0,0,1,1,0,0,0,0,0,0,0,0,0,0,0,0,0,0,0,0,0,0,0,0,0,0,0,0,0,0,0,0,0,0,0,0,0,0,0,0,0,0,0,0,0,0,0,0,0,0 0,0,0,72,70,35,35,45,24,11,11,12,12,10,13,8,5,5,6,3,2,5,3,0,1,1,4,1,0,0,0,2,1,0,0,0,0,0,0,0,0,1,0,0,0,0,0,0,0,0,1,0,0,0,0,0,0,0,0,1 0,0,0,1,0,2,0,2,0,0,0,0,1,1,0,0,0,0,0,0,0,0,0,0,0,0,0,0,0,0,0,0,0,0,0,0,0,0,0,0,0,0,0,0,0,0,0,0,0,0,0,0,0,0,0,0,0,0,0,0
/media/michal/Pauli/masterdata/processed/annotated/rares/20140901/patrol_run_33/room_1/features/nonPlanes<pfhrgb_uniform_2015-05-17_13-52-24.pcd 0.730494 0.00186208 0.00278478 6 397,345,340,127,119,76 42,32,54,15,13,15 -1 451044 992 4060 -1 -1 400 3284 -1 -1 450052,409,182,103,55,35,39,34,16,19,11,6,13,11,8,7,8,3,2,7,0,2,3,1,1,1,0,1,2,0,1,1,2,0,0,0,0,0,1,2,1,1,1,0,0,1,0,1,0,0,0,0,0,1 -1 0,0,0,102,55,35,39,34,16,19,11,6,13,11,8,7,8,3,2,7,0,2,3,1,1,1,0,1,2,0,1,1,2,0,0,0,0,0,1,2,1,1,1,0,0,1,0,1,0,0,0,0,0,1 -1
/media/michal/Pauli/masterdata/processed/annotated/rares/20140902/patrol_run_35/room_2/features/nonPlanes<pfhrgb_uniform_2015-05-17_13-54-19.pcd 0.843992 0.00196567 0.00308773 7 964,383,311,171,170,90,72 82,53,23,16,21,15,14 1,0,0,0,0,0,0 451044 912 4060 110 956 400 3333 72 894 450132,320,169,111,61,37,31,36,17,19,22,11,14,8,9,9,3,5,3,7,0,1,1,0,1,3,1,0,2,0,0,1,1,0,1,1,1,0,0,1,0,0,0,0,0,0,0,0,2,1,0,0,1,0,0,0,0,0,0,0,0,0,0,0,0,0,0,0,0,0,0,0,0,1 0,18,16,19,7,6,2,2,3,6,5,0,5,2,2,1,1,0,0,4,0,1,0,0,1,0,0,0,1,0,0,1,1,0,0,1,1,0,0,1,0,0,0,0,0,0,0,0,1,1,0,0,0,0,0,0,0,0,0,0,0,0,0,0,0,0,0,0,0,0,0,0,0,1 0,0,0,88,61,37,31,36,17,19,22,11,14,8,9,9,3,5,3,7,0,1,1,0,1,3,1,0,2,0,0,1,1,0,1,1,1,0,0,1,0,0,0,0,0,0,0,0,2,1,0,0,1,0,0,0,0,0,0,0,0,0,0,0,0,0,0,0,0,0,0,0,0,1 0,0,0,15,7,6,2,2,3,6,5,0,5,2,2,1,1,0,0,4,0,1,0,0,1,0,0,0,1,0,0,1,1,0,0,1,1,0,0,1,0,0,0,0,0,0,0,0,1,1,0,0,0,0,0,0,0,0,0,0,0,0,0,0,0,0,0,0,0,0,0,0,0,1
/media/michal/Pauli/masterdata/processed/annotated/rares/20140902/patrol_run_38/room_0/features/nonPlanes<pfhrgb_uniform_2015-05-17_13-55-33.pcd 0.876179 0.000985215 0.00329082 7 1170,338,336,191,177,150,147 103,36,15,22,22,32,13 1,0,0,0,0,0,0 427977 651 4060 102 1050 400 3747 85 1028 427326,189,98,70,44,36,22,31,22,10,14,12,13,11,9,5,2,4,2,5,6,4,6,3,3,2,2,0,4,4,3,1,3,1,1,2,0,0,1,1,0,0,0,0,0,0,1,0,1,1,0,1,0,0,0,0,0,0,0,1 0,12,13,10,9,6,2,5,6,2,1,1,3,2,4,2,1,1,1,1,3,2,2,2,1,0,1,0,2,0,2,1,1,0,0,1,0,0,0,0,0,0,0,0,0,0,0,0,0,1,0,0,0,0,0,0,0,0,0,1 0,0,36,70,44,36,22,31,22,10,14,12,13,11,9,5,2,4,2,5,6,4,6,3,3,2,2,0,4,4,3,1,3,1,1,2,0,0,1,1,0,0,0,0,0,0,1,0,1,1,0,1,0,0,0,0,0,0,0,1 0,0,8,10,9,6,2,5,6,2,1,1,3,2,4,2,1,1,1,1,3,2,2,2,1,0,1,0,2,0,2,1,1,0,0,1,0,0,0,0,0,0,0,0,0,0,0,0,0,1,0,0,0,0,0,0,0,0,0,1
/media/michal/Pauli/masterdata/processed/annotated/rares/20140903/patrol_run_1/room_4/features/nonPlanes<pfhrgb_uniform_2015-05-17_13-56-27.pcd 0.959261 0.00127483 0.00265416 9 551,391,309,303,288,139,113,93,71 36,26,31,28,28,22,13,17,12 1,1,0,0,0,0,0,0,0 470184 864 4060 67 785 400 3454 53 764 469320,328,130,107,42,42,34,38,18,20,12,11,15,5,2,8,6,5,4,3,5,5,3,2,2,1,0,1,0,1,0,2,0,2,1,2,1,1,0,0,0,0,1,0,0,1,0,1,0,0,0,0,0,0,0,0,0,0,0,0,0,0,0,0,0,0,0,0,0,0,1,0,0,0,0,0,0,0,0,0,1 0,7,7,7,6,4,4,3,1,2,5,5,2,0,0,0,1,0,0,0,1,1,1,0,1,0,0,0,0,0,0,1,0,1,1,2,1,0,0,0,0,0,1,0,0,0,0,0,0,0,0,0,0,0,0,0,0,0,0,0,0,0,0,0,0,0,0,0,0,0,1,0,0,0,0,0,0,0,0,0,1 0,0,0,101,42,42,34,38,18,20,12,11,15,5,2,8,6,5,4,3,5,5,3,2,2,1,0,1,0,1,0,2,0,2,1,2,1,1,0,0,0,0,1,0,0,1,0,1,0,0,0,0,0,0,0,0,0,0,0,0,0,0,0,0,0,0,0,0,0,0,1,0,0,0,0,0,0,0,0,0,1 0,0,0,7,6,4,4,3,1,2,5,5,2,0,0,0,1,0,0,0,1,1,1,0,1,0,0,0,0,0,0,1,0,1,1,2,1,0,0,0,0,0,1,0,0,0,0,0,0,0,0,0,0,0,0,0,0,0,0,0,0,0,0,0,0,0,0,0,0,0,1,0,0,0,0,0,0,0,0,0,1
/media/michal/Pauli/masterdata/processed/annotated/rares/20140903/patrol_run_10/room_2/features/nonPlanes<pfhrgb_uniform_2015-05-17_13-58-04.pcd 0.813787 0.0012416 0.00245521 7 567,538,378,287,272,102,79 47,43,51,18,35,14,12 0,1,0,0,0,0,0 453024 653 4060 35 271 400 3745 27 263 452371,191,108,55,43,37,22,35,26,15,10,15,15,6,9,6,4,7,6,4,3,5,6,2,1,0,3,3,2,0,1,0,1,1,0,0,0,1,0,1,2,0,1,0,0,0,0,0,0,0,0,0,0,0,0,0,0,0,1,0,0,0,0,0,0,1,0,0,0,0,0,1,0,0,0,0,0,1,1,0,0,1 0,8,2,3,0,4,5,3,0,0,1,0,2,1,1,0,1,0,1,0,0,0,2,0,0,0,0,0,0,0,0,0,0,0,0,0,0,0,0,0,1,0,0,0,0,0,0,0,0,0,0,0,0,0,0,0,0,0,0,0,0,0,0,0,0,0,0,0,0,0,0,0,0,0,0,0,0,0,0,0,0,0 0,0,46,55,43,37,22,35,26,15,10,15,15,6,9,6,4,7,6,4,3,5,6,2,1,0,3,3,2,0,1,0,1,1,0,0,0,1,0,1,2,0,1,0,0,0,0,0,0,0,0,0,0,0,0,0,0,0,1,0,0,0,0,0,0,1,0,0,0,0,0,1,0,0,0,0,0,1,1,0,0,1 0,0,2,3,0,4,5,3,0,0,1,0,2,1,1,0,1,0,1,0,0,0,2,0,0,0,0,0,0,0,0,0,0,0,0,0,0,0,0,0,1,0,0,0,0,0,0,0,0,0,0,0,0,0,0,0,0,0,0,0,0,0,0,0,0,0,0,0,0,0,0,0,0,0,0,0,0,0,0,0,0,0
/media/michal/Pauli/masterdata/processed/annotated/rares/20140903/patrol_run_12/room_2/features/nonPlanes<pfhrgb_uniform_2015-05-17_13-59-01.pcd 0.968086 0.00133362 0.00337683 7 548,450,350,168,158,130,75 31,32,24,23,21,20,15 0,0,1,0,0,0,0 434214 899 4060 28 346 400 3405 22 339 433315,346,150,96,57,38,44,32,25,16,10,10,7,5,5,8,3,4,5,3,4,3,1,5,1,4,4,0,1,1,1,0,1,1,0,0,1,0,2,0,0,0,0,0,0,0,0,1,0,0,0,0,0,0,0,1,1,0,0,0,0,0,0,0,0,0,0,2 0,5,1,1,1,2,1,1,0,0,0,1,0,1,1,3,0,0,2,0,1,1,1,2,1,0,0,0,1,1,0,0,0,0,0,0,0,0,0,0,0,0,0,0,0,0,0,0,0,0,0,0,0,0,0,0,0,0,0,0,0,0,0,0,0,0,0,0 0,0,0,93,57,38,44,32,25,16,10,10,7,5,5,8,3,4,5,3,4,3,1,5,1,4,4,0,1,1,1,0,1,1,0,0,1,0,2,0,0,0,0,0,0,0,0,1,0,0,0,0,0,0,0,1,1,0,0,0,0,0,0,0,0,0,0,2 0,0,0,1,1,2,1,1,0,0,0,1,0,1,1,3,0,0,2,0,1,1,1,2,1,0,0,0,1,1,0,0,0,0,0,0,0,0,0,0,0,0,0,0,0,0,0,0,0,0,0,0,0,0,0,0,0,0,0,0,0,0,0,0,0,0,0,0
/media/michal/Pauli/masterdata/processed/annotated/rares/20140903/patrol_run_14/room_1/features/nonPlanes<pfhrgb_uniform_2015-05-17_14-00-47.pcd 1.05068 0.00121454 0.00279449 9 421,416,301,228,170,163,154,105,91 53,39,22,27,16,26,13,15,14 0,0,1,0,0,0,0,0,0 434313 932 4060 26 259 400 3295 14 242 433381,340,151,93,71,56,45,39,20,19,12,8,5,8,12,8,5,6,4,4,5,3,3,2,1,3,1,1,0,1,0,0,1,1,0,0,0,1,0,0,0,1,0,0,0,0,0,0,0,0,0,0,1,0,0,0,0,0,0,0,1 0,7,5,1,3,3,1,0,0,0,0,0,0,0,0,0,0,0,1,0,0,0,0,0,0,0,1,0,0,0,0,0,1,0,0,0,0,1,0,0,0,1,0,0,0,0,0,0,0,0,0,0,1,0,0,0,0,0,0,0,0 0,0,0,52,71,56,45,39,20,19,12,8,5,8,12,8,5,6,4,4,5,3,3,2,1,3,1,1,0,1,0,0,1,1,0,0,0,1,0,0,0,1,0,0,0,0,0,0,0,0,0,0,1,0,0,0,0,0,0,0,1 0,0,0,1,3,3,1,0,0,0,0,0,0,0,0,0,0,0,1,0,0,0,0,0,0,0,1,0,0,0,0,0,1,0,0,0,0,1,0,0,0,1,0,0,0,0,0,0,0,0,0,0,1,0,0,0,0,0,0,0,0
/media/michal/Pauli/masterdata/processed/annotated/rares/20140903/patrol_run_2/room_4/features/nonPlanes<pfhrgb_uniform_2015-05-17_14-02-43.pcd 1.08092 0.00111305 0.00239714 8 1075,225,187,145,134,122,95,87 82,13,31,23,24,15,17,12 1,0,0,0,0,0,0,0 462264 878 4060 107 810 400 3423 67 758 461386,319,159,91,47,46,39,32,24,16,20,8,7,9,6,10,7,7,3,3,2,3,1,0,0,0,4,1,0,0,0,1,0,0,3,0,2,0,0,0,0,1,1,0,1,0,1,0,0,0,0,1,0,0,0,0,1,0,0,0,0,1,0,0,0,0,0,0,0,0,0,1 0,28,12,13,4,8,4,2,4,6,1,1,0,2,0,4,3,3,1,2,0,1,1,0,0,0,1,1,0,0,0,0,0,0,2,0,2,0,0,0,0,1,0,0,0,0,0,0,0,0,0,0,0,0,0,0,0,0,0,0,0,0,0,0,0,0,0,0,0,0,0,0 0,0,0,91,47,46,39,32,24,16,20,8,7,9,6,10,7,7,3,3,2,3,1,0,0,0,4,1,0,0,0,1,0,0,3,0,2,0,0,0,0,1,1,0,1,0,1,0,0,0,0,1,0,0,0,0,1,0,0,0,0,1,0,0,0,0,0,0,0,0,0,1 0,0,0,13,4,8,4,2,4,6,1,1,0,2,0,4,3,3,1,2,0,1,1,0,0,0,1,1,0,0,0,0,0,0,2,0,2,0,0,0,0,1,0,0,0,0,0,0,0,0,0,0,0,0,0,0,0,0,0,0,0,0,0,0,0,0,0,0,0,0,0,0
/media/michal/Pauli/masterdata/processed/annotated/rares/20140903/patrol_run_9/room_2/features/nonPlanes<pfhrgb_uniform_2015-05-17_14-04-25.pcd 0.896836 0.00112755 0.00245501 8 776,566,330,232,96,87,76,63 77,34,33,19,17,16,15,12 0,0,0,0,0,0,1,0 491568 868 4060 25 91 400 3436 15 76 490700,312,165,83,56,46,33,38,24,16,12,10,4,7,6,5,4,3,4,7,0,1,4,2,0,4,1,1,1,3,0,1,1,1,0,2,1,1,3,1,0,0,1,1,0,0,1,0,0,1,0,0,0,0,0,0,0,0,0,0,0,0,0,0,0,0,0,0,0,0,0,0,1 0,5,5,5,3,0,5,1,0,0,0,0,1,0,0,0,0,0,0,0,0,0,0,0,0,0,0,0,0,0,0,0,0,0,0,0,0,0,0,0,0,0,0,0,0,0,0,0,0,0,0,0,0,0,0,0,0,0,0,0,0,0,0,0,0,0,0,0,0,0,0,0,0 0,0,9,83,56,46,33,38,24,16,12,10,4,7,6,5,4,3,4,7,0,1,4,2,0,4,1,1,1,3,0,1,1,1,0,2,1,1,3,1,0,0,1,1,0,0,1,0,0,1,0,0,0,0,0,0,0,0,0,0,0,0,0,0,0,0,0,0,0,0,0,0,1 0,0,0,5,3,0,5,1,0,0,0,0,1,0,0,0,0,0,0,0,0,0,0,0,0,0,0,0,0,0,0,0,0,0,0,0,0,0,0,0,0,0,0,0,0,0,0,0,0,0,0,0,0,0,0,0,0,0,0,0,0,0,0,0,0,0,0,0,0,0,0,0,0
/media/michal/Pauli/masterdata/processed/annotated/rares/20140904/patrol_run_15/room_2/features/nonPlanes<pfhrgb_uniform_2015-05-17_14-06-04.pcd 1.03817 0.00114765 0.00300335 9 533,366,358,189,169,150,95,92,90 49,35,26,21,24,13,13,20,12 1,0,0,0,0,0,0,0,0 517902 967 4060 92 534 400 3283 44 470 516935,378,168,108,61,49,41,33,19,20,10,13,10,6,5,7,5,3,4,0,4,1,1,1,1,4,1,2,0,0,1,0,1,0,3,2,1,0,0,0,0,0,0,0,0,0,0,0,0,0,0,0,1,0,0,1,0,0,0,0,0,0,0,0,0,0,0,0,0,0,0,0,0,0,1,0,0,0,0,0,0,0,0,0,0,0,0,0,0,0,0,0,0,0,0,0,0,0,0,0,0,0,0,0,1 0,32,16,9,6,4,10,1,1,2,1,1,2,0,0,1,0,1,1,0,1,0,0,0,0,0,0,0,0,0,0,0,0,0,0,1,0,0,0,0,0,0,0,0,0,0,0,0,0,0,0,0,1,0,0,0,0,0,0,0,0,0,0,0,0,0,0,0,0,0,0,0,0,0,0,0,0,0,0,0,0,0,0,0,0,0,0,0,0,0,0,0,0,0,0,0,0,0,0,0,0,0,0,0,1 0,0,0,87,61,49,41,33,19,20,10,13,10,6,5,7,5,3,4,0,4,1,1,1,1,4,1,2,0,0,1,0,1,0,3,2,1,0,0,0,0,0,0,0,0,0,0,0,0,0,0,0,1,0,0,1,0,0,0,0,0,0,0,0,0,0,0,0,0,0,0,0,0,0,1,0,0,0,0,0,0,0,0,0,0,0,0,0,0,0,0,0,0,0,0,0,0,0,0,0,0,0,0,0,1 0,0,0,9,6,4,10,1,1,2,1,1,2,0,0,1,0,1,1,0,1,0,0,0,0,0,0,0,0,0,0,0,0,0,0,1,0,0,0,0,0,0,0,0,0,0,0,0,0,0,0,0,1,0,0,0,0,0,0,0,0,0,0,0,0,0,0,0,0,0,0,0,0,0,0,0,0,0,0,0,0,0,0,0,0,0,0,0,0,0,0,0,0,0,0,0,0,0,0,0,0,0,0,0,1
/media/michal/Pauli/masterdata/processed/annotated/rares/20140905/patrol_run_17/room_2/features/nonPlanes<pfhrgb_uniform_2015-05-17_14-08-12.pcd 0.848814 0.00141293 0.00314139 6 1290,271,261,164,154,72 113,34,44,21,18,13 1,0,0,0,0,0 446160 820 4060 145 1322 400 3478 111 1275 445340,269,140,91,63,45,31,37,22,16,13,12,11,15,7,7,3,5,1,4,1,2,2,1,1,3,1,0,2,1,0,1,0,0,2,1,1,0,1,0,0,1,0,1,1,0,0,0,0,1,0,0,0,0,0,0,0,1,0,0,0,0,1,0,0,0,1,0,1 0,21,13,16,13,11,14,4,8,6,3,3,4,5,4,3,2,1,1,1,1,1,0,0,0,0,0,0,1,0,0,1,0,0,0,0,0,0,1,0,0,0,0,1,1,0,0,0,0,1,0,0,0,0,0,0,0,1,0,0,0,0,1,0,0,0,1,0,1 0,0,0,80,63,45,31,37,22,16,13,12,11,15,7,7,3,5,1,4,1,2,2,1,1,3,1,0,2,1,0,1,0,0,2,1,1,0,1,0,0,1,0,1,1,0,0,0,0,1,0,0,0,0,0,0,0,1,0,0,0,0,1,0,0,0,1,0,1 0,0,0,16,13,11,14,4,8,6,3,3,4,5,4,3,2,1,1,1,1,1,0,0,0,0,0,0,1,0,0,1,0,0,0,0,0,0,1,0,0,0,0,1,1,0,0,0,0,1,0,0,0,0,0,0,0,1,0,0,0,0,1,0,0,0,1,0,1
/media/michal/Pauli/masterdata/processed/annotated/rares/20140905/patrol_run_19/room_1/features/nonPlanes<pfhrgb_uniform_2015-05-17_14-09-57.pcd 0.876098 0.00128732 0.00281156 6 854,263,238,169,93,69 72,26,33,12,17,16 1,0,0,0,0,0 453024 826 4060 103 692 400 3495 63 639 452198,287,143,87,58,52,22,32,11,17,9,11,15,12,11,5,5,3,7,3,4,2,3,2,4,0,3,2,2,1,1,0,3,1,1,1,1,0,0,0,1,1,0,1,0,0,0,0,0,1,0,0,0,0,0,0,0,0,0,0,0,0,0,1 0,27,13,7,6,10,3,3,1,4,3,3,3,4,2,2,0,1,4,0,1,2,0,1,1,0,1,0,1,0,0,0,0,0,0,0,0,0,0,0,0,0,0,0,0,0,0,0,0,0,0,0,0,0,0,0,0,0,0,0,0,0,0,0 0,0,4,87,58,52,22,32,11,17,9,11,15,12,11,5,5,3,7,3,4,2,3,2,4,0,3,2,2,1,1,0,3,1,1,1,1,0,0,0,1,1,0,1,0,0,0,0,0,1,0,0,0,0,0,0,0,0,0,0,0,0,0,1 0,0,0,7,6,10,3,3,1,4,3,3,3,4,2,2,0,1,4,0,1,2,0,1,1,0,1,0,1,0,0,0,0,0,0,0,0,0,0,0,0,0,0,0,0,0,0,0,0,0,0,0,0,0,0,0,0,0,0,0,0,0,0,0
/media/michal/Pauli/masterdata/processed/annotated/rares/20140905/patrol_run_21/room_2/features/nonPlanes<pfhrgb_uniform_2015-05-17_14-11-14.pcd 0.880543 0.0010793 0.00315131 7 827,667,257,255,139,110,92 70,66,22,29,12,24,17 0,1,0,0,0,0,0 419265 823 4060 88 633 400 3503 58 594 418442,289,142,74,57,50,34,32,21,16,11,13,9,11,7,10,5,3,1,2,3,1,4,2,0,3,1,2,2,3,4,0,3,0,0,0,1,1,0,1,0,1,0,0,1,0,0,0,0,0,1,0,0,0,0,0,0,1,0,0,0,0,0,0,0,0,0,0,0,0,0,0,0,0,0,1 0,21,10,7,6,7,2,6,3,3,2,4,3,1,0,2,0,2,1,1,0,0,1,1,0,1,0,1,1,0,0,0,1,0,0,0,1,0,0,0,0,0,0,0,0,0,0,0,0,0,0,0,0,0,0,0,0,0,0,0,0,0,0,0,0,0,0,0,0,0,0,0,0,0,0,0 0,0,8,74,57,50,34,32,21,16,11,13,9,11,7,10,5,3,1,2,3,1,4,2,0,3,1,2,2,3,4,0,3,0,0,0,1,1,0,1,0,1,0,0,1,0,0,0,0,0,1,0,0,0,0,0,0,1,0,0,0,0,0,0,0,0,0,0,0,0,0,0,0,0,0,1 0,0,1,7,6,7,2,6,3,3,2,4,3,1,0,2,0,2,1,1,0,0,1,1,0,1,0,1,1,0,0,0,1,0,0,0,1,0,0,0,0,0,0,0,0,0,0,0,0,0,0,0,0,0,0,0,0,0,0,0,0,0,0,0,0,0,0,0,0,0,0,0,0,0,0,0
/media/michal/Pauli/masterdata/processed/annotated/rares/20140905/patrol_run_23/room_2/features/nonPlanes<pfhrgb_uniform_2015-05-17_14-12-09.pcd 0.854206 0.00138364 0.0029621 5 736,497,471,95,84 76,53,57,16,16 1,0,0,0,0 463320 849 4060 117 700 400 3475 69 631 462471,313,137,84,60,39,36,27,24,19,13,12,10,6,8,6,6,10,8,6,0,4,1,3,4,0,0,0,0,2,1,1,1,1,1,0,2,0,1,0,0,0,0,0,0,0,1,0,0,0,0,0,0,0,0,0,0,0,0,0,0,0,0,0,0,0,0,0,0,0,0,0,0,0,0,0,0,0,0,0,0,0,0,1,0,0,0,0,0,0,0,0,0,0,0,0,0,0,0,0,0,0,0,0,1 0,27,21,11,12,6,9,3,3,3,3,3,1,2,0,0,1,4,3,1,0,0,0,1,0,0,0,0,0,1,0,0,0,0,0,0,0,0,1,0,0,0,0,0,0,0,1,0,0,0,0,0,0,0,0,0,0,0,0,0,0,0,0,0,0,0,0,0,0,0,0,0,0,0,0,0,0,0,0,0,0,0,0,0,0,0,0,0,0,0,0,0,0,0,0,0,0,0,0,0,0,0,0,0,0 0,0,1,84,60,39,36,27,24,19,13,12,10,6,8,6,6,10,8,6,0,4,1,3,4,0,0,0,0,2,1,1,1,1,1,0,2,0,1,0,0,0,0,0,0,0,1,0,0,0,0,0,0,0,0,0,0,0,0,0,0,0,0,0,0,0,0,0,0,0,0,0,0,0,0,0,0,0,0,0,0,0,0,1,0,0,0,0,0,0,0,0,0,0,0,0,0,0,0,0,0,0,0,0,1 0,0,0,11,12,6,9,3,3,3,3,3,1,2,0,0,1,4,3,1,0,0,0,1,0,0,0,0,0,1,0,0,0,0,0,0,0,0,1,0,0,0,0,0,0,0,1,0,0,0,0,0,0,0,0,0,0,0,0,0,0,0,0,0,0,0,0,0,0,0,0,0,0,0,0,0,0,0,0,0,0,0,0,0,0,0,0,0,0,0,0,0,0,0,0,0,0,0,0,0,0,0,0,0,0
/media/michal/Pauli/masterdata/processed/annotated/rares/20140905/patrol_run_25/room_1/features/nonPlanes<pfhrgb_uniform_2015-05-17_14-13-21.pcd 0.85549 0.00144556 0.00303736 5 789,477,191,152,90 77,47,31,21,12 1,0,0,0,0 410652 833 4060 98 696 400 3445 70 651 409819,257,170,88,55,37,45,31,28,11,13,17,12,7,6,2,5,4,8,5,3,5,1,3,1,3,1,2,2,0,0,2,0,0,1,0,3,0,0,0,0,0,1,1,0,0,0,1,0,1,0,0,0,0,0,1 0,11,17,11,8,6,6,4,4,2,2,8,2,4,3,0,3,1,0,0,1,1,0,0,1,0,0,1,1,0,0,1,0,0,0,0,0,0,0,0,0,0,0,0,0,0,0,0,0,0,0,0,0,0,0,0 0,0,0,82,55,37,45,31,28,11,13,17,12,7,6,2,5,4,8,5,3,5,1,3,1,3,1,2,2,0,0,2,0,0,1,0,3,0,0,0,0,0,1,1,0,0,0,1,0,1,0,0,0,0,0,1 0,0,0,11,8,6,6,4,4,2,2,8,2,4,3,0,3,1,0,0,1,1,0,0,1,0,0,1,1,0,0,1,0,0,0,0,0,0,0,0,0,0,0,0,0,0,0,0,0,0,0,0,0,0,0,0
/media/michal/Pauli/masterdata/processed/annotated/rares/20140905/patrol_run_27/room_2/features/nonPlanes<pfhrgb_uniform_2015-05-17_14-14-13.pcd 0.875322 0.0010865 0.00338529 6 1065,349,234,125,118,112 86,50,33,19,19,17 1,0,0,0,0,0 470448 886 4060 110 849 400 3388 69 785 469562,314,158,94,70,38,40,40,13,22,15,12,3,10,6,5,2,5,3,3,2,4,4,2,2,1,1,2,3,1,1,2,0,0,0,0,1,0,0,0,1,0,1,0,1,0,0,0,0,0,1,0,1,0,0,0,0,0,0,0,1,0,0,0,0,0,0,0,0,0,0,0,0,0,0,0,0,0,0,0,0,1 0,18,23,10,7,4,14,6,1,2,2,3,1,3,1,1,0,0,1,2,1,1,1,1,1,0,1,1,1,0,0,0,0,0,0,0,0,0,0,0,0,0,0,0,1,0,0,0,0,0,1,0,0,0,0,0,0,0,0,0,0,0,0,0,0,0,0,0,0,0,0,0,0,0,0,0,0,0,0,0,0,1 0,0,0,80,70,38,40,40,13,22,15,12,3,10,6,5,2,5,3,3,2,4,4,2,2,1,1,2,3,1,1,2,0,0,0,0,1,0,0,0,1,0,1,0,1,0,0,0,0,0,1,0,1,0,0,0,0,0,0,0,1,0,0,0,0,0,0,0,0,0,0,0,0,0,0,0,0,0,0,0,0,1 0,0,0,10,7,4,14,6,1,2,2,3,1,3,1,1,0,0,1,2,1,1,1,1,1,0,1,1,1,0,0,0,0,0,0,0,0,0,0,0,0,0,0,0,1,0,0,0,0,0,1,0,0,0,0,0,0,0,0,0,0,0,0,0,0,0,0,0,0,0,0,0,0,0,0,0,0,0,0,0,0,1
/media/michal/Pauli/masterdata/processed/annotated/rares/20140905/patrol_run_29/room_2/features/nonPlanes<pfhrgb_uniform_2015-05-17_14-15-48.pcd 0.996208 0.00108706 0.00271548 11 529,415,305,230,162,129,125,107,77,76,65 41,46,25,18,26,18,14,17,14,16,14 0,0,1,0,0,0,0,0,0,0,0 437580 921 4060 53 375 400 3378 32 347 436659,364,153,107,57,47,31,33,20,15,13,7,6,16,5,7,2,4,4,3,1,2,1,1,0,2,1,1,2,1,1,2,0,1,0,0,2,1,1,0,0,0,1,0,0,0,1,0,1,0,0,0,0,0,0,0,0,0,0,0,0,1,1,0,0,0,0,0,0,0,0,1,0,0,0,0,0,0,0,0,0,0,0,0,0,0,0,0,0,0,0,0,0,0,0,0,0,0,0,0,0,0,0,0,0,0,1 0,14,7,9,1,5,3,2,2,1,0,1,1,1,1,2,0,0,0,0,0,0,0,0,0,0,0,0,0,0,0,1,0,0,0,0,0,0,0,0,0,0,0,0,0,0,0,0,0,0,0,0,0,0,0,0,0,0,0,0,0,1,1,0,0,0,0,0,0,0,0,0,0,0,0,0,0,0,0,0,0,0,0,0,0,0,0,0,0,0,0,0,0,0,0,0,0,0,0,0,0,0,0,0,0,0,0 0,0,0,103,57,47,31,33,20,15,13,7,6,16,5,7,2,4,4,3,1,2,1,1,0,2,1,1,2,1,1,2,0,1,0,0,2,1,1,0,0,0,1,0,0,0,1,0,1,0,0,0,0,0,0,0,0,0,0,0,0,1,1,0,0,0,0,0,0,0,0,1,0,0,0,0,0,0,0,0,0,0,0,0,0,0,0,0,0,0,0,0,0,0,0,0,0,0,0,0,0,0,0,0,0,0,1 0,0,0,9,1,5,3,2,2,1,0,1,1,1,1,2,0,0,0,0,0,0,0,0,0,0,0,0,0,0,0,1,0,0,0,0,0,0,0,0,0,0,0,0,0,0,0,0,0,0,0,0,0,0,0,0,0,0,0,0,0,1,1,0,0,0,0,0,0,0,0,0,0,0,0,0,0,0,0,0,0,0,0,0,0,0,0,0,0,0,0,0,0,0,0,0,0,0,0,0,0,0,0,0,0,0,0
/media/michal/Pauli/masterdata/processed/annotated/rares/20140905/patrol_run_30/room_1/features/nonPlanes<pfhrgb_uniform_2015-05-17_14-17-13.pcd 0.851171 0.00105391 0.00324781 7 527,467,404,339,319,125,106 44,52,39,42,36,16,12 1,0,0,0,0,0,0 451044 678 4060 55 435 400 3703 38 410 450366,199,94,71,54,37,34,33,15,21,17,14,9,8,4,4,6,4,7,6,5,1,4,5,1,1,1,1,0,2,4,2,2,1,0,1,1,0,0,0,2,0,2,0,1,0,1,0,0,0,0,0,0,0,0,1,0,1,0,1 0,9,8,5,4,2,6,3,4,1,0,2,1,1,0,0,1,0,3,1,1,0,0,0,0,0,0,0,0,0,2,0,0,0,0,0,0,0,0,0,0,0,0,0,0,0,0,0,0,0,0,0,0,0,0,1,0,0,0,0 0,0,15,71,54,37,34,33,15,21,17,14,9,8,4,4,6,4,7,6,5,1,4,5,1,1,1,1,0,2,4,2,2,1,0,1,1,0,0,0,2,0,2,0,1,0,1,0,0,0,0,0,0,0,0,1,0,1,0,1 0,0,0,5,4,2,6,3,4,1,0,2,1,1,0,0,1,0,3,1,1,0,0,0,0,0,0,0,0,0,2,0,0,0,0,0,0,0,0,0,0,0,0,0,0,0,0,0,0,0,0,0,0,0,0,1,0,0,0,0
/media/michal/Pauli/masterdata/processed/annotated/rares/20140905/patrol_run_30/room_7/features/nonPlanes<pfhrgb_uniform_2015-05-17_14-18-32.pcd 0.965459 0.00149957 0.00314455 4 1342,129,117,79 124,13,19,13 1,0,0,0 458865 1070 4060 169 1279 400 3119 110 1189 457795,439,191,112,70,57,28,34,24,16,16,17,6,10,7,6,3,5,6,1,0,5,2,1,3,0,0,1,1,1,1,0,2,0,1,1,3 0,33,21,20,7,14,7,11,8,7,3,5,3,2,2,3,1,2,3,1,0,4,0,1,1,0,0,1,1,0,1,0,2,0,1,1,3 0,0,0,72,70,57,28,34,24,16,16,17,6,10,7,6,3,5,6,1,0,5,2,1,3,0,0,1,1,1,1,0,2,0,1,1,3 0,0,0,15,7,14,7,11,8,7,3,5,3,2,2,3,1,2,3,1,0,4,0,1,1,0,0,1,1,0,1,0,2,0,1,1,3
/media/michal/Pauli/masterdata/processed/annotated/rares/20140908/patrol_run_32/room_2/features/nonPlanes<pfhrgb_uniform_2015-05-17_14-19-48.pcd 0.91505 0.00104902 0.00298685 8 402,304,293,232,229,228,214,166 30,29,28,36,25,25,17,26 1,0,0,0,0,0,0,0 448668 851 4060 33 366 400 3422 26 356 447817,278,159,90,63,51,37,30,13,18,12,12,13,7,9,5,9,2,5,3,6,4,2,2,2,3,2,1,1,1,1,0,3,0,1,1,2,0,0,0,0,0,0,0,0,0,0,2,0,0,1 0,4,3,2,2,4,3,1,1,0,1,1,3,1,0,1,0,0,0,0,1,0,0,0,0,0,0,0,0,0,0,0,1,0,1,1,1,0,0,0,0,0,0,0,0,0,0,1,0,0,0 0,0,0,76,63,51,37,30,13,18,12,12,13,7,9,5,9,2,5,3,6,4,2,2,2,3,2,1,1,1,1,0,3,0,1,1,2,0,0,0,0,0,0,0,0,0,0,2,0,0,1 0,0,0,2,2,4,3,1,1,0,1,1,3,1,0,1,0,0,0,0,1,0,0,0,0,0,0,0,0,0,0,0,1,0,1,1,1,0,0,0,0,0,0,0,0,0,0,1,0,0,0
/media/michal/Pauli/masterdata/processed/annotated/rares/20140908/patrol_run_34/room_2/features/nonPlanes<pfhrgb_uniform_2015-05-17_14-21-36.pcd 0.962464 0.000965581 0.00281283 8 805,257,249,171,137,113,69,58 58,26,36,17,16,14,13,13 1,0,0,0,0,0,0,0 423720 877 4060 73 738 400 3421 47 704 422843,325,142,92,72,32,24,47,21,18,16,12,13,4,9,1,8,7,1,1,2,4,0,2,3,2,0,2,2,1,1,1,0,1,0,1,1,0,0,1,1,2,2,0,1,0,0,0,0,0,0,0,0,1,0,0,0,0,0,0,0,1 0,19,6,5,7,3,2,2,0,2,4,2,2,1,2,0,1,2,0,0,0,2,0,1,2,0,0,1,0,1,1,0,0,0,0,0,0,0,0,0,0,2,1,0,1,0,0,0,0,0,0,0,0,0,0,0,0,0,0,0,0,1 0,0,0,82,72,32,24,47,21,18,16,12,13,4,9,1,8,7,1,1,2,4,0,2,3,2,0,2,2,1,1,1,0,1,0,1,1,0,0,1,1,2,2,0,1,0,0,0,0,0,0,0,0,1,0,0,0,0,0,0,0,1 0,0,0,4,7,3,2,2,0,2,4,2,2,1,2,0,1,2,0,0,0,2,0,1,2,0,0,1,0,1,1,0,0,0,0,0,0,0,0,0,0,2,1,0,1,0,0,0,0,0,0,0,0,0,0,0,0,0,0,0,0,1
/media/michal/Pauli/masterdata/processed/annotated/rares/20140908/patrol_run_36/room_3/features/nonPlanes<pfhrgb_uniform_2015-05-17_14-23-40.pcd 0.892731 0.00235719 0.00288832 6 688,539,359,197,107,106 70,71,29,18,17,17 1,0,0,0,0,0 423654 907 4060 96 685 400 3365 60 629 422747,336,154,89,69,39,36,38,25,20,18,9,8,10,3,8,5,3,8,2,4,1,3,1,0,1,0,2,1,2,3,0,0,2,1,0,0,0,2,0,1,0,1,0,0,0,0,0,0,0,0,0,0,0,0,0,0,1,0,0,0,0,0,0,0,0,0,0,0,0,0,0,0,0,0,0,1 0,17,18,10,6,3,5,4,5,7,4,2,1,0,0,4,1,1,1,1,0,0,1,1,0,0,0,1,0,1,0,0,0,0,0,0,0,0,0,0,1,0,0,0,0,0,0,0,0,0,0,0,0,0,0,0,0,1,0,0,0,0,0,0,0,0,0,0,0,0,0,0,0,0,0,0,0 0,0,0,72,69,39,36,38,25,20,18,9,8,10,3,8,5,3,8,2,4,1,3,1,0,1,0,2,1,2,3,0,0,2,1,0,0,0,2,0,1,0,1,0,0,0,0,0,0,0,0,0,0,0,0,0,0,1,0,0,0,0,0,0,0,0,0,0,0,0,0,0,0,0,0,0,1 0,0,0,9,6,3,5,4,5,7,4,2,1,0,0,4,1,1,1,1,0,0,1,1,0,0,0,1,0,1,0,0,0,0,0,0,0,0,0,0,1,0,0,0,0,0,0,0,0,0,0,0,0,0,0,0,0,1,0,0,0,0,0,0,0,0,0,0,0,0,0,0,0,0,0,0,0
/media/michal/Pauli/masterdata/processed/annotated/rares/20140908/patrol_run_38/room_2/features/nonPlanes<pfhrgb_uniform_2015-05-17_14-24-51.pcd 0.939224 0.00108533 0.00293273 6 562,415,283,184,114,109 58,43,27,24,18,19 0,1,0,0,0,0 433356 936 4060 103 539 400 3320 51 463 432420,361,146,102,63,42,40,38,20,17,14,16,8,11,5,2,10,4,9,1,3,2,0,3,4,1,5,0,1,2,0,0,1,0,1,1,0,0,0,0,1,0,1,0,0,0,0,0,0,0,0,0,0,0,0,0,0,0,0,0,0,0,0,0,0,1 0,30,20,10,7,6,3,8,2,1,2,5,0,2,0,0,2,0,2,0,0,0,0,0,2,0,0,0,0,0,0,0,0,0,0,0,0,0,0,0,0,0,0,0,0,0,0,0,0,0,0,0,0,0,0,0,0,0,0,0,0,0,0,0,0,1 0,0,0,73,63,42,40,38,20,17,14,16,8,11,5,2,10,4,9,1,3,2,0,3,4,1,5,0,1,2,0,0,1,0,1,1,0,0,0,0,1,0,1,0,0,0,0,0,0,0,0,0,0,0,0,0,0,0,0,0,0,0,0,0,0,1 0,0,0,8,7,6,3,8,2,1,2,5,0,2,0,0,2,0,2,0,0,0,0,0,2,0,0,0,0,0,0,0,0,0,0,0,0,0,0,0,0,0,0,0,0,0,0,0,0,0,0,0,0,0,0,0,0,0,0,0,0,0,0,0,0,1
/media/michal/Pauli/masterdata/processed/annotated/rares/20140908/patrol_run_39/room_3/features/nonPlanes<pfhrgb_uniform_2015-05-17_14-25-51.pcd 0.870009 0.00104531 0.00205489 9 598,545,182,160,154,151,127,113,80 77,55,14,14,15,13,21,16,12 0,0,0,0,0,0,0,0,0 414678 850 4060 26 141 400 3440 10 115 413828,299,132,108,56,34,37,33,21,15,11,10,10,10,12,9,5,4,6,5,6,4,3,2,0,3,2,2,2,3,0,0,1,1,0,0,0,0,0,1,0,0,0,0,1,0,0,0,0,0,0,0,0,1,0,0,0,0,1 0,8,6,3,0,2,2,0,0,0,0,0,0,0,1,0,0,2,0,0,1,0,1,0,0,0,0,0,0,0,0,0,0,0,0,0,0,0,0,0,0,0,0,0,0,0,0,0,0,0,0,0,0,0,0,0,0,0,0 0,0,0,89,56,34,37,33,21,15,11,10,10,10,12,9,5,4,6,5,6,4,3,2,0,3,2,2,2,3,0,0,1,1,0,0,0,0,0,1,0,0,0,0,1,0,0,0,0,0,0,0,0,1,0,0,0,0,1 0,0,0,1,0,2,2,0,0,0,0,0,0,0,1,0,0,2,0,0,1,0,1,0,0,0,0,0,0,0,0,0,0,0,0,0,0,0,0,0,0,0,0,0,0,0,0,0,0,0,0,0,0,0,0,0,0,0,0
/media/michal/Pauli/masterdata/processed/annotated/rares/20140908/patrol_run_41/room_3/features/nonPlanes<pfhrgb_uniform_2015-05-17_14-27-03.pcd 0.891986 0.00114479 0.00205744 6 710,469,238,215,198,142 58,37,47,20,23,20 1,0,0,0,0,0 455400 872 4060 82 736 400 3427 64 713 454528,318,147,83,56,39,44,43,19,20,16,14,8,9,9,6,1,4,4,3,2,2,5,1,3,1,1,1,1,0,1,0,0,0,0,3,1,0,0,0,0,1,1,0,1,0,0,0,0,1,1,0,0,0,0,0,0,0,1,0,0,0,0,0,0,0,0,0,0,0,0,0,0,0,0,0,0,0,0,1 0,13,5,4,6,6,4,6,6,4,5,4,3,2,2,2,1,0,0,1,0,1,2,1,0,1,0,1,0,0,0,0,0,0,0,0,0,0,0,0,0,0,0,0,0,0,0,0,0,0,1,0,0,0,0,0,0,0,1,0,0,0,0,0,0,0,0,0,0,0,0,0,0,0,0,0,0,0,0,0 0,0,0,76,56,39,44,43,19,20,16,14,8,9,9,6,1,4,4,3,2,2,5,1,3,1,1,1,1,0,1,0,0,0,0,3,1,0,0,0,0,1,1,0,1,0,0,0,0,1,1,0,0,0,0,0,0,0,1,0,0,0,0,0,0,0,0,0,0,0,0,0,0,0,0,0,0,0,0,1 0,0,0,4,6,6,4,6,6,4,5,4,3,2,2,2,1,0,0,1,0,1,2,1,0,1,0,1,0,0,0,0,0,0,0,0,0,0,0,0,0,0,0,0,0,0,0,0,0,0,1,0,0,0,0,0,0,0,1,0,0,0,0,0,0,0,0,0,0,0,0,0,0,0,0,0,0,0,0,0
/media/michal/Pauli/masterdata/processed/annotated/rares/20140908/patrol_run_43/room_3/features/nonPlanes<pfhrgb_uniform_2015-05-17_14-28-08.pcd 0.871536 0.00101046 0.00201695 7 601,562,292,185,163,155,66 39,62,26,18,21,24,12 1,0,1,0,0,0,0 414018 839 4060 96 956 400 3470 68 916 413179,296,135,100,53,41,43,35,9,25,18,6,7,10,10,3,6,3,4,1,3,3,2,3,3,0,0,2,3,1,0,2,1,1,1,0,0,1,1,0,1,0,1,1,0,1,0,0,0,0,0,0,1,0,0,0,0,0,0,0,0,0,0,0,0,0,0,0,0,0,0,0,0,0,0,0,0,1,0,0,0,0,0,0,1 0,16,12,10,5,6,7,5,0,6,1,2,2,2,2,0,2,1,2,0,2,2,1,0,0,0,0,0,1,1,0,1,0,1,1,0,0,1,0,0,1,0,0,0,0,1,0,0,0,0,0,0,1,0,0,0,0,0,0,0,0,0,0,0,0,0,0,0,0,0,0,0,0,0,0,0,0,1,0,0,0,0,0,0,0 0,0,0,92,53,41,43,35,9,25,18,6,7,10,10,3,6,3,4,1,3,3,2,3,3,0,0,2,3,1,0,2,1,1,1,0,0,1,1,0,1,0,1,1,0,1,0,0,0,0,0,0,1,0,0,0,0,0,0,0,0,0,0,0,0,0,0,0,0,0,0,0,0,0,0,0,0,1,0,0,0,0,0,0,1 0,0,0,10,5,6,7,5,0,6,1,2,2,2,2,0,2,1,2,0,2,2,1,0,0,0,0,0,1,1,0,1,0,1,1,0,0,1,0,0,1,0,0,0,0,1,0,0,0,0,0,0,1,0,0,0,0,0,0,0,0,0,0,0,0,0,0,0,0,0,0,0,0,0,0,0,0,1,0,0,0,0,0,0,0
/media/michal/Pauli/masterdata/processed/annotated/rares/20140908/patrol_run_45/room_2/features/nonPlanes<pfhrgb_uniform_2015-05-17_14-29-40.pcd 0.951762 0.00117361 0.00227505 8 636,367,160,148,137,114,114,70 69,52,20,19,15,17,12,12 1,0,0,0,0,0,0,0 442200 885 4060 98 622 400 3395 56 558 441315,322,146,99,64,41,35,44,15,17,10,19,9,6,5,5,4,5,3,3,5,0,3,4,4,0,2,1,0,2,0,4,2,1,0,0,0,0,0,0,0,1,0,0,0,0,0,0,1,0,1,0,0,0,0,0,0,0,0,0,0,0,0,0,0,0,0,0,0,0,0,1,0,0,0,1 0,22,18,12,11,4,5,9,2,1,2,1,0,0,1,0,1,1,0,1,0,0,1,0,0,0,0,1,0,1,0,0,1,0,0,0,0,0,0,0,0,1,0,0,0,0,0,0,1,0,1,0,0,0,0,0,0,0,0,0,0,0,0,0,0,0,0,0,0,0,0,0,0,0,0,0 0,0,0,82,64,41,35,44,15,17,10,19,9,6,5,5,4,5,3,3,5,0,3,4,4,0,2,1,0,2,0,4,2,1,0,0,0,0,0,0,0,1,0,0,0,0,0,0,1,0,1,0,0,0,0,0,0,0,0,0,0,0,0,0,0,0,0,0,0,0,0,1,0,0,0,1 0,0,0,10,11,4,5,9,2,1,2,1,0,0,1,0,1,1,0,1,0,0,1,0,0,0,0,1,0,1,0,0,1,0,0,0,0,0,0,0,0,1,0,0,0,0,0,0,1,0,1,0,0,0,0,0,0,0,0,0,0,0,0,0,0,0,0,0,0,0,0,0,0,0,0,0
/media/michal/Pauli/masterdata/processed/annotated/rares/20140908/patrol_run_47/room_3/features/nonPlanes<pfhrgb_uniform_2015-05-17_14-32-16.pcd 1.09 0.00153095 0.00297476 7 569,508,445,218,151,132,63 66,57,61,25,18,12,13 0,1,0,0,0,0,0 465300 999 4060 105 549 400 3203 51 472 464301,385,170,113,71,53,37,43,23,20,9,13,6,7,4,5,4,4,3,6,4,3,0,0,0,2,1,0,1,2,3,0,0,0,1,0,0,1,1,0,0,0,0,0,0,0,0,0,0,0,1,1,0,0,0,0,0,0,0,0,0,0,0,0,2 0,34,17,10,9,7,4,7,3,2,1,1,0,1,1,2,0,0,2,0,1,0,0,0,0,0,0,0,0,1,0,0,0,0,0,0,0,0,1,0,0,0,0,0,0,0,0,0,0,0,0,0,0,0,0,0,0,0,0,0,0,0,0,0,1 0,0,0,69,71,53,37,43,23,20,9,13,6,7,4,5,4,4,3,6,4,3,0,0,0,2,1,0,1,2,3,0,0,0,1,0,0,1,1,0,0,0,0,0,0,0,0,0,0,0,1,1,0,0,0,0,0,0,0,0,0,0,0,0,2 0,0,0,7,9,7,4,7,3,2,1,1,0,1,1,2,0,0,2,0,1,0,0,0,0,0,0,0,0,1,0,0,0,0,0,0,0,0,1,0,0,0,0,0,0,0,0,0,0,0,0,0,0,0,0,0,0,0,0,0,0,0,0,0,1
/media/michal/Pauli/masterdata/processed/annotated/rares/20140909/patrol_run_49/room_3/features/nonPlanes<pfhrgb_uniform_2015-05-17_14-34-26.pcd 0.818154 0.00260943 0.00317818 6 896,493,444,127,119,70 75,41,32,25,22,13 1,0,0,0,0,0 437778 861 4060 109 927 400 3443 72 880 436917,316,134,94,69,45,32,33,23,9,9,10,8,8,5,10,3,1,6,3,5,6,5,5,2,3,4,0,1,1,1,3,1,0,1,0,0,0,1,1,0,0,0,0,1,0,0,0,0,0,0,0,0,0,0,2 0,27,10,7,10,4,6,4,7,4,1,1,0,2,1,2,0,1,3,1,2,4,3,1,0,1,2,0,0,0,0,2,1,0,1,0,0,0,0,0,0,0,0,0,1,0,0,0,0,0,0,0,0,0,0,0 0,0,0,83,69,45,32,33,23,9,9,10,8,8,5,10,3,1,6,3,5,6,5,5,2,3,4,0,1,1,1,3,1,0,1,0,0,0,1,1,0,0,0,0,1,0,0,0,0,0,0,0,0,0,0,2 0,0,0,7,10,4,6,4,7,4,1,1,0,2,1,2,0,1,3,1,2,4,3,1,0,1,2,0,0,0,0,2,1,0,1,0,0,0,0,0,0,0,0,0,1,0,0,0,0,0,0,0,0,0,0,0
/media/michal/Pauli/masterdata/processed/annotated/rares/20140909/patrol_run_51/room_3/features/nonPlanes<pfhrgb_uniform_2015-05-17_14-35-58.pcd 0.793725 0.00126772 0.00313562 5 666,637,564,134,133 70,56,45,15,19 0,1,0,0,1 816816 861 4060 147 863 400 3456 73 762 815955,322,135,96,52,42,31,35,22,14,18,12,10,7,9,11,5,8,3,3,1,4,1,0,2,1,1,0,0,2,0,0,1,0,0,0,1,1,1,0,3,1,0,1,1,1,0,0,0,0,0,0,0,1,0,1,0,0,0,0,0,1 0,47,27,16,7,7,3,3,6,3,4,3,2,3,2,5,0,1,0,0,0,1,1,0,0,0,0,0,0,1,0,0,0,0,0,0,0,1,1,0,1,1,0,0,0,0,0,0,0,0,0,0,0,1,0,0,0,0,0,0,0,0 0,0,0,92,52,42,31,35,22,14,18,12,10,7,9,11,5,8,3,3,1,4,1,0,2,1,1,0,0,2,0,0,1,0,0,0,1,1,1,0,3,1,0,1,1,1,0,0,0,0,0,0,0,1,0,1,0,0,0,0,0,1 0,0,0,16,7,7,3,3,6,3,4,3,2,3,2,5,0,1,0,0,0,1,1,0,0,0,0,0,0,1,0,0,0,0,0,0,0,1,1,0,1,1,0,0,0,0,0,0,0,0,0,0,0,1,0,0,0,0,0,0,0,0
/media/michal/Pauli/masterdata/processed/annotated/rares/20140909/patrol_run_53/room_3/features/nonPlanes<pfhrgb_uniform_2015-05-17_14-37-13.pcd 0.887001 0.00163346 0.00314135 6 900,618,346,203,158,55 81,51,49,12,13,14 1,0,0,0,0,0 456456 822 4060 108 787 400 3507 64 725 455634,291,135,92,59,38,30,32,22,24,13,10,9,7,6,6,4,1,4,2,2,1,6,3,4,0,1,1,1,1,1,1,2,1,1,0,1,1,0,1,0,1,0,0,0,2,1,0,0,0,1,0,0,0,0,0,0,0,0,1,0,0,0,1,0,0,0,0,0,0,0,0,0,0,0,0,1 0,26,18,13,10,5,2,7,3,5,1,1,3,2,1,1,0,0,1,0,1,0,1,1,0,0,0,0,0,1,0,0,1,0,0,0,0,1,0,0,0,0,0,0,0,0,0,0,0,0,0,0,0,0,0,0,0,0,0,1,0,0,0,1,0,0,0,0,0,0,0,0,0,0,0,0,1 0,0,4,92,59,38,30,32,22,24,13,10,9,7,6,6,4,1,4,2,2,1,6,3,4,0,1,1,1,1,1,1,2,1,1,0,1,1,0,1,0,1,0,0,0,2,1,0,0,0,1,0,0,0,0,0,0,0,0,1,0,0,0,1,0,0,0,0,0,0,0,0,0,0,0,0,1 0,0,0,13,10,5,2,7,3,5,1,1,3,2,1,1,0,0,1,0,1,0,1,1,0,0,0,0,0,1,0,0,1,0,0,0,0,1,0,0,0,0,0,0,0,0,0,0,0,0,0,0,0,0,0,0,0,0,0,1,0,0,0,1,0,0,0,0,0,0,0,0,0,0,0,0,1
/media/michal/Pauli/masterdata/processed/annotated/rares/20140909/patrol_run_55/room_3/features/nonPlanes<pfhrgb_uniform_2015-05-17_14-37-56.pcd 0.965136 0.0011182 0.00329441 7 652,428,215,156,136,95,92 71,30,29,17,19,15,14 0,1,0,0,0,0,0 446622 1030 4060 63 493 400 3175 36 456 445592,423,159,115,70,36,44,42,18,15,22,15,11,13,6,9,3,4,4,1,2,2,0,3,2,3,0,1,0,2,0,0,0,0,0,0,1,1,0,0,0,1,0,1,0,0,0,0,0,1 0,18,8,8,4,2,3,6,1,0,1,0,0,0,0,2,0,1,0,0,0,0,0,2,0,1,0,1,0,1,0,0,0,0,0,0,1,1,0,0,0,1,0,1,0,0,0,0,0,0 0,0,0,67,70,36,44,42,18,15,22,15,11,13,6,9,3,4,4,1,2,2,0,3,2,3,0,1,0,2,0,0,0,0,0,0,1,1,0,0,0,1,0,1,0,0,0,0,0,1 0,0,0,7,4,2,3,6,1,0,1,0,0,0,0,2,0,1,0,0,0,0,0,2,0,1,0,1,0,1,0,0,0,0,0,0,1,1,0,0,0,1,0,1,0,0,0,0,0,0
/media/michal/Pauli/masterdata/processed/annotated/rares/20140909/patrol_run_59/room_3/features/nonPlanes<pfhrgb_uniform_2015-05-17_22-54-28.pcd 1.17673 0.00202192 0.00194629 8 282,258,218,190,175,120,107,89 38,25,30,18,17,18,18,12 0,0,1,0,0,0,0,0 1089992 1148 4060 82 314 400 2968 36 244 1088844,456,240,142,65,65,33,33,21,18,8,10,5,6,7,6,3,2,0,1,5,1,7,0,2,0,1,0,2,3,0,0,0,2,0,0,2,0,0,0,0,0,0,0,0,0,0,0,0,0,0,0,1,0,0,1 0,28,12,15,5,11,2,0,2,1,0,0,0,0,1,2,2,0,0,0,0,0,0,0,0,0,0,0,0,1,0,0,0,0,0,0,0,0,0,0,0,0,0,0,0,0,0,0,0,0,0,0,0,0,0,0 0,0,0,90,65,65,33,33,21,18,8,10,5,6,7,6,3,2,0,1,5,1,7,0,2,0,1,0,2,3,0,0,0,2,0,0,2,0,0,0,0,0,0,0,0,0,0,0,0,0,0,0,1,0,0,1 0,0,0,9,5,11,2,0,2,1,0,0,0,0,1,2,2,0,0,0,0,0,0,0,0,0,0,0,0,1,0,0,0,0,0,0,0,0,0,0,0,0,0,0,0,0,0,0,0,0,0,0,0,0,0,0
/media/michal/Pauli/masterdata/processed/annotated/rares/20140909/patrol_run_61/room_3/features/nonPlanes<pfhrgb_uniform_2015-05-17_22-55-37.pcd 1.06959 0.00432668 0.00193852 6 952,553,237,121,119,83 57,50,19,21,15,17 0,0,0,0,0,0 1053360 892 4060 31 99 400 3404 11 69 1052468,328,170,111,52,28,29,40,19,12,14,14,11,7,2,5,7,2,0,2,5,2,3,1,4,1,0,1,2,0,3,3,3,0,1,1,3,0,1,1,0,0,1,0,0,0,1,0,0,0,0,0,0,0,0,0,1,0,0,0,0,0,0,0,0,0,0,0,0,0,0,0,0,0,0,0,0,0,0,0,0,1 0,10,10,2,3,1,1,1,0,0,2,0,0,1,0,0,0,0,0,0,0,0,0,0,0,0,0,0,0,0,0,0,0,0,0,0,0,0,0,0,0,0,0,0,0,0,0,0,0,0,0,0,0,0,0,0,0,0,0,0,0,0,0,0,0,0,0,0,0,0,0,0,0,0,0,0,0,0,0,0,0,0 0,0,6,111,52,28,29,40,19,12,14,14,11,7,2,5,7,2,0,2,5,2,3,1,4,1,0,1,2,0,3,3,3,0,1,1,3,0,1,1,0,0,1,0,0,0,1,0,0,0,0,0,0,0,0,0,1,0,0,0,0,0,0,0,0,0,0,0,0,0,0,0,0,0,0,0,0,0,0,0,0,1 0,0,0,2,3,1,1,1,0,0,2,0,0,1,0,0,0,0,0,0,0,0,0,0,0,0,0,0,0,0,0,0,0,0,0,0,0,0,0,0,0,0,0,0,0,0,0,0,0,0,0,0,0,0,0,0,0,0,0,0,0,0,0,0,0,0,0,0,0,0,0,0,0,0,0,0,0,0,0,0,0,0
/media/michal/Pauli/masterdata/processed/annotated/rares/20140909/patrol_run_63/room_3/features/nonPlanes<pfhrgb_uniform_2015-05-17_22-56-50.pcd 1.14235 0.00181416 0.00276326 5 331,302,199,153,92 53,20,20,15,14 0,0,0,0,0 1102304 1172 4060 21 36 400 3009 5 15 1101132,509,247,128,63,43,30,32,20,11,7,9,8,6,8,8,8,6,6,2,1,1,4,2,0,1,2,0,2,0,0,2,1,0,1,0,1,1,1,0,0,0,0,0,0,1 0,11,5,5,0,0,0,0,0,0,0,0,0,0,0,0,0,0,0,0,0,0,0,0,0,0,0,0,0,0,0,0,0,0,0,0,0,0,0,0,0,0,0,0,0,0 0,0,0,112,63,43,30,32,20,11,7,9,8,6,8,8,8,6,6,2,1,1,4,2,0,1,2,0,2,0,0,2,1,0,1,0,1,1,1,0,0,0,0,0,0,1 0,0,0,5,0,0,0,0,0,0,0,0,0,0,0,0,0,0,0,0,0,0,0,0,0,0,0,0,0,0,0,0,0,0,0,0,0,0,0,0,0,0,0,0,0,0
/media/michal/Pauli/masterdata/processed/annotated/rares/20140910/patrol_run_67/room_3/features/nonPlanes<pfhrgb_uniform_2015-05-17_22-57-53.pcd 1.02425 0.001614 0.00244946 6 613,503,461,154,84,77 25,73,39,17,12,19 0,1,0,0,0,0 1057571 942 4060 109 501 400 3358 65 436 1056629,382,161,113,48,41,42,31,19,14,9,9,4,5,7,8,6,5,4,5,4,0,1,2,3,1,1,2,2,0,0,1,0,0,1,1,1,0,0,1,0,1,1,0,0,0,0,0,0,1,0,0,0,1,0,1,0,0,0,0,1,0,0,0,0,0,0,0,0,0,0,0,0,1,0,0,1 0,23,21,16,5,4,9,9,6,5,2,3,0,1,3,2,0,0,0,0,0,0,0,0,0,0,0,0,0,0,0,0,0,0,0,0,0,0,0,0,0,0,0,0,0,0,0,0,0,0,0,0,0,0,0,0,0,0,0,0,0,0,0,0,0,0,0,0,0,0,0,0,0,0,0,0,0 0,0,1,113,48,41,42,31,19,14,9,9,4,5,7,8,6,5,4,5,4,0,1,2,3,1,1,2,2,0,0,1,0,0,1,1,1,0,0,1,0,1,1,0,0,0,0,0,0,1,0,0,0,1,0,1,0,0,0,0,1,0,0,0,0,0,0,0,0,0,0,0,0,1,0,0,1 0,0,0,16,5,4,9,9,6,5,2,3,0,1,3,2,0,0,0,0,0,0,0,0,0,0,0,0,0,0,0,0,0,0,0,0,0,0,0,0,0,0,0,0,0,0,0,0,0,0,0,0,0,0,0,0,0,0,0,0,0,0,0,0,0,0,0,0,0,0,0,0,0,0,0,0,0
/media/michal/Pauli/masterdata/processed/annotated/rares/20140910/patrol_run_69/room_3/features/nonPlanes<pfhrgb_uniform_2015-05-17_22-59-00.pcd 1.17688 0.0022503 0.00302202 9 635,288,265,213,204,171,87,68,49 63,38,30,24,14,24,12,18,12 0,1,0,0,0,0,0,0,0 1078478 1007 4060 75 357 400 3197 43 304 1077471,381,196,115,73,37,35,35,16,18,15,8,8,13,9,4,11,4,3,1,3,2,3,0,0,3,2,2,1,0,1,2,0,0,0,1,1,0,0,0,0,2,1,0,0,0,0,0,0,0,1 0,13,17,11,10,4,3,1,2,2,3,2,0,3,0,1,2,0,0,0,1,0,0,0,0,0,0,0,0,0,0,0,0,0,0,0,0,0,0,0,0,0,0,0,0,0,0,0,0,0,0 0,0,0,85,73,37,35,35,16,18,15,8,8,13,9,4,11,4,3,1,3,2,3,0,0,3,2,2,1,0,1,2,0,0,0,1,1,0,0,0,0,2,1,0,0,0,0,0,0,0,1 0,0,0,9,10,4,3,1,2,2,3,2,0,3,0,1,2,0,0,0,1,0,0,0,0,0,0,0,0,0,0,0,0,0,0,0,0,0,0,0,0,0,0,0,0,0,0,0,0,0,0
/media/michal/Pauli/masterdata/processed/annotated/rares/20140910/patrol_run_71/room_3/features/nonPlanes<pfhrgb_uniform_2015-05-17_23-00-09.pcd 1.06735 0.00190317 0.00307882 8 478,459,294,254,171,152,114,96 44,40,27,33,12,26,18,16 0,0,1,0,0,0,0,0 1098656 951 4060 82 467 400 3283 44 412 1097705,352,172,109,63,44,39,36,20,18,11,17,9,9,8,5,5,2,0,2,6,2,2,2,1,1,0,1,0,2,0,1,0,2,0,1,2,0,0,3,1,0,1,0,0,0,0,0,0,0,0,0,1,0,0,1 0,21,17,10,7,5,0,3,1,3,2,2,0,3,2,1,0,1,0,1,0,0,0,0,0,0,0,0,0,0,0,0,0,0,0,1,1,0,0,0,0,0,1,0,0,0,0,0,0,0,0,0,0,0,0,0 0,0,0,82,63,44,39,36,20,18,11,17,9,9,8,5,5,2,0,2,6,2,2,2,1,1,0,1,0,2,0,1,0,2,0,1,2,0,0,3,1,0,1,0,0,0,0,0,0,0,0,0,1,0,0,1 0,0,0,10,7,5,0,3,1,3,2,2,0,3,2,1,0,1,0,1,0,0,0,0,0,0,0,0,0,0,0,0,0,0,0,1,1,0,0,0,0,0,1,0,0,0,0,0,0,0,0,0,0,0,0,0
/media/michal/Pauli/masterdata/processed/annotated/rares/20140910/patrol_run_74/room_3/features/nonPlanes<pfhrgb_uniform_2015-05-17_23-01-14.pcd 1.12399 0.00171224 0.00285194 6 498,347,318,187,100,99 54,41,42,16,15,15 1,0,0,0,0,0 1048800 980 4060 81 502 400 3215 47 452 1047820,361,173,123,77,47,31,28,26,17,14,12,11,8,3,2,7,4,2,3,5,2,5,2,2,2,2,1,1,1,0,1,1,0,0,1,0,0,1,0,0,0,2,0,0,1,0,0,1 0,20,12,11,8,5,2,1,4,4,2,0,2,1,0,0,0,0,2,0,2,0,2,0,0,1,0,0,0,0,0,1,0,0,0,0,0,0,0,0,0,0,0,0,0,0,0,0,1 0,0,0,77,77,47,31,28,26,17,14,12,11,8,3,2,7,4,2,3,5,2,5,2,2,2,2,1,1,1,0,1,1,0,0,1,0,0,1,0,0,0,2,0,0,1,0,0,1 0,0,0,9,8,5,2,1,4,4,2,0,2,1,0,0,0,0,2,0,2,0,2,0,0,1,0,0,0,0,0,1,0,0,0,0,0,0,0,0,0,0,0,0,0,0,0,0,1
/media/michal/Pauli/masterdata/processed/annotated/rares/20140910/patrol_run_77/room_4/features/nonPlanes<pfhrgb_uniform_2015-05-17_23-02-16.pcd 1.12217 0.00176424 0.00295825 6 562,431,180,162,89,53 51,40,21,19,16,13 1,0,0,0,0,0 1101506 906 4060 45 398 400 3347 37 386 1100600,327,151,96,53,40,46,47,24,8,15,18,6,10,10,12,5,3,8,3,4,2,1,1,2,2,0,2,1,0,1,2,0,1,2,0,1,0,0,0,0,1,0,1 0,4,4,2,3,0,7,4,1,1,2,4,0,2,1,5,2,1,0,0,1,0,0,0,0,0,0,0,0,0,0,0,0,1,0,0,0,0,0,0,0,0,0,0 0,0,0,68,53,40,46,47,24,8,15,18,6,10,10,12,5,3,8,3,4,2,1,1,2,2,0,2,1,0,1,2,0,1,2,0,1,0,0,0,0,1,0,1 0,0,0,2,3,0,7,4,1,1,2,4,0,2,1,5,2,1,0,0,1,0,0,0,0,0,0,0,0,0,0,0,0,1,0,0,0,0,0,0,0,0,0,0
/media/michal/Pauli/masterdata/processed/annotated/rares/20140910/patrol_run_79/room_2/features/nonPlanes<pfhrgb_uniform_2015-05-17_23-03-28.pcd 1.27643 0.00178041 0.00292954 8 454,375,190,124,121,118,105,72 36,41,17,13,13,13,14,12 0,1,0,0,0,0,0,0 1097668 778 4060 73 426 400 3570 43 382 1096890,266,116,81,54,38,31,34,23,20,14,10,5,9,13,7,7,3,7,4,2,5,5,6,2,0,3,0,0,1,0,1,1,0,3,0,2,0,0,0,0,1,0,0,0,1,0,0,0,0,1,0,0,0,0,0,0,1,0,0,0,0,0,0,0,0,0,0,1 0,16,15,12,3,4,4,3,3,2,2,2,1,1,1,0,0,0,0,1,0,0,0,0,0,0,0,0,0,0,0,0,0,0,2,0,0,0,0,0,0,0,0,0,0,0,0,0,0,0,0,0,0,0,0,0,0,1,0,0,0,0,0,0,0,0,0,0,0 0,0,4,81,54,38,31,34,23,20,14,10,5,9,13,7,7,3,7,4,2,5,5,6,2,0,3,0,0,1,0,1,1,0,3,0,2,0,0,0,0,1,0,0,0,1,0,0,0,0,1,0,0,0,0,0,0,1,0,0,0,0,0,0,0,0,0,0,1 0,0,1,12,3,4,4,3,3,2,2,2,1,1,1,0,0,0,0,1,0,0,0,0,0,0,0,0,0,0,0,0,0,0,2,0,0,0,0,0,0,0,0,0,0,0,0,0,0,0,0,0,0,0,0,0,0,1,0,0,0,0,0,0,0,0,0,0,0
/media/michal/Pauli/masterdata/processed/annotated/rares/20140910/patrol_run_81/room_2/features/nonPlanes<pfhrgb_uniform_2015-05-17_23-04-25.pcd 1.08694 0.00157097 0.00259608 8 249,232,152,131,125,124,110,61 34,25,19,22,18,12,14,13 0,0,0,0,0,0,0,0 1075400 1099 4060 27 47 400 3105 3 16 1074301,460,222,106,61,63,39,31,16,20,6,10,13,7,2,2,4,4,1,3,2,2,2,2,4,2,1,3,1,0,1,1,1,2,2,0,0,0,0,1,0,0,0,0,0,0,0,0,0,0,0,0,0,0,0,0,0,0,1,0,0,1 0,18,5,1,1,1,0,1,0,0,0,0,0,0,0,0,0,0,0,0,0,0,0,0,0,0,0,0,0,0,0,0,0,0,0,0,0,0,0,0,0,0,0,0,0,0,0,0,0,0,0,0,0,0,0,0,0,0,0,0,0,0 0,0,0,89,61,63,39,31,16,20,6,10,13,7,2,2,4,4,1,3,2,2,2,2,4,2,1,3,1,0,1,1,1,2,2,0,0,0,0,1,0,0,0,0,0,0,0,0,0,0,0,0,0,0,0,0,0,0,1,0,0,1 0,0,0,0,1,1,0,1,0,0,0,0,0,0,0,0,0,0,0,0,0,0,0,0,0,0,0,0,0,0,0,0,0,0,0,0,0,0,0,0,0,0,0,0,0,0,0,0,0,0,0,0,0,0,0,0,0,0,0,0,0,0
/media/michal/Pauli/masterdata/processed/annotated/rares/20140911/patrol_run_82/room_3/features/nonPlanes<pfhrgb_uniform_2015-05-17_23-05-24.pcd 1.19005 0.00168202 0.00186379 6 557,428,149,111,106,78 48,44,16,12,14,18 1,0,0,0,0,1 1146612 1042 4060 104 693 400 3142 65 639 1145570,405,198,129,65,46,30,37,17,19,11,10,12,13,9,3,2,5,6,2,3,4,1,0,3,0,1,0,1,1,0,0,1,2,0,0,2,1,0,0,0,1,0,0,0,1,0,0,0,0,0,0,0,0,0,1 0,24,15,10,9,8,6,2,4,5,2,1,2,2,2,1,0,1,1,0,2,0,1,0,1,0,1,0,0,0,0,0,1,2,0,0,0,1,0,0,0,0,0,0,0,0,0,0,0,0,0,0,0,0,0,0 0,0,0,90,65,46,30,37,17,19,11,10,12,13,9,3,2,5,6,2,3,4,1,0,3,0,1,0,1,1,0,0,1,2,0,0,2,1,0,0,0,1,0,0,0,1,0,0,0,0,0,0,0,0,0,1 0,0,0,10,9,8,6,2,4,5,2,1,2,2,2,1,0,1,1,0,2,0,1,0,1,0,1,0,0,0,0,0,1,2,0,0,0,1,0,0,0,0,0,0,0,0,0,0,0,0,0,0,0,0,0,0
/media/michal/Pauli/masterdata/processed/annotated/rares/20140911/patrol_run_84/room_3/features/nonPlanes<pfhrgb_uniform_2015-05-17_23-06-29.pcd 1.05423 0.00153916 0.00240917 6 460,320,296,238,108,82 56,29,43,25,18,16 0,1,1,0,0,0 1094400 1078 4060 129 631 400 3036 64 536 1093322,414,182,133,81,56,42,45,27,12,9,13,12,7,4,8,2,5,7,2,1,1,2,1,1,2,2,2,1,0,1,0,1,0,0,0,0,0,0,0,0,1,0,0,1 0,40,20,18,8,8,6,7,3,0,1,1,3,1,2,1,1,4,1,2,0,0,1,0,0,0,0,0,0,0,0,0,0,0,0,0,0,0,0,0,0,1,0,0,0 0,0,0,51,81,56,42,45,27,12,9,13,12,7,4,8,2,5,7,2,1,1,2,1,1,2,2,2,1,0,1,0,1,0,0,0,0,0,0,0,0,1,0,0,1 0,0,0,13,8,8,6,7,3,0,1,1,3,1,2,1,1,4,1,2,0,0,1,0,0,0,0,0,0,0,0,0,0,0,0,0,0,0,0,0,0,1,0,0,0
/media/michal/Pauli/masterdata/processed/annotated/rares/20140911/patrol_run_88/room_3/features/nonPlanes<pfhrgb_uniform_2015-05-17_23-07-31.pcd 1.08833 0.00141813 0.0023046 6 470,210,166,138,74,72 68,18,14,14,12,15 1,0,0,0,0,0 960636 1100 4060 144 659 400 3031 77 554 959536,432,207,113,78,59,44,47,17,17,9,11,8,8,10,5,7,4,3,4,3,1,2,0,0,2,1,3,1,1,0,0,0,0,0,0,2,0,0,1 0,38,20,27,12,10,6,6,4,5,0,1,3,1,4,2,1,1,1,0,0,0,1,0,0,0,0,0,1,0,0,0,0,0,0,0,0,0,0,0 0,0,0,52,78,59,44,47,17,17,9,11,8,8,10,5,7,4,3,4,3,1,2,0,0,2,1,3,1,1,0,0,0,0,0,0,2,0,0,1 0,0,0,18,12,10,6,6,4,5,0,1,3,1,4,2,1,1,1,0,0,0,1,0,0,0,0,0,1,0,0,0,0,0,0,0,0,0,0,0
/media/michal/Pauli/masterdata/processed/annotated/rares/20140911/patrol_run_90/room_3/features/nonPlanes<pfhrgb_uniform_2015-05-17_23-08-31.pcd 1.1966 0.00178538 0.00290863 11 545,209,200,184,171,159,140,109,89,89,58 36,14,27,15,20,13,23,24,14,12,12 0,0,1,0,0,1,0,0,0,0,0 1165840 1047 4060 95 414 400 3138 46 338 1164793,416,187,118,85,42,39,41,19,15,14,9,4,10,7,4,2,1,6,4,1,2,4,0,1,1,3,1,0,0,1,0,0,1,0,0,0,2,0,2,0,0,0,0,2,1,0,0,1,0,1 0,26,19,13,12,5,2,5,1,5,1,0,0,0,1,0,0,0,0,1,0,1,1,0,0,0,2,0,0,0,0,0,0,0,0,0,0,0,0,0,0,0,0,0,0,0,0,0,0,0,0 0,0,0,74,85,42,39,41,19,15,14,9,4,10,7,4,2,1,6,4,1,2,4,0,1,1,3,1,0,0,1,0,0,1,0,0,0,2,0,2,0,0,0,0,2,1,0,0,1,0,1 0,0,0,9,12,5,2,5,1,5,1,0,0,0,1,0,0,0,0,1,0,1,1,0,0,0,2,0,0,0,0,0,0,0,0,0,0,0,0,0,0,0,0,0,0,0,0,0,0,0,0
/media/michal/Pauli/masterdata/processed/annotated/rares/20140911/patrol_run_92/room_3/features/nonPlanes<pfhrgb_uniform_2015-05-17_23-10-02.pcd 1.1902 0.00463634 0.00211657 8 288,211,202,176,148,143,90,78 28,25,23,22,26,26,15,13 1,0,1,0,0,0,0,0 1127840 999 4060 58 374 400 3171 39 341 1126841,357,194,122,60,51,39,53,25,13,7,9,11,7,9,7,5,3,1,4,0,2,1,1,0,2,1,2,1,3,1,2,0,1,0,0,1,0,0,0,1,0,0,1,0,1,0,0,0,0,0,0,0,0,0,0,0,0,0,0,0,0,0,1 0,8,8,9,3,6,1,8,3,2,0,2,1,0,1,1,0,0,1,2,0,0,0,0,0,0,0,0,0,2,0,0,0,0,0,0,0,0,0,0,0,0,0,0,0,0,0,0,0,0,0,0,0,0,0,0,0,0,0,0,0,0,0,0 0,0,0,74,60,51,39,53,25,13,7,9,11,7,9,7,5,3,1,4,0,2,1,1,0,2,1,2,1,3,1,2,0,1,0,0,1,0,0,0,1,0,0,1,0,1,0,0,0,0,0,0,0,0,0,0,0,0,0,0,0,0,0,1 0,0,0,6,3,6,1,8,3,2,0,2,1,0,1,1,0,0,1,2,0,0,0,0,0,0,0,0,0,2,0,0,0,0,0,0,0,0,0,0,0,0,0,0,0,0,0,0,0,0,0,0,0,0,0,0,0,0,0,0,0,0,0,0
/media/michal/Pauli/masterdata/processed/annotated/rares/20140912/patrol_run_100/room_3/features/nonPlanes<pfhrgb_uniform_2015-05-17_23-11-10.pcd 1.19433 0.00176466 0.00211017 8 557,447,273,133,119,83,80,50 52,36,32,12,13,13,12,13 0,0,1,0,0,0,0,0 1057122 1052 4060 89 369 400 3135 35 291 1056070,418,195,121,78,43,34,32,21,15,12,12,13,11,6,4,2,6,3,0,4,1,2,1,1,1,1,2,1,3,3,0,2,1,0,0,0,0,0,1,1,0,0,0,0,0,0,0,0,0,0,0,0,0,0,0,0,0,0,0,0,0,0,0,0,0,0,0,0,0,1 0,31,22,8,10,3,3,1,2,2,0,0,1,1,1,1,0,0,0,0,0,0,0,0,0,0,0,0,0,0,1,0,1,0,0,0,0,0,0,0,1,0,0,0,0,0,0,0,0,0,0,0,0,0,0,0,0,0,0,0,0,0,0,0,0,0,0,0,0,0,0 0,0,0,82,78,43,34,32,21,15,12,12,13,11,6,4,2,6,3,0,4,1,2,1,1,1,1,2,1,3,3,0,2,1,0,0,0,0,0,1,1,0,0,0,0,0,0,0,0,0,0,0,0,0,0,0,0,0,0,0,0,0,0,0,0,0,0,0,0,0,1 0,0,0,7,10,3,3,1,2,2,0,0,1,1,1,1,0,0,0,0,0,0,0,0,0,0,0,0,0,0,1,0,1,0,0,0,0,0,0,0,1,0,0,0,0,0,0,0,0,0,0,0,0,0,0,0,0,0,0,0,0,0,0,0,0,0,0,0,0,0,0
/media/michal/Pauli/masterdata/processed/annotated/rares/20140912/patrol_run_102/room_3/features/nonPlanes<pfhrgb_uniform_2015-05-17_23-12-18.pcd 1.16995 0.00189389 0.00207802 5 804,289,253,109,52 79,42,15,12,14 1,0,0,0,0 1110512 1038 4060 125 817 400 3176 64 729 1109474,418,194,120,69,49,31,40,18,16,9,11,10,3,4,3,5,2,0,2,2,5,3,3,0,1,1,2,2,2,2,2,1,1,0,0,0,1,0,0,2,1,0,0,0,0,0,0,1,1,0,0,0,0,0,1 0,36,23,13,9,5,5,5,6,2,1,1,1,1,2,0,1,0,0,1,1,0,0,2,0,1,0,1,2,1,0,2,0,0,0,0,0,0,0,0,1,1,0,0,0,0,0,0,0,1,0,0,0,0,0,0 0,0,0,94,69,49,31,40,18,16,9,11,10,3,4,3,5,2,0,2,2,5,3,3,0,1,1,2,2,2,2,2,1,1,0,0,0,1,0,0,2,1,0,0,0,0,0,0,1,1,0,0,0,0,0,1 0,0,0,11,9,5,5,5,6,2,1,1,1,1,2,0,1,0,0,1,1,0,0,2,0,1,0,1,2,1,0,2,0,0,0,0,0,0,0,0,1,1,0,0,0,0,0,0,0,1,0,0,0,0,0,0
/media/michal/Pauli/masterdata/processed/annotated/rares/20140912/patrol_run_104/room_3/features/nonPlanes<pfhrgb_uniform_2015-05-17_23-13-23.pcd 1.39059 0.00183549 0.00274252 5 463,226,199,119,68 41,25,25,16,12 0,0,1,1,0 1109600 1131 4060 89 351 400 3077 39 279 1108469,509,192,137,68,46,36,27,12,16,13,6,7,6,10,6,3,2,3,5,4,2,4,1,2,2,1,3,2,0,0,0,0,0,0,0,1,0,0,1,0,0,0,0,0,0,0,1,1,0,0,0,0,0,0,0,0,0,0,0,0,0,0,2 0,31,16,14,6,7,2,4,0,1,1,0,0,0,1,1,2,1,0,0,0,0,0,0,1,0,1,0,0,0,0,0,0,0,0,0,0,0,0,0,0,0,0,0,0,0,0,0,0,0,0,0,0,0,0,0,0,0,0,0,0,0,0,0 0,0,0,107,68,46,36,27,12,16,13,6,7,6,10,6,3,2,3,5,4,2,4,1,2,2,1,3,2,0,0,0,0,0,0,0,1,0,0,1,0,0,0,0,0,0,0,1,1,0,0,0,0,0,0,0,0,0,0,0,0,0,0,2 0,0,0,11,6,7,2,4,0,1,1,0,0,0,1,1,2,1,0,0,0,0,0,0,1,0,1,0,0,0,0,0,0,0,0,0,0,0,0,0,0,0,0,0,0,0,0,0,0,0,0,0,0,0,0,0,0,0,0,0,0,0,0,0
/media/michal/Pauli/masterdata/processed/annotated/rares/20140912/patrol_run_94/room_3/features/nonPlanes<pfhrgb_uniform_2015-05-17_23-14-29.pcd 1.12467 0.00156468 0.00255884 9 403,236,222,221,139,137,102,90,76 41,17,29,28,20,17,14,13,16 0,0,0,1,0,0,0,0,0 948600 1074 4060 92 368 400 3112 44 300 947526,437,200,111,65,51,39,42,20,21,10,10,11,8,6,2,6,1,4,6,1,0,5,3,2,1,1,1,2,0,1,2,1,2,2 0,31,14,11,9,8,3,7,3,0,2,0,0,0,0,0,0,0,2,1,0,0,0,0,0,0,0,0,0,0,0,0,0,0,1 0,0,0,74,65,51,39,42,20,21,10,10,11,8,6,2,6,1,4,6,1,0,5,3,2,1,1,1,2,0,1,2,1,2,2 0,0,0,8,9,8,3,7,3,0,2,0,0,0,0,0,0,0,2,1,0,0,0,0,0,0,0,0,0,0,0,0,0,0,1
/media/michal/Pauli/masterdata/processed/annotated/rares/20140912/patrol_run_96/room_2/features/nonPlanes<pfhrgb_uniform_2015-05-17_23-15-39.pcd 1.11329 0.00171592 0.00292415 7 753,222,220,168,166,116,78 67,34,26,24,21,14,13 1,0,0,0,0,0,0 1124838 1007 4060 99 777 400 3229 64 716 1123831,396,198,113,61,34,31,37,20,20,12,9,10,7,3,8,5,11,3,3,1,3,3,0,3,0,3,0,2,0,0,1,0,2,0,0,2,3,1,0,1,0,0,0,0,0,0,1 0,12,20,13,3,2,9,5,2,2,5,3,1,2,1,1,3,5,2,1,0,0,1,0,2,0,1,0,0,0,0,0,0,1,0,0,1,0,1,0,0,0,0,0,0,0,0,0 0,0,0,100,61,34,31,37,20,20,12,9,10,7,3,8,5,11,3,3,1,3,3,0,3,0,3,0,2,0,0,1,0,2,0,0,2,3,1,0,1,0,0,0,0,0,0,1 0,0,0,10,3,2,9,5,2,2,5,3,1,2,1,1,3,5,2,1,0,0,1,0,2,0,1,0,0,0,0,0,0,1,0,0,1,0,1,0,0,0,0,0,0,0,0,0
/media/michal/Pauli/masterdata/processed/annotated/rares/20140912/patrol_run_98/room_3/features/nonPlanes<pfhrgb_uniform_2015-05-17_23-16-41.pcd 1.47769 0.00190468 0.00310415 7 499,358,337,179,155,86,79 61,42,31,18,17,13,13 1,0,0,0,0,0,0 1043936 1052 4060 137 671 400 3085 75 575 1042884,393,195,119,78,51,40,37,29,26,13,11,7,5,6,7,7,4,7,5,1,1,1,1,0,0,2,0,0,0,0,1,1,0,0,0,0,1,0,0,0,0,0,0,0,2,0,0,0,0,0,0,0,0,0,0,0,0,0,0,0,0,0,0,0,0,0,0,0,0,1 0,35,20,18,8,11,10,5,7,6,2,2,1,2,2,1,1,1,2,2,1,0,0,0,0,0,0,0,0,0,0,0,0,0,0,0,0,0,0,0,0,0,0,0,0,0,0,0,0,0,0,0,0,0,0,0,0,0,0,0,0,0,0,0,0,0,0,0,0,0,0 0,0,0,55,78,51,40,37,29,26,13,11,7,5,6,7,7,4,7,5,1,1,1,1,0,0,2,0,0,0,0,1,1,0,0,0,0,1,0,0,0,0,0,0,0,2,0,0,0,0,0,0,0,0,0,0,0,0,0,0,0,0,0,0,0,0,0,0,0,0,1 0,0,0,11,8,11,10,5,7,6,2,2,1,2,2,1,1,1,2,2,1,0,0,0,0,0,0,0,0,0,0,0,0,0,0,0,0,0,0,0,0,0,0,0,0,0,0,0,0,0,0,0,0,0,0,0,0,0,0,0,0,0,0,0,0,0,0,0,0,0,0
/media/michal/Pauli/masterdata/processed/annotated/rares/20140921/patrol_run_110/room_2/features/nonPlanes<pfhrgb_uniform_2015-05-17_23-17-46.pcd 0.947968 0.00257792 0.00291639 6 420,314,222,131,112,78 57,40,31,12,14,12 0,0,0,0,0,0 1150032 1127 4060 8 11 400 3097 0 0 1148905,496,226,95,67,41,37,38,17,18,20,13,7,6,4,3,3,2,4,4,1,2,0,2,4,1,0,5,1,3,0,1,2,0,1,1,0,1,0,0,0,0,0,0,0,0,0,0,0,0,0,0,1 0,5,3,0,0,0,0,0,0,0,0,0,0,0,0,0,0,0,0,0,0,0,0,0,0,0,0,0,0,0,0,0,0,0,0,0,0,0,0,0,0,0,0,0,0,0,0,0,0,0,0,0,0 0,0,0,90,67,41,37,38,17,18,20,13,7,6,4,3,3,2,4,4,1,2,0,2,4,1,0,5,1,3,0,1,2,0,1,1,0,1,0,0,0,0,0,0,0,0,0,0,0,0,0,0,1 0,0,0,0,0,0,0,0,0,0,0,0,0,0,0,0,0,0,0,0,0,0,0,0,0,0,0,0,0,0,0,0,0,0,0,0,0,0,0,0,0,0,0,0,0,0,0,0,0,0,0,0,0
/media/michal/Pauli/masterdata/processed/annotated/rares/20140921/patrol_run_112/room_2/features/nonPlanes<pfhrgb_uniform_2015-05-17_23-18-52.pcd 1.28681 0.00171586 0.00273122 7 592,452,277,169,155,102,49 57,41,25,17,14,16,13 1,0,0,0,0,0,0 1137150 905 4060 85 615 400 3304 50 565 1136245,296,167,120,58,54,33,34,15,21,20,9,13,10,5,8,4,5,1,1,4,5,0,1,4,2,1,0,2,1,0,1,0,1,0,3,3,0,1,0,1,0,1 0,22,11,9,7,2,6,2,4,3,3,1,1,1,0,3,0,1,0,0,2,0,0,0,1,0,0,0,2,0,0,1,0,0,0,0,1,0,0,0,1,0,1 0,0,0,78,58,54,33,34,15,21,20,9,13,10,5,8,4,5,1,1,4,5,0,1,4,2,1,0,2,1,0,1,0,1,0,3,3,0,1,0,1,0,1 0,0,0,7,7,2,6,2,4,3,3,1,1,1,0,3,0,1,0,0,2,0,0,0,1,0,0,0,2,0,0,1,0,0,0,0,1,0,0,0,1,0,1
/media/michal/Pauli/masterdata/processed/annotated/rares/20140921/patrol_run_114/room_1/features/nonPlanes<pfhrgb_uniform_2015-05-17_23-19-59.pcd 1.46041 0.00173927 0.00278642 9 520,356,279,221,166,136,99,86,77 42,29,29,25,18,23,21,12,12 0,1,0,1,0,0,0,0,0 1135060 997 4060 83 565 400 3233 45 519 1134063,387,190,107,65,51,29,35,24,14,15,14,9,5,6,0,5,7,4,0,3,2,0,3,3,2,1,1,2,0,2,2,1,1,1,1,0,0,0,1,1,1,0,0,0,0,0,0,0,0,1,0,0,0,0,0,0,0,0,0,1 0,30,8,8,3,4,5,6,2,0,2,2,0,1,0,0,2,1,0,0,0,0,0,2,1,0,1,1,0,0,0,0,0,0,1,1,0,0,0,1,1,0,0,0,0,0,0,0,0,0,0,0,0,0,0,0,0,0,0,0,0 0,0,0,87,65,51,29,35,24,14,15,14,9,5,6,0,5,7,4,0,3,2,0,3,3,2,1,1,2,0,2,2,1,1,1,1,0,0,0,1,1,1,0,0,0,0,0,0,0,0,1,0,0,0,0,0,0,0,0,0,1 0,0,0,8,3,4,5,6,2,0,2,2,0,1,0,0,2,1,0,0,0,0,0,2,1,0,1,1,0,0,0,0,0,0,1,1,0,0,0,1,1,0,0,0,0,0,0,0,0,0,0,0,0,0,0,0,0,0,0,0,0
/media/michal/Pauli/masterdata/processed/annotated/rares/20140922/patrol_run_116/room_2/features/nonPlanes<pfhrgb_uniform_2015-05-17_23-21-02.pcd 1.10873 0.00173269 0.0028262 6 543,485,395,104,101,95 49,55,58,21,12,16 0,1,0,0,0,0 1135668 990 4060 102 561 400 3254 61 505 1134678,385,194,113,51,30,36,43,21,17,10,21,6,7,7,3,7,7,3,0,5,4,3,1,1,4,1,3,0,0,1,1,0,0,1,0,1,0,0,0,0,0,1,0,0,0,0,0,0,0,0,0,0,0,0,0,0,0,0,0,0,0,0,0,0,0,0,0,0,0,0,0,0,0,0,0,0,1,0,0,1 0,26,15,10,8,5,8,4,5,3,2,4,1,0,2,1,0,5,0,0,1,1,0,0,0,0,0,0,0,0,1,0,0,0,0,0,0,0,0,0,0,0,0,0,0,0,0,0,0,0,0,0,0,0,0,0,0,0,0,0,0,0,0,0,0,0,0,0,0,0,0,0,0,0,0,0,0,0,0,0,0 0,0,0,102,51,30,36,43,21,17,10,21,6,7,7,3,7,7,3,0,5,4,3,1,1,4,1,3,0,0,1,1,0,0,1,0,1,0,0,0,0,0,1,0,0,0,0,0,0,0,0,0,0,0,0,0,0,0,0,0,0,0,0,0,0,0,0,0,0,0,0,0,0,0,0,0,0,1,0,0,1 0,0,0,10,8,5,8,4,5,3,2,4,1,0,2,1,0,5,0,0,1,1,0,0,0,0,0,0,0,0,1,0,0,0,0,0,0,0,0,0,0,0,0,0,0,0,0,0,0,0,0,0,0,0,0,0,0,0,0,0,0,0,0,0,0,0,0,0,0,0,0,0,0,0,0,0,0,0,0,0,0
/media/michal/Pauli/masterdata/processed/annotated/rares/20140922/patrol_run_118/room_2/features/nonPlanes<pfhrgb_uniform_2015-05-17_23-22-13.pcd 1.23461 0.00223795 0.0030264 5 525,368,230,196,84 74,44,20,17,15 1,0,0,0,0 1197684 1033 4060 123 603 400 3172 74 525 1196651,410,191,116,60,51,35,45,12,21,10,17,5,11,4,2,6,5,4,2,3,1,5,3,2,1,1,1,0,0,0,1,1,1,0,1,1,0,0,0,0,1,0,1,0,0,0,0,0,0,1,0,0,0,0,0,0,0,0,0,0,1 0,25,19,25,10,11,5,7,3,6,0,3,1,2,0,0,0,1,0,0,0,1,1,1,0,0,1,0,0,0,0,0,0,1,0,0,0,0,0,0,0,0,0,0,0,0,0,0,0,0,0,0,0,0,0,0,0,0,0,0,0,0 0,0,0,84,60,51,35,45,12,21,10,17,5,11,4,2,6,5,4,2,3,1,5,3,2,1,1,1,0,0,0,1,1,1,0,1,1,0,0,0,0,1,0,1,0,0,0,0,0,0,1,0,0,0,0,0,0,0,0,0,0,1 0,0,0,20,10,11,5,7,3,6,0,3,1,2,0,0,0,1,0,0,0,1,1,1,0,0,1,0,0,0,0,0,0,1,0,0,0,0,0,0,0,0,0,0,0,0,0,0,0,0,0,0,0,0,0,0,0,0,0,0,0,0
/media/michal/Pauli/masterdata/processed/annotated/rares/20140922/patrol_run_120/room_1/features/nonPlanes<pfhrgb_uniform_2015-05-17_23-23-22.pcd 1.17398 0.00180494 0.0030965 4 1371,232,186,84 133,30,18,17 0,0,0,0 1163902 990 4060 84 366 400 3260 45 314 1162912,380,213,91,70,40,36,32,24,19,12,10,3,5,8,4,1,3,5,2,1,2,2,5,2,0,1,3,1,1,2,1,2,1,1,1,1,1,0,0,0,0,0,0,0,0,0,0,0,0,0,1,0,1,0,0,0,0,0,0,1,0,0,0,0,0,0,0,0,0,0,0,0,1 0,26,14,10,8,8,3,2,2,3,1,2,0,1,1,0,0,1,0,0,0,0,0,1,0,0,0,0,0,0,0,0,0,0,0,0,1,0,0,0,0,0,0,0,0,0,0,0,0,0,0,0,0,0,0,0,0,0,0,0,0,0,0,0,0,0,0,0,0,0,0,0,0,0 0,0,3,91,70,40,36,32,24,19,12,10,3,5,8,4,1,3,5,2,1,2,2,5,2,0,1,3,1,1,2,1,2,1,1,1,1,1,0,0,0,0,0,0,0,0,0,0,0,0,0,1,0,1,0,0,0,0,0,0,1,0,0,0,0,0,0,0,0,0,0,0,0,1 0,0,1,10,8,8,3,2,2,3,1,2,0,1,1,0,0,1,0,0,0,0,0,1,0,0,0,0,0,0,0,0,0,0,0,0,1,0,0,0,0,0,0,0,0,0,0,0,0,0,0,0,0,0,0,0,0,0,0,0,0,0,0,0,0,0,0,0,0,0,0,0,0,0
/media/michal/Pauli/masterdata/processed/annotated/rares/20140922/patrol_run_124/room_2/features/nonPlanes<pfhrgb_uniform_2015-05-17_23-24-25.pcd 1.25685 0.00183151 0.00284547 8 542,507,436,114,113,90,89,75 61,48,20,13,15,17,13,17 1,0,0,0,0,0,0,0 1189476 1001 4060 99 586 400 3281 56 528 1188475,428,168,102,67,32,35,31,19,21,12,9,8,9,8,5,7,5,6,2,2,2,8,2,1,0,0,0,2,0,0,0,2,0,0,0,2,0,0,0,0,0,1,0,0,0,0,0,0,0,1,1,0,0,1,0,0,1,1 0,30,11,11,7,3,6,2,1,4,5,3,1,2,1,2,1,3,2,0,1,0,2,0,0,0,0,0,0,0,0,0,1,0,0,0,0,0,0,0,0,0,0,0,0,0,0,0,0,0,0,0,0,0,0,0,0,0,0 0,0,0,97,67,32,35,31,19,21,12,9,8,9,8,5,7,5,6,2,2,2,8,2,1,0,0,0,2,0,0,0,2,0,0,0,2,0,0,0,0,0,1,0,0,0,0,0,0,0,1,1,0,0,1,0,0,1,1 0,0,0,9,7,3,6,2,1,4,5,3,1,2,1,2,1,3,2,0,1,0,2,0,0,0,0,0,0,0,0,0,1,0,0,0,0,0,0,0,0,0,0,0,0,0,0,0,0,0,0,0,0,0,0,0,0,0,0
/media/michal/Pauli/masterdata/processed/annotated/rares/20140922/patrol_run_126/room_2/features/nonPlanes<pfhrgb_uniform_2015-05-17_23-26-01.pcd 1.14362 0.00166444 0.0029356 7 552,404,245,238,197,111,88 62,32,38,36,17,19,19 1,0,0,0,0,0,0 1158810 1007 4060 138 657 400 3245 62 552 1157803,411,184,115,49,50,35,27,27,13,14,12,9,4,8,2,5,10,3,5,2,0,4,1,1,0,0,0,0,1,3,0,2,1,2,0,0,0,0,1,2,0,0,2,0,1,0,0,0,0,0,0,0,0,0,0,0,0,0,0,0,0,0,0,0,0,0,0,0,0,0,0,0,0,0,0,1 0,49,25,14,5,6,9,3,7,1,1,3,1,2,2,0,2,1,1,0,0,0,3,1,0,0,0,0,0,1,0,0,1,0,0,0,0,0,0,0,0,0,0,0,0,0,0,0,0,0,0,0,0,0,0,0,0,0,0,0,0,0,0,0,0,0,0,0,0,0,0,0,0,0,0,0,0 0,0,0,103,49,50,35,27,27,13,14,12,9,4,8,2,5,10,3,5,2,0,4,1,1,0,0,0,0,1,3,0,2,1,2,0,0,0,0,1,2,0,0,2,0,1,0,0,0,0,0,0,0,0,0,0,0,0,0,0,0,0,0,0,0,0,0,0,0,0,0,0,0,0,0,0,1 0,0,0,12,5,6,9,3,7,1,1,3,1,2,2,0,2,1,1,0,0,0,3,1,0,0,0,0,0,1,0,0,1,0,0,0,0,0,0,0,0,0,0,0,0,0,0,0,0,0,0,0,0,0,0,0,0,0,0,0,0,0,0,0,0,0,0,0,0,0,0,0,0,0,0,0,0
/media/michal/Pauli/masterdata/processed/annotated/rares/20140922/patrol_run_128/room_2/features/nonPlanes<pfhrgb_uniform_2015-05-17_23-27-17.pcd 1.12953 0.00179874 0.00235727 6 492,401,229,210,144,104 50,51,29,36,16,19 0,1,0,0,0,0 1108536 1046 4060 115 500 400 3094 51 398 1107490,388,196,140,81,55,27,39,20,20,11,9,8,8,4,3,4,3,3,2,1,1,1,5,1,3,1,1,1,1,0,1,0,0,1,0,0,1,1,0,2,1,0,0,0,0,0,1,0,0,0,0,0,0,0,0,0,0,0,0,0,0,0,0,0,0,0,0,0,0,0,0,0,0,1 0,35,20,18,11,6,4,2,3,5,1,1,0,2,0,1,1,0,1,1,0,0,0,1,0,1,0,1,0,0,0,0,0,0,0,0,0,0,0,0,0,0,0,0,0,0,0,0,0,0,0,0,0,0,0,0,0,0,0,0,0,0,0,0,0,0,0,0,0,0,0,0,0,0,0 0,0,0,78,81,55,27,39,20,20,11,9,8,8,4,3,4,3,3,2,1,1,1,5,1,3,1,1,1,1,0,1,0,0,1,0,0,1,1,0,2,1,0,0,0,0,0,1,0,0,0,0,0,0,0,0,0,0,0,0,0,0,0,0,0,0,0,0,0,0,0,0,0,0,1 0,0,0,9,11,6,4,2,3,5,1,1,0,2,0,1,1,0,1,1,0,0,0,1,0,1,0,1,0,0,0,0,0,0,0,0,0,0,0,0,0,0,0,0,0,0,0,0,0,0,0,0,0,0,0,0,0,0,0,0,0,0,0,0,0,0,0,0,0,0,0,0,0,0,0
/media/michal/Pauli/masterdata/processed/annotated/rares/20140922/patrol_run_130/room_2/features/nonPlanes<pfhrgb_uniform_2015-05-17_23-28-23.pcd 1.2303 0.00164095 0.00203659 8 584,440,132,115,95,85,64,55 61,36,22,15,17,17,14,13 1,0,0,0,0,0,1,0 1066964 980 4060 139 730 400 3251 73 639 1065984,387,157,125,62,41,34,36,23,18,11,12,10,7,7,4,4,5,8,5,5,3,2,3,0,0,2,0,0,1,1,0,1,0,0,1,0,1,0,0,0,1,0,0,0,1,0,0,0,0,0,0,0,0,0,0,1,0,0,0,0,0,0,0,0,0,0,0,0,0,0,0,0,0,0,0,0,0,0,0,0,0,0,0,0,0,0,0,0,0,0,0,0,0,0,0,0,1 0,46,15,19,10,4,6,9,5,1,1,2,4,2,2,0,3,1,1,1,4,1,1,0,0,0,0,0,0,0,1,0,0,0,0,0,0,0,0,0,0,0,0,0,0,0,0,0,0,0,0,0,0,0,0,0,0,0,0,0,0,0,0,0,0,0,0,0,0,0,0,0,0,0,0,0,0,0,0,0,0,0,0,0,0,0,0,0,0,0,0,0,0,0,0,0,0,0 0,0,0,89,62,41,34,36,23,18,11,12,10,7,7,4,4,5,8,5,5,3,2,3,0,0,2,0,0,1,1,0,1,0,0,1,0,1,0,0,0,1,0,0,0,1,0,0,0,0,0,0,0,0,0,0,1,0,0,0,0,0,0,0,0,0,0,0,0,0,0,0,0,0,0,0,0,0,0,0,0,0,0,0,0,0,0,0,0,0,0,0,0,0,0,0,0,1 0,0,0,14,10,4,6,9,5,1,1,2,4,2,2,0,3,1,1,1,4,1,1,0,0,0,0,0,0,0,1,0,0,0,0,0,0,0,0,0,0,0,0,0,0,0,0,0,0,0,0,0,0,0,0,0,0,0,0,0,0,0,0,0,0,0,0,0,0,0,0,0,0,0,0,0,0,0,0,0,0,0,0,0,0,0,0,0,0,0,0,0,0,0,0,0,0,0
/media/michal/Pauli/masterdata/processed/annotated/rares/20140922/patrol_run_132/room_1/features/nonPlanes<pfhrgb_uniform_2015-05-17_23-29-32.pcd 1.15826 0.00201167 0.00199653 7 777,434,286,151,118,82,51 42,48,44,28,17,14,13 0,0,0,0,0,0,0 1156036 996 4060 13 43 400 3271 5 32 1155040,403,203,106,67,40,30,38,13,11,10,8,7,4,4,8,3,1,5,0,2,5,2,2,3,2,1,1,0,1,0,1,3,1,2,1,0,0,0,0,0,1,0,0,1,1,0,0,1,1,0,1,0,0,0,0,0,0,0,0,0,0,0,0,1,0,0,0,0,0,0,0,0,0,0,0,0,0,0,0,0,0,0,0,0,0,0,0,0,0,0,0,0,0,0,0,0,0,0,0,0,0,0,0,0,0,0,0,0,0,0,0,0,0,0,0,0,1 0,5,3,2,1,0,0,0,0,0,1,0,1,0,0,0,0,0,0,0,0,0,0,0,0,0,0,0,0,0,0,0,0,0,0,0,0,0,0,0,0,0,0,0,0,0,0,0,0,0,0,0,0,0,0,0,0,0,0,0,0,0,0,0,0,0,0,0,0,0,0,0,0,0,0,0,0,0,0,0,0,0,0,0,0,0,0,0,0,0,0,0,0,0,0,0,0,0,0,0,0,0,0,0,0,0,0,0,0,0,0,0,0,0,0,0,0,0 0,0,10,106,67,40,30,38,13,11,10,8,7,4,4,8,3,1,5,0,2,5,2,2,3,2,1,1,0,1,0,1,3,1,2,1,0,0,0,0,0,1,0,0,1,1,0,0,1,1,0,1,0,0,0,0,0,0,0,0,0,0,0,0,1,0,0,0,0,0,0,0,0,0,0,0,0,0,0,0,0,0,0,0,0,0,0,0,0,0,0,0,0,0,0,0,0,0,0,0,0,0,0,0,0,0,0,0,0,0,0,0,0,0,0,0,0,1 0,0,0,2,1,0,0,0,0,0,1,0,1,0,0,0,0,0,0,0,0,0,0,0,0,0,0,0,0,0,0,0,0,0,0,0,0,0,0,0,0,0,0,0,0,0,0,0,0,0,0,0,0,0,0,0,0,0,0,0,0,0,0,0,0,0,0,0,0,0,0,0,0,0,0,0,0,0,0,0,0,0,0,0,0,0,0,0,0,0,0,0,0,0,0,0,0,0,0,0,0,0,0,0,0,0,0,0,0,0,0,0,0,0,0,0,0,0
/media/michal/Pauli/masterdata/processed/annotated/rares/20140922/patrol_run_134/room_2/features/nonPlanes<pfhrgb_uniform_2015-05-17_23-30-57.pcd 1.16255 0.00211094 0.00255502 6 612,529,181,145,141,106 69,45,21,13,26,15 0,1,0,0,0,0 1114464 1071 4060 83 585 400 3112 44 526 1113393,433,199,130,75,46,23,35,19,24,8,7,9,9,9,6,3,4,2,1,5,4,0,1,1,4,1,1,2,1,0,1,0,0,4,2,0,0,0,0,0,1,1 0,21,16,11,4,4,4,1,1,2,0,1,0,3,2,2,0,2,0,1,0,0,0,1,0,1,1,0,1,0,0,1,0,0,0,2,0,0,0,0,0,0,1 0,0,0,91,75,46,23,35,19,24,8,7,9,9,9,6,3,4,2,1,5,4,0,1,1,4,1,1,2,1,0,1,0,0,4,2,0,0,0,0,0,1,1 0,0,0,9,4,4,4,1,1,2,0,1,0,3,2,2,0,2,0,1,0,0,0,1,0,1,1,0,1,0,0,1,0,0,0,2,0,0,0,0,0,0,1
/media/michal/Pauli/masterdata/processed/annotated/rares/20140922/patrol_run_138/room_2/features/nonPlanes<pfhrgb_uniform_2015-05-17_23-32-04.pcd 1.39117 0.00181203 0.00290102 8 558,294,159,157,127,121,106,102 67,22,17,19,18,16,12,16 1,0,0,0,0,0,0,0 1197912 976 4060 115 633 400 3199 68 559 1196936,342,183,115,78,47,43,34,25,21,11,7,6,6,10,4,4,6,4,4,3,1,2,4,0,0,2,1,3,3,1,1,0,0,1,0,0,1,1,0,0,1,0,0,0,0,1 0,22,23,17,12,9,3,3,8,3,0,1,3,1,2,0,0,0,2,1,0,0,0,0,0,0,1,0,3,0,0,0,0,0,0,0,0,0,1,0,0,0,0,0,0,0,0 0,0,0,64,78,47,43,34,25,21,11,7,6,6,10,4,4,6,4,4,3,1,2,4,0,0,2,1,3,3,1,1,0,0,1,0,0,1,1,0,0,1,0,0,0,0,1 0,0,0,15,12,9,3,3,8,3,0,1,3,1,2,0,0,0,2,1,0,0,0,0,0,0,1,0,3,0,0,0,0,0,0,0,0,0,1,0,0,0,0,0,0,0,0
/media/michal/Pauli/masterdata/processed/annotated/rares/20140923/patrol_run_139/room_2/features/nonPlanes<pfhrgb_uniform_2015-05-17_23-33-06.pcd 1.00201 0.00156747 0.00343756 6 1133,440,387,234,109,88 141,33,17,41,19,20 1,0,0,0,0,0 996812 939 4060 182 1102 400 3313 119 1011 995873,351,168,110,52,44,38,44,17,16,13,15,10,8,5,6,5,4,2,4,3,2,2,4,1,0,1,1,1,2,0,1,1,0,0,1,0,1,0,1,0,0,0,2,0,0,0,0,0,0,0,0,0,0,0,0,0,0,0,0,0,0,0,0,0,0,2,1 0,36,26,23,10,12,11,12,10,5,3,9,7,3,0,3,3,0,0,3,0,2,1,0,1,0,0,0,0,0,0,0,0,0,0,0,0,1,0,0,0,0,0,1,0,0,0,0,0,0,0,0,0,0,0,0,0,0,0,0,0,0,0,0,0,0,0,0 0,0,0,90,52,44,38,44,17,16,13,15,10,8,5,6,5,4,2,4,3,2,2,4,1,0,1,1,1,2,0,1,1,0,0,1,0,1,0,1,0,0,0,2,0,0,0,0,0,0,0,0,0,0,0,0,0,0,0,0,0,0,0,0,0,0,2,1 0,0,0,22,10,12,11,12,10,5,3,9,7,3,0,3,3,0,0,3,0,2,1,0,1,0,0,0,0,0,0,0,0,0,0,0,0,1,0,0,0,0,0,1,0,0,0,0,0,0,0,0,0,0,0,0,0,0,0,0,0,0,0,0,0,0,0,0
/media/michal/Pauli/masterdata/processed/annotated/rares/20140923/patrol_run_141/room_2/features/nonPlanes<pfhrgb_uniform_2015-05-17_23-34-12.pcd 0.991049 0.00174475 0.00334588 6 1061,451,290,110,97,57 91,29,34,14,15,15 1,0,0,0,0,0 1166676 903 4060 135 1159 400 3397 97 1105 1165773,343,161,99,45,41,30,43,14,24,15,6,11,12,5,6,2,3,4,3,1,3,6,4,1,1,3,4,1,3,1,0,1,0,1,0,1,0,0,1,0,0,0,1,1,1,0,0,0,0,0,0,0,0,0,0,0,0,0,0,0,0,0,0,0,0,0,0,1 0,22,17,15,8,10,5,8,0,6,5,2,3,5,3,4,1,3,2,3,0,3,2,0,0,0,0,3,0,1,0,0,0,0,1,0,0,0,0,1,0,0,0,1,0,0,0,0,0,0,0,0,0,0,0,0,0,0,0,0,0,0,0,0,0,0,0,0,1 0,0,1,99,45,41,30,43,14,24,15,6,11,12,5,6,2,3,4,3,1,3,6,4,1,1,3,4,1,3,1,0,1,0,1,0,1,0,0,1,0,0,0,1,1,1,0,0,0,0,0,0,0,0,0,0,0,0,0,0,0,0,0,0,0,0,0,0,1 0,0,1,15,8,10,5,8,0,6,5,2,3,5,3,4,1,3,2,3,0,3,2,0,0,0,0,3,0,1,0,0,0,0,1,0,0,0,0,1,0,0,0,1,0,0,0,0,0,0,0,0,0,0,0,0,0,0,0,0,0,0,0,0,0,0,0,0,1
/media/michal/Pauli/masterdata/processed/annotated/rares/20140923/patrol_run_144/room_2/features/nonPlanes<pfhrgb_uniform_2015-05-17_23-35-11.pcd 1.14497 0.00213745 0.00279852 8 579,565,230,203,140,137,89,78 31,41,29,27,15,14,18,15 0,1,0,0,1,0,0,0 1021554 983 4060 119 760 400 3301 53 668 1020571,407,182,91,69,47,27,37,14,13,5,13,11,8,4,7,8,5,0,2,2,5,4,2,1,3,0,2,0,0,1,1,1,2,2,1,0,1,0,0,1,0,0,0,0,0,0,0,0,1,0,1,0,0,0,0,0,0,0,1,0,0,0,0,0,0,0,0,0,0,0,0,0,0,0,0,0,0,0,0,0,0,0,0,1 0,40,26,12,5,4,5,3,1,0,0,0,1,4,1,3,2,1,0,1,1,0,0,1,1,0,0,2,0,0,1,0,0,1,1,0,0,0,0,0,1,0,0,0,0,0,0,0,0,0,0,0,0,0,0,0,0,0,0,0,0,0,0,0,0,0,0,0,0,0,0,0,0,0,0,0,0,0,0,0,0,0,0,0,1 0,0,6,91,69,47,27,37,14,13,5,13,11,8,4,7,8,5,0,2,2,5,4,2,1,3,0,2,0,0,1,1,1,2,2,1,0,1,0,0,1,0,0,0,0,0,0,0,0,1,0,1,0,0,0,0,0,0,0,1,0,0,0,0,0,0,0,0,0,0,0,0,0,0,0,0,0,0,0,0,0,0,0,0,1 0,0,0,12,5,4,5,3,1,0,0,0,1,4,1,3,2,1,0,1,1,0,0,1,1,0,0,2,0,0,1,0,0,1,1,0,0,0,0,0,1,0,0,0,0,0,0,0,0,0,0,0,0,0,0,0,0,0,0,0,0,0,0,0,0,0,0,0,0,0,0,0,0,0,0,0,0,0,0,0,0,0,0,0,1
/media/michal/Pauli/masterdata/processed/annotated/rares/20140923/patrol_run_146/room_2/features/nonPlanes<pfhrgb_uniform_2015-05-17_23-36-19.pcd 1.05713 0.00120624 0.00281611 5 609,440,328,308,127 51,50,23,40,16 0,1,0,0,0 961792 997 4060 111 533 400 3198 52 447 960795,368,193,102,77,46,44,39,18,12,12,9,12,14,9,4,2,6,4,1,3,4,0,2,1,1,0,1,2,1,0,1,1,0,1,5,0,1,0,0,0,0,0,0,0,0,0,0,0,0,0,0,0,0,0,0,0,1 0,34,23,9,8,5,5,7,1,3,2,1,3,2,3,0,0,0,0,0,2,1,0,0,0,0,0,0,1,0,0,1,0,0,0,0,0,0,0,0,0,0,0,0,0,0,0,0,0,0,0,0,0,0,0,0,0,0 0,0,0,66,77,46,44,39,18,12,12,9,12,14,9,4,2,6,4,1,3,4,0,2,1,1,0,1,2,1,0,1,1,0,1,5,0,1,0,0,0,0,0,0,0,0,0,0,0,0,0,0,0,0,0,0,0,1 0,0,0,7,8,5,5,7,1,3,2,1,3,2,3,0,0,0,0,0,2,1,0,0,0,0,0,0,1,0,0,1,0,0,0,0,0,0,0,0,0,0,0,0,0,0,0,0,0,0,0,0,0,0,0,0,0,0
/media/michal/Pauli/masterdata/processed/annotated/rares/20140923/patrol_run_148/room_2/features/nonPlanes<pfhrgb_uniform_2015-05-17_23-37-23.pcd 1.21092 0.00183177 0.00383995 8 441,405,391,228,185,153,86,65 40,40,51,15,29,18,15,12 0,0,1,0,0,0,0,0 1143952 960 4060 88 437 400 3262 50 383 1142992,357,168,117,64,46,38,33,17,21,10,13,12,13,11,2,2,6,6,3,1,0,2,2,1,1,1,1,2,0,1,0,1,0,1,0,0,1,0,0,0,1,0,1,0,0,0,0,1,0,0,1,0,0,0,0,0,0,0,0,1,0,0,1 0,23,14,9,6,11,4,4,0,2,1,4,3,0,1,1,1,1,2,0,0,0,1,0,0,0,0,0,0,0,0,0,0,0,0,0,0,0,0,0,0,0,0,0,0,0,0,0,0,0,0,0,0,0,0,0,0,0,0,0,0,0,0,0 0,0,0,82,64,46,38,33,17,21,10,13,12,13,11,2,2,6,6,3,1,0,2,2,1,1,1,1,2,0,1,0,1,0,1,0,0,1,0,0,0,1,0,1,0,0,0,0,1,0,0,1,0,0,0,0,0,0,0,0,1,0,0,1 0,0,0,8,6,11,4,4,0,2,1,4,3,0,1,1,1,1,2,0,0,0,1,0,0,0,0,0,0,0,0,0,0,0,0,0,0,0,0,0,0,0,0,0,0,0,0,0,0,0,0,0,0,0,0,0,0,0,0,0,0,0,0,0
/media/michal/Pauli/masterdata/processed/annotated/rares/20140923/patrol_run_150/room_2/features/nonPlanes<pfhrgb_uniform_2015-05-17_23-38-31.pcd 1.28393 0.00230471 0.00289431 10 327,317,292,252,234,215,127,74,71,61 22,42,40,35,25,20,16,12,12,14 0,0,1,0,0,0,0,0,0,0 1115756 1032 4060 71 304 400 3149 37 258 1114724,404,177,118,69,48,35,39,26,20,10,12,14,8,4,8,10,5,5,1,2,1,1,2,0,5,0,2,0,0,1,0,0,0,0,1,0,1,1,1,1 0,23,10,7,6,8,3,2,4,1,2,0,1,0,0,2,1,0,0,0,0,0,0,0,0,1,0,0,0,0,0,0,0,0,0,0,0,0,0,0,0 0,0,0,67,69,48,35,39,26,20,10,12,14,8,4,8,10,5,5,1,2,1,1,2,0,5,0,2,0,0,1,0,0,0,0,1,0,1,1,1,1 0,0,0,6,6,8,3,2,4,1,2,0,1,0,0,2,1,0,0,0,0,0,0,0,0,1,0,0,0,0,0,0,0,0,0,0,0,0,0,0,0
/media/michal/Pauli/masterdata/processed/annotated/rares/20140924/patrol_run_152/room_2/features/nonPlanes<pfhrgb_uniform_2015-05-17_23-39-37.pcd 0.979651 0.00167345 0.00287287 9 555,268,229,186,177,177,133,116,114 71,24,37,12,29,14,23,15,12 0,0,1,0,0,0,0,0,0 1068522 1088 4060 60 221 400 3048 24 166 1067434,430,192,114,97,47,47,42,19,14,18,9,10,6,5,0,3,5,4,2,5,3,1,1,5,1,1,0,1,0,0,0,0,1,1,0,0,0,1,0,0,2,0,1 0,21,11,7,5,3,4,4,1,2,1,0,0,0,0,0,0,0,0,0,0,0,0,0,0,0,0,0,0,0,0,0,0,0,1,0,0,0,0,0,0,0,0,0 0,0,0,48,97,47,47,42,19,14,18,9,10,6,5,0,3,5,4,2,5,3,1,1,5,1,1,0,1,0,0,0,0,1,1,0,0,0,1,0,0,2,0,1 0,0,0,3,5,3,4,4,1,2,1,0,0,0,0,0,0,0,0,0,0,0,0,0,0,0,0,0,0,0,0,0,0,0,1,0,0,0,0,0,0,0,0,0
/media/michal/Pauli/masterdata/processed/annotated/rares/20140924/patrol_run_156/room_2/features/nonPlanes<pfhrgb_uniform_2015-05-17_23-40-27.pcd 1.30119 0.00172825 0.00310584 8 588,409,323,232,140,128,95,77 67,38,37,44,21,14,14,13 0,0,0,1,0,0,0,0 1129170 1148 4060 69 210 400 2920 27 150 1128022,440,224,138,87,62,47,33,27,19,13,8,5,7,5,5,0,5,1,3,1,3,1,1,1,2,2,1,0,3,0,1,0,0,0,0,0,0,1,0,0,1,0,0,0,0,0,0,1 0,26,14,10,6,2,3,0,3,3,1,0,0,1,0,0,0,0,0,0,0,0,0,0,0,0,0,0,0,0,0,0,0,0,0,0,0,0,0,0,0,0,0,0,0,0,0,0,0 0,0,0,54,87,62,47,33,27,19,13,8,5,7,5,5,0,5,1,3,1,3,1,1,1,2,2,1,0,3,0,1,0,0,0,0,0,0,1,0,0,1,0,0,0,0,0,0,1 0,0,0,8,6,2,3,0,3,3,1,0,0,1,0,0,0,0,0,0,0,0,0,0,0,0,0,0,0,0,0,0,0,0,0,0,0,0,0,0,0,0,0,0,0,0,0,0,0
/media/michal/Pauli/masterdata/processed/annotated/rares/20140924/patrol_run_158/room_1/features/nonPlanes<pfhrgb_uniform_2015-05-17_23-41-20.pcd 1.21066 0.00221005 0.0029591 9 503,217,209,115,113,109,103,88,71 44,22,12,19,15,15,19,15,12 0,0,0,0,0,0,1,0,0 1068522 1098 4060 35 114 400 3039 14 84 1067424,430,213,129,81,54,46,43,17,11,13,9,4,4,4,6,3,2,3,4,0,1,3,1,0,1,0,1,0,1,2,2,2,0,1,0,0,1,1,1,1,0,0,0,0,1,0,0,0,0,0,0,0,1,0,0,0,0,0,0,0,1 0,12,9,2,2,4,2,3,0,0,0,0,0,0,0,0,0,1,0,0,0,0,0,0,0,0,0,0,0,0,0,0,0,0,0,0,0,0,0,0,0,0,0,0,0,0,0,0,0,0,0,0,0,0,0,0,0,0,0,0,0,0 0,0,0,74,81,54,46,43,17,11,13,9,4,4,4,6,3,2,3,4,0,1,3,1,0,1,0,1,0,1,2,2,2,0,1,0,0,1,1,1,1,0,0,0,0,1,0,0,0,0,0,0,0,1,0,0,0,0,0,0,0,1 0,0,0,2,2,4,2,3,0,0,0,0,0,0,0,0,0,1,0,0,0,0,0,0,0,0,0,0,0,0,0,0,0,0,0,0,0,0,0,0,0,0,0,0,0,0,0,0,0,0,0,0,0,0,0,0,0,0,0,0,0,0
/media/michal/Pauli/masterdata/processed/annotated/rares/20140924/patrol_run_162/room_2/features/nonPlanes<pfhrgb_uniform_2015-05-17_23-42-20.pcd 1.3315 0.00163007 0.00287351 6 515,405,168,142,110,76 51,50,24,22,16,14 0,1,0,0,0,0 1090600 994 4060 62 378 400 3231 42 351 1089606,393,167,99,81,48,38,39,21,21,11,9,6,6,11,7,4,7,2,2,2,1,3,1,0,1,3,0,2,1,1,0,1,0,0,0,1,0,1,0,0,0,0,0,0,0,1,0,1,0,0,0,0,0,0,0,0,0,0,0,0,0,0,0,0,0,0,0,0,0,0,0,0,0,0,0,1,0,0,0,0,0,0,0,0,0,0,0,0,0,0,0,0,0,0,1 0,14,5,2,11,2,6,4,2,2,2,1,0,2,6,1,0,0,0,1,0,1,0,0,0,0,0,0,0,0,0,0,0,0,0,0,0,0,0,0,0,0,0,0,0,0,0,0,0,0,0,0,0,0,0,0,0,0,0,0,0,0,0,0,0,0,0,0,0,0,0,0,0,0,0,0,0,0,0,0,0,0,0,0,0,0,0,0,0,0,0,0,0,0,0,0 0,0,0,65,81,48,38,39,21,21,11,9,6,6,11,7,4,7,2,2,2,1,3,1,0,1,3,0,2,1,1,0,1,0,0,0,1,0,1,0,0,0,0,0,0,0,1,0,1,0,0,0,0,0,0,0,0,0,0,0,0,0,0,0,0,0,0,0,0,0,0,0,0,0,0,0,1,0,0,0,0,0,0,0,0,0,0,0,0,0,0,0,0,0,0,1 0,0,0,1,11,2,6,4,2,2,2,1,0,2,6,1,0,0,0,1,0,1,0,0,0,0,0,0,0,0,0,0,0,0,0,0,0,0,0,0,0,0,0,0,0,0,0,0,0,0,0,0,0,0,0,0,0,0,0,0,0,0,0,0,0,0,0,0,0,0,0,0,0,0,0,0,0,0,0,0,0,0,0,0,0,0,0,0,0,0,0,0,0,0,0,0
/media/michal/Pauli/masterdata/processed/annotated/rares/20140924/patrol_run_164/room_1/features/nonPlanes<pfhrgb_uniform_2015-05-17_23-43-22.pcd 1.17465 0.00151389 0.0030687 6 679,556,258,142,112,111 65,49,28,23,15,18 0,1,0,0,0,0 975936 1012 4060 64 545 400 3200 42 503 974924,402,172,122,56,49,41,35,20,12,15,10,13,8,12,6,5,3,4,4,2,3,0,3,1,0,2,1,0,3,1,0,2,0,0,2,0,0,0,0,1,0,0,1,0,0,0,0,0,0,0,0,0,0,1 0,8,8,13,4,5,5,2,1,2,0,1,0,0,2,1,0,2,1,1,0,0,0,2,0,0,1,1,0,2,0,0,0,0,0,1,0,0,0,0,0,0,0,0,0,0,0,0,0,0,0,0,0,0,1 0,0,0,84,56,49,41,35,20,12,15,10,13,8,12,6,5,3,4,4,2,3,0,3,1,0,2,1,0,3,1,0,2,0,0,2,0,0,0,0,1,0,0,1,0,0,0,0,0,0,0,0,0,0,1 0,0,0,7,4,5,5,2,1,2,0,1,0,0,2,1,0,2,1,1,0,0,0,2,0,0,1,1,0,2,0,0,0,0,0,1,0,0,0,0,0,0,0,0,0,0,0,0,0,0,0,0,0,0,1
/media/michal/Pauli/masterdata/processed/annotated/rares/20140924/patrol_run_166/room_2/features/nonPlanes<pfhrgb_uniform_2015-05-17_23-44-26.pcd 1.32772 0.00170089 0.00270893 6 568,457,250,125,77,66 49,38,35,17,15,12 0,0,1,0,0,0 1121076 1110 4060 42 241 400 3039 28 217 1119966,451,207,110,74,47,52,49,19,25,16,9,9,2,3,5,2,6,0,2,1,1,3,2,2,3,2,0,1,2,0,0,0,1,0,0,1,0,0,0,1,0,0,1,0,0,0,0,0,0,0,0,0,0,1 0,6,6,2,5,6,5,4,1,1,0,2,0,0,0,3,0,0,0,0,0,0,0,0,0,1,0,0,0,0,0,0,0,0,0,0,0,0,0,0,0,0,0,0,0,0,0,0,0,0,0,0,0,0,0 0,0,0,58,74,47,52,49,19,25,16,9,9,2,3,5,2,6,0,2,1,1,3,2,2,3,2,0,1,2,0,0,0,1,0,0,1,0,0,0,1,0,0,1,0,0,0,0,0,0,0,0,0,0,1 0,0,0,0,5,6,5,4,1,1,0,2,0,0,0,3,0,0,0,0,0,0,0,0,0,1,0,0,0,0,0,0,0,0,0,0,0,0,0,0,0,0,0,0,0,0,0,0,0,0,0,0,0,0,0
