179969 2631 8.15239 0.50031
179282 2569 8.23796 0.409969
173730 2404 7.51503 0.188744
165436 2319 7.23353 0.349022
180856 2474 8.79121 0.272629
155260 2209 6.9746 0.345641
156493 2323 6.68266 0.358843
181244 2540 8.16537 0.333092
154201 2309 6.50621 0.342694
180969 2571 8.35238 0.425905
181125 2587 7.93793 0.433799
163464 2503 6.87987 0.241585
176977 2499 8.04134 0.42008
180957 2478 8.241 0.235474
166202 2377 7.00394 0.390767
154682 2282 6.39584 0.358509
156894 2376 7.14271 0.37751
154769 2314 6.97976 0.191086
180100 2529 8.3596 0.294777
172683 2370 8.22511 0.216588
172669 2424 8.21826 0.275574
169346 2332 7.85304 0.421225
174389 2404 8.56319 0.355791
181428 2577 7.97253 0.204519
175098 2459 7.75328 0.226198
182305 2538 7.81382 0.198551
180496 2497 7.78919 0.254397
168815 2350 7.3801 0.38268
169998 2399 7.22383 0.379519
183763 2575 7.9136 0.419972
179659 2610 7.83316 0.415726
177383 2402 8.05434 0.257573
182294 2473 8.36194 0.366936
180307 2436 8.28767 0.303493
168079 2382 7.2357 0.388123
168971 2325 7.37357 0.234428
161335 2286 6.98676 0.385993
182781 2534 9.00168 0.309442
177748 2505 7.72891 0.322219
162211 2308 7.26901 0.375379
154963 2252 7.03289 0.278423
181881 2453 8.63402 0.435501
176886 2458 7.58617 0.423651
172355 2450 7.83168 0.227332
177767 2382 8.21695 0.37856
186877 2591 8.24406 0.277238
180372 2473 8.14698 0.424608
179332 2464 8.29511 0.407825
180983 2414 8.61465 0.530194
191333 2716 8.7479 0.302289
179947 2405 7.6324 0.319949
176945 2467 7.48077 0.400897
178782 2482 8.28806 0.535305
175827 2540 7.66369 0.42147
184913 2593 8.37939 0.419797
179065 2421 7.72061 0.421661
179432 2522 7.82568 0.287383
183873 2672 8.10269 0.434955
175824 2445 7.99294 0.318797
149921 2414 6.11965 0.356128
157530 2521 6.62635 0.378946
153307 2460 6.83439 0.258177
153230 2406 6.47442 0.382719
156474 2450 7.1749 0.280618
159357 2418 6.67661 0.40302
