obj_search:
  camera_z: 1.7
  ceiling_z: 2.27
  floor_z: 0
  object_query: {K: 5}
  processed_data_dir: /home/michal/Downloads/pcddata/processed/
  raw_data_dir: /media/michal/Pauli/masterdata/raw/
object_query: {K: 10, cluster_maxsize: 500, cluster_minsize: 12, cluster_tolerance: 0.25,
  clusters_to_results: true, extract_mult: 1.3, match: nonPlanes<pfhrgb_iss, n_max_points: 400,
  output_dir: 'NULL', query_features: '/home/michal/Downloads/pcddata/processed/query/queryobjects/0,02/chair1/features/rgb_0015_label_chair1<pfhrgb_iss_2015-05-28_11-02-05.pcd',
  results_out: '/home/michal/Downloads/pcddata/processed/query/k10_mx400_t0,25/ds0_02mp_4500',
  subdirs: 4, target_features: /media/michal/Pauli/masterdata/processed/paramtest/ds0_02mp_4500,
  x_step_hough: 0.05, y_step_hough: 0.05, z_step_hough: 0.05}
rosdistro: 'indigo

  '
roslaunch:
  uris: {host_tycho__32911: 'http://tycho:32911/', host_tycho__41699: 'http://tycho:41699/',
    host_tycho__42313: 'http://tycho:42313/', host_tycho__49672: 'http://tycho:49672/',
    host_tycho__50801: 'http://tycho:50801/', host_tycho__53085: 'http://tycho:53085/',
    host_tycho__55205: 'http://tycho:55205/', host_tycho__55410: 'http://tycho:55410/'}
rosversion: '1.11.10

  '
run_id: d8cef494-08d0-11e5-8413-3c970e77227e
BEGIN_DATA
# fname t_query t_hough t_cluster cluster_n cluster_scores cluster_points cluster_inobb n_hough_tot nonzero_hough hough_votes boxpts boxvotes maxpts maxvotes maxboxpts maxboxvotes hough_hist box_hist max_hist boxmax_hist
/media/michal/Pauli/masterdata/processed/paramtest/ds0_02mp_4500/annotated/rares/20140820/patrol_run_2/room_1/features/nonPlanes<pfhrgb_iss_2015-05-18_22-48-38.pcd 0.0233697 0.00241886 0.00178595 5 127,64,55,44,37 35,22,25,12,12 0,0,0,1,0 361152 219 550 20 69 219 550 20 69 360933,102,43,29,19,7,5,4,2,2,1,2,0,2,1 0,6,4,2,4,1,1,0,0,1,0,0,0,1,0 0,102,43,29,19,7,5,4,2,2,1,2,0,2,1 0,6,4,2,4,1,1,0,0,1,0,0,0,1,0
/media/michal/Pauli/masterdata/processed/paramtest/ds0_02mp_4500/annotated/rares/20140820/patrol_run_4/room_0/features/nonPlanes<pfhrgb_iss_2015-05-18_22-48-39.pcd 0.0221005 0.000652151 0.00115104 6 117,82,44,42,40,21 24,27,27,22,16,12 1,0,0,0,0,0 390080 240 550 29 126 240 550 29 126 389840,125,46,26,15,12,4,2,1,5,3,0,0,0,1 0,7,7,1,2,2,1,2,1,4,2,0,0,0,0 0,125,46,26,15,12,4,2,1,5,3,0,0,0,1 0,7,7,1,2,2,1,2,1,4,2,0,0,0,0
/media/michal/Pauli/masterdata/processed/paramtest/ds0_02mp_4500/annotated/rares/20140828/patrol_run_19/room_3/features/nonPlanes<pfhrgb_iss_2015-05-18_22-48-40.pcd 0.0208186 0.000918962 0.00185098 6 110,66,60,57,51,42 35,28,23,21,19,17 0,0,0,0,0,0 386628 246 550 12 17 246 550 12 17 386382,123,51,33,15,9,5,4,2,1,1,0,1,0,0,0,1 0,9,1,2,0,0,0,0,0,0,0,0,0,0,0,0,0 0,123,51,33,15,9,5,4,2,1,1,0,1,0,0,0,1 0,9,1,2,0,0,0,0,0,0,0,0,0,0,0,0,0
/media/michal/Pauli/masterdata/processed/paramtest/ds0_02mp_4500/annotated/rares/20140829/patrol_run_20/room_3/features/nonPlanes<pfhrgb_iss_2015-05-18_22-48-41.pcd 0.0300005 0.0012098 0.00143557 3 64,54,33 22,21,12 0,0,0 368000 223 550 18 79 223 550 18 79 367777,110,35,28,20,11,8,5,1,1,1,0,1,1,0,0,1 0,4,1,3,3,2,1,2,0,1,0,0,0,1,0,0,0 0,110,35,28,20,11,8,5,1,1,1,0,1,1,0,0,1 0,4,1,3,3,2,1,2,0,1,0,0,0,1,0,0,0
/media/michal/Pauli/masterdata/processed/paramtest/ds0_02mp_4500/annotated/rares/20140829/patrol_run_26/room_2/features/nonPlanes<pfhrgb_iss_2015-05-18_22-48-42.pcd 0.0267772 0.000598659 0.00117494 7 103,56,52,45,37,22,18 32,30,21,14,14,17,15 1,0,0,0,0,0,0 382800 244 550 25 86 244 550 25 86 382556,141,42,22,9,10,8,2,2,1,1,1,3,0,1,1 0,6,5,5,1,4,2,1,0,0,0,0,1,0,0,0 0,141,42,22,9,10,8,2,2,1,1,1,3,0,1,1 0,6,5,5,1,4,2,1,0,0,0,0,1,0,0,0
/media/michal/Pauli/masterdata/processed/paramtest/ds0_02mp_4500/annotated/rares/20140901/patrol_run_27/room_2/features/nonPlanes<pfhrgb_iss_2015-05-18_22-48-43.pcd 0.0220455 0.000591597 0.00151297 4 143,54,51,42 34,29,15,18 1,0,0,0 353856 200 550 25 115 200 550 25 115 353656,89,45,20,15,8,3,4,3,4,2,4,0,2,0,1 0,10,1,2,3,1,0,0,1,2,1,4,0,0,0,0 0,89,45,20,15,8,3,4,3,4,2,4,0,2,0,1 0,10,1,2,3,1,0,0,1,2,1,4,0,0,0,0
/media/michal/Pauli/masterdata/processed/paramtest/ds0_02mp_4500/annotated/rares/20140901/patrol_run_31/room_2/features/nonPlanes<pfhrgb_iss_2015-05-18_22-48-44.pcd 0.0270038 0.00213178 0.000859073 4 184,64,39,31 38,23,22,13 0,0,0,0 371200 199 550 0 0 199 550 0 0 371001,84,31,31,22,6,12,5,0,4,0,1,2,0,0,1 0,0,0,0,0,0,0,0,0,0,0,0,0,0,0,0 0,84,31,31,22,6,12,5,0,4,0,1,2,0,0,1 0,0,0,0,0,0,0,0,0,0,0,0,0,0,0,0
/media/michal/Pauli/masterdata/processed/paramtest/ds0_02mp_4500/annotated/rares/20140901/patrol_run_32/room_2/features/nonPlanes<pfhrgb_iss_2015-05-18_22-48-45.pcd 0.0264361 0.00168737 0.0012808 4 86,84,46,37 23,17,21,14 0,0,0,0 424320 217 550 3 6 217 550 3 6 424103,95,55,23,18,7,7,4,1,1,0,1,0,2,2,0,0,1 0,1,1,1,0,0,0,0,0,0,0,0,0,0,0,0,0,0 0,95,55,23,18,7,7,4,1,1,0,1,0,2,2,0,0,1 0,1,1,1,0,0,0,0,0,0,0,0,0,0,0,0,0,0
/media/michal/Pauli/masterdata/processed/paramtest/ds0_02mp_4500/annotated/rares/20140901/patrol_run_33/room_1/features/nonPlanes<pfhrgb_iss_2015-05-18_22-48-46.pcd 0.0183186 0.000625948 0.00185467 3 96,43,25 31,19,16 -1 374912 258 550 -1 -1 258 550 -1 -1 374654,150,43,26,20,5,3,1,4,1,1,1,0,1,0,1,1 -1 0,150,43,26,20,5,3,1,4,1,1,1,0,1,0,1,1 -1
/media/michal/Pauli/masterdata/processed/paramtest/ds0_02mp_4500/annotated/rares/20140902/patrol_run_35/room_2/features/nonPlanes<pfhrgb_iss_2015-05-18_22-48-46.pcd 0.0200549 0.00114933 0.000897416 4 141,133,46,23 25,31,23,15 0,1,0,0 413952 200 550 24 115 200 550 24 115 413752,95,40,23,9,10,3,3,7,1,3,0,3,1,0,0,0,0,1,1 0,8,1,0,1,5,1,1,3,1,3,0,0,0,0,0,0,0,0,0 0,95,40,23,9,10,3,3,7,1,3,0,3,1,0,0,0,0,1,1 0,8,1,0,1,5,1,1,3,1,3,0,0,0,0,0,0,0,0,0
/media/michal/Pauli/masterdata/processed/paramtest/ds0_02mp_4500/annotated/rares/20140902/patrol_run_38/room_0/features/nonPlanes<pfhrgb_iss_2015-05-18_22-48-47.pcd 0.0229076 0.000595883 0.00115075 3 117,95,88 26,23,20 0,1,0 347136 160 550 21 89 160 550 21 89 346976,66,30,9,11,11,7,3,7,5,4,0,4,1,1,0,0,0,0,1 0,5,6,1,2,1,2,0,2,1,0,0,0,0,0,0,0,0,0,1 0,66,30,9,11,11,7,3,7,5,4,0,4,1,1,0,0,0,0,1 0,5,6,1,2,1,2,0,2,1,0,0,0,0,0,0,0,0,0,1
/media/michal/Pauli/masterdata/processed/paramtest/ds0_02mp_4500/annotated/rares/20140903/patrol_run_1/room_4/features/nonPlanes<pfhrgb_iss_2015-05-18_22-48-48.pcd 0.031545 0.00146209 0.00155315 4 103,41,39,19 14,19,20,12 1,0,0,0 442784 216 550 20 113 216 550 20 113 442568,101,51,27,11,5,5,2,0,4,2,3,3,0,2 0,5,1,3,1,2,1,0,0,2,1,1,2,0,1 0,101,51,27,11,5,5,2,0,4,2,3,3,0,2 0,5,1,3,1,2,1,0,0,2,1,1,2,0,1
/media/michal/Pauli/masterdata/processed/paramtest/ds0_02mp_4500/annotated/rares/20140903/patrol_run_10/room_2/features/nonPlanes<pfhrgb_iss_2015-05-18_22-48-49.pcd 0.0341507 0.00135686 0.00122927 3 93,83,43 22,18,28 0,0,0 389961 190 550 8 17 190 550 8 17 389771,95,27,19,12,8,7,4,3,6,2,3,2,1,0,0,0,0,1 0,5,1,0,0,2,0,0,0,0,0,0,0,0,0,0,0,0,0 0,95,27,19,12,8,7,4,3,6,2,3,2,1,0,0,0,0,1 0,5,1,0,0,2,0,0,0,0,0,0,0,0,0,0,0,0,0
/media/michal/Pauli/masterdata/processed/paramtest/ds0_02mp_4500/annotated/rares/20140903/patrol_run_12/room_2/features/nonPlanes<pfhrgb_iss_2015-05-18_22-48-50.pcd 0.0269513 0.00115858 0.00141876 5 83,78,59,48,40 13,32,23,13,13 0,0,0,0,0 368000 214 550 6 29 214 550 6 29 367786,105,38,26,15,10,4,6,1,2,2,1,1,1,0,1,0,0,1 0,0,2,2,0,0,0,0,0,1,1,0,0,0,0,0,0,0,0 0,105,38,26,15,10,4,6,1,2,2,1,1,1,0,1,0,0,1 0,0,2,2,0,0,0,0,0,1,1,0,0,0,0,0,0,0,0
/media/michal/Pauli/masterdata/processed/paramtest/ds0_02mp_4500/annotated/rares/20140903/patrol_run_14/room_1/features/nonPlanes<pfhrgb_iss_2015-05-18_22-48-51.pcd 0.0319164 0.00104787 0.00144495 6 85,40,38,35,30,30 34,13,12,13,15,12 0,0,0,0,0,1 392704 229 550 7 17 229 550 7 17 392475,108,42,25,25,15,6,2,1,1,3,1 0,2,3,0,1,1,0,0,0,0,0,0 0,108,42,25,25,15,6,2,1,1,3,1 0,2,3,0,1,1,0,0,0,0,0,0
/media/michal/Pauli/masterdata/processed/paramtest/ds0_02mp_4500/annotated/rares/20140903/patrol_run_2/room_4/features/nonPlanes<pfhrgb_iss_2015-05-18_22-48-52.pcd 0.0263969 0.000609637 0.00105593 8 72,58,56,51,50,41,29,27 28,12,22,19,20,18,13,14 0,1,0,0,1,0,0,0 374912 238 550 25 88 238 550 25 88 374674,119,48,29,18,6,9,1,2,2,0,1,1,1,0,1 0,12,2,2,2,1,3,0,1,0,0,0,1,0,0,1 0,119,48,29,18,6,9,1,2,2,0,1,1,1,0,1 0,12,2,2,2,1,3,0,1,0,0,0,1,0,0,1
/media/michal/Pauli/masterdata/processed/paramtest/ds0_02mp_4500/annotated/rares/20140903/patrol_run_9/room_2/features/nonPlanes<pfhrgb_iss_2015-05-18_22-48-53.pcd 0.0290391 0.000601924 0.00153338 4 132,100,51,32 31,12,21,17 0,0,0,0 417252 207 550 5 27 207 550 5 27 417045,107,42,13,15,4,4,4,4,4,3,2,1,2,0,2 0,1,0,1,0,0,1,0,1,1,0,0,0,0,0,0 0,107,42,13,15,4,4,4,4,4,3,2,1,2,0,2 0,1,0,1,0,0,1,0,1,1,0,0,0,0,0,0
/media/michal/Pauli/masterdata/processed/paramtest/ds0_02mp_4500/annotated/rares/20140904/patrol_run_15/room_2/features/nonPlanes<pfhrgb_iss_2015-05-18_22-48-54.pcd 0.0256277 0.00109125 0.00148289 3 127,50,25 38,15,14 1,0,0 375360 220 550 31 129 220 550 31 129 375140,117,37,24,14,9,3,4,3,1,2,2,0,0,1,0,2,0,0,1 0,11,5,3,2,2,2,0,1,0,2,2,0,0,0,0,0,0,0,1 0,117,37,24,14,9,3,4,3,1,2,2,0,0,1,0,2,0,0,1 0,11,5,3,2,2,2,0,1,0,2,2,0,0,0,0,0,0,0,1
/media/michal/Pauli/masterdata/processed/paramtest/ds0_02mp_4500/annotated/rares/20140905/patrol_run_17/room_2/features/nonPlanes<pfhrgb_iss_2015-05-18_22-48-55.pcd 0.0204487 0.00098275 0.00170932 5 175,44,39,34,22 40,19,17,15,14 1,0,0,0,0 377600 228 550 40 175 228 550 40 175 377372,124,41,22,12,5,5,4,4,3,4,1,2,1 0,13,5,3,2,4,1,3,3,1,2,1,2,0 0,124,41,22,12,5,5,4,4,3,4,1,2,1 0,13,5,3,2,4,1,3,3,1,2,1,2,0
/media/michal/Pauli/masterdata/processed/paramtest/ds0_02mp_4500/annotated/rares/20140905/patrol_run_19/room_1/features/nonPlanes<pfhrgb_iss_2015-05-18_22-48-56.pcd 0.0219642 0.000619566 0.00164986 7 139,48,37,32,27,26,20 30,21,14,12,15,13,14 1,0,0,0,0,0,0 364800 223 550 28 114 223 550 28 114 364577,102,52,29,14,6,6,2,5,1,0,2,2,2 0,10,1,5,2,2,1,0,4,1,0,2,0,0 0,102,52,29,14,6,6,2,5,1,0,2,2,2 0,10,1,5,2,2,1,0,4,1,0,2,0,0
/media/michal/Pauli/masterdata/processed/paramtest/ds0_02mp_4500/annotated/rares/20140905/patrol_run_21/room_2/features/nonPlanes<pfhrgb_iss_2015-05-18_22-48-57.pcd 0.0203049 0.000563303 0.00148587 5 120,107,66,39,25 23,30,26,16,18 1,0,0,0,0 371200 217 550 22 115 217 550 22 115 370983,107,45,20,13,12,7,2,3,0,1,3,1,1,0,0,1,1 0,8,4,1,0,0,0,2,1,0,1,2,1,1,0,0,0,1 0,107,45,20,13,12,7,2,3,0,1,3,1,1,0,0,1,1 0,8,4,1,0,0,0,2,1,0,1,2,1,1,0,0,0,1
/media/michal/Pauli/masterdata/processed/paramtest/ds0_02mp_4500/annotated/rares/20140905/patrol_run_23/room_2/features/nonPlanes<pfhrgb_iss_2015-05-18_22-48-58.pcd 0.0233818 0.000596261 0.00155837 6 108,105,71,67,27,21 26,23,33,25,14,14 0,1,0,0,0,0 374912 226 550 23 95 226 550 23 95 374686,110,54,26,10,3,5,6,2,3,1,3,1,1,0,0,1 0,5,4,7,0,0,2,1,0,2,0,1,0,1,0,0,0 0,110,54,26,10,3,5,6,2,3,1,3,1,1,0,0,1 0,5,4,7,0,0,2,1,0,2,0,1,0,1,0,0,0
/media/michal/Pauli/masterdata/processed/paramtest/ds0_02mp_4500/annotated/rares/20140905/patrol_run_25/room_1/features/nonPlanes<pfhrgb_iss_2015-05-18_22-48-59.pcd 0.0223074 0.00102413 0.00130213 8 101,94,73,52,30,26,19,18 28,27,27,17,16,15,13,12 1,0,0,0,0,0,0,0 363776 232 550 25 88 232 550 25 88 363544,112,50,29,18,3,6,3,1,5,2,2,1 0,11,4,2,1,0,1,2,0,3,0,0,1 0,112,50,29,18,3,6,3,1,5,2,2,1 0,11,4,2,1,0,1,2,0,3,0,0,1
/media/michal/Pauli/masterdata/processed/paramtest/ds0_02mp_4500/annotated/rares/20140905/patrol_run_27/room_2/features/nonPlanes<pfhrgb_iss_2015-05-18_22-48-59.pcd 0.02514 0.00122074 0.00185657 7 99,99,76,46,35,30,16 34,26,29,20,18,16,12 0,1,0,0,0,0,0 398475 235 550 22 63 235 550 22 63 398240,116,49,29,12,12,8,2,1,1,1,2,0,1,0,0,0,1 0,8,5,2,2,1,3,0,1,0,0,0,0,0,0,0,0,0 0,116,49,29,12,12,8,2,1,1,1,2,0,1,0,0,0,1 0,8,5,2,2,1,3,0,1,0,0,0,0,0,0,0,0,0
/media/michal/Pauli/masterdata/processed/paramtest/ds0_02mp_4500/annotated/rares/20140905/patrol_run_29/room_2/features/nonPlanes<pfhrgb_iss_2015-05-18_22-49-00.pcd 0.0269681 0.000981684 0.00176606 5 142,62,46,41,38 48,25,15,13,18 0,0,1,0,0 364800 229 550 12 30 229 550 12 30 364571,122,39,25,13,11,7,2,3,1,2,0,2,0,0,0,1,0,0,1 0,4,4,1,0,3,0,0,0,0,0,0,0,0,0,0,0,0,0,0 0,122,39,25,13,11,7,2,3,1,2,0,2,0,0,0,1,0,0,1 0,4,4,1,0,3,0,0,0,0,0,0,0,0,0,0,0,0,0,0
/media/michal/Pauli/masterdata/processed/paramtest/ds0_02mp_4500/annotated/rares/20140905/patrol_run_30/room_1/features/nonPlanes<pfhrgb_iss_2015-05-18_22-49-01.pcd 0.023231 0.000617843 0.000911662 7 60,60,54,51,49,35,33 19,13,23,18,15,13,16 0,0,0,0,0,0,0 375705 189 550 12 79 189 550 12 79 375516,86,26,26,13,13,8,5,4,2,1,0,2,0,1,0,0,1,0,1 0,2,1,2,1,0,1,0,2,0,0,0,2,0,0,0,0,0,0,1 0,86,26,26,13,13,8,5,4,2,1,0,2,0,1,0,0,1,0,1 0,2,1,2,1,0,1,0,2,0,0,0,2,0,0,0,0,0,0,1
/media/michal/Pauli/masterdata/processed/paramtest/ds0_02mp_4500/annotated/rares/20140905/patrol_run_30/room_7/features/nonPlanes<pfhrgb_iss_2015-05-18_22-49-02.pcd 0.0254012 0.00205762 0.000974896 3 130,30,17 26,16,12 1,0,0 389400 217 550 24 105 217 550 24 105 389183,106,49,22,9,9,4,7,1,2,3,0,0,1,3,1 0,2,3,6,3,2,4,1,1,2,0,0,0,0,0,0 0,106,49,22,9,9,4,7,1,2,3,0,0,1,3,1 0,2,3,6,3,2,4,1,1,2,0,0,0,0,0,0
/media/michal/Pauli/masterdata/processed/paramtest/ds0_02mp_4500/annotated/rares/20140908/patrol_run_32/room_2/features/nonPlanes<pfhrgb_iss_2015-05-18_22-49-03.pcd 0.034499 0.000660954 0.00157768 6 121,79,49,46,34,20 39,16,22,16,15,13 0,0,0,0,0,0 381888 214 550 5 18 214 550 5 18 381674,106,31,32,21,6,5,2,0,2,1,4,2,0,0,1,0,1 0,2,1,0,1,0,0,0,0,0,1,0,0,0,0,0,0,0 0,106,31,32,21,6,5,2,0,2,1,4,2,0,0,1,0,1 0,2,1,0,1,0,0,0,0,0,1,0,0,0,0,0,0,0
/media/michal/Pauli/masterdata/processed/paramtest/ds0_02mp_4500/annotated/rares/20140908/patrol_run_34/room_2/features/nonPlanes<pfhrgb_iss_2015-05-18_22-49-04.pcd 0.0223701 0.00101904 0.00113042 4 57,55,48,40 15,16,20,17 0,0,0,0 382336 209 550 10 37 209 550 10 37 382127,96,43,24,15,10,7,3,3,0,2,1,3,0,0,1,0,1 0,5,1,1,1,0,0,0,0,0,0,1,1,0,0,0,0,0 0,96,43,24,15,10,7,3,3,0,2,1,3,0,0,1,0,1 0,5,1,1,1,0,0,0,0,0,0,1,1,0,0,0,0,0
/media/michal/Pauli/masterdata/processed/paramtest/ds0_02mp_4500/annotated/rares/20140908/patrol_run_36/room_3/features/nonPlanes<pfhrgb_iss_2015-05-18_22-49-05.pcd 0.0250832 0.000611509 0.00122954 6 93,82,65,47,38,16 28,29,33,29,17,12 1,0,0,0,0,0 362496 229 550 21 76 229 550 21 76 362267,104,53,31,15,10,5,1,2,4,2,0,1,0,0,0,1 0,4,4,3,1,5,3,0,1,0,0,0,0,0,0,0,0 0,104,53,31,15,10,5,1,2,4,2,0,1,0,0,0,1 0,4,4,3,1,5,3,0,1,0,0,0,0,0,0,0,0
/media/michal/Pauli/masterdata/processed/paramtest/ds0_02mp_4500/annotated/rares/20140908/patrol_run_38/room_2/features/nonPlanes<pfhrgb_iss_2015-05-18_22-49-06.pcd 0.0225803 0.000694848 0.00115712 8 57,50,49,46,43,36,32,29 16,15,20,14,29,13,12,13 0,0,1,0,0,0,1,0 393216 238 550 26 61 238 550 26 61 392978,123,52,28,8,9,7,3,0,2,0,1,1,1,2,0,0,1 0,9,9,4,0,2,2,0,0,0,0,0,0,0,0,0,0,0 0,123,52,28,8,9,7,3,0,2,0,1,1,1,2,0,0,1 0,9,9,4,0,2,2,0,0,0,0,0,0,0,0,0,0,0
/media/michal/Pauli/masterdata/processed/paramtest/ds0_02mp_4500/annotated/rares/20140908/patrol_run_39/room_3/features/nonPlanes<pfhrgb_iss_2015-05-18_22-49-07.pcd 0.0278153 0.000811606 0.00110021 5 86,70,64,44,27 24,14,33,18,12 0,0,0,0,0 386100 200 550 6 19 200 550 6 19 385900,85,51,24,11,5,6,6,2,0,3,3,0,0,0,1,1,2 0,2,0,2,0,1,1,0,0,0,0,0,0,0,0,0,0,0 0,85,51,24,11,5,6,6,2,0,3,3,0,0,0,1,1,2 0,2,0,2,0,1,1,0,0,0,0,0,0,0,0,0,0,0
/media/michal/Pauli/masterdata/processed/paramtest/ds0_02mp_4500/annotated/rares/20140908/patrol_run_41/room_3/features/nonPlanes<pfhrgb_iss_2015-05-18_22-49-08.pcd 0.0267424 0.000528384 0.00150493 6 128,82,58,46,40,31 32,17,34,12,22,14 0,1,0,0,0,0 368640 222 550 18 77 222 550 18 77 368418,108,52,22,16,7,2,2,3,1,1,1,3,2,0,1,1 0,5,3,2,2,1,2,0,0,1,1,0,0,0,0,0,1 0,108,52,22,16,7,2,2,3,1,1,1,3,2,0,1,1 0,5,3,2,2,1,2,0,0,1,1,0,0,0,0,0,1
/media/michal/Pauli/masterdata/processed/paramtest/ds0_02mp_4500/annotated/rares/20140908/patrol_run_43/room_3/features/nonPlanes<pfhrgb_iss_2015-05-18_22-49-09.pcd 0.0266447 0.000642312 0.00163442 5 63,45,43,26,25 22,20,24,16,16 0,0,0,0,0 393294 228 550 14 42 228 550 14 42 393066,107,49,34,15,9,2,1,3,1,1,2,2,0,1,0,1 0,4,4,4,0,0,0,1,0,0,0,1,0,0,0,0,0 0,107,49,34,15,9,2,1,3,1,1,2,2,0,1,0,1 0,4,4,4,0,0,0,1,0,0,0,1,0,0,0,0,0
/media/michal/Pauli/masterdata/processed/paramtest/ds0_02mp_4500/annotated/rares/20140908/patrol_run_45/room_2/features/nonPlanes<pfhrgb_iss_2015-05-18_22-49-10.pcd 0.0255792 0.000621201 0.00167545 6 85,79,50,40,26,25 32,23,16,14,19,14 0,1,0,0,0,0 373065 227 550 17 60 227 550 17 60 372838,110,53,22,13,10,8,2,2,2,1,1,1,0,0,0,0,0,1,1 0,5,6,1,3,0,0,0,0,1,0,0,0,0,0,0,0,0,0,1 0,110,53,22,13,10,8,2,2,2,1,1,1,0,0,0,0,0,1,1 0,5,6,1,3,0,0,0,0,1,0,0,0,0,0,0,0,0,0,1
/media/michal/Pauli/masterdata/processed/paramtest/ds0_02mp_4500/annotated/rares/20140908/patrol_run_47/room_3/features/nonPlanes<pfhrgb_iss_2015-05-18_22-49-11.pcd 0.027003 0.00108459 0.0016204 5 128,119,71,35,28 33,34,34,17,13 1,0,0,0,0 365568 231 550 33 114 231 550 33 114 365337,113,51,25,17,7,4,3,3,4,0,1,0,1,2 0,7,9,5,5,2,1,1,1,1,0,0,0,0,1 0,113,51,25,17,7,4,3,3,4,0,1,0,1,2 0,7,9,5,5,2,1,1,1,1,0,0,0,0,1
/media/michal/Pauli/masterdata/processed/paramtest/ds0_02mp_4500/annotated/rares/20140909/patrol_run_49/room_3/features/nonPlanes<pfhrgb_iss_2015-05-18_22-49-13.pcd 0.024831 0.00104714 0.00171926 7 127,59,44,39,31,19,17 30,24,21,17,15,12,12 1,0,0,0,0,0,0 418176 225 550 31 128 225 550 31 128 417951,105,52,23,19,8,5,2,3,3,1,1,1,0,2 0,7,2,7,3,5,3,0,1,1,1,0,0,0,1 0,105,52,23,19,8,5,2,3,3,1,1,1,0,2 0,7,2,7,3,5,3,0,1,1,1,0,0,0,1
/media/michal/Pauli/masterdata/processed/paramtest/ds0_02mp_4500/annotated/rares/20140909/patrol_run_51/room_3/features/nonPlanes<pfhrgb_iss_2015-05-18_22-49-14.pcd 0.0243478 0.000926856 0.001494 3 143,111,83 41,29,18 1,0,0 764544 195 550 37 132 195 550 37 132 764349,82,39,28,14,6,9,2,4,3,2,3,0,2,1 0,13,7,4,4,0,2,1,1,2,1,2,0,0,0 0,82,39,28,14,6,9,2,4,3,2,3,0,2,1 0,13,7,4,4,0,2,1,1,2,1,2,0,0,0
/media/michal/Pauli/masterdata/processed/paramtest/ds0_02mp_4500/annotated/rares/20140909/patrol_run_53/room_3/features/nonPlanes<pfhrgb_iss_2015-05-18_22-49-15.pcd 0.0275806 0.00121063 0.00153172 5 151,71,54,53,28 37,27,16,21,17 1,0,0,0,0 388416 217 550 31 107 217 550 31 107 388199,113,44,15,12,10,5,4,2,4,3,0,2,0,3 0,15,4,1,1,4,1,0,0,3,1,0,0,0,1 0,113,44,15,12,10,5,4,2,4,3,0,2,0,3 0,15,4,1,1,4,1,0,0,3,1,0,0,0,1
/media/michal/Pauli/masterdata/processed/paramtest/ds0_02mp_4500/annotated/rares/20140909/patrol_run_55/room_3/features/nonPlanes<pfhrgb_iss_2015-05-18_22-49-15.pcd 0.0239316 0.00110543 0.00159485 6 92,77,75,42,36,25 19,25,26,12,16,16 0,0,0,0,1,0 426888 218 550 17 37 218 550 17 37 426670,98,49,25,18,6,5,5,6,0,4,0,2 0,10,1,1,3,2,0,0,0,0,0,0,0 0,98,49,25,18,6,5,5,6,0,4,0,2 0,10,1,1,3,2,0,0,0,0,0,0,0
/media/michal/Pauli/masterdata/processed/paramtest/ds0_02mp_4500/annotated/rares/20140909/patrol_run_59/room_3/features/nonPlanes<pfhrgb_iss_2015-05-18_22-49-16.pcd 0.0270574 0.000609107 0.00139158 6 61,56,45,45,34,25 22,24,13,12,19,13 1,0,0,0,0,0 429000 208 550 19 57 208 550 19 57 428792,101,43,16,14,14,5,3,1,2,3,2,0,1,0,1,2 0,6,6,1,1,3,1,0,0,0,0,1,0,0,0,0,0 0,101,43,16,14,14,5,3,1,2,3,2,0,1,0,1,2 0,6,6,1,1,3,1,0,0,0,0,1,0,0,0,0,0
/media/michal/Pauli/masterdata/processed/paramtest/ds0_02mp_4500/annotated/rares/20140909/patrol_run_61/room_3/features/nonPlanes<pfhrgb_iss_2015-05-18_22-49-17.pcd 0.0219183 0.000595378 0.000771428 4 102,80,46,22 28,15,13,14 1,0,0,0 422144 190 550 23 80 190 550 23 80 421954,83,39,20,16,9,7,3,1,2,2,0,2,3,1,1,0,0,0,1 0,4,5,2,5,3,3,1,0,0,0,0,0,0,0,0,0,0,0,0 0,83,39,20,16,9,7,3,1,2,2,0,2,3,1,1,0,0,0,1 0,4,5,2,5,3,3,1,0,0,0,0,0,0,0,0,0,0,0,0
/media/michal/Pauli/masterdata/processed/paramtest/ds0_02mp_4500/annotated/rares/20140909/patrol_run_63/room_3/features/nonPlanes<pfhrgb_iss_2015-05-18_22-49-18.pcd 0.0233149 0.00120486 0.00151377 5 43,43,37,27,18 19,16,21,19,16 0,0,0,0,1 372480 241 550 17 20 241 550 17 20 372239,137,49,14,13,5,10,4,1,1,0,1,3,1,1,0,0,1 0,14,3,0,0,0,0,0,0,0,0,0,0,0,0,0,0,0 0,137,49,14,13,5,10,4,1,1,0,1,3,1,1,0,0,1 0,14,3,0,0,0,0,0,0,0,0,0,0,0,0,0,0,0
/media/michal/Pauli/masterdata/processed/paramtest/ds0_02mp_4500/annotated/rares/20140910/patrol_run_67/room_3/features/nonPlanes<pfhrgb_iss_2015-05-18_22-49-19.pcd 0.0268008 0.000833562 0.0013793 3 102,72,43 31,17,13 1,0,0 455994 205 550 25 98 205 550 25 98 455789,94,37,31,13,8,4,7,2,3,2,0,0,2,0,1,0,0,0,0,1 0,8,5,2,0,1,2,3,1,2,1,0,0,0,0,0,0,0,0,0,0 0,94,37,31,13,8,4,7,2,3,2,0,0,2,0,1,0,0,0,0,1 0,8,5,2,0,1,2,3,1,2,1,0,0,0,0,0,0,0,0,0,0
/media/michal/Pauli/masterdata/processed/paramtest/ds0_02mp_4500/annotated/rares/20140910/patrol_run_69/room_3/features/nonPlanes<pfhrgb_iss_2015-05-18_22-49-20.pcd 0.026098 0.00066525 0.00133561 4 104,75,65,36 20,22,24,13 0,0,0,0 431244 203 550 13 30 203 550 13 30 431041,95,39,20,12,11,11,4,4,1,2,0,1,0,1,0,1,1 0,7,2,1,1,0,2,0,0,0,0,0,0,0,0,0,0,0 0,95,39,20,12,11,11,4,4,1,2,0,1,0,1,0,1,1 0,7,2,1,1,0,2,0,0,0,0,0,0,0,0,0,0,0
/media/michal/Pauli/masterdata/processed/paramtest/ds0_02mp_4500/annotated/rares/20140910/patrol_run_71/room_3/features/nonPlanes<pfhrgb_iss_2015-05-18_22-49-21.pcd 0.0291807 0.00119526 0.00126478 3 79,68,31 19,12,12 0,0,0 464508 188 550 20 65 188 550 20 65 464320,73,46,24,13,4,7,4,6,3,2,1,3,0,1,1 0,5,6,2,3,1,1,1,0,0,0,0,1,0,0,0 0,73,46,24,13,4,7,4,6,3,2,1,3,0,1,1 0,5,6,2,3,1,1,1,0,0,0,0,1,0,0,0
/media/michal/Pauli/masterdata/processed/paramtest/ds0_02mp_4500/annotated/rares/20140910/patrol_run_74/room_3/features/nonPlanes<pfhrgb_iss_2015-05-18_22-49-22.pcd 0.0184985 0.00153825 0.000799166 3 205,56,51 44,17,19 1,0,0 363168 185 550 18 93 185 550 18 93 362983,89,29,18,14,6,5,9,4,2,2,0,1,1,2,2,0,1 0,5,3,1,0,2,0,1,2,1,1,0,0,1,1,0,0,0 0,89,29,18,14,6,5,9,4,2,2,0,1,1,2,2,0,1 0,5,3,1,0,2,0,1,2,1,1,0,0,1,1,0,0,0
/media/michal/Pauli/masterdata/processed/paramtest/ds0_02mp_4500/annotated/rares/20140910/patrol_run_77/room_4/features/nonPlanes<pfhrgb_iss_2015-05-18_22-49-23.pcd 0.0286079 0.000622871 0.001294 5 104,80,53,40,25 18,17,14,17,14 1,0,0,0,0 372438 180 550 13 71 180 550 13 71 372258,75,35,26,9,8,3,5,4,5,3,3,0,2,0,1,0,1 0,4,0,1,1,2,0,1,0,1,1,1,0,1,0,0,0,0 0,75,35,26,9,8,3,5,4,5,3,3,0,2,0,1,0,1 0,4,0,1,1,2,0,1,0,1,1,1,0,1,0,0,0,0
/media/michal/Pauli/masterdata/processed/paramtest/ds0_02mp_4500/annotated/rares/20140910/patrol_run_79/room_2/features/nonPlanes<pfhrgb_iss_2015-05-18_22-49-23.pcd 0.0388108 0.000607369 0.00147347 5 101,81,51,48,28 20,25,16,16,13 0,0,0,1,0 361152 202 550 20 68 202 550 20 68 360950,90,38,26,18,9,5,3,2,4,1,3,2,0,0,0,0,0,0,1 0,5,5,3,2,0,3,0,0,2,0,0,0,0,0,0,0,0,0,0 0,90,38,26,18,9,5,3,2,4,1,3,2,0,0,0,0,0,0,1 0,5,5,3,2,0,3,0,0,2,0,0,0,0,0,0,0,0,0,0
/media/michal/Pauli/masterdata/processed/paramtest/ds0_02mp_4500/annotated/rares/20140910/patrol_run_81/room_2/features/nonPlanes<pfhrgb_iss_2015-05-18_22-49-24.pcd 0.0252457 0.00155006 0.00188039 4 130,61,49,36 53,28,16,12 0,0,0,0 386100 259 550 4 4 259 550 4 4 385841,148,50,29,13,4,7,0,1,1,0,0,2,0,3,0,0,0,1 0,4,0,0,0,0,0,0,0,0,0,0,0,0,0,0,0,0,0 0,148,50,29,13,4,7,0,1,1,0,0,2,0,3,0,0,0,1 0,4,0,0,0,0,0,0,0,0,0,0,0,0,0,0,0,0,0
/media/michal/Pauli/masterdata/processed/paramtest/ds0_02mp_4500/annotated/rares/20140911/patrol_run_82/room_3/features/nonPlanes<pfhrgb_iss_2015-05-18_22-49-25.pcd 0.0196518 0.000992138 0.00103073 4 75,55,41,36 15,32,13,18 0,0,0,0 438471 213 550 17 68 213 550 17 68 438258,103,45,22,15,5,5,3,4,2,4,2,0,2,0,0,0,1 0,2,6,2,1,1,1,1,2,0,1,0,0,0,0,0,0,0 0,103,45,22,15,5,5,3,4,2,4,2,0,2,0,0,0,1 0,2,6,2,1,1,1,1,2,0,1,0,0,0,0,0,0,0
/media/michal/Pauli/masterdata/processed/paramtest/ds0_02mp_4500/annotated/rares/20140911/patrol_run_84/room_3/features/nonPlanes<pfhrgb_iss_2015-05-18_22-49-26.pcd 0.0274319 0.00147371 0.00165847 3 119,116,67 34,22,23 1,0,0 378972 203 550 34 115 203 550 34 115 378769,91,44,18,15,8,9,6,5,1,3,1,1,0,0,0,0,0,0,1 0,15,4,2,3,1,3,2,2,0,1,1,0,0,0,0,0,0,0,0 0,91,44,18,15,8,9,6,5,1,3,1,1,0,0,0,0,0,0,1 0,15,4,2,3,1,3,2,2,0,1,1,0,0,0,0,0,0,0,0
/media/michal/Pauli/masterdata/processed/paramtest/ds0_02mp_4500/annotated/rares/20140911/patrol_run_88/room_3/features/nonPlanes<pfhrgb_iss_2015-05-18_22-49-27.pcd 0.0243661 0.00151989 0.00146499 4 181,59,50,30 38,14,26,12 1,0,0,0 357504 198 550 34 171 198 550 34 171 357306,94,46,19,7,7,4,4,1,3,3,4,2,2,0,0,1,1 0,8,10,2,1,1,2,0,0,1,2,3,1,2,0,0,1,0 0,94,46,19,7,7,4,4,1,3,3,4,2,2,0,0,1,1 0,8,10,2,1,1,2,0,0,1,2,3,1,2,0,0,1,0
/media/michal/Pauli/masterdata/processed/paramtest/ds0_02mp_4500/annotated/rares/20140911/patrol_run_90/room_3/features/nonPlanes<pfhrgb_iss_2015-05-18_22-49-28.pcd 0.0242395 0.000716046 0.00173053 5 103,92,69,34,33 38,34,25,15,16 0,0,1,0,0 383295 238 550 18 62 238 550 18 62 383057,124,42,29,16,13,3,4,2,0,1,0,3,0,0,0,0,0,1 0,5,3,3,2,2,1,0,1,0,1,0,0,0,0,0,0,0,0 0,124,42,29,16,13,3,4,2,0,1,0,3,0,0,0,0,0,1 0,5,3,3,2,2,1,0,1,0,1,0,0,0,0,0,0,0,0
/media/michal/Pauli/masterdata/processed/paramtest/ds0_02mp_4500/annotated/rares/20140911/patrol_run_92/room_3/features/nonPlanes<pfhrgb_iss_2015-05-18_22-49-29.pcd 0.0300703 0.000811054 0.00127065 4 90,58,55,36 24,18,15,15 0,0,0,1 385152 183 550 19 68 183 550 19 68 384969,87,25,21,9,14,7,6,0,4,2,2,1,2,2,0,1 0,7,3,2,2,2,0,1,0,0,0,1,0,1,0,0,0 0,87,25,21,9,14,7,6,0,4,2,2,1,2,2,0,1 0,7,3,2,2,2,0,1,0,0,0,1,0,1,0,0,0
/media/michal/Pauli/masterdata/processed/paramtest/ds0_02mp_4500/annotated/rares/20140912/patrol_run_100/room_3/features/nonPlanes<pfhrgb_iss_2015-05-18_22-49-29.pcd 0.0313937 0.00126252 0.00167023 6 91,76,48,47,37,32 24,24,13,21,17,12 0,0,0,1,0,0 364914 223 550 22 48 223 550 22 48 364691,109,47,27,11,13,2,3,1,2,3,2,0,1,0,1,0,0,1 0,11,3,3,3,2,0,0,0,0,0,0,0,0,0,0,0,0,0 0,109,47,27,11,13,2,3,1,2,3,2,0,1,0,1,0,0,1 0,11,3,3,3,2,0,0,0,0,0,0,0,0,0,0,0,0,0
/media/michal/Pauli/masterdata/processed/paramtest/ds0_02mp_4500/annotated/rares/20140912/patrol_run_102/room_3/features/nonPlanes<pfhrgb_iss_2015-05-18_22-49-30.pcd 0.0261088 0.00142574 0.00153011 3 153,87,34 38,28,16 1,0,0 375360 217 550 32 151 217 550 32 151 375143,117,47,14,11,4,1,7,3,1,4,3,0,2,1,0,2 0,13,4,1,2,0,1,2,0,1,3,3,0,1,1,0,0 0,117,47,14,11,4,1,7,3,1,4,3,0,2,1,0,2 0,13,4,1,2,0,1,2,0,1,3,3,0,1,1,0,0
/media/michal/Pauli/masterdata/processed/paramtest/ds0_02mp_4500/annotated/rares/20140912/patrol_run_104/room_3/features/nonPlanes<pfhrgb_iss_2015-05-18_22-49-31.pcd 0.0211676 0.00102444 0.00159131 5 100,93,58,50,40 24,30,31,18,14 0,0,1,0,0 387321 234 550 29 56 234 550 29 56 387087,116,49,33,12,5,5,3,2,4,1,1,0,2,1 0,13,12,2,1,0,0,0,0,1,0,0,0,0,0 0,116,49,33,12,5,5,3,2,4,1,1,0,2,1 0,13,12,2,1,0,0,0,0,1,0,0,0,0,0
/media/michal/Pauli/masterdata/processed/paramtest/ds0_02mp_4500/annotated/rares/20140912/patrol_run_94/room_3/features/nonPlanes<pfhrgb_iss_2015-05-18_22-49-32.pcd 0.0239965 0.00098128 0.00118043 6 96,64,64,62,49,41 38,38,22,22,16,21 0,1,0,0,0,0 422532 258 550 27 47 258 550 27 47 422274,139,58,26,10,9,5,3,1,2,2,1,2 0,16,4,5,2,0,0,0,0,0,0,0,0 0,139,58,26,10,9,5,3,1,2,2,1,2 0,16,4,5,2,0,0,0,0,0,0,0,0
/media/michal/Pauli/masterdata/processed/paramtest/ds0_02mp_4500/annotated/rares/20140912/patrol_run_96/room_2/features/nonPlanes<pfhrgb_iss_2015-05-18_22-49-33.pcd 0.0268661 0.00101866 0.00139686 4 124,92,52,44 31,38,25,20 1,0,0,0 388000 216 550 27 111 216 550 27 111 387784,100,46,27,10,11,9,1,2,5,1,1,1,1,1 0,6,5,3,1,2,5,1,1,3,0,0,0,0,0 0,100,46,27,10,11,9,1,2,5,1,1,1,1,1 0,6,5,3,1,2,5,1,1,3,0,0,0,0,0
/media/michal/Pauli/masterdata/processed/paramtest/ds0_02mp_4500/annotated/rares/20140912/patrol_run_98/room_3/features/nonPlanes<pfhrgb_iss_2015-05-18_22-49-34.pcd 0.0222574 0.000614448 0.00099918 5 99,83,67,59,35 31,23,19,27,16 1,0,1,0,0 363168 209 550 40 137 209 550 40 137 362959,88,52,25,11,11,5,5,4,1,3,1,2,1 0,11,8,9,4,0,1,2,2,1,1,0,1,0 0,88,52,25,11,11,5,5,4,1,3,1,2,1 0,11,8,9,4,0,1,2,2,1,1,0,1,0
/media/michal/Pauli/masterdata/processed/paramtest/ds0_02mp_4500/annotated/rares/20140921/patrol_run_110/room_2/features/nonPlanes<pfhrgb_iss_2015-05-18_22-49-35.pcd 0.0153107 0.00147133 0.00139609 5 104,79,73,67,54 16,20,21,33,15 0,0,0,0,0 379040 208 550 1 1 208 550 1 1 378832,102,41,19,13,11,4,4,3,3,1,1,4,0,1,0,1 0,1,0,0,0,0,0,0,0,0,0,0,0,0,0,0,0 0,102,41,19,13,11,4,4,3,3,1,1,4,0,1,0,1 0,1,0,0,0,0,0,0,0,0,0,0,0,0,0,0,0
/media/michal/Pauli/masterdata/processed/paramtest/ds0_02mp_4500/annotated/rares/20140921/patrol_run_112/room_2/features/nonPlanes<pfhrgb_iss_2015-05-18_22-49-36.pcd 0.0283392 0.00112294 0.00145231 6 99,55,47,40,33,32 27,18,14,14,17,14 1,0,0,0,0,0 393822 213 550 26 97 213 550 26 97 393609,109,30,27,17,10,9,2,3,1,0,1,0,0,1,0,0,0,1,2 0,6,2,5,4,2,5,0,2,0,0,0,0,0,0,0,0,0,0,0 0,109,30,27,17,10,9,2,3,1,0,1,0,0,1,0,0,0,1,2 0,6,2,5,4,2,5,0,2,0,0,0,0,0,0,0,0,0,0,0
/media/michal/Pauli/masterdata/processed/paramtest/ds0_02mp_4500/annotated/rares/20140921/patrol_run_114/room_1/features/nonPlanes<pfhrgb_iss_2015-05-18_22-49-36.pcd 0.0257068 0.00149821 0.0019754 6 67,59,48,45,43,27 28,23,20,30,14,12 0,0,0,0,1,0 387200 261 550 19 55 261 550 19 55 386939,136,60,29,12,9,6,2,3,1,2,1 0,6,4,3,2,2,1,0,1,0,0,0 0,136,60,29,12,9,6,2,3,1,2,1 0,6,4,3,2,2,1,0,1,0,0,0
/media/michal/Pauli/masterdata/processed/paramtest/ds0_02mp_4500/annotated/rares/20140922/patrol_run_116/room_2/features/nonPlanes<pfhrgb_iss_2015-05-18_22-49-37.pcd 0.0244511 0.00134664 0.00172858 7 120,94,54,47,37,36,26 29,32,16,21,16,17,13 0,0,1,0,0,0,0 387200 224 550 20 64 224 550 20 64 386976,106,47,24,19,12,7,1,0,2,2,0,1,1,1,0,1 0,5,5,3,0,3,3,1,0,0,0,0,0,0,0,0,0 0,106,47,24,19,12,7,1,0,2,2,0,1,1,1,0,1 0,5,5,3,0,3,3,1,0,0,0,0,0,0,0,0,0
/media/michal/Pauli/masterdata/processed/paramtest/ds0_02mp_4500/annotated/rares/20140922/patrol_run_118/room_2/features/nonPlanes<pfhrgb_iss_2015-05-18_22-49-38.pcd 0.0278399 0.00184637 0.00174421 6 85,59,57,54,29,20 17,20,22,31,13,13 0,0,0,1,0,0 376320 240 550 30 52 240 550 30 52 376080,120,61,24,13,4,8,1,1,1,2,0,2,1,0,0,0,1,1 0,21,5,3,0,0,0,0,0,0,0,0,1,0,0,0,0,0,0 0,120,61,24,13,4,8,1,1,1,2,0,2,1,0,0,0,1,1 0,21,5,3,0,0,0,0,0,0,0,0,1,0,0,0,0,0,0
/media/michal/Pauli/masterdata/processed/paramtest/ds0_02mp_4500/annotated/rares/20140922/patrol_run_120/room_1/features/nonPlanes<pfhrgb_iss_2015-05-18_22-49-39.pcd 0.0235844 0.00103663 0.00144217 6 175,65,60,55,52,18 54,21,19,20,14,14 1,0,0,0,0,0 400256 219 550 23 86 219 550 23 86 400037,107,45,21,16,12,2,1,5,2,4,3,0,0,0,0,1 0,8,2,2,3,3,1,1,1,1,0,1,0,0,0,0,0 0,107,45,21,16,12,2,1,5,2,4,3,0,0,0,0,1 0,8,2,2,3,3,1,1,1,1,0,1,0,0,0,0,0
/media/michal/Pauli/masterdata/processed/paramtest/ds0_02mp_4500/annotated/rares/20140922/patrol_run_124/room_2/features/nonPlanes<pfhrgb_iss_2015-05-18_22-49-40.pcd 0.0318985 0.00105425 0.00105534 5 87,59,43,27,24 34,18,20,13,12 1,0,0,0,0 427392 237 550 16 45 237 550 16 45 427155,132,40,25,13,6,8,3,2,2,2,1,0,0,1,0,1,1 0,5,3,2,3,2,1,0,0,0,0,0,0,0,0,0,0,0 0,132,40,25,13,6,8,3,2,2,2,1,0,0,1,0,1,1 0,5,3,2,3,2,1,0,0,0,0,0,0,0,0,0,0,0
/media/michal/Pauli/masterdata/processed/paramtest/ds0_02mp_4500/annotated/rares/20140922/patrol_run_126/room_2/features/nonPlanes<pfhrgb_iss_2015-05-18_22-49-42.pcd 0.0217197 0.000629216 0.00156349 5 70,65,61,45,29 15,27,25,13,12 0,0,1,0,0 385632 232 550 26 63 232 550 26 63 385400,120,50,21,16,6,2,3,5,3,2,1,1,0,0,2 0,12,7,1,3,1,1,0,0,0,0,1,0,0,0,0 0,120,50,21,16,6,2,3,5,3,2,1,1,0,0,2 0,12,7,1,3,1,1,0,0,0,0,1,0,0,0,0
/media/michal/Pauli/masterdata/processed/paramtest/ds0_02mp_4500/annotated/rares/20140922/patrol_run_128/room_2/features/nonPlanes<pfhrgb_iss_2015-05-18_22-49-43.pcd 0.026228 0.00125847 0.00164943 4 81,65,58,58 27,16,32,14 0,0,1,0 374912 220 550 28 50 220 550 28 50 374692,106,55,17,14,9,7,1,1,1,1,3,1,0,2,1,0,0,1 0,17,6,3,0,1,0,1,0,0,0,0,0,0,0,0,0,0,0 0,106,55,17,14,9,7,1,1,1,1,3,1,0,2,1,0,0,1 0,17,6,3,0,1,0,1,0,0,0,0,0,0,0,0,0,0,0
/media/michal/Pauli/masterdata/processed/paramtest/ds0_02mp_4500/annotated/rares/20140922/patrol_run_130/room_2/features/nonPlanes<pfhrgb_iss_2015-05-18_22-49-44.pcd 0.0207474 0.00227405 0.00101811 4 117,71,57,41 42,23,31,15 1,0,0,0 373824 231 550 42 118 231 550 42 118 373593,120,50,19,18,5,4,5,0,3,0,2,3,0,1,0,0,0,1 0,20,9,5,2,0,3,0,0,1,0,0,1,0,0,0,0,0,1 0,120,50,19,18,5,4,5,0,3,0,2,3,0,1,0,0,0,1 0,20,9,5,2,0,3,0,0,1,0,0,1,0,0,0,0,0,1
/media/michal/Pauli/masterdata/processed/paramtest/ds0_02mp_4500/annotated/rares/20140922/patrol_run_132/room_1/features/nonPlanes<pfhrgb_iss_2015-05-18_22-49-45.pcd 0.0209476 0.00067075 0.00112179 5 146,49,45,44,19 46,29,22,19,14 0,0,0,0,0 381376 239 550 4 11 239 550 4 11 381137,121,53,25,17,4,7,5,1,1,1,0,2,1,0,0,0,0,0,1 0,0,2,1,1,0,0,0,0,0,0,0,0,0,0,0,0,0,0,0 0,121,53,25,17,4,7,5,1,1,1,0,2,1,0,0,0,0,0,1 0,0,2,1,1,0,0,0,0,0,0,0,0,0,0,0,0,0,0,0
/media/michal/Pauli/masterdata/processed/paramtest/ds0_02mp_4500/annotated/rares/20140922/patrol_run_134/room_2/features/nonPlanes<pfhrgb_iss_2015-05-18_22-49-46.pcd 0.0241559 0.00062348 0.00175785 6 136,77,69,40,33,21 54,29,30,19,13,12 0,0,1,0,0,0 368448 248 550 30 69 248 550 30 69 368200,133,52,20,13,12,7,3,2,3,1,1,0,0,1 0,18,4,2,1,2,2,0,0,0,0,1,0,0,0 0,133,52,20,13,12,7,3,2,3,1,1,0,0,1 0,18,4,2,1,2,2,0,0,0,0,1,0,0,0
/media/michal/Pauli/masterdata/processed/paramtest/ds0_02mp_4500/annotated/rares/20140922/patrol_run_138/room_2/features/nonPlanes<pfhrgb_iss_2015-05-18_22-49-47.pcd 0.0190179 0.00063836 0.000909784 5 65,58,50,35,27 26,20,14,12,12 0,1,0,0,0 401082 214 550 24 66 214 550 24 66 400868,104,45,13,21,12,6,2,2,2,1,1,2,1,0,1,1 0,4,13,1,4,1,0,0,0,0,0,0,1,0,0,0,0 0,104,45,13,21,12,6,2,2,2,1,1,2,1,0,1,1 0,4,13,1,4,1,0,0,0,0,0,0,1,0,0,0,0
/media/michal/Pauli/masterdata/processed/paramtest/ds0_02mp_4500/annotated/rares/20140923/patrol_run_139/room_2/features/nonPlanes<pfhrgb_iss_2015-05-18_22-49-48.pcd 0.0233901 0.00121333 0.00143954 3 173,41,25 42,20,12 1,0,0 384608 218 550 38 167 218 550 38 167 384390,102,45,26,16,6,9,2,2,5,0,3,2 0,11,5,1,5,3,5,1,1,2,0,3,1 0,102,45,26,16,6,9,2,2,5,0,3,2 0,11,5,1,5,3,5,1,1,2,0,3,1
/media/michal/Pauli/masterdata/processed/paramtest/ds0_02mp_4500/annotated/rares/20140923/patrol_run_141/room_2/features/nonPlanes<pfhrgb_iss_2015-05-18_22-49-49.pcd 0.0260081 0.00102691 0.00182247 4 158,72,35,29 43,30,21,12 1,0,0,0 387840 237 550 42 156 237 550 42 156 387603,126,48,22,16,7,4,1,4,2,2,3,0,0,1,1 0,11,13,5,3,0,3,0,1,1,2,2,0,0,0,1 0,126,48,22,16,7,4,1,4,2,2,3,0,0,1,1 0,11,13,5,3,0,3,0,1,1,2,2,0,0,0,1
/media/michal/Pauli/masterdata/processed/paramtest/ds0_02mp_4500/annotated/rares/20140923/patrol_run_144/room_2/features/nonPlanes<pfhrgb_iss_2015-05-18_22-49-50.pcd 0.0287964 0.000528193 0.0018595 5 113,53,53,48,37 33,17,14,30,19 1,0,0,0,0 365568 238 550 33 113 238 550 33 113 365330,129,46,20,14,9,5,4,3,3,1,3,0,0,0,0,1 0,13,5,3,1,3,3,1,2,0,1,1,0,0,0,0,0 0,129,46,20,14,9,5,4,3,3,1,3,0,0,0,0,1 0,13,5,3,1,3,3,1,2,0,1,1,0,0,0,0,0
/media/michal/Pauli/masterdata/processed/paramtest/ds0_02mp_4500/annotated/rares/20140923/patrol_run_146/room_2/features/nonPlanes<pfhrgb_iss_2015-05-18_22-49-51.pcd 0.0220552 0.00140115 0.00155886 4 131,92,46,43 36,23,20,25 1,0,0,0 373626 227 550 35 130 227 550 35 130 373399,116,53,17,13,8,4,2,3,4,2,0,1,3,0,0,1 0,11,10,2,3,1,2,1,0,2,1,0,0,1,0,0,1 0,116,53,17,13,8,4,2,3,4,2,0,1,3,0,0,1 0,11,10,2,3,1,2,1,0,2,1,0,0,1,0,0,1
/media/michal/Pauli/masterdata/processed/paramtest/ds0_02mp_4500/annotated/rares/20140923/patrol_run_148/room_2/features/nonPlanes<pfhrgb_iss_2015-05-18_22-49-52.pcd 0.017702 0.000629674 0.00127375 4 110,98,53,39 22,26,25,16 0,1,0,0 384384 192 550 24 95 192 550 24 95 384192,86,43,14,14,6,8,3,6,3,4,0,3,0,1,0,1 0,5,6,2,2,1,4,0,2,1,1,0,0,0,0,0,0 0,86,43,14,14,6,8,3,6,3,4,0,3,0,1,0,1 0,5,6,2,2,1,4,0,2,1,1,0,0,0,0,0,0
/media/michal/Pauli/masterdata/processed/paramtest/ds0_02mp_4500/annotated/rares/20140923/patrol_run_150/room_2/features/nonPlanes<pfhrgb_iss_2015-05-18_22-49-53.pcd 0.0364396 0.00100729 0.00158847 9 104,46,38,34,31,30,29,25,20 26,26,17,13,13,12,20,18,12 1,0,0,0,0,0,0,0,0 361984 242 550 23 96 242 550 23 96 361742,129,44,29,17,8,6,1,2,0,2,1,0,0,0,1,1,1 0,6,1,8,2,1,2,1,0,0,0,0,0,0,0,1,0,1 0,129,44,29,17,8,6,1,2,0,2,1,0,0,0,1,1,1 0,6,1,8,2,1,2,1,0,0,0,0,0,0,0,1,0,1
/media/michal/Pauli/masterdata/processed/paramtest/ds0_02mp_4500/annotated/rares/20140924/patrol_run_152/room_2/features/nonPlanes<pfhrgb_iss_2015-05-18_22-49-54.pcd 0.0249881 0.000621899 0.00103906 5 125,78,46,43,35 34,33,15,21,18 1,0,0,0,0 355520 233 550 30 115 233 550 30 115 355287,122,46,25,17,4,5,4,2,2,2,0,1,1,0,0,0,1,0,1 0,6,5,4,6,1,4,1,1,1,1,0,0,0,0,0,0,0,0,0 0,122,46,25,17,4,5,4,2,2,2,0,1,1,0,0,0,1,0,1 0,6,5,4,6,1,4,1,1,1,1,0,0,0,0,0,0,0,0,0
/media/michal/Pauli/masterdata/processed/paramtest/ds0_02mp_4500/annotated/rares/20140924/patrol_run_156/room_2/features/nonPlanes<pfhrgb_iss_2015-05-18_22-49-55.pcd 0.0219689 0.000610137 0.00129894 3 138,29,28 30,17,15 1,0,0 358400 201 550 25 122 201 550 25 122 358199,94,31,30,16,5,9,1,4,2,3,4,0,0,1,0,1 0,3,1,2,7,3,5,1,0,1,0,2,0,0,0,0,0 0,94,31,30,16,5,9,1,4,2,3,4,0,0,1,0,1 0,3,1,2,7,3,5,1,0,1,0,2,0,0,0,0,0
/media/michal/Pauli/masterdata/processed/paramtest/ds0_02mp_4500/annotated/rares/20140924/patrol_run_158/room_1/features/nonPlanes<pfhrgb_iss_2015-05-18_22-49-55.pcd 0.0252078 0.00141565 0.000886007 3 152,88,44 32,14,21 1,0,0 372900 202 550 28 143 202 550 28 143 372698,99,38,17,20,7,5,5,1,3,0,2,0,0,1,0,0,1,1,2 0,5,3,1,7,2,4,2,0,2,0,0,0,0,0,0,0,1,1,0 0,99,38,17,20,7,5,5,1,3,0,2,0,0,1,0,0,1,1,2 0,5,3,1,7,2,4,2,0,2,0,0,0,0,0,0,0,1,1,0
/media/michal/Pauli/masterdata/processed/paramtest/ds0_02mp_4500/annotated/rares/20140924/patrol_run_162/room_2/features/nonPlanes<pfhrgb_iss_2015-05-18_22-49-56.pcd 0.0265469 0.000637672 0.00178579 7 71,54,48,46,28,27,16 16,23,21,18,24,13,16 1,0,0,0,0,0,0 396288 259 550 14 68 259 550 14 68 396029,147,45,28,19,5,2,5,1,5,0,0,0,0,2 0,2,2,2,4,1,0,1,0,0,0,0,0,0,2 0,147,45,28,19,5,2,5,1,5,0,0,0,0,2 0,2,2,2,4,1,0,1,0,0,0,0,0,0,2
/media/michal/Pauli/masterdata/processed/paramtest/ds0_02mp_4500/annotated/rares/20140924/patrol_run_164/room_1/features/nonPlanes<pfhrgb_iss_2015-05-18_22-49-57.pcd 0.0245068 0.000665387 0.00130052 7 95,36,36,35,32,25,19 23,17,15,13,13,14,16 1,0,0,0,0,0,0 383724 220 550 20 91 220 550 20 91 383504,107,53,23,15,4,5,0,1,4,1,0,0,2,3,0,1,0,0,0,1 0,3,6,2,2,2,1,0,1,1,0,0,0,1,0,0,1,0,0,0,0 0,107,53,23,15,4,5,0,1,4,1,0,0,2,3,0,1,0,0,0,1 0,3,6,2,2,2,1,0,1,1,0,0,0,1,0,0,1,0,0,0,0
/media/michal/Pauli/masterdata/processed/paramtest/ds0_02mp_4500/annotated/rares/20140924/patrol_run_166/room_2/features/nonPlanes<pfhrgb_iss_2015-05-18_22-49-58.pcd 0.0200973 0.000622337 0.00154817 6 124,47,41,31,23,23 37,17,17,13,16,12 0,1,0,0,0,0 353280 232 550 15 44 232 550 15 44 353048,113,53,28,11,10,5,4,1,3,0,0,1,0,0,2,0,0,1 0,2,4,5,1,3,0,0,0,0,0,0,0,0,0,0,0,0,0 0,113,53,28,11,10,5,4,1,3,0,0,1,0,0,2,0,0,1 0,2,4,5,1,3,0,0,0,0,0,0,0,0,0,0,0,0,0
