obj_search:
  camera_z: 1.7
  ceiling_z: 2.27
  floor_z: 0
  object_query: {K: 5}
  processed_data_dir: /home/michal/Downloads/pcddata/processed/
  raw_data_dir: /media/michal/Pauli/masterdata/raw/
object_query: {K: 10, cluster_maxsize: 500, cluster_minsize: 12, cluster_tolerance: 0.25,
  clusters_to_results: true, extract_mult: 1.3, match: nonPlanes<fpfh_uniform, n_max_points: 400,
  output_dir: 'NULL', query_features: '/home/michal/Downloads/pcddata/processed/query/queryobjects/0,01/pillow/features/rgb_0003_label_pillow<fpfh_uniform_2015-05-26_14-46-14.pcd',
  results_out: '/home/michal/Downloads/pcddata/processed/query/k10_mx400_t0,25/dt0,02_mp8000_pp0,001',
  subdirs: 4, target_features: '/media/michal/Pauli/masterdata/processed/paramtest/dt0,02_mp8000_pp0,001',
  x_step_hough: 0.05, y_step_hough: 0.05, z_step_hough: 0.05}
rosdistro: 'indigo

  '
roslaunch:
  uris: {host_tycho__40326: 'http://tycho:40326/'}
rosversion: '1.11.10

  '
run_id: 9cb2db82-0903-11e5-9732-3c970e77227e
BEGIN_DATA
# fname t_query t_hough t_cluster cluster_n cluster_scores cluster_points cluster_inobb n_hough_tot nonzero_hough hough_votes boxpts boxvotes maxpts maxvotes maxboxpts maxboxvotes hough_hist box_hist max_hist boxmax_hist
/media/michal/Pauli/masterdata/processed/paramtest/dt0,02_mp8000_pp0,001/annotated/rares/20140820/patrol_run_2/room_1/features/nonPlanes<fpfh_uniform_2015-05-21_21-20-52.pcd 0.0249188 0.000886322 0.00220127 7 236,189,98,87,40,26,18 76,70,44,21,19,17,13 -1 449955 759 1380 -1 -1 400 1021 -1 -1 449196,481,145,54,31,15,11,9,6,3,2,0,2 -1 0,122,145,54,31,15,11,9,6,3,2,0,2 -1
/media/michal/Pauli/masterdata/processed/paramtest/dt0,02_mp8000_pp0,001/annotated/rares/20140820/patrol_run_4/room_0/features/nonPlanes<fpfh_uniform_2015-05-21_21-21-06.pcd 0.0245444 0.000666584 0.00232526 9 199,163,81,78,53,46,40,38,35 71,46,23,31,29,20,16,16,19 -1 424446 754 1380 -1 -1 400 1026 -1 -1 423692,478,141,63,22,20,13,4,5,0,2,2,0,2,1,1 -1 0,124,141,63,22,20,13,4,5,0,2,2,0,2,1,1 -1
/media/michal/Pauli/masterdata/processed/paramtest/dt0,02_mp8000_pp0,001/annotated/rares/20140828/patrol_run_19/room_3/features/nonPlanes<fpfh_uniform_2015-05-21_21-21-19.pcd 0.0234342 0.00065594 0.00271665 6 246,188,62,61,35,28 85,77,27,18,21,15 -1 445269 811 1380 -1 -1 400 969 -1 -1 444458,516,162,65,34,14,10,5,2,2,1 -1 0,105,162,65,34,14,10,5,2,2,1 -1
/media/michal/Pauli/masterdata/processed/paramtest/dt0,02_mp8000_pp0,001/annotated/rares/20140829/patrol_run_20/room_3/features/nonPlanes<fpfh_uniform_2015-05-21_21-21-31.pcd 0.0251998 0.000674074 0.00192099 8 260,123,58,41,41,35,31,29 91,50,18,21,12,18,12,18 -1 461736 784 1380 -1 -1 400 996 -1 -1 460952,491,152,69,32,24,4,2,4,1,4,1 -1 0,107,152,69,32,24,4,2,4,1,4,1 -1
/media/michal/Pauli/masterdata/processed/paramtest/dt0,02_mp8000_pp0,001/annotated/rares/20140829/patrol_run_26/room_2/features/nonPlanes<fpfh_uniform_2015-05-21_21-21-44.pcd 0.025192 0.000748498 0.00194233 7 265,241,53,36,31,20,19 89,77,23,12,14,16,15 0,0,0,0,0,0,0 404481 758 1380 39 145 400 1022 36 142 403723,465,147,65,37,20,7,10,1,4,1,0,1 0,9,7,5,8,3,1,2,0,2,1,0,1 0,107,147,65,37,20,7,10,1,4,1,0,1 0,6,7,5,8,3,1,2,0,2,1,0,1
/media/michal/Pauli/masterdata/processed/paramtest/dt0,02_mp8000_pp0,001/annotated/rares/20140901/patrol_run_27/room_2/features/nonPlanes<fpfh_uniform_2015-05-21_21-21-56.pcd 0.0250999 0.000825838 0.00185984 6 224,201,101,71,56,34 93,63,32,30,22,13 -1 424710 726 1380 -1 -1 400 1054 -1 -1 423984,442,133,70,34,17,10,7,3,3,2,1,3,0,1 -1 0,116,133,70,34,17,10,7,3,3,2,1,3,0,1 -1
/media/michal/Pauli/masterdata/processed/paramtest/dt0,02_mp8000_pp0,001/annotated/rares/20140901/patrol_run_31/room_2/features/nonPlanes<fpfh_uniform_2015-05-21_21-22-09.pcd 0.0248744 0.000849635 0.00188627 7 284,56,53,44,43,27,18 95,14,23,14,16,20,12 -1 456456 709 1380 -1 -1 400 1071 -1 -1 455747,407,149,61,42,22,8,8,6,3,0,1,2 -1 0,98,149,61,42,22,8,8,6,3,0,1,2 -1
/media/michal/Pauli/masterdata/processed/paramtest/dt0,02_mp8000_pp0,001/annotated/rares/20140901/patrol_run_32/room_2/features/nonPlanes<fpfh_uniform_2015-05-21_21-22-20.pcd 0.024883 0.000908752 0.00182541 9 161,71,64,59,49,40,38,37,34 57,28,23,28,23,18,13,14,18 -1 449592 761 1380 -1 -1 400 1019 -1 -1 448831,464,160,59,32,23,7,7,3,5,0,0,0,0,0,0,1 -1 0,103,160,59,32,23,7,7,3,5,0,0,0,0,0,0,1 -1
/media/michal/Pauli/masterdata/processed/paramtest/dt0,02_mp8000_pp0,001/annotated/rares/20140901/patrol_run_33/room_1/features/nonPlanes<fpfh_uniform_2015-05-21_21-22-33.pcd 0.0261483 0.000845392 0.00183639 9 196,67,58,50,49,43,39,33,32 71,25,30,18,13,14,18,13,19 -1 451044 731 1380 -1 -1 400 1049 -1 -1 450313,441,134,73,31,22,13,8,2,4,1,2 -1 0,110,134,73,31,22,13,8,2,4,1,2 -1
/media/michal/Pauli/masterdata/processed/paramtest/dt0,02_mp8000_pp0,001/annotated/rares/20140902/patrol_run_35/room_2/features/nonPlanes<fpfh_uniform_2015-05-21_21-22-46.pcd 0.0229789 0.00082698 0.00194045 6 164,128,120,48,38,31 47,55,51,24,17,14 -1 451044 762 1380 -1 -1 400 1018 -1 -1 450282,473,158,61,24,21,7,7,2,4,1,0,1,1,1,1 -1 0,111,158,61,24,21,7,7,2,4,1,0,1,1,1,1 -1
/media/michal/Pauli/masterdata/processed/paramtest/dt0,02_mp8000_pp0,001/annotated/rares/20140902/patrol_run_38/room_0/features/nonPlanes<fpfh_uniform_2015-05-21_21-22-57.pcd 0.0254475 0.000811872 0.0017781 8 158,104,73,57,49,32,29,27 61,44,25,17,17,12,15,15 0,0,0,0,0,0,0,0 427977 727 1380 30 73 400 1053 20 63 427250,442,145,58,39,10,7,12,5,2,4,1,1,0,0,0,0,0,0,0,0,1 0,10,8,4,7,0,0,1,0,0,0,0,0,0,0,0,0,0,0,0,0,0 0,115,145,58,39,10,7,12,5,2,4,1,1,0,0,0,0,0,0,0,0,1 0,0,8,4,7,0,0,1,0,0,0,0,0,0,0,0,0,0,0,0,0,0
/media/michal/Pauli/masterdata/processed/paramtest/dt0,02_mp8000_pp0,001/annotated/rares/20140903/patrol_run_1/room_4/features/nonPlanes<fpfh_uniform_2015-05-21_21-23-08.pcd 0.0246655 0.000889429 0.0018874 9 120,93,78,54,50,46,40,27,27 27,29,31,26,20,13,15,13,13 1,0,0,0,0,0,0,0,0 470184 720 1380 18 77 400 1060 14 73 469464,450,117,63,36,20,15,5,5,4,1,2,1,0,0,0,0,0,1 0,4,5,3,1,0,2,0,1,0,0,0,1,0,0,0,0,0,1 0,130,117,63,36,20,15,5,5,4,1,2,1,0,0,0,0,0,1 0,0,5,3,1,0,2,0,1,0,0,0,1,0,0,0,0,0,1
/media/michal/Pauli/masterdata/processed/paramtest/dt0,02_mp8000_pp0,001/annotated/rares/20140903/patrol_run_10/room_2/features/nonPlanes<fpfh_uniform_2015-05-21_21-23-21.pcd 0.0335471 0.000912748 0.00181264 6 316,81,69,44,37,23 123,26,25,18,13,15 -1 453024 721 1380 -1 -1 400 1059 -1 -1 452303,442,124,66,39,18,7,14,5,1,2,0,2,1 -1 0,121,124,66,39,18,7,14,5,1,2,0,2,1 -1
/media/michal/Pauli/masterdata/processed/paramtest/dt0,02_mp8000_pp0,001/annotated/rares/20140903/patrol_run_12/room_2/features/nonPlanes<fpfh_uniform_2015-05-21_21-23-31.pcd 0.0256301 0.000680064 0.00179313 8 175,143,56,49,39,30,19,19 75,48,21,19,12,12,13,12 -1 434214 755 1380 -1 -1 400 1025 -1 -1 433459,478,132,67,25,22,15,5,4,3,2,1,1 -1 0,123,132,67,25,22,15,5,4,3,2,1,1 -1
/media/michal/Pauli/masterdata/processed/paramtest/dt0,02_mp8000_pp0,001/annotated/rares/20140903/patrol_run_14/room_1/features/nonPlanes<fpfh_uniform_2015-05-21_21-23-43.pcd 0.0360832 0.00134964 0.00268264 9 161,90,88,66,40,32,31,25,19 59,31,34,26,13,19,13,16,12 -1 434313 758 1380 -1 -1 400 1022 -1 -1 433555,468,161,47,38,16,7,8,5,5,2,0,0,0,1 -1 0,110,161,47,38,16,7,8,5,5,2,0,0,0,1 -1
/media/michal/Pauli/masterdata/processed/paramtest/dt0,02_mp8000_pp0,001/annotated/rares/20140903/patrol_run_2/room_4/features/nonPlanes<fpfh_uniform_2015-05-21_21-23-55.pcd 0.0255724 0.000927682 0.00204191 5 269,120,95,79,30 95,50,30,28,14 0,0,0,0,0 462264 805 1380 18 52 400 975 11 45 461459,501,167,66,44,11,7,3,5,0,0,0,0,1 0,7,4,4,1,0,0,0,1,0,0,0,0,1 0,96,167,66,44,11,7,3,5,0,0,0,0,1 0,0,4,4,1,0,0,0,1,0,0,0,0,1
/media/michal/Pauli/masterdata/processed/paramtest/dt0,02_mp8000_pp0,001/annotated/rares/20140903/patrol_run_9/room_2/features/nonPlanes<fpfh_uniform_2015-05-21_21-24-06.pcd 0.0268878 0.000708947 0.00197411 7 223,150,110,60,34,29,23 77,66,39,26,13,14,13 -1 491568 754 1380 -1 -1 400 1026 -1 -1 490814,489,137,38,37,19,15,9,2,1,3,1,1,0,1,1 -1 0,135,137,38,37,19,15,9,2,1,3,1,1,0,1,1 -1
/media/michal/Pauli/masterdata/processed/paramtest/dt0,02_mp8000_pp0,001/annotated/rares/20140904/patrol_run_15/room_2/features/nonPlanes<fpfh_uniform_2015-05-21_21-24-17.pcd 0.0247617 0.000711392 0.00226839 7 146,121,100,91,57,19,15 58,40,29,37,39,15,12 -1 517902 807 1380 -1 -1 400 973 -1 -1 517095,532,140,56,39,17,12,5,3,2,1 -1 0,125,140,56,39,17,12,5,3,2,1 -1
/media/michal/Pauli/masterdata/processed/paramtest/dt0,02_mp8000_pp0,001/annotated/rares/20140905/patrol_run_17/room_2/features/nonPlanes<fpfh_uniform_2015-05-21_21-24-29.pcd 0.0288288 0.000906216 0.00196808 6 129,115,103,93,34,32 53,47,38,27,23,17 -1 446160 769 1380 -1 -1 400 1011 -1 -1 445391,470,160,69,29,20,9,0,5,2,2,2,0,1 -1 0,101,160,69,29,20,9,0,5,2,2,2,0,1 -1
/media/michal/Pauli/masterdata/processed/paramtest/dt0,02_mp8000_pp0,001/annotated/rares/20140905/patrol_run_19/room_1/features/nonPlanes<fpfh_uniform_2015-05-21_21-24-42.pcd 0.0252873 0.000791332 0.00189213 7 164,144,81,48,37,23,16 47,64,31,27,13,15,13 -1 453024 770 1380 -1 -1 400 1010 -1 -1 452254,502,132,51,37,21,11,5,4,1,4,1,0,0,0,1 -1 0,132,132,51,37,21,11,5,4,1,4,1,0,0,0,1 -1
/media/michal/Pauli/masterdata/processed/paramtest/dt0,02_mp8000_pp0,001/annotated/rares/20140905/patrol_run_21/room_2/features/nonPlanes<fpfh_uniform_2015-05-21_21-24-54.pcd 0.0253544 0.000879492 0.00188342 9 122,112,97,89,52,48,40,36,34 36,52,35,33,23,12,13,13,16 -1 419265 734 1380 -1 -1 400 1046 -1 -1 418531,451,128,65,34,32,9,5,3,2,4,1 -1 0,117,128,65,34,32,9,5,3,2,4,1 -1
/media/michal/Pauli/masterdata/processed/paramtest/dt0,02_mp8000_pp0,001/annotated/rares/20140905/patrol_run_23/room_2/features/nonPlanes<fpfh_uniform_2015-05-21_21-25-06.pcd 0.0313118 0.00218554 0.00235387 9 165,127,74,66,59,54,40,28,26 62,46,17,30,28,17,23,14,15 -1 463320 714 1380 -1 -1 400 1066 -1 -1 462606,441,126,59,38,14,12,9,4,4,2,2,1,1,0,0,0,0,1 -1 0,127,126,59,38,14,12,9,4,4,2,2,1,1,0,0,0,0,1 -1
/media/michal/Pauli/masterdata/processed/paramtest/dt0,02_mp8000_pp0,001/annotated/rares/20140905/patrol_run_25/room_1/features/nonPlanes<fpfh_uniform_2015-05-21_21-25-18.pcd 0.0248372 0.000821677 0.00176333 7 163,109,86,65,60,46,33 53,30,35,37,27,12,18 -1 410652 694 1380 -1 -1 400 1086 -1 -1 409958,407,138,59,36,20,13,6,5,3,2,2,0,2,0,0,0,0,0,0,0,1 -1 0,113,138,59,36,20,13,6,5,3,2,2,0,2,0,0,0,0,0,0,0,1 -1
/media/michal/Pauli/masterdata/processed/paramtest/dt0,02_mp8000_pp0,001/annotated/rares/20140905/patrol_run_27/room_2/features/nonPlanes<fpfh_uniform_2015-05-21_21-25-29.pcd 0.0272141 0.000901274 0.00252991 9 209,122,106,57,44,42,41,32,25 78,49,31,22,14,14,14,22,15 -1 470448 741 1380 -1 -1 400 1039 -1 -1 469707,471,122,62,38,18,8,7,7,3,1,2,1,1 -1 0,130,122,62,38,18,8,7,7,3,1,2,1,1 -1
/media/michal/Pauli/masterdata/processed/paramtest/dt0,02_mp8000_pp0,001/annotated/rares/20140905/patrol_run_29/room_2/features/nonPlanes<fpfh_uniform_2015-05-21_21-25-40.pcd 0.0263362 0.000870582 0.00253848 9 276,79,79,53,52,46,44,26,21 92,40,12,18,17,17,16,12,13 -1 433290 680 1380 -1 -1 400 1100 -1 -1 432610,420,119,44,31,21,14,10,7,4,4,3,2,0,0,0,0,0,1 -1 0,140,119,44,31,21,14,10,7,4,4,3,2,0,0,0,0,0,1 -1
/media/michal/Pauli/masterdata/processed/paramtest/dt0,02_mp8000_pp0,001/annotated/rares/20140905/patrol_run_30/room_1/features/nonPlanes<fpfh_uniform_2015-05-21_21-25-52.pcd 0.0245617 0.000898308 0.00227217 7 221,128,62,40,40,24,24 68,52,21,20,13,14,12 -1 451044 741 1380 -1 -1 400 1039 -1 -1 450303,466,128,63,34,23,11,4,2,1,5,1,1,2 -1 0,125,128,63,34,23,11,4,2,1,5,1,1,2 -1
/media/michal/Pauli/masterdata/processed/paramtest/dt0,02_mp8000_pp0,001/annotated/rares/20140905/patrol_run_30/room_7/features/nonPlanes<fpfh_uniform_2015-05-21_21-26-02.pcd 0.0259565 0.0013473 0.00210075 6 214,115,70,70,40,25 71,55,29,22,13,12 -1 458865 813 1380 -1 -1 400 967 -1 -1 458052,516,162,70,31,15,7,7,5 -1 0,103,162,70,31,15,7,7,5 -1
/media/michal/Pauli/masterdata/processed/paramtest/dt0,02_mp8000_pp0,001/annotated/rares/20140908/patrol_run_32/room_2/features/nonPlanes<fpfh_uniform_2015-05-21_21-26-12.pcd 0.0249745 0.000873125 0.00277089 6 259,108,53,47,46,35 95,40,24,14,24,17 -1 448668 743 1380 -1 -1 400 1037 -1 -1 447925,466,133,67,30,13,14,7,4,3,1,3,1,0,0,1 -1 0,123,133,67,30,13,14,7,4,3,1,3,1,0,0,1 -1
/media/michal/Pauli/masterdata/processed/paramtest/dt0,02_mp8000_pp0,001/annotated/rares/20140908/patrol_run_34/room_2/features/nonPlanes<fpfh_uniform_2015-05-21_21-26-24.pcd 0.0240821 0.000863356 0.00183576 8 189,120,91,33,31,30,26,20 64,44,42,15,12,17,15,12 -1 423720 782 1380 -1 -1 400 998 -1 -1 422938,485,153,67,39,17,10,4,4,3 -1 0,103,153,67,39,17,10,4,4,3 -1
/media/michal/Pauli/masterdata/processed/paramtest/dt0,02_mp8000_pp0,001/annotated/rares/20140908/patrol_run_36/room_3/features/nonPlanes<fpfh_uniform_2015-05-21_21-26-36.pcd 0.025351 0.000876666 0.00296781 7 245,216,88,51,43,35,29 79,72,33,29,13,16,16 -1 423654 746 1380 -1 -1 400 1034 -1 -1 422908,461,137,57,35,26,13,10,7 -1 0,115,137,57,35,26,13,10,7 -1
/media/michal/Pauli/masterdata/processed/paramtest/dt0,02_mp8000_pp0,001/annotated/rares/20140908/patrol_run_38/room_2/features/nonPlanes<fpfh_uniform_2015-05-21_21-26-48.pcd 0.0228643 0.000757753 0.0021505 7 382,82,81,55,47,31,18 97,32,26,16,19,15,14 -1 433356 694 1380 -1 -1 400 1086 -1 -1 432662,425,117,59,48,12,11,6,3,6,2,0,0,1,1,0,1,0,0,0,1,0,0,1 -1 0,131,117,59,48,12,11,6,3,6,2,0,0,1,1,0,1,0,0,0,1,0,0,1 -1
/media/michal/Pauli/masterdata/processed/paramtest/dt0,02_mp8000_pp0,001/annotated/rares/20140908/patrol_run_39/room_3/features/nonPlanes<fpfh_uniform_2015-05-21_21-27-00.pcd 0.0245619 0.000629022 0.00205174 5 261,114,47,46,27 97,40,16,19,16 -1 414678 734 1380 -1 -1 400 1046 -1 -1 413944,442,141,72,31,19,15,3,5,2,1,1,0,0,1,0,0,1 -1 0,108,141,72,31,19,15,3,5,2,1,1,0,0,1,0,0,1 -1
/media/michal/Pauli/masterdata/processed/paramtest/dt0,02_mp8000_pp0,001/annotated/rares/20140908/patrol_run_41/room_3/features/nonPlanes<fpfh_uniform_2015-05-21_21-27-13.pcd 0.0249696 0.000748924 0.00237356 6 278,140,102,86,59,35 92,42,37,48,22,18 -1 455400 709 1380 -1 -1 400 1071 -1 -1 454691,424,134,61,38,20,8,10,3,6,2,1,1,0,1 -1 0,115,134,61,38,20,8,10,3,6,2,1,1,0,1 -1
/media/michal/Pauli/masterdata/processed/paramtest/dt0,02_mp8000_pp0,001/annotated/rares/20140908/patrol_run_43/room_3/features/nonPlanes<fpfh_uniform_2015-05-21_21-27-25.pcd 0.0248783 0.000746668 0.00220468 11 112,73,60,58,55,50,38,37,33,33,28 27,39,25,25,21,23,14,13,14,13,14 -1 414018 687 1380 -1 -1 400 1093 -1 -1 413331,395,138,65,31,25,13,6,6,2,2,1,0,1,0,0,1,0,0,1 -1 0,108,138,65,31,25,13,6,6,2,2,1,0,1,0,0,1,0,0,1 -1
/media/michal/Pauli/masterdata/processed/paramtest/dt0,02_mp8000_pp0,001/annotated/rares/20140908/patrol_run_45/room_2/features/nonPlanes<fpfh_uniform_2015-05-21_21-27-42.pcd 0.0235686 0.000649472 0.00207716 6 376,58,47,44,43,38 134,31,14,25,26,15 -1 442200 785 1380 -1 -1 400 995 -1 -1 441415,501,146,64,33,17,14,3,2,1,2,0,1,0,0,0,1 -1 0,116,146,64,33,17,14,3,2,1,2,0,1,0,0,0,1 -1
/media/michal/Pauli/masterdata/processed/paramtest/dt0,02_mp8000_pp0,001/annotated/rares/20140908/patrol_run_47/room_3/features/nonPlanes<fpfh_uniform_2015-05-21_21-27-58.pcd 0.0269665 0.00091225 0.00218477 7 290,75,47,36,30,24,17 98,25,19,14,13,12,12 -1 465300 789 1380 -1 -1 400 991 -1 -1 464511,497,142,72,49,7,15,2,1,1,2,1 -1 0,108,142,72,49,7,15,2,1,1,2,1 -1
/media/michal/Pauli/masterdata/processed/paramtest/dt0,02_mp8000_pp0,001/annotated/rares/20140909/patrol_run_49/room_3/features/nonPlanes<fpfh_uniform_2015-05-21_21-28-13.pcd 0.0260547 0.000902451 0.00186375 10 159,84,73,68,64,59,40,33,31,26 62,27,23,19,21,15,24,12,24,14 -1 437778 726 1380 -1 -1 400 1054 -1 -1 437052,448,131,72,25,17,13,4,4,3,4,2,1,0,1,0,1 -1 0,122,131,72,25,17,13,4,4,3,4,2,1,0,1,0,1 -1
/media/michal/Pauli/masterdata/processed/paramtest/dt0,02_mp8000_pp0,001/annotated/rares/20140909/patrol_run_51/room_3/features/nonPlanes<fpfh_uniform_2015-05-21_21-28-26.pcd 0.0234305 0.00106824 0.00213417 7 199,180,116,88,66,34,33 70,70,41,28,19,14,18 -1 812328 716 1380 -1 -1 400 1064 -1 -1 811612,430,136,65,32,18,14,8,2,4,5,1,1 -1 0,114,136,65,32,18,14,8,2,4,5,1,1 -1
/media/michal/Pauli/masterdata/processed/paramtest/dt0,02_mp8000_pp0,001/annotated/rares/20140909/patrol_run_53/room_3/features/nonPlanes<fpfh_uniform_2015-05-21_21-28-40.pcd 0.024168 0.000825791 0.00205459 6 293,96,92,82,63,27 99,27,34,28,27,14 -1 456456 751 1380 -1 -1 400 1029 -1 -1 455705,456,156,63,27,16,13,11,3,4,2 -1 0,105,156,63,27,16,13,11,3,4,2 -1
/media/michal/Pauli/masterdata/processed/paramtest/dt0,02_mp8000_pp0,001/annotated/rares/20140909/patrol_run_55/room_3/features/nonPlanes<fpfh_uniform_2015-05-21_21-28-53.pcd 0.0254775 0.000860562 0.00183134 10 165,92,70,44,37,30,29,28,27,19 59,38,32,13,15,13,12,15,15,12 -1 446622 811 1380 -1 -1 400 969 -1 -1 445811,530,142,62,41,18,10,1,4,3 -1 0,119,142,62,41,18,10,1,4,3 -1
/media/michal/Pauli/masterdata/processed/paramtest/dt0,02_mp8000_pp0,001/annotated/rares/20140909/patrol_run_59/room_3/features/nonPlanes<fpfh_uniform_2015-05-21_21-29-07.pcd 0.0247892 0.000680439 0.00317666 7 297,59,58,58,35,26,20 111,18,31,25,12,15,12 -1 446622 841 1380 -1 -1 400 939 -1 -1 445781,540,176,63,34,16,6,4,1,0,0,1 -1 0,99,176,63,34,16,6,4,1,0,0,1 -1
/media/michal/Pauli/masterdata/processed/paramtest/dt0,02_mp8000_pp0,001/annotated/rares/20140909/patrol_run_61/room_3/features/nonPlanes<fpfh_uniform_2015-05-21_21-29-19.pcd 0.0252826 0.000867586 0.0018484 8 96,75,71,60,49,40,38,36 48,20,22,22,13,18,13,17 -1 447579 733 1380 -1 -1 400 1047 -1 -1 446846,446,146,58,33,16,18,3,6,0,2,3,1,0,1 -1 0,113,146,58,33,16,18,3,6,0,2,3,1,0,1 -1
/media/michal/Pauli/masterdata/processed/paramtest/dt0,02_mp8000_pp0,001/annotated/rares/20140909/patrol_run_63/room_3/features/nonPlanes<fpfh_uniform_2015-05-21_21-29-30.pcd 0.0260055 0.000912169 0.00183596 7 133,69,60,58,52,44,43 43,27,24,29,31,15,15 0,0,0,0,0,0,0 420420 745 1380 26 64 400 1035 14 52 419675,474,130,67,23,17,9,8,7,5,2,1,0,2 0,16,4,2,0,1,0,0,2,0,0,0,0,1 0,129,130,67,23,17,9,8,7,5,2,1,0,2 0,4,4,2,0,1,0,0,2,0,0,0,0,1
/media/michal/Pauli/masterdata/processed/paramtest/dt0,02_mp8000_pp0,001/annotated/rares/20140910/patrol_run_67/room_3/features/nonPlanes<fpfh_uniform_2015-05-21_21-29-43.pcd 0.0400779 0.00193702 0.00462072 6 351,106,75,61,36,20 115,42,29,24,17,12 -1 473286 780 1380 -1 -1 400 1000 -1 -1 472506,503,132,63,41,18,10,6,3,1,0,1,2 -1 0,123,132,63,41,18,10,6,3,1,0,1,2 -1
/media/michal/Pauli/masterdata/processed/paramtest/dt0,02_mp8000_pp0,001/annotated/rares/20140910/patrol_run_69/room_3/features/nonPlanes<fpfh_uniform_2015-05-21_21-29-56.pcd 0.0345351 0.000942613 0.00329693 7 395,63,58,41,36,33,17 141,23,20,23,16,18,12 -1 446622 809 1380 -1 -1 400 971 -1 -1 445813,519,151,66,37,24,4,2,3,0,2,1 -1 0,110,151,66,37,24,4,2,3,0,2,1 -1
/media/michal/Pauli/masterdata/processed/paramtest/dt0,02_mp8000_pp0,001/annotated/rares/20140910/patrol_run_71/room_3/features/nonPlanes<fpfh_uniform_2015-05-21_21-30-09.pcd 0.0393168 0.0012764 0.00307901 9 236,116,96,60,54,39,29,25,17 79,33,34,17,21,25,12,12,13 -1 477048 744 1380 -1 -1 400 1036 -1 -1 476304,477,126,54,32,26,8,6,5,6,0,2,1,1 -1 0,133,126,54,32,26,8,6,5,6,0,2,1,1 -1
/media/michal/Pauli/masterdata/processed/paramtest/dt0,02_mp8000_pp0,001/annotated/rares/20140910/patrol_run_74/room_3/features/nonPlanes<fpfh_uniform_2015-05-21_21-30-23.pcd 0.0261888 0.00126429 0.00291038 11 116,81,75,65,54,49,46,36,30,22,20 25,31,42,31,26,24,21,16,12,16,13 -1 442200 769 1380 -1 -1 400 1011 -1 -1 441431,504,130,59,30,19,8,6,5,1,2,1,1,1,1,1 -1 0,135,130,59,30,19,8,6,5,1,2,1,1,1,1,1 -1
/media/michal/Pauli/masterdata/processed/paramtest/dt0,02_mp8000_pp0,001/annotated/rares/20140910/patrol_run_77/room_4/features/nonPlanes<fpfh_uniform_2015-05-21_21-30-34.pcd 0.0380994 0.000867151 0.00194041 9 186,120,113,79,60,49,49,40,27 55,28,44,25,26,14,14,12,12 -1 446622 688 1380 -1 -1 400 1092 -1 -1 445934,415,125,58,31,16,17,11,6,0,3,1,2,1,1,0,0,0,1 -1 0,127,125,58,31,16,17,11,6,0,3,1,2,1,1,0,0,0,1 -1
/media/michal/Pauli/masterdata/processed/paramtest/dt0,02_mp8000_pp0,001/annotated/rares/20140910/patrol_run_79/room_2/features/nonPlanes<fpfh_uniform_2015-05-21_21-30-47.pcd 0.0291418 0.00127199 0.00303818 10 182,108,96,78,75,56,34,30,30,22 55,49,38,31,23,15,14,16,12,12 -1 396627 743 1380 -1 -1 400 1037 -1 -1 395884,463,137,66,33,14,5,11,5,4,1,1,2,0,0,1 -1 0,120,137,66,33,14,5,11,5,4,1,1,2,0,0,1 -1
/media/michal/Pauli/masterdata/processed/paramtest/dt0,02_mp8000_pp0,001/annotated/rares/20140910/patrol_run_81/room_2/features/nonPlanes<fpfh_uniform_2015-05-21_21-30-59.pcd 0.0360654 0.000794971 0.00276463 10 103,101,100,72,71,69,61,45,40,15 38,29,28,35,24,20,27,19,13,13 -1 432300 710 1380 -1 -1 400 1070 -1 -1 431590,427,150,54,24,18,9,9,8,1,3,4,0,1,2 -1 0,117,150,54,24,18,9,9,8,1,3,4,0,1,2 -1
/media/michal/Pauli/masterdata/processed/paramtest/dt0,02_mp8000_pp0,001/annotated/rares/20140911/patrol_run_82/room_3/features/nonPlanes<fpfh_uniform_2015-05-21_21-31-12.pcd 0.0253415 0.000759544 0.0029725 10 139,81,74,63,52,44,42,33,31,24 50,29,27,30,15,19,15,20,13,13 -1 473154 775 1380 -1 -1 400 1005 -1 -1 472379,480,157,63,38,14,6,8,4,4,0,0,0,0,0,1 -1 0,105,157,63,38,14,6,8,4,4,0,0,0,0,0,1 -1
/media/michal/Pauli/masterdata/processed/paramtest/dt0,02_mp8000_pp0,001/annotated/rares/20140911/patrol_run_84/room_3/features/nonPlanes<fpfh_uniform_2015-05-21_21-31-28.pcd 0.0291836 0.000914208 0.0024116 5 334,114,68,38,18 115,42,20,12,12 -1 455400 783 1380 -1 -1 400 997 -1 -1 454617,502,161,46,27,19,11,6,6,1,2,1,0,0,0,0,0,0,0,1 -1 0,119,161,46,27,19,11,6,6,1,2,1,0,0,0,0,0,0,0,1 -1
/media/michal/Pauli/masterdata/processed/paramtest/dt0,02_mp8000_pp0,001/annotated/rares/20140911/patrol_run_88/room_3/features/nonPlanes<fpfh_uniform_2015-05-21_21-31-43.pcd 0.0374325 0.00224013 0.00321985 7 259,185,57,53,45,41,40 99,62,19,23,14,21,19 -1 474606 789 1380 -1 -1 400 991 -1 -1 473817,500,143,70,40,14,10,5,5,1,1 -1 0,111,143,70,40,14,10,5,5,1,1 -1
/media/michal/Pauli/masterdata/processed/paramtest/dt0,02_mp8000_pp0,001/annotated/rares/20140911/patrol_run_90/room_3/features/nonPlanes<fpfh_uniform_2015-05-21_21-31-56.pcd 0.02873 0.00132095 0.0032393 6 187,158,64,38,37,29 64,67,25,18,18,18 -1 408408 792 1380 -1 -1 400 988 -1 -1 407616,508,153,59,28,14,18,3,3,6 -1 0,116,153,59,28,14,18,3,3,6 -1
/media/michal/Pauli/masterdata/processed/paramtest/dt0,02_mp8000_pp0,001/annotated/rares/20140911/patrol_run_92/room_3/features/nonPlanes<fpfh_uniform_2015-05-21_21-32-06.pcd 0.0301387 0.000915317 0.00275098 7 245,137,74,69,61,42,40 85,58,26,31,15,25,17 -1 454740 758 1380 -1 -1 400 1022 -1 -1 453982,471,124,81,42,18,9,8,2,2,0,0,0,0,0,0,1 -1 0,113,124,81,42,18,9,8,2,2,0,0,0,0,0,0,1 -1
/media/michal/Pauli/masterdata/processed/paramtest/dt0,02_mp8000_pp0,001/annotated/rares/20140912/patrol_run_100/room_3/features/nonPlanes<fpfh_uniform_2015-05-21_21-32-18.pcd 0.0233056 0.000896898 0.00211257 6 308,92,70,45,43,40 106,48,31,13,19,13 -1 437778 781 1380 -1 -1 400 999 -1 -1 436997,490,150,66,37,15,10,4,4,2,2,1 -1 0,109,150,66,37,15,10,4,4,2,2,1 -1
/media/michal/Pauli/masterdata/processed/paramtest/dt0,02_mp8000_pp0,001/annotated/rares/20140912/patrol_run_102/room_3/features/nonPlanes<fpfh_uniform_2015-05-21_21-32-32.pcd 0.0256676 0.000919075 0.00245732 6 310,224,55,53,48,41 89,87,31,12,21,12 -1 463320 694 1380 -1 -1 400 1086 -1 -1 462626,405,149,55,31,20,10,9,3,4,2,2,0,1,0,1,1,0,0,1 -1 0,111,149,55,31,20,10,9,3,4,2,2,0,1,0,1,1,0,0,1 -1
/media/michal/Pauli/masterdata/processed/paramtest/dt0,02_mp8000_pp0,001/annotated/rares/20140912/patrol_run_104/room_3/features/nonPlanes<fpfh_uniform_2015-05-21_21-32-47.pcd 0.0254983 0.000697691 0.00211337 6 232,187,132,90,36,34 87,69,50,26,19,16 -1 445500 795 1380 -1 -1 400 985 -1 -1 444705,523,133,56,47,13,8,4,7,2,2 -1 0,128,133,56,47,13,8,4,7,2,2 -1
/media/michal/Pauli/masterdata/processed/paramtest/dt0,02_mp8000_pp0,001/annotated/rares/20140912/patrol_run_94/room_3/features/nonPlanes<fpfh_uniform_2015-05-21_21-33-00.pcd 0.0322445 0.000892623 0.003054 6 144,129,125,83,81,76 54,49,47,41,22,27 -1 445500 780 1380 -1 -1 400 1000 -1 -1 444720,505,132,57,46,16,8,6,5,4,1 -1 0,125,132,57,46,16,8,6,5,4,1 -1
/media/michal/Pauli/masterdata/processed/paramtest/dt0,02_mp8000_pp0,001/annotated/rares/20140912/patrol_run_96/room_2/features/nonPlanes<fpfh_uniform_2015-05-21_21-33-13.pcd 0.0504026 0.00493366 0.00318065 8 166,100,54,54,53,43,33,31 50,46,18,15,23,17,15,19 -1 434511 749 1380 -1 -1 400 1031 -1 -1 433762,467,147,52,29,24,14,5,1,5,2,1,2 -1 0,118,147,52,29,24,14,5,1,5,2,1,2 -1
/media/michal/Pauli/masterdata/processed/paramtest/dt0,02_mp8000_pp0,001/annotated/rares/20140912/patrol_run_98/room_3/features/nonPlanes<fpfh_uniform_2015-05-21_21-33-26.pcd 0.0290887 0.000871067 0.00343805 7 244,166,106,72,39,38,21 74,61,51,26,14,16,13 -1 446622 745 1380 -1 -1 400 1035 -1 -1 445877,447,153,63,36,21,8,5,7,1,3,1 -1 0,102,153,63,36,21,8,5,7,1,3,1 -1
/media/michal/Pauli/masterdata/processed/paramtest/dt0,02_mp8000_pp0,001/annotated/rares/20140921/patrol_run_110/room_2/features/nonPlanes<fpfh_uniform_2015-05-21_21-33-43.pcd 0.0432467 0.00116713 0.00308209 10 170,78,76,76,60,54,36,30,26,26 57,22,35,27,20,20,20,13,15,14 -1 411840 739 1380 -1 -1 400 1041 -1 -1 411101,454,143,60,35,13,12,8,7,3,1,2,1 -1 0,115,143,60,35,13,12,8,7,3,1,2,1 -1
/media/michal/Pauli/masterdata/processed/paramtest/dt0,02_mp8000_pp0,001/annotated/rares/20140921/patrol_run_112/room_2/features/nonPlanes<fpfh_uniform_2015-05-21_21-33-58.pcd 0.0435035 0.00163011 0.00321715 9 280,114,71,53,40,37,37,33,24 82,52,35,13,19,17,15,13,12 0,0,0,0,0,0,0,0,0 423258 761 1380 14 36 400 1019 6 28 422497,470,147,63,41,16,10,5,3,1,3,1,0,0,1 0,8,1,3,0,0,0,1,0,0,1,0,0,0,0 0,109,147,63,41,16,10,5,3,1,3,1,0,0,1 0,0,1,3,0,0,0,1,0,0,1,0,0,0,0
/media/michal/Pauli/masterdata/processed/paramtest/dt0,02_mp8000_pp0,001/annotated/rares/20140921/patrol_run_114/room_1/features/nonPlanes<fpfh_uniform_2015-05-21_21-34-12.pcd 0.0277619 0.00132856 0.00274739 10 157,117,57,52,44,42,37,36,23,17 49,49,17,18,16,13,13,14,15,13 0,0,0,0,0,0,0,0,0,0 421476 749 1380 15 35 400 1031 9 29 420727,476,135,60,32,20,5,7,4,3,1,1,2,1,1,0,1 0,6,4,1,2,2,0,0,0,0,0,0,0,0,0,0,0 0,127,135,60,32,20,5,7,4,3,1,1,2,1,1,0,1 0,0,4,1,2,2,0,0,0,0,0,0,0,0,0,0,0
/media/michal/Pauli/masterdata/processed/paramtest/dt0,02_mp8000_pp0,001/annotated/rares/20140922/patrol_run_116/room_2/features/nonPlanes<fpfh_uniform_2015-05-21_21-34-25.pcd 0.0247133 0.00086765 0.00205805 9 217,159,63,62,49,40,38,35,26 79,60,31,21,15,13,18,14,13 0,0,0,0,0,0,0,0,0 424116 734 1380 19 57 400 1046 14 52 423382,427,162,69,33,19,9,7,2,3,0,0,0,0,1,0,1,0,0,1 0,5,7,4,1,0,1,0,0,0,0,0,0,0,0,0,1,0,0,0 0,93,162,69,33,19,9,7,2,3,0,0,0,0,1,0,1,0,0,1 0,0,7,4,1,0,1,0,0,0,0,0,0,0,0,0,1,0,0,0
/media/michal/Pauli/masterdata/processed/paramtest/dt0,02_mp8000_pp0,001/annotated/rares/20140922/patrol_run_118/room_2/features/nonPlanes<fpfh_uniform_2015-05-21_21-34-36.pcd 0.0254306 0.000909584 0.00181865 8 147,122,91,73,63,44,34,19 62,38,30,31,27,15,18,12 0,0,0,0,0,0,0,0 451044 754 1380 20 41 400 1026 11 32 450290,455,163,59,33,16,11,8,5,2,0,0,0,0,1,0,1 0,9,6,2,2,0,1,0,0,0,0,0,0,0,0,0,0 0,101,163,59,33,16,11,8,5,2,0,0,0,0,1,0,1 0,0,6,2,2,0,1,0,0,0,0,0,0,0,0,0,0
/media/michal/Pauli/masterdata/processed/paramtest/dt0,02_mp8000_pp0,001/annotated/rares/20140922/patrol_run_120/room_1/features/nonPlanes<fpfh_uniform_2015-05-21_21-34-47.pcd 0.0267395 0.00326202 0.00346815 8 217,200,104,46,46,27,27,26 79,67,52,16,16,15,12,12 0,0,0,0,0,0,0,0 478401 785 1380 11 20 400 995 7 16 477616,486,159,66,32,22,8,8,1,2,1 0,4,5,2,0,0,0,0,0,0,0 0,101,159,66,32,22,8,8,1,2,1 0,0,5,2,0,0,0,0,0,0,0
/media/michal/Pauli/masterdata/processed/paramtest/dt0,02_mp8000_pp0,001/annotated/rares/20140922/patrol_run_124/room_2/features/nonPlanes<fpfh_uniform_2015-05-21_21-35-02.pcd 0.0300129 0.000964989 0.00333677 7 280,78,61,50,47,25,18 93,31,36,17,17,13,15 0,0,0,0,1,0,0 483516 816 1380 12 23 400 964 8 19 482700,540,136,69,32,21,11,3,1,1,1,0,0,0,1 0,4,5,3,0,0,0,0,0,0,0,0,0,0,0 0,124,136,69,32,21,11,3,1,1,1,0,0,0,1 0,0,5,3,0,0,0,0,0,0,0,0,0,0,0
/media/michal/Pauli/masterdata/processed/paramtest/dt0,02_mp8000_pp0,001/annotated/rares/20140922/patrol_run_126/room_2/features/nonPlanes<fpfh_uniform_2015-05-21_21-35-14.pcd 0.0320625 0.00160442 0.00316147 9 166,145,139,132,48,37,36,28,16 51,66,37,48,18,15,19,15,13 0,0,0,0,1,0,0,0,0 455499 789 1380 15 29 400 991 10 24 454710,486,165,67,32,19,8,7,2,3 0,5,6,4,0,0,0,0,0,0 0,97,165,67,32,19,8,7,2,3 0,0,6,4,0,0,0,0,0,0
/media/michal/Pauli/masterdata/processed/paramtest/dt0,02_mp8000_pp0,001/annotated/rares/20140922/patrol_run_128/room_2/features/nonPlanes<fpfh_uniform_2015-05-21_21-35-29.pcd 0.0268753 0.00197395 0.00310822 9 160,91,87,84,82,49,36,31,23 57,40,30,25,39,21,17,19,18 0,0,0,0,0,0,0,0,0 454410 819 1380 16 25 400 961 8 17 453591,537,150,63,38,11,8,6,3,1,1,0,0,0,1 0,8,7,1,0,0,0,0,0,0,0,0,0,0,0 0,118,150,63,38,11,8,6,3,1,1,0,0,0,1 0,0,7,1,0,0,0,0,0,0,0,0,0,0,0
/media/michal/Pauli/masterdata/processed/paramtest/dt0,02_mp8000_pp0,001/annotated/rares/20140922/patrol_run_130/room_2/features/nonPlanes<fpfh_uniform_2015-05-21_21-35-42.pcd 0.036489 0.0010466 0.0030429 9 138,118,87,83,72,41,39,25,24 61,45,25,31,20,19,16,12,12 0,0,0,0,0,0,0,0,0 443289 781 1380 13 34 400 999 9 30 442508,479,154,76,36,13,16,4,2,0,0,0,0,0,0,0,1 0,4,1,6,1,0,1,0,0,0,0,0,0,0,0,0,0 0,98,154,76,36,13,16,4,2,0,0,0,0,0,0,0,1 0,0,1,6,1,0,1,0,0,0,0,0,0,0,0,0,0
/media/michal/Pauli/masterdata/processed/paramtest/dt0,02_mp8000_pp0,001/annotated/rares/20140922/patrol_run_132/room_1/features/nonPlanes<fpfh_uniform_2015-05-21_21-35-52.pcd 0.0258632 0.000850459 0.00316646 7 181,173,49,38,33,26,26 51,63,23,19,17,16,14 0,0,0,0,0,0,0 454740 743 1380 18 45 400 1037 10 37 453997,463,142,52,33,17,19,7,0,6,2,1,1 0,8,3,3,1,1,1,1,0,0,0,0,0 0,120,142,52,33,17,19,7,0,6,2,1,1 0,0,3,3,1,1,1,1,0,0,0,0,0
/media/michal/Pauli/masterdata/processed/paramtest/dt0,02_mp8000_pp0,001/annotated/rares/20140922/patrol_run_134/room_2/features/nonPlanes<fpfh_uniform_2015-05-21_21-36-06.pcd 0.0370364 0.00093574 0.0030509 8 331,66,63,54,37,36,26,21 107,37,21,24,17,22,14,13 0,0,0,0,0,0,0,0 411840 837 1380 9 21 400 943 6 18 411003,554,147,70,33,19,7,5,1,0,1 0,3,3,0,3,0,0,0,0,0,0 0,117,147,70,33,19,7,5,1,0,1 0,0,3,0,3,0,0,0,0,0,0
/media/michal/Pauli/masterdata/processed/paramtest/dt0,02_mp8000_pp0,001/annotated/rares/20140922/patrol_run_138/room_2/features/nonPlanes<fpfh_uniform_2015-05-21_21-36-20.pcd 0.0266374 0.00138182 0.00185518 10 128,88,80,76,52,49,44,40,34,24 45,29,26,26,23,24,17,13,15,13 0,0,0,0,0,0,0,0,0,0 443223 737 1380 17 50 400 1043 10 43 442486,454,139,59,35,20,11,7,3,5,2,0,0,1,1 0,7,4,1,2,1,0,0,0,1,1,0,0,0,0 0,117,139,59,35,20,11,7,3,5,2,0,0,1,1 0,0,4,1,2,1,0,0,0,1,1,0,0,0,0
/media/michal/Pauli/masterdata/processed/paramtest/dt0,02_mp8000_pp0,001/annotated/rares/20140923/patrol_run_139/room_2/features/nonPlanes<fpfh_uniform_2015-05-21_21-36-32.pcd 0.0237889 0.000770539 0.00218155 7 267,120,93,90,48,26,25 87,43,46,44,18,13,15 0,0,0,0,0,0,0 430782 798 1380 9 17 400 982 6 14 429984,502,168,53,37,16,11,5,3,0,3 0,3,5,0,1,0,0,0,0,0,0 0,104,168,53,37,16,11,5,3,0,3 0,0,5,0,1,0,0,0,0,0,0
/media/michal/Pauli/masterdata/processed/paramtest/dt0,02_mp8000_pp0,001/annotated/rares/20140923/patrol_run_141/room_2/features/nonPlanes<fpfh_uniform_2015-05-21_21-36-44.pcd 0.0264192 0.000847183 0.00204802 10 260,75,70,65,62,46,44,34,34,24 87,19,30,28,21,13,15,13,13,16 0,1,0,0,0,0,0,0,0,0 407286 715 1380 9 44 400 1065 8 43 406571,419,142,65,39,16,18,4,2,7,2,1 0,1,2,1,1,0,2,0,0,1,0,1 0,104,142,65,39,16,18,4,2,7,2,1 0,0,2,1,1,0,2,0,0,1,0,1
/media/michal/Pauli/masterdata/processed/paramtest/dt0,02_mp8000_pp0,001/annotated/rares/20140923/patrol_run_144/room_2/features/nonPlanes<fpfh_uniform_2015-05-21_21-37-00.pcd 0.0271798 0.000929108 0.00229794 9 103,81,77,68,57,54,53,31,29 41,29,32,29,21,24,18,15,14 0,0,0,0,0,0,0,0,0 438471 778 1380 9 15 400 1002 4 10 437693,471,167,66,34,19,9,8,1,2,1 0,5,2,2,0,0,0,0,0,0,0 0,93,167,66,34,19,9,8,1,2,1 0,0,2,2,0,0,0,0,0,0,0
/media/michal/Pauli/masterdata/processed/paramtest/dt0,02_mp8000_pp0,001/annotated/rares/20140923/patrol_run_146/room_2/features/nonPlanes<fpfh_uniform_2015-05-21_21-37-14.pcd 0.0249971 0.000759624 0.00182333 7 225,107,94,86,44,40,17 76,41,42,31,17,23,12 0,0,0,0,0,0,0 391248 796 1380 15 44 400 984 7 36 390452,515,151,53,35,19,10,6,3,2,0,0,1,1 0,8,1,1,2,1,1,0,0,0,0,0,1,0 0,119,151,53,35,19,10,6,3,2,0,0,1,1 0,0,1,1,2,1,1,0,0,0,0,0,1,0
/media/michal/Pauli/masterdata/processed/paramtest/dt0,02_mp8000_pp0,001/annotated/rares/20140923/patrol_run_148/room_2/features/nonPlanes<fpfh_uniform_2015-05-21_21-37-25.pcd 0.0250648 0.000797494 0.00214057 5 209,202,126,43,25 68,70,43,23,16 0,0,0,0,0 444246 715 1380 16 54 400 1065 9 47 443531,443,134,55,28,19,10,10,5,4,3,0,1,0,0,1,1,0,1 0,7,4,2,0,0,1,0,0,1,0,0,0,0,0,0,0,0,1 0,128,134,55,28,19,10,10,5,4,3,0,1,0,0,1,1,0,1 0,0,4,2,0,0,1,0,0,1,0,0,0,0,0,0,0,0,1
/media/michal/Pauli/masterdata/processed/paramtest/dt0,02_mp8000_pp0,001/annotated/rares/20140923/patrol_run_150/room_2/features/nonPlanes<fpfh_uniform_2015-05-21_21-37-37.pcd 0.0245911 0.000902238 0.00258239 7 185,160,100,56,46,38,27 71,52,38,18,15,22,12 0,0,0,0,0,0,0 454740 774 1380 13 20 400 1006 5 12 453966,506,122,62,41,16,11,5,7,0,1,3 0,8,3,2,0,0,0,0,0,0,0,0 0,132,122,62,41,16,11,5,7,0,1,3 0,0,3,2,0,0,0,0,0,0,0,0
/media/michal/Pauli/masterdata/processed/paramtest/dt0,02_mp8000_pp0,001/annotated/rares/20140924/patrol_run_152/room_2/features/nonPlanes<fpfh_uniform_2015-05-21_21-37-47.pcd 0.0376327 0.00434424 0.00319001 8 224,75,62,55,39,38,28,14 81,19,32,22,14,19,13,12 0,0,0,0,0,0,0,0 384087 773 1380 13 38 400 1007 10 35 383314,495,143,49,46,13,12,7,2,3,1,1,0,0,0,0,0,0,1 0,3,2,3,4,0,1,0,0,0,0,0,0,0,0,0,0,0,0 0,122,143,49,46,13,12,7,2,3,1,1,0,0,0,0,0,0,1 0,0,2,3,4,0,1,0,0,0,0,0,0,0,0,0,0,0,0
/media/michal/Pauli/masterdata/processed/paramtest/dt0,02_mp8000_pp0,001/annotated/rares/20140924/patrol_run_156/room_2/features/nonPlanes<fpfh_uniform_2015-05-21_21-38-00.pcd 0.0438459 0.00182707 0.00324532 11 173,75,63,55,53,52,47,47,45,42,18 61,33,14,31,20,12,22,21,30,20,13 0,0,0,0,0,0,0,0,0,0,0 395010 781 1380 23 46 400 999 11 34 394229,518,145,48,23,14,12,7,3,3,1,3,2,1,1 0,12,7,1,1,0,1,1,0,0,0,0,0,0,0 0,137,145,48,23,14,12,7,3,3,1,3,2,1,1 0,0,7,1,1,0,1,1,0,0,0,0,0,0,0
/media/michal/Pauli/masterdata/processed/paramtest/dt0,02_mp8000_pp0,001/annotated/rares/20140924/patrol_run_158/room_1/features/nonPlanes<fpfh_uniform_2015-05-21_21-38-10.pcd 0.0377198 0.00175205 0.00311989 9 174,84,60,53,49,34,32,29,16 60,30,28,24,23,23,14,15,14 0,0,0,0,0,0,0,0,0 438471 783 1380 19 45 400 997 10 36 437688,516,132,61,29,14,12,12,1,2,1,2,0,0,0,0,0,1 0,9,5,2,1,1,0,0,0,0,0,1,0,0,0,0,0,0 0,133,132,61,29,14,12,12,1,2,1,2,0,0,0,0,0,1 0,0,5,2,1,1,0,0,0,0,0,1,0,0,0,0,0,0
/media/michal/Pauli/masterdata/processed/paramtest/dt0,02_mp8000_pp0,001/annotated/rares/20140924/patrol_run_162/room_2/features/nonPlanes<fpfh_uniform_2015-05-21_21-38-23.pcd 0.0354663 0.00134051 0.00375354 9 232,136,85,58,40,40,35,33,18 79,58,36,15,17,14,14,12,14 -1 435600 741 1380 -1 -1 400 1039 -1 -1 434859,460,139,60,34,14,15,6,5,3,3,1,0,0,0,0,1 -1 0,119,139,60,34,14,15,6,5,3,3,1,0,0,0,0,1 -1
/media/michal/Pauli/masterdata/processed/paramtest/dt0,02_mp8000_pp0,001/annotated/rares/20140924/patrol_run_164/room_1/features/nonPlanes<fpfh_uniform_2015-05-21_21-38-34.pcd 0.0344129 0.0013862 0.00309232 8 186,129,54,52,32,30,20,16 68,36,15,19,12,13,12,12 -1 425568 747 1380 -1 -1 400 1033 -1 -1 424821,462,145,63,34,16,6,7,5,4,1,0,2,1,0,1 -1 0,115,145,63,34,16,6,7,5,4,1,0,2,1,0,1 -1
/media/michal/Pauli/masterdata/processed/paramtest/dt0,02_mp8000_pp0,001/annotated/rares/20140924/patrol_run_166/room_2/features/nonPlanes<fpfh_uniform_2015-05-21_21-38-48.pcd 0.037954 0.00120817 0.00340342 7 333,124,49,44,35,30,29 87,60,22,25,12,13,12 -1 411642 762 1380 -1 -1 400 1018 -1 -1 410880,475,147,68,32,12,10,7,3,3,1,1,1,2 -1 0,113,147,68,32,12,10,7,3,3,1,1,1,2 -1
