102010 606 2.17519 0.214153
109835 627 2.30168 0.221196
123127 618 2.49414 0.249233
116483 635 2.51116 0.240978
108121 612 2.24416 0.234217
111945 573 2.44981 0.232522
105553 582 2.20015 0.217159
109855 626 2.32894 0.22217
112963 461 2.3469 0.220074
110103 611 2.26257 0.221101
88312 559 1.89288 0.173994
116662 579 2.56991 0.233428
87263 543 1.82115 0.175384
104637 567 2.25717 0.205609
121259 598 2.57787 0.240306
111477 613 2.33824 0.22308
103656 599 2.19548 0.208764
111450 579 2.51315 0.215687
114952 590 2.77869 0.228215
111378 593 2.61692 0.303327
116796 588 2.77476 0.329637
110757 595 2.56182 0.264034
97363 548 2.08126 0.181987
103657 567 2.11791 0.201517
99437 528 2.21376 0.206828
100116 582 2.16985 0.241964
108918 598 2.48773 0.203712
121625 582 2.59768 0.224625
120407 635 2.6416 0.223477
138698 582 2.94742 0.270968
125876 582 2.7068 0.2602
113307 553 2.66167 0.262887
119699 613 2.70161 0.316733
107409 598 2.35322 0.208765
134418 615 2.88807 0.273844
128076 651 2.75769 0.251276
116804 595 2.50917 0.229122
113660 581 2.49936 0.22803
112820 569 2.39833 0.217939
111055 595 2.40374 0.216009
111470 596 2.3325 0.221814
100306 549 2.19573 0.195252
113638 547 2.51918 0.226123
123943 592 2.6101 0.242406
112465 590 2.45177 0.22282
107682 648 2.34261 0.213693
98357 555 2.11629 0.189976
100804 519 2.21676 0.193727
98687 535 2.07362 0.19496
105390 510 2.20514 0.210249
100233 583 2.12958 0.196248
108940 594 2.31583 0.21262
114703 559 2.42098 0.225476
103692 555 2.16722 0.243953
86723 478 1.80723 0.160841
103871 537 2.17766 0.210078
106758 625 2.37996 0.206758
112226 572 2.40144 0.221915
108412 642 2.32695 0.215285
109985 637 2.20975 0.218938
104222 575 2.24147 0.200945
109381 382 2.40291 0.206092
103816 605 2.2259 0.202816
107534 596 2.26779 0.213282
103972 607 2.20894 0.202975
119683 629 2.61776 0.236844
131499 654 2.88214 0.286671
165842 657 3.61241 0.32879
114414 601 2.45157 0.234663
123957 629 2.64793 0.239419
131647 611 2.72152 0.257258
123074 551 2.58497 0.244962
124325 603 2.68636 0.232089
106203 582 2.20993 0.212681
104634 573 2.19027 0.208338
131024 616 2.70397 0.256806
109154 627 2.33532 0.212082
97805 559 2.00704 0.188446
101365 586 2.187 0.200333
102928 577 2.21081 0.209071
97259 542 1.93843 0.191654
90244 572 1.86839 0.191733
92543 582 2.05695 0.196382
108519 591 2.19595 0.210524
94057 600 1.94685 0.195456
97442 604 2.08633 0.193174
