102010 15887 0.013702 0.586668
109835 16684 0.0143026 0.574927
123127 18191 0.0170316 0.659338
116483 17450 0.0149338 0.654932
108121 16305 0.0273406 0.661418
111945 17091 0.0268844 0.630867
105553 15905 0.0132783 0.594308
109855 16718 0.0292407 0.605771
112963 16875 0.016118 0.620937
110103 16229 0.0143312 0.580398
88312 13817 0.0234959 0.53281
116662 17364 0.0319794 0.678172
87263 13989 0.0133173 0.438086
104637 15780 0.0263818 0.596545
121259 17873 0.0173694 0.58393
111477 16602 0.0251199 0.638096
103656 16007 0.0162301 0.46182
111450 16823 0.016416 0.625926
114952 16961 0.0174116 0.527903
111378 16333 0.0243964 0.702271
116796 17222 0.0307112 0.729839
110757 16509 0.0273661 0.692571
97363 14588 0.0260601 0.60794
103657 15509 0.0277607 0.610469
99437 15611 0.0167987 0.473442
100116 15099 0.027158 0.628039
108918 16462 0.028722 0.694427
121625 17578 0.0299614 0.724129
120407 18213 0.0320802 1.00795
138698 19093 0.0196019 0.620119
125876 17873 0.0146915 0.495948
113307 16747 0.0274321 0.642321
119699 17624 0.0292048 0.793967
107409 16227 0.0271908 0.608212
134418 19202 0.0186742 0.746358
128076 18887 0.0313924 0.715064
116804 17592 0.0162326 0.663207
113660 17341 0.0296196 0.733122
112820 17079 0.0280619 0.70832
111055 16966 0.0274587 0.718692
111470 16793 0.0289138 0.688984
100306 15599 0.0281384 0.589566
113638 17265 0.0172534 0.583268
123943 17842 0.0219239 0.645102
112465 16965 0.0286434 0.746214
107682 17042 0.0286512 0.88641
98357 15258 0.0238095 0.626891
100804 15419 0.0258394 0.632145
98687 15231 0.0251464 0.575662
105390 16046 0.0270966 0.59773
100233 16081 0.0247748 0.598371
108940 16897 0.0280528 1.0023
114703 17365 0.0151036 0.366858
103692 15855 0.011662 0.511434
86723 13784 0.0126663 0.544527
103871 15818 0.011285 0.487598
106758 16975 0.0159413 0.622359
112226 16870 0.0142255 0.538788
108412 16739 0.0279431 0.597269
109985 16259 0.0274143 0.608086
104222 16035 0.0284781 0.634957
109381 16719 0.0294938 0.637388
103816 15870 0.0151007 0.553595
107534 16251 0.0263336 0.64025
103972 15932 0.0139748 0.517864
119683 17741 0.0273688 0.659226
131499 18795 0.0316126 0.705414
165842 22818 0.0238148 0.900409
114414 17183 0.0141167 0.477628
123957 18109 0.03222 0.683426
131647 18106 0.0331647 0.711482
123074 17488 0.0159611 0.556709
124325 18025 0.0178348 0.637923
106203 15641 0.0133543 0.450685
104634 15676 0.0159933 0.89853
131024 18336 0.0186183 0.446603
109154 17037 0.034694 0.67289
97805 14784 0.0120006 0.527234
101365 15624 0.026161 0.617305
102928 15725 0.0165765 0.499893
97259 14660 0.0263302 0.861044
90244 14042 0.0120492 0.370679
92543 14835 0.0124186 0.470769
108519 16007 0.0261467 0.668343
94057 14650 0.0232426 0.605558
97442 15296 0.0243706 0.595684
