obj_search:
  camera_z: 1.7
  ceiling_z: 2.27
  floor_z: 0
  object_query: {K: 5}
  processed_data_dir: /home/michal/Downloads/pcddata/processed/
  raw_data_dir: /media/michal/Pauli/masterdata/raw/
object_query: {K: 10, cluster_maxsize: 500, cluster_minsize: 12, cluster_tolerance: 0.2,
  clusters_to_results: true, extract_mult: 1.3, match: nonPlanes<pfhrgb_uniform, n_max_points: 400,
  output_dir: 'NULL', query_features: '/home/michal/Downloads/pcddata/processed/query/queryobjects/0,01/hanger_jacket/features/rgb_0002_label_hanger_jacket<pfhrgb_uniform_2015-05-26_14-51-30.pcd',
  results_out: '/home/michal/Downloads/pcddata/processed/query/k10_mx400_t0,2/rares',
  subdirs: 4, target_features: /media/michal/Pauli/masterdata/processed/annotated/rares,
  x_step_hough: 0.05, y_step_hough: 0.05, z_step_hough: 0.05}
rosdistro: 'indigo

  '
roslaunch:
  uris: {host_tycho__51432: 'http://tycho:51432/'}
rosversion: '1.11.10

  '
run_id: 45f01670-0881-11e5-84fb-3c970e77227e
BEGIN_DATA
# fname t_query t_hough t_cluster cluster_n cluster_scores cluster_points cluster_inobb n_hough_tot nonzero_hough hough_votes boxpts boxvotes maxpts maxvotes maxboxpts maxboxvotes hough_hist box_hist max_hist boxmax_hist
/media/michal/Pauli/masterdata/processed/annotated/rares/20140820/patrol_run_2/room_1/features/nonPlanes<pfhrgb_uniform_2015-05-17_13-41-17.pcd 0.401802 0.000675674 0.00239913 7 136,122,88,77,45,30,24 38,40,27,26,13,12,14 -1 449955 717 1430 -1 -1 400 1113 -1 -1 449238,400,163,68,37,18,9,7,4,2,2,4,0,1,1,0,0,0,1 -1 0,83,163,68,37,18,9,7,4,2,2,4,0,1,1,0,0,0,1 -1
/media/michal/Pauli/masterdata/processed/annotated/rares/20140820/patrol_run_4/room_0/features/nonPlanes<pfhrgb_uniform_2015-05-17_13-43-03.pcd 0.442684 0.000824772 0.0021316 12 98,70,60,41,33,33,29,27,20,20,19,19 23,15,23,14,17,12,12,14,13,13,12,12 -1 424446 713 1430 -1 -1 400 1117 -1 -1 423733,426,142,51,36,24,11,6,5,3,2,1,2,0,0,2,0,0,0,0,1,0,0,1 -1 0,113,142,51,36,24,11,6,5,3,2,1,2,0,0,2,0,0,0,0,1,0,0,1 -1
/media/michal/Pauli/masterdata/processed/annotated/rares/20140828/patrol_run_19/room_3/features/nonPlanes<pfhrgb_uniform_2015-05-17_13-45-09.pcd 0.409679 0.000881804 0.00246137 6 177,78,61,61,54,47 41,29,22,16,22,23 0,0,0,0,0,0 445269 717 1430 9 21 400 1113 6 18 444552,396,170,64,35,13,22,3,8,1,2,0,0,1,0,0,1,0,0,0,0,0,1 0,3,4,0,1,0,1,0,0,0,0,0,0,0,0,0,0,0,0,0,0,0,0 0,79,170,64,35,13,22,3,8,1,2,0,0,1,0,0,1,0,0,0,0,0,1 0,0,4,0,1,0,1,0,0,0,0,0,0,0,0,0,0,0,0,0,0,0,0
/media/michal/Pauli/masterdata/processed/annotated/rares/20140829/patrol_run_20/room_3/features/nonPlanes<pfhrgb_uniform_2015-05-17_13-46-34.pcd 0.395424 0.000877806 0.00182843 3 382,70,22 96,28,12 0,0,0 461736 671 1430 60 298 400 1159 48 286 461065,392,123,64,34,21,1,11,7,1,6,3,1,3,1,1,0,0,1,0,1 0,18,8,8,3,4,0,2,4,1,5,1,1,1,1,1,0,0,1,0,1 0,121,123,64,34,21,1,11,7,1,6,3,1,3,1,1,0,0,1,0,1 0,6,8,8,3,4,0,2,4,1,5,1,1,1,1,1,0,0,1,0,1
/media/michal/Pauli/masterdata/processed/annotated/rares/20140829/patrol_run_26/room_2/features/nonPlanes<pfhrgb_uniform_2015-05-17_13-47-56.pcd 0.40102 0.000710219 0.00262259 10 80,74,57,43,39,39,32,27,24,19 32,20,14,18,16,13,13,15,16,14 -1 404481 828 1430 -1 -1 400 1002 -1 -1 403653,521,162,73,31,21,12,4,1,1,2 -1 0,93,162,73,31,21,12,4,1,1,2 -1
/media/michal/Pauli/masterdata/processed/annotated/rares/20140901/patrol_run_27/room_2/features/nonPlanes<pfhrgb_uniform_2015-05-17_13-49-01.pcd 0.354484 0.000823503 0.00265422 5 441,81,33,32,26 96,37,14,18,13 0,0,0,0,0 424710 694 1430 63 334 400 1136 52 323 424016,389,151,66,41,14,6,7,7,4,1,1,1,1,1,2,0,0,0,1,0,1 0,13,8,6,11,3,2,4,5,2,1,1,1,1,1,2,0,0,0,1,0,1 0,95,151,66,41,14,6,7,7,4,1,1,1,1,1,2,0,0,0,1,0,1 0,2,8,6,11,3,2,4,5,2,1,1,1,1,1,2,0,0,0,1,0,1
/media/michal/Pauli/masterdata/processed/annotated/rares/20140901/patrol_run_31/room_2/features/nonPlanes<pfhrgb_uniform_2015-05-17_13-50-02.pcd 0.472698 0.000862156 0.00306754 6 275,72,54,54,33,24 67,30,19,14,12,13 1,0,0,0,0,0 456456 697 1430 47 216 400 1133 39 208 455759,388,154,64,39,14,16,6,3,3,2,1,2,2,1,0,2 0,9,11,5,5,4,2,3,1,1,0,1,2,1,0,0,2 0,91,154,64,39,14,16,6,3,3,2,1,2,2,1,0,2 0,1,11,5,5,4,2,3,1,1,0,1,2,1,0,0,2
/media/michal/Pauli/masterdata/processed/annotated/rares/20140901/patrol_run_32/room_2/features/nonPlanes<pfhrgb_uniform_2015-05-17_13-51-06.pcd 0.420286 0.000795011 0.00169213 12 83,81,69,53,43,42,41,38,37,34,31,29 28,25,15,13,25,12,14,13,16,13,16,14 0,0,0,1,0,0,0,0,0,0,0,0 449592 729 1430 19 47 400 1101 11 39 448863,418,148,80,35,17,9,9,3,2,2,2,2,2 0,8,3,5,1,1,0,0,0,1,0,0,0,0 0,89,148,80,35,17,9,9,3,2,2,2,2,2 0,0,3,5,1,1,0,0,0,1,0,0,0,0
/media/michal/Pauli/masterdata/processed/annotated/rares/20140901/patrol_run_33/room_1/features/nonPlanes<pfhrgb_uniform_2015-05-17_13-52-24.pcd 0.345592 0.000866569 0.00241619 8 834,80,53,42,39,31,30,19 207,23,17,18,16,16,16,12 -1 451044 515 1430 -1 -1 400 1315 -1 -1 450529,225,119,53,38,18,15,8,12,6,11,1,1,1,1,2,1,1,0,0,1,0,0,0,0,0,0,1 -1 0,110,119,53,38,18,15,8,12,6,11,1,1,1,1,2,1,1,0,0,1,0,0,0,0,0,0,1 -1
/media/michal/Pauli/masterdata/processed/annotated/rares/20140902/patrol_run_35/room_2/features/nonPlanes<pfhrgb_uniform_2015-05-17_13-54-19.pcd 0.370528 0.000784864 0.00218633 6 384,146,51,51,36,25 98,52,22,21,15,16 0,0,0,0,0,0 451044 735 1430 39 183 400 1095 31 175 450309,416,173,73,23,16,12,8,5,1,2,0,2,1,2,1 0,8,6,5,2,4,5,3,2,0,1,0,0,0,2,1 0,81,173,73,23,16,12,8,5,1,2,0,2,1,2,1 0,0,6,5,2,4,5,3,2,0,1,0,0,0,2,1
/media/michal/Pauli/masterdata/processed/annotated/rares/20140902/patrol_run_38/room_0/features/nonPlanes<pfhrgb_uniform_2015-05-17_13-55-33.pcd 0.413816 0.000869794 0.00189915 8 266,93,41,40,33,32,31,24 55,22,21,20,14,13,14,13 1,0,0,0,0,0,0,0 427977 742 1430 61 236 400 1088 44 219 427235,440,147,68,28,21,17,7,9,3,0,1,0,0,1 0,17,9,5,6,6,8,3,5,1,0,0,0,0,1 0,98,147,68,28,21,17,7,9,3,0,1,0,0,1 0,0,9,5,6,6,8,3,5,1,0,0,0,0,1
/media/michal/Pauli/masterdata/processed/annotated/rares/20140903/patrol_run_1/room_4/features/nonPlanes<pfhrgb_uniform_2015-05-17_13-56-27.pcd 0.427638 0.000864251 0.0024879 12 151,99,90,66,63,41,38,34,33,31,21,21 50,23,34,12,19,15,18,14,12,16,14,12 0,1,0,0,0,0,0,0,0,0,0,0 470184 739 1430 31 90 400 1091 16 75 469445,439,144,70,34,17,13,7,4,6,1,2,1,0,0,1 0,15,2,4,2,3,3,0,0,2,0,0,0,0,0,0 0,100,144,70,34,17,13,7,4,6,1,2,1,0,0,1 0,0,2,4,2,3,3,0,0,2,0,0,0,0,0,0
/media/michal/Pauli/masterdata/processed/annotated/rares/20140903/patrol_run_10/room_2/features/nonPlanes<pfhrgb_uniform_2015-05-17_13-58-04.pcd 0.421125 0.000922317 0.00298145 7 331,93,74,64,49,49,39 80,35,18,27,17,12,15 1,0,0,0,0,0,0 453024 657 1430 68 243 400 1173 52 227 452367,337,151,77,28,21,15,7,11,3,2,1,1,0,0,2,1 0,17,15,12,6,6,2,1,6,1,0,0,0,0,0,2,0 0,80,151,77,28,21,15,7,11,3,2,1,1,0,0,2,1 0,1,15,12,6,6,2,1,6,1,0,0,0,0,0,2,0
/media/michal/Pauli/masterdata/processed/annotated/rares/20140903/patrol_run_12/room_2/features/nonPlanes<pfhrgb_uniform_2015-05-17_13-59-01.pcd 0.422086 0.00109447 0.00258317 7 117,94,85,79,59,57,46 39,31,25,25,21,20,23 0,0,1,0,0,0,0 434214 722 1430 34 78 400 1108 16 60 433492,391,172,71,43,12,14,6,3,5,2,1,2 0,18,9,2,1,1,1,0,0,1,0,0,1 0,69,172,71,43,12,14,6,3,5,2,1,2 0,0,9,2,1,1,1,0,0,1,0,0,1
/media/michal/Pauli/masterdata/processed/annotated/rares/20140903/patrol_run_14/room_1/features/nonPlanes<pfhrgb_uniform_2015-05-17_14-00-47.pcd 0.460153 0.000917338 0.00273944 6 141,115,102,77,72,35 39,38,25,20,36,14 1,0,0,0,0,0 434313 735 1430 33 108 400 1095 27 102 433578,434,156,65,33,12,14,4,6,3,1,3,1,0,0,1,0,0,1,0,0,0,1 0,6,12,4,5,1,2,0,0,2,0,1,0,0,0,0,0,0,0,0,0,0,0 0,99,156,65,33,12,14,4,6,3,1,3,1,0,0,1,0,0,1,0,0,0,1 0,0,12,4,5,1,2,0,0,2,0,1,0,0,0,0,0,0,0,0,0,0,0
/media/michal/Pauli/masterdata/processed/annotated/rares/20140903/patrol_run_2/room_4/features/nonPlanes<pfhrgb_uniform_2015-05-17_14-02-43.pcd 0.449504 0.000941694 0.00166657 6 122,115,64,45,36,25 37,40,22,12,18,12 1,0,0,0,0,0 462264 704 1430 39 118 400 1126 25 104 461560,407,151,54,30,26,10,8,6,1,3,4,0,0,1,2,0,0,1 0,15,11,1,2,5,0,1,2,0,0,2,0,0,0,0,0,0,0 0,103,151,54,30,26,10,8,6,1,3,4,0,0,1,2,0,0,1 0,1,11,1,2,5,0,1,2,0,0,2,0,0,0,0,0,0,0
/media/michal/Pauli/masterdata/processed/annotated/rares/20140903/patrol_run_9/room_2/features/nonPlanes<pfhrgb_uniform_2015-05-17_14-04-25.pcd 0.423041 0.000995208 0.00180498 9 207,112,91,81,66,54,42,35,12 42,36,26,32,25,20,14,15,12 1,0,0,0,0,0,0,0,0 491568 720 1430 51 196 400 1110 36 181 490848,416,138,82,35,16,11,8,4,2,2,3,1,0,0,1,0,0,0,0,1 0,15,7,4,8,4,5,3,2,1,0,0,1,0,0,1,0,0,0,0,0 0,96,138,82,35,16,11,8,4,2,2,3,1,0,0,1,0,0,0,0,1 0,0,7,4,8,4,5,3,2,1,0,0,1,0,0,1,0,0,0,0,0
/media/michal/Pauli/masterdata/processed/annotated/rares/20140904/patrol_run_15/room_2/features/nonPlanes<pfhrgb_uniform_2015-05-17_14-06-04.pcd 0.596795 0.000849762 0.00242041 8 101,81,74,46,33,25,19,18 28,22,37,12,13,14,12,13 0,1,0,0,0,0,0,0 517902 830 1430 15 38 400 1000 8 31 517072,529,166,64,34,9,12,8,6,1,0,1 0,7,0,3,4,0,1,0,0,0,0,0 0,99,166,64,34,9,12,8,6,1,0,1 0,0,0,3,4,0,1,0,0,0,0,0
/media/michal/Pauli/masterdata/processed/annotated/rares/20140905/patrol_run_17/room_2/features/nonPlanes<pfhrgb_uniform_2015-05-17_14-08-12.pcd 0.393659 0.000885416 0.00164218 7 157,87,62,59,55,53,36 48,27,22,22,18,20,15 -1 446160 682 1430 -1 -1 400 1148 -1 -1 445478,368,145,72,37,24,9,11,7,2,2,2,1,1,0,0,1 -1 0,86,145,72,37,24,9,11,7,2,2,2,1,1,0,0,1 -1
/media/michal/Pauli/masterdata/processed/annotated/rares/20140905/patrol_run_19/room_1/features/nonPlanes<pfhrgb_uniform_2015-05-17_14-09-57.pcd 0.41827 0.00087988 0.00279797 8 129,80,74,56,53,52,48,41 47,32,24,17,18,25,16,14 -1 453024 735 1430 -1 -1 400 1095 -1 -1 452289,425,162,64,31,18,14,8,5,2,0,1,1,2,2 -1 0,90,162,64,31,18,14,8,5,2,0,1,1,2,2 -1
/media/michal/Pauli/masterdata/processed/annotated/rares/20140905/patrol_run_21/room_2/features/nonPlanes<pfhrgb_uniform_2015-05-17_14-11-14.pcd 0.401888 0.000919376 0.00167106 9 86,82,73,63,54,51,49,37,33 28,25,26,24,12,21,19,15,14 -1 419265 654 1430 -1 -1 400 1176 -1 -1 418611,332,144,76,30,30,17,10,7,3,2,2,0,0,0,1 -1 0,78,144,76,30,30,17,10,7,3,2,2,0,0,0,1 -1
/media/michal/Pauli/masterdata/processed/annotated/rares/20140905/patrol_run_23/room_2/features/nonPlanes<pfhrgb_uniform_2015-05-17_14-12-09.pcd 0.486116 0.00149975 0.00244963 8 107,84,72,63,57,51,37,24 39,29,13,19,23,20,12,12 -1 463320 655 1430 -1 -1 400 1175 -1 -1 462665,336,151,70,37,20,15,8,6,2,3,2,1,3,0,0,0,0,0,1 -1 0,81,151,70,37,20,15,8,6,2,3,2,1,3,0,0,0,0,0,1 -1
/media/michal/Pauli/masterdata/processed/annotated/rares/20140905/patrol_run_25/room_1/features/nonPlanes<pfhrgb_uniform_2015-05-17_14-13-21.pcd 0.405172 0.000591925 0.00282741 9 115,97,82,66,61,59,58,44,17 34,45,17,16,19,28,20,12,12 -1 410652 670 1430 -1 -1 400 1160 -1 -1 409982,365,139,64,44,14,12,13,7,4,3,2,1,0,1,0,1 -1 0,95,139,64,44,14,12,13,7,4,3,2,1,0,1,0,1 -1
/media/michal/Pauli/masterdata/processed/annotated/rares/20140905/patrol_run_27/room_2/features/nonPlanes<pfhrgb_uniform_2015-05-17_14-14-13.pcd 0.38585 0.000851112 0.00169426 10 139,81,51,49,43,40,34,30,25,23 37,21,15,12,22,16,13,12,13,15 -1 470448 728 1430 -1 -1 400 1102 -1 -1 469720,411,142,91,33,24,8,7,4,2,3,3 -1 0,83,142,91,33,24,8,7,4,2,3,3 -1
/media/michal/Pauli/masterdata/processed/annotated/rares/20140905/patrol_run_29/room_2/features/nonPlanes<pfhrgb_uniform_2015-05-17_14-15-48.pcd 0.41054 0.00111664 0.00165455 12 79,79,72,59,57,56,53,50,47,39,35,28 29,24,18,19,12,12,17,15,14,13,17,12 -1 437580 687 1430 -1 -1 400 1143 -1 -1 436893,382,139,64,40,15,17,12,10,4,3,1 -1 0,95,139,64,40,15,17,12,10,4,3,1 -1
/media/michal/Pauli/masterdata/processed/annotated/rares/20140905/patrol_run_30/room_1/features/nonPlanes<pfhrgb_uniform_2015-05-17_14-17-13.pcd 0.412743 0.000911986 0.0017948 7 214,132,56,53,53,41,21 65,33,22,17,13,15,13 -1 451044 701 1430 -1 -1 400 1129 -1 -1 450343,369,166,75,35,20,13,11,7,1,2,1,0,1 -1 0,68,166,75,35,20,13,11,7,1,2,1,0,1 -1
/media/michal/Pauli/masterdata/processed/annotated/rares/20140905/patrol_run_30/room_7/features/nonPlanes<pfhrgb_uniform_2015-05-17_14-18-32.pcd 0.565112 0.00135456 0.00234216 8 152,76,62,57,55,42,36,25 56,28,22,22,21,17,14,14 -1 458865 777 1430 -1 -1 400 1053 -1 -1 458088,449,183,70,35,19,8,5,2,0,2,1,0,2,1 -1 0,72,183,70,35,19,8,5,2,0,2,1,0,2,1 -1
/media/michal/Pauli/masterdata/processed/annotated/rares/20140908/patrol_run_32/room_2/features/nonPlanes<pfhrgb_uniform_2015-05-17_14-19-48.pcd 0.508436 0.00134459 0.002511 7 61,56,52,40,40,38,29 25,18,12,14,13,15,12 -1 448668 734 1430 -1 -1 400 1096 -1 -1 447934,431,154,61,34,18,16,6,7,1,1,1,1,1,0,1,0,0,1 -1 0,97,154,61,34,18,16,6,7,1,1,1,1,1,0,1,0,0,1 -1
/media/michal/Pauli/masterdata/processed/annotated/rares/20140908/patrol_run_34/room_2/features/nonPlanes<pfhrgb_uniform_2015-05-17_14-21-36.pcd 0.605407 0.00222507 0.00310766 9 80,63,61,47,45,39,34,22,19 16,23,22,15,13,18,13,12,13 -1 423720 727 1430 -1 -1 400 1103 -1 -1 422993,426,158,54,32,17,17,6,6,5,2,1,1,0,0,1,0,0,1 -1 0,99,158,54,32,17,17,6,6,5,2,1,1,0,0,1,0,0,1 -1
/media/michal/Pauli/masterdata/processed/annotated/rares/20140908/patrol_run_36/room_3/features/nonPlanes<pfhrgb_uniform_2015-05-17_14-23-40.pcd 0.477812 0.00236385 0.00166033 9 124,84,79,66,66,43,36,34,21 40,24,34,20,19,15,13,19,15 -1 423654 723 1430 -1 -1 400 1107 -1 -1 422931,426,146,66,30,16,14,13,4,0,0,3,0,3,0,0,0,1,1 -1 0,103,146,66,30,16,14,13,4,0,0,3,0,3,0,0,0,1,1 -1
/media/michal/Pauli/masterdata/processed/annotated/rares/20140908/patrol_run_38/room_2/features/nonPlanes<pfhrgb_uniform_2015-05-17_14-24-51.pcd 0.484774 0.00136828 0.00274573 9 118,72,62,46,40,39,38,31,24 28,19,30,12,12,15,14,14,14 -1 433356 726 1430 -1 -1 400 1104 -1 -1 432630,420,150,68,35,20,12,9,0,3,4,0,2,2,1 -1 0,94,150,68,35,20,12,9,0,3,4,0,2,2,1 -1
/media/michal/Pauli/masterdata/processed/annotated/rares/20140908/patrol_run_39/room_3/features/nonPlanes<pfhrgb_uniform_2015-05-17_14-25-51.pcd 0.461928 0.000836044 0.00182915 6 172,104,53,44,35,30 52,23,14,21,17,12 -1 414678 664 1430 -1 -1 400 1166 -1 -1 414014,353,150,71,32,18,12,10,4,4,2,1,2,1,0,1,0,2,0,1 -1 0,89,150,71,32,18,12,10,4,4,2,1,2,1,0,1,0,2,0,1 -1
/media/michal/Pauli/masterdata/processed/annotated/rares/20140908/patrol_run_41/room_3/features/nonPlanes<pfhrgb_uniform_2015-05-17_14-27-03.pcd 0.547247 0.000900841 0.00213976 4 131,110,78,50 36,37,31,12 -1 455400 697 1430 -1 -1 400 1133 -1 -1 454703,390,155,61,29,19,15,12,7,4,1,0,0,0,2,0,2 -1 0,93,155,61,29,19,15,12,7,4,1,0,0,0,2,0,2 -1
/media/michal/Pauli/masterdata/processed/annotated/rares/20140908/patrol_run_43/room_3/features/nonPlanes<pfhrgb_uniform_2015-05-17_14-28-08.pcd 0.47771 0.000960931 0.00244484 9 120,79,61,50,48,45,33,29,24 31,17,15,23,12,17,12,17,13 -1 414018 676 1430 -1 -1 400 1154 -1 -1 413342,359,159,71,26,21,14,9,3,5,3,2,0,0,0,2,1,1 -1 0,83,159,71,26,21,14,9,3,5,3,2,0,0,0,2,1,1 -1
/media/michal/Pauli/masterdata/processed/annotated/rares/20140908/patrol_run_45/room_2/features/nonPlanes<pfhrgb_uniform_2015-05-17_14-29-40.pcd 0.467949 0.00108857 0.00277494 9 116,52,49,44,39,38,34,32,25 46,14,23,13,12,12,17,13,12 -1 442200 715 1430 -1 -1 400 1115 -1 -1 441485,404,155,74,27,18,13,8,4,6,1,2,0,2,0,0,0,0,1 -1 0,89,155,74,27,18,13,8,4,6,1,2,0,2,0,0,0,0,1 -1
/media/michal/Pauli/masterdata/processed/annotated/rares/20140908/patrol_run_47/room_3/features/nonPlanes<pfhrgb_uniform_2015-05-17_14-32-16.pcd 0.55415 0.00181689 0.00291541 8 93,85,74,70,57,45,34,31 29,20,28,21,20,22,19,14 -1 465300 763 1430 -1 -1 400 1067 -1 -1 464537,459,154,69,28,22,9,11,6,2,1,1,0,0,0,0,1 -1 0,96,154,69,28,22,9,11,6,2,1,1,0,0,0,0,1 -1
/media/michal/Pauli/masterdata/processed/annotated/rares/20140909/patrol_run_49/room_3/features/nonPlanes<pfhrgb_uniform_2015-05-17_14-34-26.pcd 0.478292 0.00206908 0.00180417 7 200,78,55,49,37,36,30 61,29,16,18,19,19,13 0,0,1,0,0,0,0 437778 736 1430 23 62 400 1094 16 55 437042,412,164,71,40,20,12,8,3,2,2,1,0,0,0,0,1 0,8,3,5,4,2,0,1,0,0,0,0,0,0,0,0,0 0,76,164,71,40,20,12,8,3,2,2,1,0,0,0,0,1 0,1,3,5,4,2,0,1,0,0,0,0,0,0,0,0,0
/media/michal/Pauli/masterdata/processed/annotated/rares/20140909/patrol_run_51/room_3/features/nonPlanes<pfhrgb_uniform_2015-05-17_14-35-58.pcd 0.476732 0.00233768 0.00255853 4 143,57,50,37 69,17,18,16 0,0,0,0 816816 731 1430 10 28 400 1099 6 24 816085,418,152,74,32,24,10,5,6,5,5 0,4,3,1,0,1,0,0,0,0,1 0,87,152,74,32,24,10,5,6,5,5 0,0,3,1,0,1,0,0,0,0,1
/media/michal/Pauli/masterdata/processed/annotated/rares/20140909/patrol_run_53/room_3/features/nonPlanes<pfhrgb_uniform_2015-05-17_14-37-13.pcd 0.515186 0.000880706 0.00170042 8 171,76,71,71,70,53,29,20 40,15,21,16,32,21,12,12 1,0,0,0,0,0,0,0 456456 663 1430 39 164 400 1167 27 152 455793,370,134,71,29,16,11,5,8,10,2,0,2,1,1,0,0,0,2,0,0,1 0,13,7,4,3,2,1,0,2,5,0,0,0,0,0,0,0,0,2,0,0,0 0,107,134,71,29,16,11,5,8,10,2,0,2,1,1,0,0,0,2,0,0,1 0,1,7,4,3,2,1,0,2,5,0,0,0,0,0,0,0,0,2,0,0,0
/media/michal/Pauli/masterdata/processed/annotated/rares/20140909/patrol_run_55/room_3/features/nonPlanes<pfhrgb_uniform_2015-05-17_14-37-56.pcd 0.515097 0.000858558 0.00283308 10 83,81,74,69,35,35,30,29,28,22 22,24,21,31,13,12,17,12,16,15 0,0,0,0,0,0,0,0,0,0 446622 813 1430 7 15 400 1017 2 10 445809,513,160,68,30,16,8,9,4,3,1,0,0,1 0,5,0,0,0,2,0,0,0,0,0,0,0,0 0,100,160,68,30,16,8,9,4,3,1,0,0,1 0,0,0,0,0,2,0,0,0,0,0,0,0,0
/media/michal/Pauli/masterdata/processed/annotated/rares/20140909/patrol_run_59/room_3/features/nonPlanes<pfhrgb_uniform_2015-05-17_22-54-28.pcd 0.657721 0.00160617 0.00280313 5 131,88,58,54,48 44,36,24,17,15 -1 1089992 808 1430 -1 -1 400 1022 -1 -1 1089184,494,168,79,29,14,7,9,5,2,0,0,0,0,1 -1 0,86,168,79,29,14,7,9,5,2,0,0,0,0,1 -1
/media/michal/Pauli/masterdata/processed/annotated/rares/20140909/patrol_run_61/room_3/features/nonPlanes<pfhrgb_uniform_2015-05-17_22-55-37.pcd 0.58186 0.00412031 0.00277992 7 130,101,92,85,48,31,18 37,40,30,31,13,13,13 0,0,0,0,0,0,0 1053360 726 1430 7 19 400 1104 4 16 1052634,410,170,60,33,15,14,8,7,3,3,1,0,1,0,0,1 0,3,2,0,0,1,0,1,0,0,0,0,0,0,0,0,0 0,84,170,60,33,15,14,8,7,3,3,1,0,1,0,0,1 0,0,2,0,0,1,0,1,0,0,0,0,0,0,0,0,0
/media/michal/Pauli/masterdata/processed/annotated/rares/20140909/patrol_run_63/room_3/features/nonPlanes<pfhrgb_uniform_2015-05-17_22-56-50.pcd 0.527439 0.00156002 0.00308597 8 147,88,88,80,55,52,42,34 19,34,33,17,23,19,12,17 0,0,0,0,0,0,0,0 1102304 640 1430 23 44 400 1190 11 32 1101664,343,138,63,33,27,7,9,5,3,3,2,0,1,1,1,0,2,0,0,0,0,0,0,0,1,0,0,0,0,1 0,14,4,2,1,1,0,1,0,0,0,0,0,0,0,0,0,0,0,0,0,0,0,0,0,0,0,0,0,0,0 0,103,138,63,33,27,7,9,5,3,3,2,0,1,1,1,0,2,0,0,0,0,0,0,0,1,0,0,0,0,1 0,2,4,2,1,1,0,1,0,0,0,0,0,0,0,0,0,0,0,0,0,0,0,0,0,0,0,0,0,0,0
/media/michal/Pauli/masterdata/processed/annotated/rares/20140910/patrol_run_67/room_3/features/nonPlanes<pfhrgb_uniform_2015-05-17_22-57-53.pcd 0.564351 0.00149196 0.00264731 7 60,48,48,46,45,36,28 22,18,16,15,18,17,13 0,0,0,1,0,0,0 1057571 777 1430 27 56 400 1053 13 42 1056794,461,162,76,33,21,13,3,2,1,2,1,1,1 0,14,4,6,0,2,1,0,0,0,0,0,0,0 0,84,162,76,33,21,13,3,2,1,2,1,1,1 0,0,4,6,0,2,1,0,0,0,0,0,0,0
/media/michal/Pauli/masterdata/processed/annotated/rares/20140910/patrol_run_69/room_3/features/nonPlanes<pfhrgb_uniform_2015-05-17_22-59-00.pcd 0.568275 0.00195025 0.00188201 7 100,77,70,44,37,36,34 34,15,17,18,17,16,12 0,0,1,0,0,0,0 1078478 773 1430 33 86 400 1057 17 70 1077705,479,144,62,43,16,13,4,4,3,1,1,2,0,0,1 0,16,7,2,4,1,0,0,1,1,0,0,1,0,0,0 0,106,144,62,43,16,13,4,4,3,1,1,2,0,0,1 0,0,7,2,4,1,0,0,1,1,0,0,1,0,0,0
/media/michal/Pauli/masterdata/processed/annotated/rares/20140910/patrol_run_71/room_3/features/nonPlanes<pfhrgb_uniform_2015-05-17_23-00-09.pcd 0.578762 0.00188463 0.00166622 7 133,107,51,48,47,26,19 20,37,19,23,16,13,12 1,0,0,0,0,0,0 1098656 757 1430 23 136 400 1073 20 133 1097899,456,156,68,25,22,10,5,8,2,1,0,1,0,0,1,1,0,1 0,3,2,4,1,3,2,2,2,0,1,0,1,0,0,0,1,0,1 0,99,156,68,25,22,10,5,8,2,1,0,1,0,0,1,1,0,1 0,0,2,4,1,3,2,2,2,0,1,0,1,0,0,0,1,0,1
/media/michal/Pauli/masterdata/processed/annotated/rares/20140910/patrol_run_74/room_3/features/nonPlanes<pfhrgb_uniform_2015-05-17_23-01-14.pcd 0.591682 0.00148076 0.00260516 10 159,89,70,63,56,51,46,43,28,22 38,20,32,20,13,17,17,19,18,13 1,0,0,0,0,0,0,0,0,0 1048800 755 1430 51 168 400 1075 33 150 1048045,446,151,76,35,15,14,9,3,3,1,0,0,0,0,1,1 0,19,8,8,4,4,1,4,1,0,0,0,0,0,0,1,1 0,91,151,76,35,15,14,9,3,3,1,0,0,0,0,1,1 0,1,8,8,4,4,1,4,1,0,0,0,0,0,0,1,1
/media/michal/Pauli/masterdata/processed/annotated/rares/20140910/patrol_run_77/room_4/features/nonPlanes<pfhrgb_uniform_2015-05-17_23-02-16.pcd 0.550277 0.00148443 0.00281567 11 131,95,52,49,45,38,36,33,32,30,18 34,27,24,13,13,16,12,14,13,12,13 0,0,1,0,0,0,0,0,0,0,0 1101506 763 1430 36 64 400 1067 20 48 1100743,444,164,79,29,17,11,12,3,0,1,2,0,0,1 0,21,9,1,4,0,1,0,0,0,0,0,0,0,0 0,81,164,79,29,17,11,12,3,0,1,2,0,0,1 0,5,9,1,4,0,1,0,0,0,0,0,0,0,0
/media/michal/Pauli/masterdata/processed/annotated/rares/20140910/patrol_run_79/room_2/features/nonPlanes<pfhrgb_uniform_2015-05-17_23-03-28.pcd 0.573087 0.00190437 0.00288072 4 155,47,32,22 42,15,22,13 0,0,0,0 1097668 669 1430 25 113 400 1161 17 105 1096999,365,144,68,37,14,12,12,4,5,1,2,1,1,0,0,0,0,0,0,1,1,0,0,1 0,9,4,1,3,0,3,0,0,2,0,0,1,1,0,0,0,0,0,0,1,0,0,0,0 0,96,144,68,37,14,12,12,4,5,1,2,1,1,0,0,0,0,0,0,1,1,0,0,1 0,1,4,1,3,0,3,0,0,2,0,0,1,1,0,0,0,0,0,0,1,0,0,0,0
/media/michal/Pauli/masterdata/processed/annotated/rares/20140910/patrol_run_81/room_2/features/nonPlanes<pfhrgb_uniform_2015-05-17_23-04-25.pcd 0.390373 0.00193132 0.00213696 9 327,175,65,59,55,51,37,30,16 91,38,16,22,18,14,13,13,12 0,0,0,0,0,0,0,1,0 1075400 591 1430 20 38 400 1239 14 32 1074809,294,125,68,24,20,21,12,9,9,3,2,0,1,1,0,0,0,0,0,1,0,0,0,1 0,13,5,0,1,0,0,0,0,0,0,1,0,0,0,0,0,0,0,0,0,0,0,0,0 0,103,125,68,24,20,21,12,9,9,3,2,0,1,1,0,0,0,0,0,1,0,0,0,1 0,7,5,0,1,0,0,0,0,0,0,1,0,0,0,0,0,0,0,0,0,0,0,0,0
/media/michal/Pauli/masterdata/processed/annotated/rares/20140911/patrol_run_82/room_3/features/nonPlanes<pfhrgb_uniform_2015-05-17_23-05-24.pcd 0.520318 0.00141746 0.00269708 7 167,78,44,43,40,29,24 48,27,18,14,13,12,13 1,0,0,0,0,0,0 1146612 754 1430 50 162 400 1076 37 149 1145858,433,163,81,29,18,11,6,8,1,3,1 0,13,12,9,3,6,1,1,4,0,0,1 0,79,163,81,29,18,11,6,8,1,3,1 0,0,12,9,3,6,1,1,4,0,0,1
/media/michal/Pauli/masterdata/processed/annotated/rares/20140911/patrol_run_84/room_3/features/nonPlanes<pfhrgb_uniform_2015-05-17_23-06-29.pcd 0.532074 0.00175568 0.00196586 9 144,108,39,38,35,32,28,23,18 35,33,14,16,20,12,15,12,12 1,0,0,0,0,0,0,0,0 1094400 781 1430 43 137 400 1049 28 122 1093619,474,159,72,32,16,11,8,3,4,0,0,0,0,0,1,0,1 0,15,10,6,3,0,3,4,0,1,0,0,0,0,0,0,0,1 0,93,159,72,32,16,11,8,3,4,0,0,0,0,0,1,0,1 0,0,10,6,3,0,3,4,0,1,0,0,0,0,0,0,0,1
/media/michal/Pauli/masterdata/processed/annotated/rares/20140911/patrol_run_88/room_3/features/nonPlanes<pfhrgb_uniform_2015-05-17_23-07-31.pcd 0.550108 0.00128261 0.00258522 6 205,114,85,78,45,44 81,43,26,33,14,18 -1 960636 791 1430 -1 -1 400 1039 -1 -1 959845,476,162,78,31,18,13,7,2,1,3 -1 0,85,162,78,31,18,13,7,2,1,3 -1
/media/michal/Pauli/masterdata/processed/annotated/rares/20140911/patrol_run_90/room_3/features/nonPlanes<pfhrgb_uniform_2015-05-17_23-08-31.pcd 0.605502 0.00132858 0.00254193 6 150,67,54,51,43,37 47,24,25,14,12,21 1,0,0,0,0,0 1165840 796 1430 46 140 400 1034 35 129 1165044,501,152,69,26,13,15,10,4,5,0,0,1 0,11,13,9,4,2,2,3,1,1,0,0,0 0,105,152,69,26,13,15,10,4,5,0,0,1 0,0,13,9,4,2,2,3,1,1,0,0,0
/media/michal/Pauli/masterdata/processed/annotated/rares/20140911/patrol_run_92/room_3/features/nonPlanes<pfhrgb_uniform_2015-05-17_23-10-02.pcd 0.556076 0.00446619 0.00180645 6 117,94,86,62,41,35 25,34,25,21,18,13 1,0,0,0,0,0 1127840 697 1430 27 119 400 1133 25 117 1127143,396,136,72,40,10,19,6,5,5,3,1,1,2,0,0,1 0,5,3,7,1,2,4,1,1,1,0,0,1,1,0,0,0 0,99,136,72,40,10,19,6,5,5,3,1,1,2,0,0,1 0,3,3,7,1,2,4,1,1,1,0,0,1,1,0,0,0
/media/michal/Pauli/masterdata/processed/annotated/rares/20140912/patrol_run_100/room_3/features/nonPlanes<pfhrgb_uniform_2015-05-17_23-11-10.pcd 0.548333 0.00176653 0.00294347 6 165,69,61,48,39,23 45,25,23,13,20,14 1,0,0,0,0,0 1057122 746 1430 40 107 400 1084 29 96 1056376,444,152,58,40,20,10,7,10,2,0,1,0,1,0,0,0,1 0,15,7,5,8,2,1,1,1,0,0,0,0,0,0,0,0,0 0,98,152,58,40,20,10,7,10,2,0,1,0,1,0,0,0,1 0,4,7,5,8,2,1,1,1,0,0,0,0,0,0,0,0,0
/media/michal/Pauli/masterdata/processed/annotated/rares/20140912/patrol_run_102/room_3/features/nonPlanes<pfhrgb_uniform_2015-05-17_23-12-18.pcd 0.514677 0.00181286 0.00269026 6 148,121,107,56,45,34 59,22,36,15,17,14 0,1,0,0,0,0 1110512 730 1430 35 114 400 1100 17 96 1109782,435,140,65,33,22,12,9,3,3,4,1,1,1,0,0,1 0,18,2,5,3,1,1,1,1,0,1,0,0,1,0,0,1 0,105,140,65,33,22,12,9,3,3,4,1,1,1,0,0,1 0,0,2,5,3,1,1,1,1,0,1,0,0,1,0,0,1
/media/michal/Pauli/masterdata/processed/annotated/rares/20140912/patrol_run_104/room_3/features/nonPlanes<pfhrgb_uniform_2015-05-17_23-13-23.pcd 0.510338 0.00149743 0.00288859 7 195,120,87,79,48,45,17 47,34,30,26,15,16,12 0,0,0,0,0,0,0 1109600 702 1430 32 112 400 1128 22 102 1108898,409,146,58,29,16,13,11,9,1,3,2,2,0,1,1,0,0,1 0,12,3,5,1,3,1,2,5,0,0,0,0,0,0,0,0,0,0 0,107,146,58,29,16,13,11,9,1,3,2,2,0,1,1,0,0,1 0,2,3,5,1,3,1,2,5,0,0,0,0,0,0,0,0,0,0
/media/michal/Pauli/masterdata/processed/annotated/rares/20140912/patrol_run_94/room_3/features/nonPlanes<pfhrgb_uniform_2015-05-17_23-14-29.pcd 0.510858 0.0012381 0.00165041 9 77,66,61,60,48,44,25,24,22 14,13,18,15,16,14,12,15,13 1,0,0,0,0,0,0,0,0 948600 696 1430 20 79 400 1134 11 70 947904,393,152,52,25,36,19,6,6,2,1,2,0,0,0,0,0,0,0,0,1,0,0,1 0,9,3,1,2,1,0,0,2,1,0,0,0,0,0,0,0,0,0,0,0,0,0,1 0,97,152,52,25,36,19,6,6,2,1,2,0,0,0,0,0,0,0,0,1,0,0,1 0,0,3,1,2,1,0,0,2,1,0,0,0,0,0,0,0,0,0,0,0,0,0,1
/media/michal/Pauli/masterdata/processed/annotated/rares/20140912/patrol_run_96/room_2/features/nonPlanes<pfhrgb_uniform_2015-05-17_23-15-39.pcd 0.543454 0.0013661 0.00272309 8 153,73,65,46,46,46,35,23 38,20,21,16,15,14,16,12 1,0,0,0,0,0,0,0 1124838 658 1430 35 148 400 1172 23 136 1124180,362,123,75,31,17,20,8,9,7,0,1,2,2,0,0,1 0,13,4,4,3,0,2,2,2,1,0,1,1,1,0,0,1 0,104,123,75,31,17,20,8,9,7,0,1,2,2,0,0,1 0,1,4,4,3,0,2,2,2,1,0,1,1,1,0,0,1
/media/michal/Pauli/masterdata/processed/annotated/rares/20140912/patrol_run_98/room_3/features/nonPlanes<pfhrgb_uniform_2015-05-17_23-16-41.pcd 0.547267 0.00192263 0.00243058 5 98,76,74,45,39 37,22,29,13,17 0,1,0,0,0 1043936 757 1430 33 98 400 1073 23 88 1043179,449,152,76,30,13,17,7,6,5,2 0,10,12,4,0,0,2,2,1,2,0 0,92,152,76,30,13,17,7,6,5,2 0,0,12,4,0,0,2,2,1,2,0
/media/michal/Pauli/masterdata/processed/annotated/rares/20140921/patrol_run_110/room_2/features/nonPlanes<pfhrgb_uniform_2015-05-17_23-17-46.pcd 0.37367 0.00309426 0.00343763 8 467,178,128,64,60,54,48,40 109,51,36,16,21,25,17,25 -1 1150032 566 1430 -1 -1 400 1264 -1 -1 1149466,285,103,57,38,23,21,10,8,9,3,0,4,1,0,1,1,0,1,0,1 -1 0,119,103,57,38,23,21,10,8,9,3,0,4,1,0,1,1,0,1,0,1 -1
/media/michal/Pauli/masterdata/processed/annotated/rares/20140921/patrol_run_112/room_2/features/nonPlanes<pfhrgb_uniform_2015-05-17_23-18-52.pcd 0.565111 0.00165426 0.00274919 8 107,96,82,78,53,32,31,22 34,18,20,15,24,14,19,13 -1 1137150 721 1430 -1 -1 400 1109 -1 -1 1136429,430,149,55,24,23,14,10,2,3,4,0,3,3,1 -1 0,109,149,55,24,23,14,10,2,3,4,0,3,3,1 -1
/media/michal/Pauli/masterdata/processed/annotated/rares/20140921/patrol_run_114/room_1/features/nonPlanes<pfhrgb_uniform_2015-05-17_23-19-59.pcd 0.615873 0.00150482 0.00271723 7 120,92,85,54,50,44,43 29,32,37,15,16,23,21 -1 1135060 723 1430 -1 -1 400 1107 -1 -1 1134337,393,173,77,39,12,10,6,3,3,1,3,1,1,0,0,0,0,0,0,0,0,0,1 -1 0,70,173,77,39,12,10,6,3,3,1,3,1,1,0,0,0,0,0,0,0,0,0,1 -1
/media/michal/Pauli/masterdata/processed/annotated/rares/20140922/patrol_run_116/room_2/features/nonPlanes<pfhrgb_uniform_2015-05-17_23-21-02.pcd 0.529274 0.00273907 0.00290054 10 152,126,68,68,62,49,39,36,28,24 52,32,23,21,14,18,17,13,14,13 -1 1135668 730 1430 -1 -1 400 1100 -1 -1 1134938,401,176,68,30,20,15,8,7,3,0,1,0,1 -1 0,71,176,68,30,20,15,8,7,3,0,1,0,1 -1
/media/michal/Pauli/masterdata/processed/annotated/rares/20140922/patrol_run_118/room_2/features/nonPlanes<pfhrgb_uniform_2015-05-17_23-22-13.pcd 0.5414 0.00153672 0.00174394 7 197,114,59,46,41,31,15 57,31,19,18,12,15,12 -1 1197684 753 1430 -1 -1 400 1077 -1 -1 1196931,452,148,73,30,17,13,3,6,4,4,2,0,1 -1 0,99,148,73,30,17,13,3,6,4,4,2,0,1 -1
/media/michal/Pauli/masterdata/processed/annotated/rares/20140922/patrol_run_120/room_1/features/nonPlanes<pfhrgb_uniform_2015-05-17_23-23-22.pcd 0.556373 0.0015404 0.00282136 9 148,59,47,46,43,43,36,27,25 44,16,15,14,20,16,14,14,17 -1 1163902 737 1430 -1 -1 400 1093 -1 -1 1163165,423,159,71,29,18,17,11,3,3,0,0,0,2,1 -1 0,86,159,71,29,18,17,11,3,3,0,0,0,2,1 -1
/media/michal/Pauli/masterdata/processed/annotated/rares/20140922/patrol_run_124/room_2/features/nonPlanes<pfhrgb_uniform_2015-05-17_23-24-25.pcd 0.648175 0.00160299 0.00261644 4 86,59,32,27 24,29,14,21 -1 1189476 742 1430 -1 -1 400 1088 -1 -1 1188734,438,152,74,28,11,15,9,6,4,1,2,0,1,0,0,0,1 -1 0,96,152,74,28,11,15,9,6,4,1,2,0,1,0,0,0,1 -1
/media/michal/Pauli/masterdata/processed/annotated/rares/20140922/patrol_run_126/room_2/features/nonPlanes<pfhrgb_uniform_2015-05-17_23-26-01.pcd 0.530971 0.0019279 0.00311209 6 240,108,68,61,48,26 72,29,22,22,15,13 -1 1158810 705 1430 -1 -1 400 1125 -1 -1 1158105,394,138,81,32,21,17,9,7,2,1,1,2 -1 0,89,138,81,32,21,17,9,7,2,1,1,2 -1
/media/michal/Pauli/masterdata/processed/annotated/rares/20140922/patrol_run_128/room_2/features/nonPlanes<pfhrgb_uniform_2015-05-17_23-27-17.pcd 0.524102 0.00195443 0.00180511 11 123,62,60,54,43,40,40,34,29,25,24 53,29,28,20,14,13,13,12,13,12,16 -1 1108536 779 1430 -1 -1 400 1051 -1 -1 1107757,468,156,73,34,16,18,9,2,2,1 -1 0,89,156,73,34,16,18,9,2,2,1 -1
/media/michal/Pauli/masterdata/processed/annotated/rares/20140922/patrol_run_130/room_2/features/nonPlanes<pfhrgb_uniform_2015-05-17_23-28-23.pcd 0.552099 0.00195224 0.00245463 10 163,119,63,62,51,50,47,45,41,38 42,34,19,22,20,15,30,23,17,13 -1 1066964 723 1430 -1 -1 400 1107 -1 -1 1066241,422,148,63,33,18,14,10,2,6,3,2,1,1 -1 0,99,148,63,33,18,14,10,2,6,3,2,1,1 -1
/media/michal/Pauli/masterdata/processed/annotated/rares/20140922/patrol_run_132/room_1/features/nonPlanes<pfhrgb_uniform_2015-05-17_23-29-32.pcd 0.607553 0.00181696 0.0025549 10 89,85,77,51,41,40,39,36,30,25 24,23,28,12,16,15,12,13,13,13 -1 1156036 747 1430 -1 -1 400 1083 -1 -1 1155289,427,163,71,44,14,11,6,5,2,1,0,0,1,1,1 -1 0,80,163,71,44,14,11,6,5,2,1,0,0,1,1,1 -1
/media/michal/Pauli/masterdata/processed/annotated/rares/20140922/patrol_run_134/room_2/features/nonPlanes<pfhrgb_uniform_2015-05-17_23-30-57.pcd 0.566264 0.00189277 0.00263788 9 152,103,88,68,50,43,42,25,18 34,32,33,18,23,23,15,12,12 -1 1114464 792 1430 -1 -1 400 1038 -1 -1 1113672,485,163,75,22,19,14,5,4,1,0,2,0,1,0,0,1 -1 0,93,163,75,22,19,14,5,4,1,0,2,0,1,0,0,1 -1
/media/michal/Pauli/masterdata/processed/annotated/rares/20140922/patrol_run_138/room_2/features/nonPlanes<pfhrgb_uniform_2015-05-17_23-32-04.pcd 0.686134 0.0015117 0.00269226 7 166,78,76,70,52,41,35 41,19,24,25,21,14,14 -1 1197912 715 1430 -1 -1 400 1115 -1 -1 1197197,394,164,67,35,22,13,4,8,4,2,0,0,0,1,0,0,1 -1 0,79,164,67,35,22,13,4,8,4,2,0,0,0,1,0,0,1 -1
/media/michal/Pauli/masterdata/processed/annotated/rares/20140923/patrol_run_139/room_2/features/nonPlanes<pfhrgb_uniform_2015-05-17_23-33-06.pcd 0.524472 0.00137675 0.00217218 6 133,123,100,77,77,24 34,51,32,32,28,12 -1 996812 730 1430 -1 -1 400 1100 -1 -1 996082,405,172,68,29,31,6,9,1,3,2,0,1,2,1 -1 0,75,172,68,29,31,6,9,1,3,2,0,1,2,1 -1
/media/michal/Pauli/masterdata/processed/annotated/rares/20140923/patrol_run_141/room_2/features/nonPlanes<pfhrgb_uniform_2015-05-17_23-34-12.pcd 0.507335 0.0110366 0.00167275 10 91,75,71,60,55,51,37,34,29,24 32,17,21,19,26,14,12,14,13,13 -1 1166676 735 1430 -1 -1 400 1095 -1 -1 1165941,420,161,66,40,15,14,9,4,1,2,1,0,1,0,0,0,0,0,0,0,0,0,1 -1 0,85,161,66,40,15,14,9,4,1,2,1,0,1,0,0,0,0,0,0,0,0,0,1 -1
/media/michal/Pauli/masterdata/processed/annotated/rares/20140923/patrol_run_144/room_2/features/nonPlanes<pfhrgb_uniform_2015-05-17_23-35-11.pcd 0.595377 0.00131116 0.00245653 8 124,70,51,49,45,45,24,19 43,21,19,14,20,15,12,13 -1 1021554 718 1430 -1 -1 400 1112 -1 -1 1020836,408,156,60,36,22,13,9,5,2,4,2,0,0,0,1 -1 0,90,156,60,36,22,13,9,5,2,4,2,0,0,0,1 -1
/media/michal/Pauli/masterdata/processed/annotated/rares/20140923/patrol_run_146/room_2/features/nonPlanes<pfhrgb_uniform_2015-05-17_23-36-19.pcd 0.544116 0.00247147 0.00260641 8 134,110,80,51,47,45,34,25 29,42,22,17,15,26,12,13 -1 961792 722 1430 -1 -1 400 1108 -1 -1 961070,408,151,70,38,25,11,7,7,1,0,0,2,1,0,0,1 -1 0,86,151,70,38,25,11,7,7,1,0,0,2,1,0,0,1 -1
/media/michal/Pauli/masterdata/processed/annotated/rares/20140923/patrol_run_148/room_2/features/nonPlanes<pfhrgb_uniform_2015-05-17_23-37-23.pcd 0.538377 0.00157609 0.00233334 9 85,75,73,58,52,44,40,35,20 29,26,26,17,17,13,18,12,12 -1 1143952 690 1430 -1 -1 400 1140 -1 -1 1143262,366,167,62,40,19,11,12,3,0,4,3,1,1,0,0,0,1 -1 0,76,167,62,40,19,11,12,3,0,4,3,1,1,0,0,0,1 -1
/media/michal/Pauli/masterdata/processed/annotated/rares/20140923/patrol_run_150/room_2/features/nonPlanes<pfhrgb_uniform_2015-05-17_23-38-31.pcd 0.589499 0.00149829 0.00205134 6 167,142,47,46,45,44 58,49,14,21,15,15 -1 1115756 741 1430 -1 -1 400 1089 -1 -1 1115015,422,161,74,32,22,12,9,3,3,1,0,0,0,1,0,1 -1 0,81,161,74,32,22,12,9,3,3,1,0,0,0,1,0,1 -1
/media/michal/Pauli/masterdata/processed/annotated/rares/20140924/patrol_run_152/room_2/features/nonPlanes<pfhrgb_uniform_2015-05-17_23-39-37.pcd 0.500235 0.00142959 0.00262656 7 159,145,130,60,39,36,34 50,43,51,17,14,15,12 -1 1068522 706 1430 -1 -1 400 1124 -1 -1 1067816,380,168,76,23,26,12,8,3,3,3,1,1,0,0,1,0,1 -1 0,74,168,76,23,26,12,8,3,3,3,1,1,0,0,1,0,1 -1
/media/michal/Pauli/masterdata/processed/annotated/rares/20140924/patrol_run_156/room_2/features/nonPlanes<pfhrgb_uniform_2015-05-17_23-40-27.pcd 0.570557 0.00160373 0.00272953 9 176,90,83,48,44,42,33,28,23 63,30,23,14,24,12,17,12,18 -1 1129170 780 1430 -1 -1 400 1050 -1 -1 1128390,471,161,62,37,21,9,12,4,2,1 -1 0,91,161,62,37,21,9,12,4,2,1 -1
/media/michal/Pauli/masterdata/processed/annotated/rares/20140924/patrol_run_158/room_1/features/nonPlanes<pfhrgb_uniform_2015-05-17_23-41-20.pcd 0.550091 0.00147517 0.00245973 9 174,133,88,67,63,42,33,24,20 55,43,17,14,23,16,12,13,12 -1 1068522 736 1430 -1 -1 400 1094 -1 -1 1067786,425,164,67,31,11,14,7,8,1,3,2,1,1,1 -1 0,89,164,67,31,11,14,7,8,1,3,2,1,1,1 -1
/media/michal/Pauli/masterdata/processed/annotated/rares/20140924/patrol_run_162/room_2/features/nonPlanes<pfhrgb_uniform_2015-05-17_23-42-20.pcd 0.550303 0.00184509 0.00240685 8 105,71,54,40,35,27,24,15 32,14,15,13,15,12,16,12 -1 1090600 734 1430 -1 -1 400 1096 -1 -1 1089866,431,159,60,25,16,18,6,8,7,2,1,0,1 -1 0,97,159,60,25,16,18,6,8,7,2,1,0,1 -1
/media/michal/Pauli/masterdata/processed/annotated/rares/20140924/patrol_run_164/room_1/features/nonPlanes<pfhrgb_uniform_2015-05-17_23-43-22.pcd 0.589163 0.0015887 0.00178294 8 95,77,75,52,51,48,41,41 21,14,40,22,27,12,12,12 -1 975936 778 1430 -1 -1 400 1052 -1 -1 975158,489,143,63,27,23,12,9,6,3,2,0,0,1 -1 0,111,143,63,27,23,12,9,6,3,2,0,0,1 -1
/media/michal/Pauli/masterdata/processed/annotated/rares/20140924/patrol_run_166/room_2/features/nonPlanes<pfhrgb_uniform_2015-05-17_23-44-26.pcd 0.594991 0.0022379 0.00236024 9 87,85,68,63,59,59,35,34,17 29,36,26,21,21,12,14,13,12 -1 1121076 756 1430 -1 -1 400 1074 -1 -1 1120320,428,179,70,36,13,14,7,1,3,1,2,1,1 -1 0,72,179,70,36,13,14,7,1,3,1,2,1,1 -1
