obj_search:
  camera_z: 1.7
  ceiling_z: 2.27
  floor_z: 0
  object_query: {K: 5}
  processed_data_dir: /home/michal/Downloads/pcddata/processed/
  raw_data_dir: /media/michal/Pauli/masterdata/raw/
object_query: {K: 10, cluster_maxsize: 500, cluster_minsize: 12, cluster_tolerance: 0.2,
  clusters_to_results: true, extract_mult: 1.3, match: nonPlanes<pfhrgb_uniform, n_max_points: 400,
  output_dir: 'NULL', query_features: '/home/michal/Downloads/pcddata/processed/query/queryobjects/0,01/chair1/features/rgb_0015_label_chair1<pfhrgb_uniform_2015-05-26_14-54-07.pcd',
  results_out: '/home/michal/Downloads/pcddata/processed/query/k10_mx400_t0,2/iter100',
  subdirs: 4, target_features: /media/michal/Pauli/masterdata/processed/paramtest/iter100,
  x_step_hough: 0.05, y_step_hough: 0.05, z_step_hough: 0.05}
rosdistro: 'indigo

  '
roslaunch:
  uris: {host_tycho__38119: 'http://tycho:38119/', host_tycho__39404: 'http://tycho:39404/'}
rosversion: '1.11.10

  '
run_id: 6fefbf0c-06ec-11e5-8651-3c970e77227e
BEGIN_DATA
# fname t_query t_hough t_cluster cluster_n cluster_scores cluster_points cluster_inobb n_hough_tot nonzero_hough hough_votes boxpts boxvotes maxpts maxvotes maxboxpts maxboxvotes hough_hist box_hist max_hist boxmax_hist
/media/michal/Pauli/masterdata/processed/paramtest/iter100/annotated/rares/20140820/patrol_run_4/room_0/features/nonPlanes<pfhrgb_uniform_2015-05-21_09-21-27.pcd 1.2137 0.0014553 0.00216639 7 767,376,238,138,128,124,105 63,49,33,25,18,12,14 1,0,0,0,0,0,0 1139050 979 4060 82 690 400 3263 53 651 1138071,385,170,104,56,50,33,40,25,25,13,14,10,6,3,4,3,6,9,2,2,2,2,0,1,1,0,0,1,0,2,0,0,0,0,1,1,2,0,0,0,0,2,1,0,0,0,0,0,0,0,0,1,0,1,0,0,0,0,0,0,0,0,0,0,0,0,0,0,0,0,1 0,20,8,5,4,5,7,8,2,3,2,1,1,1,1,1,1,3,2,1,1,0,0,0,0,1,0,0,1,0,0,0,0,0,0,0,0,0,0,0,0,0,0,0,0,0,0,0,0,0,0,0,1,0,1,0,0,0,0,0,0,0,0,0,0,0,0,0,0,0,0,1 0,0,0,80,56,50,33,40,25,25,13,14,10,6,3,4,3,6,9,2,2,2,2,0,1,1,0,0,1,0,2,0,0,0,0,1,1,2,0,0,0,0,2,1,0,0,0,0,0,0,0,0,1,0,1,0,0,0,0,0,0,0,0,0,0,0,0,0,0,0,0,1 0,0,0,4,4,5,7,8,2,3,2,1,1,1,1,1,1,3,2,1,1,0,0,0,0,1,0,0,1,0,0,0,0,0,0,0,0,0,0,0,0,0,0,0,0,0,0,0,0,0,0,0,1,0,1,0,0,0,0,0,0,0,0,0,0,0,0,0,0,0,0,1
/media/michal/Pauli/masterdata/processed/paramtest/iter100/annotated/rares/20140828/patrol_run_19/room_3/features/nonPlanes<pfhrgb_uniform_2015-05-21_09-23-53.pcd 1.11837 0.00188293 0.00192752 7 562,345,287,186,100,65,58 53,42,34,29,19,12,12 0,0,0,0,1,0,0 1240738 1111 4060 42 137 400 3072 21 106 1239627,456,233,110,72,52,28,42,16,10,11,11,7,5,9,5,7,6,2,5,4,0,2,2,2,1,3,1,0,1,1,0,0,2,1,2,0,0,1,1 0,11,10,7,1,5,4,2,1,0,1,0,0,0,0,0,0,0,0,0,0,0,0,0,0,0,0,0,0,0,0,0,0,0,0,0,0,0,0,0 0,0,0,88,72,52,28,42,16,10,11,11,7,5,9,5,7,6,2,5,4,0,2,2,2,1,3,1,0,1,1,0,0,2,1,2,0,0,1,1 0,0,0,7,1,5,4,2,1,0,1,0,0,0,0,0,0,0,0,0,0,0,0,0,0,0,0,0,0,0,0,0,0,0,0,0,0,0,0,0
/media/michal/Pauli/masterdata/processed/paramtest/iter100/annotated/rares/20140829/patrol_run_20/room_3/features/nonPlanes<pfhrgb_uniform_2015-05-21_09-27-00.pcd 0.998314 0.00419608 0.00280099 8 1130,432,143,117,115,87,73,66 101,35,27,16,15,14,15,14 0,1,0,0,0,0,0,0 1240624 1018 4060 69 581 400 3239 44 545 1239606,437,159,111,73,35,47,36,18,18,8,9,8,5,3,10,4,3,2,5,4,2,2,2,3,1,0,0,0,1,0,1,0,1,1,0,3,0,0,0,1,0,0,0,0,0,0,0,0,1,1,0,0,0,0,0,0,0,0,0,0,1,0,0,0,0,0,0,0,0,0,1,1 0,15,9,6,6,2,1,2,3,1,2,3,3,1,0,4,1,1,2,2,1,1,0,1,0,0,0,0,0,0,0,0,0,0,0,0,0,0,0,0,0,0,0,0,0,0,0,0,0,1,0,0,0,0,0,0,0,0,0,0,0,1,0,0,0,0,0,0,0,0,0,0,0 0,0,0,89,73,35,47,36,18,18,8,9,8,5,3,10,4,3,2,5,4,2,2,2,3,1,0,0,0,1,0,1,0,1,1,0,3,0,0,0,1,0,0,0,0,0,0,0,0,1,1,0,0,0,0,0,0,0,0,0,0,1,0,0,0,0,0,0,0,0,0,1,1 0,0,0,5,6,2,1,2,3,1,2,3,3,1,0,4,1,1,2,2,1,1,0,1,0,0,0,0,0,0,0,0,0,0,0,0,0,0,0,0,0,0,0,0,0,0,0,0,0,1,0,0,0,0,0,0,0,0,0,0,0,1,0,0,0,0,0,0,0,0,0,0,0
/media/michal/Pauli/masterdata/processed/paramtest/iter100/annotated/rares/20140829/patrol_run_26/room_2/features/nonPlanes<pfhrgb_uniform_2015-05-21_09-29-05.pcd 1.28239 0.00208423 0.00168029 9 311,279,262,217,194,156,124,88,66 46,30,40,19,19,19,13,15,13 0,0,1,0,0,0,0,0,0 1135060 1110 4060 82 315 400 3059 38 247 1133950,453,223,109,86,50,30,42,16,14,16,13,8,3,2,6,0,6,4,2,2,5,4,2,1,0,0,3,0,0,1,2,1,2,1,1,0,0,1,0,0,0,0,0,0,0,0,0,0,0,0,0,0,0,0,0,0,0,0,0,0,0,0,1 0,25,14,15,6,4,3,2,3,2,3,3,0,0,0,1,0,0,0,0,0,1,0,0,0,0,0,0,0,0,0,0,0,0,0,0,0,0,0,0,0,0,0,0,0,0,0,0,0,0,0,0,0,0,0,0,0,0,0,0,0,0,0,0 0,0,0,75,86,50,30,42,16,14,16,13,8,3,2,6,0,6,4,2,2,5,4,2,1,0,0,3,0,0,1,2,1,2,1,1,0,0,1,0,0,0,0,0,0,0,0,0,0,0,0,0,0,0,0,0,0,0,0,0,0,0,0,1 0,0,0,10,6,4,3,2,3,2,3,3,0,0,0,1,0,0,0,0,0,1,0,0,0,0,0,0,0,0,0,0,0,0,0,0,0,0,0,0,0,0,0,0,0,0,0,0,0,0,0,0,0,0,0,0,0,0,0,0,0,0,0,0
/media/michal/Pauli/masterdata/processed/paramtest/iter100/annotated/rares/20140901/patrol_run_27/room_2/features/nonPlanes<pfhrgb_uniform_2015-05-21_09-33-01.pcd 0.984659 0.00163922 0.00168074 11 247,236,205,140,137,124,122,103,74,66,55 24,35,37,12,16,13,13,12,12,12,12 0,1,0,0,0,0,0,0,0,0,0 1094400 1156 4060 78 302 400 2999 36 240 1093244,500,207,118,77,68,32,34,14,20,11,9,16,6,10,4,5,3,1,1,4,2,2,2,0,1,0,0,0,0,1,0,1,3,0,0,0,1,1,0,1,0,0,0,0,0,0,0,0,0,0,0,0,0,0,0,0,0,0,0,0,0,1 0,27,10,13,3,10,3,2,2,1,2,1,0,1,2,0,0,0,0,0,0,0,0,0,0,1,0,0,0,0,0,0,0,0,0,0,0,0,0,0,0,0,0,0,0,0,0,0,0,0,0,0,0,0,0,0,0,0,0,0,0,0,0 0,0,0,69,77,68,32,34,14,20,11,9,16,6,10,4,5,3,1,1,4,2,2,2,0,1,0,0,0,0,1,0,1,3,0,0,0,1,1,0,1,0,0,0,0,0,0,0,0,0,0,0,0,0,0,0,0,0,0,0,0,0,1 0,0,0,8,3,10,3,2,2,1,2,1,0,1,2,0,0,0,0,0,0,0,0,0,0,1,0,0,0,0,0,0,0,0,0,0,0,0,0,0,0,0,0,0,0,0,0,0,0,0,0,0,0,0,0,0,0,0,0,0,0,0,0
/media/michal/Pauli/masterdata/processed/paramtest/iter100/annotated/rares/20140901/patrol_run_31/room_2/features/nonPlanes<pfhrgb_uniform_2015-05-21_09-35-28.pcd 0.956235 0.00151049 0.00200568 8 344,310,294,241,200,198,168,76 38,41,33,20,30,31,24,14 0,0,0,0,0,0,0,0 1264640 971 4060 4 8 400 3175 1 4 1263669,333,162,120,82,49,46,45,22,19,13,16,8,7,7,5,8,5,2,1,1,1,3,2,1,1,2,4,1,0,0,2,1,0,0,0,0,1,0,0,0,0,0,0,0,0,0,0,0,0,0,0,0,0,0,0,0,0,0,0,0,0,0,0,0,0,0,0,0,0,0,0,0,0,0,0,0,1 0,2,1,0,1,0,0,0,0,0,0,0,0,0,0,0,0,0,0,0,0,0,0,0,0,0,0,0,0,0,0,0,0,0,0,0,0,0,0,0,0,0,0,0,0,0,0,0,0,0,0,0,0,0,0,0,0,0,0,0,0,0,0,0,0,0,0,0,0,0,0,0,0,0,0,0,0,0 0,0,0,44,82,49,46,45,22,19,13,16,8,7,7,5,8,5,2,1,1,1,3,2,1,1,2,4,1,0,0,2,1,0,0,0,0,1,0,0,0,0,0,0,0,0,0,0,0,0,0,0,0,0,0,0,0,0,0,0,0,0,0,0,0,0,0,0,0,0,0,0,0,0,0,0,0,1 0,0,0,0,1,0,0,0,0,0,0,0,0,0,0,0,0,0,0,0,0,0,0,0,0,0,0,0,0,0,0,0,0,0,0,0,0,0,0,0,0,0,0,0,0,0,0,0,0,0,0,0,0,0,0,0,0,0,0,0,0,0,0,0,0,0,0,0,0,0,0,0,0,0,0,0,0,0
/media/michal/Pauli/masterdata/processed/paramtest/iter100/annotated/rares/20140901/patrol_run_32/room_2/features/nonPlanes<pfhrgb_uniform_2015-05-21_09-36-59.pcd 1.27967 0.00209476 0.00289153 6 319,304,198,127,123,115 39,36,18,13,21,16 0,0,0,0,0,0 1201408 1104 4060 14 64 400 3079 8 55 1200304,459,213,105,71,46,34,43,19,12,18,11,15,11,11,5,1,3,3,7,1,0,1,1,3,2,2,1,0,1,1,1,0,1,0,0,0,0,0,0,0,1,0,0,1 0,3,3,0,1,3,2,0,0,0,0,0,2,0,0,0,0,0,0,0,0,0,0,0,0,0,0,0,0,0,0,0,0,0,0,0,0,0,0,0,0,0,0,0,0 0,0,0,73,71,46,34,43,19,12,18,11,15,11,11,5,1,3,3,7,1,0,1,1,3,2,2,1,0,1,1,1,0,1,0,0,0,0,0,0,0,1,0,0,1 0,0,0,0,1,3,2,0,0,0,0,0,2,0,0,0,0,0,0,0,0,0,0,0,0,0,0,0,0,0,0,0,0,0,0,0,0,0,0,0,0,0,0,0,0
/media/michal/Pauli/masterdata/processed/paramtest/iter100/annotated/rares/20140901/patrol_run_33/room_1/features/nonPlanes<pfhrgb_uniform_2015-05-21_09-39-34.pcd 1.14141 0.00139647 0.00250985 7 388,359,354,129,109,99,97 50,39,55,19,20,15,13 -1 1186056 1193 4060 -1 -1 400 2956 -1 -1 1184863,516,243,124,67,50,32,34,23,17,15,9,7,8,8,6,7,3,3,5,1,1,2,1,2,0,1,1,1,0,2,1,1,0,0,0,0,0,0,0,0,1,0,0,0,0,0,0,0,1 -1 0,0,0,90,67,50,32,34,23,17,15,9,7,8,8,6,7,3,3,5,1,1,2,1,2,0,1,1,1,0,2,1,1,0,0,0,0,0,0,0,0,1,0,0,0,0,0,0,0,1 -1
/media/michal/Pauli/masterdata/processed/paramtest/iter100/annotated/rares/20140902/patrol_run_35/room_2/features/nonPlanes<pfhrgb_uniform_2015-05-21_09-43-14.pcd 1.18874 0.00126899 0.00185191 7 728,323,270,130,115,101,87 73,45,21,15,13,13,14 1,0,0,0,0,0,0 1120164 1034 4060 108 742 400 3154 63 671 1119130,405,186,114,65,45,46,31,24,20,22,14,12,7,2,6,4,5,3,3,3,2,0,1,3,2,1,0,1,1,0,0,1,0,0,0,0,0,0,0,0,1,1,1,0,1,0,0,0,0,0,0,0,0,0,0,0,0,0,0,0,0,0,0,0,0,0,0,0,0,0,1 0,23,18,15,7,7,3,5,4,4,6,1,1,0,0,1,0,3,1,2,1,0,0,0,1,1,1,0,0,0,0,0,0,0,0,0,0,0,0,0,0,1,1,0,0,0,0,0,0,0,0,0,0,0,0,0,0,0,0,0,0,0,0,0,0,0,0,0,0,0,0,1 0,0,0,71,65,45,46,31,24,20,22,14,12,7,2,6,4,5,3,3,3,2,0,1,3,2,1,0,1,1,0,0,1,0,0,0,0,0,0,0,0,1,1,1,0,1,0,0,0,0,0,0,0,0,0,0,0,0,0,0,0,0,0,0,0,0,0,0,0,0,0,1 0,0,0,11,7,7,3,5,4,4,6,1,1,0,0,1,0,3,1,2,1,0,0,0,1,1,1,0,0,0,0,0,0,0,0,0,0,0,0,0,0,1,1,0,0,0,0,0,0,0,0,0,0,0,0,0,0,0,0,0,0,0,0,0,0,0,0,0,0,0,0,1
/media/michal/Pauli/masterdata/processed/paramtest/iter100/annotated/rares/20140902/patrol_run_38/room_0/features/nonPlanes<pfhrgb_uniform_2015-05-21_09-46-07.pcd 1.30815 0.0017675 0.00291559 6 994,582,168,154,145,96 85,76,23,13,15,16 1,0,0,0,0,0 1060884 806 4060 92 902 400 3475 71 870 1060078,252,129,82,58,44,56,31,37,17,14,11,8,7,6,2,4,6,6,5,1,3,4,3,4,1,1,0,0,2,0,1,0,2,3,0,1,0,0,0,0,1,0,0,0,0,0,1,1,1,0,0,0,0,1 0,11,9,11,7,4,7,4,3,3,3,2,2,2,2,1,0,3,3,0,1,1,2,2,4,0,1,0,0,0,0,0,0,1,1,0,0,0,0,0,0,0,0,0,0,0,0,1,0,0,0,0,0,0,1 0,0,0,57,58,44,56,31,37,17,14,11,8,7,6,2,4,6,6,5,1,3,4,3,4,1,1,0,0,2,0,1,0,2,3,0,1,0,0,0,0,1,0,0,0,0,0,1,1,1,0,0,0,0,1 0,0,0,10,7,4,7,4,3,3,3,2,2,2,2,1,0,3,3,0,1,1,2,2,4,0,1,0,0,0,0,0,0,1,1,0,0,0,0,0,0,0,0,0,0,0,0,1,0,0,0,0,0,0,1
/media/michal/Pauli/masterdata/processed/paramtest/iter100/annotated/rares/20140903/patrol_run_1/room_4/features/nonPlanes<pfhrgb_uniform_2015-05-21_09-49-27.pcd 1.07123 0.00139069 0.00193648 9 462,320,296,258,248,177,128,117,59 37,36,28,36,20,19,21,12,12 1,0,0,0,1,0,0,0,0 1165840 937 4060 63 557 400 3298 47 532 1164903,351,147,120,56,48,38,40,15,17,18,9,11,4,7,7,7,5,4,4,6,5,5,1,0,1,2,1,0,0,0,1,1,0,1,0,1,0,0,0,0,0,0,0,0,1,2,0,0,0,0,0,0,0,0,0,0,0,0,0,0,0,0,0,0,0,0,1 0,9,5,8,5,2,6,4,2,2,4,0,3,0,3,0,1,2,1,0,1,0,1,0,0,1,0,0,0,0,0,0,1,0,1,0,0,0,0,0,0,0,0,0,0,0,0,0,0,0,0,0,0,0,0,0,0,0,0,0,0,0,0,0,0,0,0,1 0,0,0,81,56,48,38,40,15,17,18,9,11,4,7,7,7,5,4,4,6,5,5,1,0,1,2,1,0,0,0,1,1,0,1,0,1,0,0,0,0,0,0,0,0,1,2,0,0,0,0,0,0,0,0,0,0,0,0,0,0,0,0,0,0,0,0,1 0,0,0,6,5,2,6,4,2,2,4,0,3,0,3,0,1,2,1,0,1,0,1,0,0,1,0,0,0,0,0,0,1,0,1,0,0,0,0,0,0,0,0,0,0,0,0,0,0,0,0,0,0,0,0,0,0,0,0,0,0,0,0,0,0,0,0,1
/media/michal/Pauli/masterdata/processed/paramtest/iter100/annotated/rares/20140903/patrol_run_10/room_2/features/nonPlanes<pfhrgb_uniform_2015-05-21_09-51-45.pcd 1.0742 0.00167168 0.00214196 7 523,439,391,321,216,146,100 37,59,33,40,24,17,13 0,0,1,0,0,0,0 1150032 832 4060 31 206 400 3444 20 187 1149200,275,130,75,65,61,25,40,21,19,23,17,11,8,8,6,8,7,3,4,4,3,2,4,2,0,3,0,1,0,0,1,2,1,0,0,0,0,0,1,0,0,0,0,0,0,0,0,0,0,0,0,0,0,0,0,0,0,0,1,0,0,0,0,0,0,0,0,0,0,0,0,0,0,0,1 0,6,2,3,1,5,2,3,1,0,1,2,0,1,0,0,1,1,0,1,1,0,0,0,0,0,0,0,0,0,0,0,0,0,0,0,0,0,0,0,0,0,0,0,0,0,0,0,0,0,0,0,0,0,0,0,0,0,0,0,0,0,0,0,0,0,0,0,0,0,0,0,0,0,0,0 0,0,0,48,65,61,25,40,21,19,23,17,11,8,8,6,8,7,3,4,4,3,2,4,2,0,3,0,1,0,0,1,2,1,0,0,0,0,0,1,0,0,0,0,0,0,0,0,0,0,0,0,0,0,0,0,0,0,0,1,0,0,0,0,0,0,0,0,0,0,0,0,0,0,0,1 0,0,0,0,1,5,2,3,1,0,1,2,0,1,0,0,1,1,0,1,1,0,0,0,0,0,0,0,0,0,0,0,0,0,0,0,0,0,0,0,0,0,0,0,0,0,0,0,0,0,0,0,0,0,0,0,0,0,0,0,0,0,0,0,0,0,0,0,0,0,0,0,0,0,0,0
/media/michal/Pauli/masterdata/processed/paramtest/iter100/annotated/rares/20140903/patrol_run_12/room_2/features/nonPlanes<pfhrgb_uniform_2015-05-21_09-53-43.pcd 1.23478 0.00149611 0.00171427 6 407,370,302,243,84,67 26,28,37,24,15,12 0,0,0,1,0,0 1093032 939 4060 32 245 400 3300 22 232 1092093,342,173,91,73,54,44,31,20,16,11,8,12,8,4,7,7,7,4,0,2,0,4,1,5,0,2,0,0,2,1,2,1,1,0,0,1,0,0,0,0,0,0,0,0,0,0,0,0,1,0,2,1,0,0,0,0,0,0,0,0,0,0,0,0,1 0,7,3,1,1,3,1,0,2,1,2,2,1,1,1,1,3,1,1,0,0,0,0,0,0,0,0,0,0,0,0,0,0,0,0,0,0,0,0,0,0,0,0,0,0,0,0,0,0,0,0,0,0,0,0,0,0,0,0,0,0,0,0,0,0,0 0,0,0,67,73,54,44,31,20,16,11,8,12,8,4,7,7,7,4,0,2,0,4,1,5,0,2,0,0,2,1,2,1,1,0,0,1,0,0,0,0,0,0,0,0,0,0,0,0,1,0,2,1,0,0,0,0,0,0,0,0,0,0,0,0,1 0,0,0,1,1,3,1,0,2,1,2,2,1,1,1,1,3,1,1,0,0,0,0,0,0,0,0,0,0,0,0,0,0,0,0,0,0,0,0,0,0,0,0,0,0,0,0,0,0,0,0,0,0,0,0,0,0,0,0,0,0,0,0,0,0,0
/media/michal/Pauli/masterdata/processed/paramtest/iter100/annotated/rares/20140903/patrol_run_14/room_1/features/nonPlanes<pfhrgb_uniform_2015-05-21_09-55-34.pcd 1.17968 0.00138298 0.00175954 7 553,379,156,141,135,126,95 47,51,17,13,16,14,15 0,0,1,0,0,0,0 1236064 993 4060 23 158 400 3215 11 138 1235071,380,174,114,70,44,31,52,15,16,10,8,6,7,12,8,7,6,7,3,3,1,2,1,4,2,1,2,0,1,3,0,1,0,0,0,0,0,0,0,0,0,0,0,0,0,0,0,0,0,0,0,0,0,0,0,1,0,0,1 0,5,6,1,3,1,0,0,0,0,1,0,0,0,2,1,0,1,0,0,0,0,0,0,0,1,1,0,0,0,0,0,0,0,0,0,0,0,0,0,0,0,0,0,0,0,0,0,0,0,0,0,0,0,0,0,0,0,0,0 0,0,0,75,70,44,31,52,15,16,10,8,6,7,12,8,7,6,7,3,3,1,2,1,4,2,1,2,0,1,3,0,1,0,0,0,0,0,0,0,0,0,0,0,0,0,0,0,0,0,0,0,0,0,0,0,1,0,0,1 0,0,0,0,3,1,0,0,0,0,1,0,0,0,2,1,0,1,0,0,0,0,0,0,0,1,1,0,0,0,0,0,0,0,0,0,0,0,0,0,0,0,0,0,0,0,0,0,0,0,0,0,0,0,0,0,0,0,0,0
/media/michal/Pauli/masterdata/processed/paramtest/iter100/annotated/rares/20140903/patrol_run_2/room_4/features/nonPlanes<pfhrgb_uniform_2015-05-21_09-58-49.pcd 1.30511 0.00127791 0.00214671 8 778,144,123,121,110,92,86,85 63,23,14,20,12,13,14,16 1,0,0,0,0,0,0,0 1119404 985 4060 97 648 400 3267 52 587 1118419,394,174,102,57,58,32,37,15,25,17,7,8,10,5,7,7,6,0,3,0,0,4,1,0,1,2,0,0,1,1,0,1,0,0,1,2,0,0,1,0,0,2,0,0,0,0,0,0,0,0,0,2,0,0,0,0,0,0,0,0,0,0,0,0,0,0,0,0,0,0,0,0,0,1,0,0,0,0,0,0,0,0,0,0,0,0,0,0,0,0,0,1 0,30,14,9,5,6,6,5,2,3,4,1,0,1,1,2,1,1,0,0,0,0,3,0,0,0,1,0,0,0,0,0,0,0,0,0,0,0,0,0,0,0,0,0,0,0,0,0,0,0,0,0,0,0,0,0,0,0,0,0,0,0,0,0,0,0,0,0,0,0,0,0,0,0,1,0,0,0,0,0,0,0,0,0,0,0,0,0,0,0,0,0,1 0,0,0,85,57,58,32,37,15,25,17,7,8,10,5,7,7,6,0,3,0,0,4,1,0,1,2,0,0,1,1,0,1,0,0,1,2,0,0,1,0,0,2,0,0,0,0,0,0,0,0,0,2,0,0,0,0,0,0,0,0,0,0,0,0,0,0,0,0,0,0,0,0,0,1,0,0,0,0,0,0,0,0,0,0,0,0,0,0,0,0,0,1 0,0,0,8,5,6,6,5,2,3,4,1,0,1,1,2,1,1,0,0,0,0,3,0,0,0,1,0,0,0,0,0,0,0,0,0,0,0,0,0,0,0,0,0,0,0,0,0,0,0,0,0,0,0,0,0,0,0,0,0,0,0,0,0,0,0,0,0,0,0,0,0,0,0,1,0,0,0,0,0,0,0,0,0,0,0,0,0,0,0,0,0,1
/media/michal/Pauli/masterdata/processed/paramtest/iter100/annotated/rares/20140903/patrol_run_9/room_2/features/nonPlanes<pfhrgb_uniform_2015-05-21_10-01-28.pcd 1.14534 0.00134019 0.00180306 7 705,383,224,204,96,68,66 74,31,19,16,14,13,12 0,0,0,0,0,0,1 1234240 965 4060 24 87 400 3293 13 69 1233275,375,178,90,64,46,41,38,18,22,6,10,8,4,8,3,6,6,7,4,2,3,4,2,3,2,4,1,1,1,1,0,0,1,0,1,1,2,1,0,0,0,0,0,0,0,0,0,0,0,0,1 0,5,5,5,2,0,5,1,0,0,0,0,1,0,0,0,0,0,0,0,0,0,0,0,0,0,0,0,0,0,0,0,0,0,0,0,0,0,0,0,0,0,0,0,0,0,0,0,0,0,0,0 0,0,0,78,64,46,41,38,18,22,6,10,8,4,8,3,6,6,7,4,2,3,4,2,3,2,4,1,1,1,1,0,0,1,0,1,1,2,1,0,0,0,0,0,0,0,0,0,0,0,0,1 0,0,0,4,2,0,5,1,0,0,0,0,1,0,0,0,0,0,0,0,0,0,0,0,0,0,0,0,0,0,0,0,0,0,0,0,0,0,0,0,0,0,0,0,0,0,0,0,0,0,0,0
/media/michal/Pauli/masterdata/processed/paramtest/iter100/annotated/rares/20140904/patrol_run_15/room_2/features/nonPlanes<pfhrgb_uniform_2015-05-21_10-03-33.pcd 1.13876 0.00138048 0.00308567 7 437,408,299,239,159,109,100 35,38,38,24,20,17,12 1,0,0,0,0,0,0 1260004 1051 4060 88 470 400 3115 33 389 1258953,414,180,113,75,73,37,39,18,16,19,7,9,9,4,1,6,2,3,4,2,1,2,3,2,2,0,0,2,1,0,0,1,0,0,1,1,1,0,0,0,0,0,0,0,0,0,1,0,0,0,1,0,0,0,0,0,0,0,0,0,0,0,0,0,0,0,0,0,0,0,0,0,0,0,0,0,0,0,0,0,1 0,34,16,6,7,7,2,2,2,2,1,1,0,3,0,0,0,0,1,0,0,0,1,0,0,0,0,0,0,0,0,0,0,0,0,1,0,0,0,0,0,0,0,0,0,0,0,1,0,0,0,0,0,0,0,0,0,0,0,0,0,0,0,0,0,0,0,0,0,0,0,0,0,0,0,0,0,0,0,0,0,1 0,0,0,56,75,73,37,39,18,16,19,7,9,9,4,1,6,2,3,4,2,1,2,3,2,2,0,0,2,1,0,0,1,0,0,1,1,1,0,0,0,0,0,0,0,0,0,1,0,0,0,1,0,0,0,0,0,0,0,0,0,0,0,0,0,0,0,0,0,0,0,0,0,0,0,0,0,0,0,0,0,1 0,0,0,1,7,7,2,2,2,2,1,1,0,3,0,0,0,0,1,0,0,0,1,0,0,0,0,0,0,0,0,0,0,0,0,1,0,0,0,0,0,0,0,0,0,0,0,1,0,0,0,0,0,0,0,0,0,0,0,0,0,0,0,0,0,0,0,0,0,0,0,0,0,0,0,0,0,0,0,0,0,1
/media/michal/Pauli/masterdata/processed/paramtest/iter100/annotated/rares/20140905/patrol_run_17/room_2/features/nonPlanes<pfhrgb_uniform_2015-05-21_10-04-58.pcd 0.980139 0.00135377 0.00199775 6 1089,239,215,165,125,102 105,35,25,20,16,20 1,0,0,0,0,0 1161888 936 4060 138 1128 400 3269 103 1075 1160952,317,183,108,66,53,41,42,18,19,8,8,11,12,8,4,5,1,2,6,3,0,2,1,2,1,1,0,0,2,1,0,0,0,0,2,0,0,4,0,0,0,0,1,1,0,1,0,0,0,0,0,0,0,0,0,0,0,0,0,1,0,0,0,0,1 0,18,16,13,18,10,12,5,3,7,4,4,5,4,4,1,1,0,1,1,2,0,0,0,0,1,1,0,0,0,0,0,0,0,0,0,0,0,3,0,0,0,0,1,1,0,1,0,0,0,0,0,0,0,0,0,0,0,0,0,0,0,0,0,0,1 0,0,0,72,66,53,41,42,18,19,8,8,11,12,8,4,5,1,2,6,3,0,2,1,2,1,1,0,0,2,1,0,0,0,0,2,0,0,4,0,0,0,0,1,1,0,1,0,0,0,0,0,0,0,0,0,0,0,0,0,1,0,0,0,0,1 0,0,0,12,18,10,12,5,3,7,4,4,5,4,4,1,1,0,1,1,2,0,0,0,0,1,1,0,0,0,0,0,0,0,0,0,0,0,3,0,0,0,0,1,1,0,1,0,0,0,0,0,0,0,0,0,0,0,0,0,0,0,0,0,0,1
/media/michal/Pauli/masterdata/processed/paramtest/iter100/annotated/rares/20140905/patrol_run_19/room_1/features/nonPlanes<pfhrgb_uniform_2015-05-21_10-07-28.pcd 0.954024 0.00196395 0.00204488 6 821,280,177,129,89,63 73,31,22,21,13,13 1,0,0,0,0,0 1118416 896 4060 103 647 400 3393 63 588 1117520,333,155,83,63,53,31,41,21,7,12,17,9,14,8,2,2,6,6,4,2,1,1,2,5,0,0,2,2,1,0,1,0,1,1,2,2,1,0,2,0,0,1,0,0,0,0,0,1,0,0,0,0,0,0,0,0,1 0,21,19,6,5,9,3,6,4,1,4,7,4,2,3,1,2,1,1,0,1,0,1,1,1,0,0,0,0,0,0,0,0,0,0,0,0,0,0,0,0,0,0,0,0,0,0,0,0,0,0,0,0,0,0,0,0,0 0,0,0,75,63,53,31,41,21,7,12,17,9,14,8,2,2,6,6,4,2,1,1,2,5,0,0,2,2,1,0,1,0,1,1,2,2,1,0,2,0,0,1,0,0,0,0,0,1,0,0,0,0,0,0,0,0,1 0,0,0,6,5,9,3,6,4,1,4,7,4,2,3,1,2,1,1,0,1,0,1,1,1,0,0,0,0,0,0,0,0,0,0,0,0,0,0,0,0,0,0,0,0,0,0,0,0,0,0,0,0,0,0,0,0,0
/media/michal/Pauli/masterdata/processed/paramtest/iter100/annotated/rares/20140905/patrol_run_21/room_2/features/nonPlanes<pfhrgb_uniform_2015-05-21_10-09-53.pcd 1.17772 0.00149838 0.00175471 7 822,325,198,149,134,105,56 71,37,16,19,22,19,13 0,1,0,0,0,0,0 1181040 909 4060 62 358 400 3323 35 317 1180131,308,174,92,67,53,39,35,21,16,20,7,5,8,7,7,4,8,3,4,6,2,2,3,2,0,2,1,2,4,0,0,1,3,0,0,0,0,1,0,1,0,0,0,0,0,0,1 0,13,14,6,4,5,5,0,2,2,2,1,1,0,0,2,1,0,0,1,0,1,0,0,0,0,0,0,0,0,0,0,1,1,0,0,0,0,0,0,0,0,0,0,0,0,0,0 0,0,0,65,67,53,39,35,21,16,20,7,5,8,7,7,4,8,3,4,6,2,2,3,2,0,2,1,2,4,0,0,1,3,0,0,0,0,1,0,1,0,0,0,0,0,0,1 0,0,0,6,4,5,5,0,2,2,2,1,1,0,0,2,1,0,0,1,0,1,0,0,0,0,0,0,0,0,0,0,1,1,0,0,0,0,0,0,0,0,0,0,0,0,0,0
/media/michal/Pauli/masterdata/processed/paramtest/iter100/annotated/rares/20140905/patrol_run_23/room_2/features/nonPlanes<pfhrgb_uniform_2015-05-21_10-12-13.pcd 1.01172 0.0014724 0.00194509 5 692,475,458,72,69 74,50,56,12,13 1,0,0,0,0 1000688 905 4060 114 667 400 3366 67 598 999783,329,163,92,57,36,35,34,22,21,24,13,9,8,5,7,5,7,7,7,5,3,2,2,2,0,0,0,2,0,0,1,1,1,1,0,1,0,0,0,0,0,0,1,0,0,0,0,0,0,0,0,0,0,1,0,0,0,0,0,1 0,26,20,15,12,2,8,5,3,2,3,1,3,2,0,3,0,3,1,0,1,0,0,1,0,0,0,0,0,0,0,0,0,0,1,0,1,0,0,0,0,0,0,1,0,0,0,0,0,0,0,0,0,0,0,0,0,0,0,0,0 0,0,0,79,57,36,35,34,22,21,24,13,9,8,5,7,5,7,7,7,5,3,2,2,2,0,0,0,2,0,0,1,1,1,1,0,1,0,0,0,0,0,0,1,0,0,0,0,0,0,0,0,0,0,1,0,0,0,0,0,1 0,0,0,14,12,2,8,5,3,2,3,1,3,2,0,3,0,3,1,0,1,0,0,1,0,0,0,0,0,0,0,0,0,0,1,0,1,0,0,0,0,0,0,1,0,0,0,0,0,0,0,0,0,0,0,0,0,0,0,0,0
/media/michal/Pauli/masterdata/processed/paramtest/iter100/annotated/rares/20140905/patrol_run_25/room_1/features/nonPlanes<pfhrgb_uniform_2015-05-21_10-15-59.pcd 0.944778 0.00165945 0.00176813 6 698,434,300,138,87,79 72,46,22,30,13,14 1,0,0,0,0,0 1075896 920 4060 100 617 400 3302 66 568 1074976,318,166,125,53,43,42,38,23,16,15,14,7,10,5,5,4,4,4,2,1,2,3,1,1,2,1,1,0,1,0,1,0,0,2,1,0,2,1,1,0,1,0,1,0,0,1,0,0,0,0,0,0,0,0,0,0,0,0,0,0,0,0,0,0,1,0,0,0,0,1 0,21,11,14,12,3,6,5,1,2,1,8,3,3,2,1,2,0,0,0,0,1,1,0,0,1,0,1,0,1,0,0,0,0,0,0,0,0,0,0,0,0,0,0,0,0,0,0,0,0,0,0,0,0,0,0,0,0,0,0,0,0,0,0,0,0,0,0,0,0,0 0,0,0,89,53,43,42,38,23,16,15,14,7,10,5,5,4,4,4,2,1,2,3,1,1,2,1,1,0,1,0,1,0,0,2,1,0,2,1,1,0,1,0,1,0,0,1,0,0,0,0,0,0,0,0,0,0,0,0,0,0,0,0,0,0,1,0,0,0,0,1 0,0,0,12,12,3,6,5,1,2,1,8,3,3,2,1,2,0,0,0,0,1,1,0,0,1,0,1,0,1,0,0,0,0,0,0,0,0,0,0,0,0,0,0,0,0,0,0,0,0,0,0,0,0,0,0,0,0,0,0,0,0,0,0,0,0,0,0,0,0,0
/media/michal/Pauli/masterdata/processed/paramtest/iter100/annotated/rares/20140905/patrol_run_27/room_2/features/nonPlanes<pfhrgb_uniform_2015-05-21_10-18-02.pcd 0.930939 0.00238961 0.00180435 7 992,274,226,213,125,108,86 87,38,33,24,14,16,16 1,0,0,0,0,0,0 1058400 944 4060 109 777 400 3284 68 714 1057456,342,172,86,70,63,41,47,16,20,15,9,6,7,3,5,0,7,2,3,1,8,0,3,1,1,2,0,1,1,2,0,1,0,1,0,1,0,2,0,1,1,1,0,0,0,0,0,0,0,0,0,0,0,0,0,0,0,1,0,0,0,0,1 0,19,22,8,13,6,13,2,2,1,4,2,2,3,0,0,0,1,0,0,1,2,0,0,1,0,1,0,1,0,0,0,1,0,0,0,1,0,1,0,1,0,0,0,0,0,0,0,0,0,0,0,0,0,0,0,0,0,0,0,0,0,0,1 0,0,0,56,70,63,41,47,16,20,15,9,6,7,3,5,0,7,2,3,1,8,0,3,1,1,2,0,1,1,2,0,1,0,1,0,1,0,2,0,1,1,1,0,0,0,0,0,0,0,0,0,0,0,0,0,0,0,1,0,0,0,0,1 0,0,0,8,13,6,13,2,2,1,4,2,2,3,0,0,0,1,0,0,1,2,0,0,1,0,1,0,1,0,0,0,1,0,0,0,1,0,1,0,1,0,0,0,0,0,0,0,0,0,0,0,0,0,0,0,0,0,0,0,0,0,0,1
/media/michal/Pauli/masterdata/processed/paramtest/iter100/annotated/rares/20140905/patrol_run_29/room_2/features/nonPlanes<pfhrgb_uniform_2015-05-21_10-18-58.pcd 0.896913 0.00131342 0.00168118 10 352,340,255,146,140,140,136,72,69,65 44,26,29,22,17,16,13,13,14,12 0,0,1,0,0,0,0,0,0,0 988992 972 4060 55 287 400 3284 29 255 988020,374,192,110,64,45,31,40,14,10,10,13,6,11,8,3,4,4,2,1,3,1,6,1,2,1,2,2,0,1,0,1,1,0,1,0,2,0,0,0,0,0,0,0,0,0,0,1,0,1,0,1,0,0,0,0,0,0,0,0,0,0,0,0,0,0,0,0,0,0,1,0,0,0,0,0,0,0,0,0,0,0,0,0,0,0,1,0,0,0,0,0,0,0,0,0,0,0,0,0,0,0,0,0,0,1 0,20,6,8,1,3,4,3,1,0,1,2,1,2,0,0,0,0,0,0,0,1,0,0,0,0,0,0,0,0,0,0,1,0,0,0,1,0,0,0,0,0,0,0,0,0,0,0,0,0,0,0,0,0,0,0,0,0,0,0,0,0,0,0,0,0,0,0,0,0,0,0,0,0,0,0,0,0,0,0,0,0,0,0,0,0,0,0,0,0,0,0,0,0,0,0,0,0,0,0,0,0,0,0,0,0 0,0,0,104,64,45,31,40,14,10,10,13,6,11,8,3,4,4,2,1,3,1,6,1,2,1,2,2,0,1,0,1,1,0,1,0,2,0,0,0,0,0,0,0,0,0,0,1,0,1,0,1,0,0,0,0,0,0,0,0,0,0,0,0,0,0,0,0,0,0,1,0,0,0,0,0,0,0,0,0,0,0,0,0,0,0,1,0,0,0,0,0,0,0,0,0,0,0,0,0,0,0,0,0,0,1 0,0,0,8,1,3,4,3,1,0,1,2,1,2,0,0,0,0,0,0,0,1,0,0,0,0,0,0,0,0,0,0,1,0,0,0,1,0,0,0,0,0,0,0,0,0,0,0,0,0,0,0,0,0,0,0,0,0,0,0,0,0,0,0,0,0,0,0,0,0,0,0,0,0,0,0,0,0,0,0,0,0,0,0,0,0,0,0,0,0,0,0,0,0,0,0,0,0,0,0,0,0,0,0,0,0
/media/michal/Pauli/masterdata/processed/paramtest/iter100/annotated/rares/20140905/patrol_run_30/room_1/features/nonPlanes<pfhrgb_uniform_2015-05-21_10-20-35.pcd 0.936647 0.00132684 0.00247358 8 491,473,449,360,264,163,137,106 35,49,41,38,26,14,18,16 1,0,0,0,0,0,0,0 950232 755 4060 48 407 400 3582 31 383 949477,232,137,77,53,41,27,34,17,17,21,12,8,13,4,9,4,6,4,5,0,1,1,1,3,3,1,3,0,4,0,1,3,1,0,3,2,2,1,0,0,1,0,0,0,0,1,0,1,0,0,0,0,0,0,0,0,0,0,0,0,0,0,0,0,0,1 0,10,9,2,1,3,1,1,1,2,5,1,0,1,1,2,0,0,1,2,0,1,0,1,0,1,0,0,0,0,0,0,0,0,0,1,0,1,0,0,0,0,0,0,0,0,0,0,0,0,0,0,0,0,0,0,0,0,0,0,0,0,0,0,0,0,0 0,0,14,77,53,41,27,34,17,17,21,12,8,13,4,9,4,6,4,5,0,1,1,1,3,3,1,3,0,4,0,1,3,1,0,3,2,2,1,0,0,1,0,0,0,0,1,0,1,0,0,0,0,0,0,0,0,0,0,0,0,0,0,0,0,0,1 0,0,2,2,1,3,1,1,1,2,5,1,0,1,1,2,0,0,1,2,0,1,0,1,0,1,0,0,0,0,0,0,0,0,0,1,0,1,0,0,0,0,0,0,0,0,0,0,0,0,0,0,0,0,0,0,0,0,0,0,0,0,0,0,0,0,0
/media/michal/Pauli/masterdata/processed/paramtest/iter100/annotated/rares/20140905/patrol_run_30/room_7/features/nonPlanes<pfhrgb_uniform_2015-05-21_10-24-39.pcd 0.959594 0.00157833 0.00206242 3 1201,132,90 128,15,15 1,0,0 1158544 1145 4060 171 1141 400 3034 114 1064 1157399,505,199,111,74,47,45,33,21,20,19,13,5,7,5,4,3,4,1,4,2,3,6,1,4,0,0,2,2,1,1,0,2,1 0,37,20,19,9,14,9,9,7,7,6,7,1,1,4,2,1,2,0,3,1,2,2,1,4,0,0,0,2,1,0,0,0,0 0,0,0,70,74,47,45,33,21,20,19,13,5,7,5,4,3,4,1,4,2,3,6,1,4,0,0,2,2,1,1,0,2,1 0,0,0,19,9,14,9,9,7,7,6,7,1,1,4,2,1,2,0,3,1,2,2,1,4,0,0,0,2,1,0,0,0,0
/media/michal/Pauli/masterdata/processed/paramtest/iter100/annotated/rares/20140908/patrol_run_32/room_2/features/nonPlanes<pfhrgb_uniform_2015-05-21_10-26-33.pcd 0.981713 0.00143356 0.00178714 9 468,380,317,264,160,134,118,106,95 51,29,31,30,27,13,12,14,18 0,1,0,0,0,0,0,0,0 1146802 997 4060 32 346 400 3217 22 330 1145805,382,184,120,73,44,30,36,13,28,14,11,4,5,7,5,3,4,0,4,3,3,4,3,1,1,1,0,0,0,1,4,0,1,2,0,1,0,0,0,0,0,0,0,1,0,0,0,1,0,1,0,0,0,1,0,0,0,0,0,0,0,0,0,0,0,0,0,0,1 0,5,4,1,1,5,2,2,0,1,0,2,0,1,1,0,0,0,0,1,0,0,0,1,0,0,0,0,0,0,1,0,0,1,2,0,0,0,0,0,0,0,0,0,1,0,0,0,0,0,0,0,0,0,0,0,0,0,0,0,0,0,0,0,0,0,0,0,0,0 0,0,0,89,73,44,30,36,13,28,14,11,4,5,7,5,3,4,0,4,3,3,4,3,1,1,1,0,0,0,1,4,0,1,2,0,1,0,0,0,0,0,0,0,1,0,0,0,1,0,1,0,0,0,1,0,0,0,0,0,0,0,0,0,0,0,0,0,0,1 0,0,0,0,1,5,2,2,0,1,0,2,0,1,1,0,0,0,0,1,0,0,0,1,0,0,0,0,0,0,1,0,0,1,2,0,0,0,0,0,0,0,0,0,1,0,0,0,0,0,0,0,0,0,0,0,0,0,0,0,0,0,0,0,0,0,0,0,0,0
/media/michal/Pauli/masterdata/processed/paramtest/iter100/annotated/rares/20140908/patrol_run_34/room_2/features/nonPlanes<pfhrgb_uniform_2015-05-21_10-30-54.pcd 0.920071 0.0014113 0.00161778 10 451,339,252,187,146,131,100,88,73,62 46,35,22,25,19,13,13,14,13,12 1,0,0,0,0,0,0,0,0,0 1146612 946 4060 71 406 400 3296 40 362 1145666,346,182,93,65,55,34,35,23,21,15,14,7,5,6,3,3,4,2,4,2,2,1,3,0,4,0,0,3,1,1,2,0,0,0,1,2,0,2,0,0,1,0,1,0,0,0,0,0,0,2,0,0,0,0,0,0,0,0,1 0,19,11,4,3,11,3,1,3,4,0,2,1,2,2,1,0,0,0,0,0,0,1,1,0,1,0,0,1,0,0,0,0,0,0,0,0,0,0,0,0,0,0,0,0,0,0,0,0,0,0,0,0,0,0,0,0,0,0,0 0,0,0,75,65,55,34,35,23,21,15,14,7,5,6,3,3,4,2,4,2,2,1,3,0,4,0,0,3,1,1,2,0,0,0,1,2,0,2,0,0,1,0,1,0,0,0,0,0,0,2,0,0,0,0,0,0,0,0,1 0,0,0,3,3,11,3,1,3,4,0,2,1,2,2,1,0,0,0,0,0,0,1,1,0,1,0,0,1,0,0,0,0,0,0,0,0,0,0,0,0,0,0,0,0,0,0,0,0,0,0,0,0,0,0,0,0,0,0,0
/media/michal/Pauli/masterdata/processed/paramtest/iter100/annotated/rares/20140908/patrol_run_36/room_3/features/nonPlanes<pfhrgb_uniform_2015-05-21_10-33-20.pcd 0.9555 0.00158046 0.00174449 6 622,463,332,330,123,79 71,60,25,12,20,17 1,0,0,0,0,0 949620 984 4060 101 619 400 3256 62 560 948636,389,170,94,71,49,37,35,24,17,24,6,13,5,6,6,2,3,4,6,2,1,2,1,1,1,1,1,0,2,0,2,2,0,0,0,0,0,0,1,0,2,1,0,0,2,0,0,0,0,0,0,0,0,0,0,0,0,0,0,0,0,0,0,0,0,0,0,0,0,0,1 0,20,18,8,9,7,3,5,6,5,5,0,3,0,3,3,0,0,1,1,1,0,1,0,0,0,0,0,0,1,0,0,0,0,0,0,0,0,0,0,0,1,0,0,0,0,0,0,0,0,0,0,0,0,0,0,0,0,0,0,0,0,0,0,0,0,0,0,0,0,0,0 0,0,0,69,71,49,37,35,24,17,24,6,13,5,6,6,2,3,4,6,2,1,2,1,1,1,1,1,0,2,0,2,2,0,0,0,0,0,0,1,0,2,1,0,0,2,0,0,0,0,0,0,0,0,0,0,0,0,0,0,0,0,0,0,0,0,0,0,0,0,0,1 0,0,0,7,9,7,3,5,6,5,5,0,3,0,3,3,0,0,1,1,1,0,1,0,0,0,0,0,0,1,0,0,0,0,0,0,0,0,0,0,0,1,0,0,0,0,0,0,0,0,0,0,0,0,0,0,0,0,0,0,0,0,0,0,0,0,0,0,0,0,0,0
/media/michal/Pauli/masterdata/processed/paramtest/iter100/annotated/rares/20140908/patrol_run_38/room_2/features/nonPlanes<pfhrgb_uniform_2015-05-21_10-36-24.pcd 1.119 0.00139121 0.00264759 9 517,412,264,231,114,108,107,99,80 51,48,25,24,13,19,18,16,12 0,1,0,0,0,0,0,1,0 942956 1008 4060 106 533 400 3200 57 458 941948,385,194,113,64,55,26,34,24,18,8,9,7,14,3,11,4,5,4,5,4,3,2,1,4,0,0,1,1,2,1,0,1,1,0,0,0,0,0,0,0,0,1,1,0,0,0,0,0,1,0,0,0,1 0,25,22,14,9,8,2,7,2,5,1,1,0,2,0,1,1,1,1,2,0,0,0,0,1,0,0,0,0,0,0,0,0,0,0,0,0,0,0,0,0,0,0,0,0,0,0,0,0,1,0,0,0,0 0,0,0,84,64,55,26,34,24,18,8,9,7,14,3,11,4,5,4,5,4,3,2,1,4,0,0,1,1,2,1,0,1,1,0,0,0,0,0,0,0,0,1,1,0,0,0,0,0,1,0,0,0,1 0,0,0,12,9,8,2,7,2,5,1,1,0,2,0,1,1,1,1,2,0,0,0,0,1,0,0,0,0,0,0,0,0,0,0,0,0,0,0,0,0,0,0,0,0,0,0,0,0,1,0,0,0,0
/media/michal/Pauli/masterdata/processed/paramtest/iter100/annotated/rares/20140908/patrol_run_39/room_3/features/nonPlanes<pfhrgb_uniform_2015-05-21_10-39-09.pcd 1.20475 0.00154542 0.00283099 7 576,431,162,160,153,105,62 69,47,20,19,16,17,12 0,0,0,0,0,0,0 1107662 931 4060 23 113 400 3330 10 96 1106731,353,157,93,63,41,44,32,33,14,9,11,8,8,11,11,2,5,7,4,4,3,2,1,2,0,0,4,0,0,0,0,0,1,2,2,0,1,0,0,0,0,1,0,0,0,0,1,0,0,0,0,0,0,0,0,0,0,0,0,0,0,0,0,0,0,0,1 0,9,4,2,0,2,1,0,0,0,0,0,1,0,2,1,0,0,0,1,0,0,0,0,0,0,0,0,0,0,0,0,0,0,0,0,0,0,0,0,0,0,0,0,0,0,0,0,0,0,0,0,0,0,0,0,0,0,0,0,0,0,0,0,0,0,0,0 0,0,0,72,63,41,44,32,33,14,9,11,8,8,11,11,2,5,7,4,4,3,2,1,2,0,0,4,0,0,0,0,0,1,2,2,0,1,0,0,0,0,1,0,0,0,0,1,0,0,0,0,0,0,0,0,0,0,0,0,0,0,0,0,0,0,0,1 0,0,0,2,0,2,1,0,0,0,0,0,1,0,2,1,0,0,0,1,0,0,0,0,0,0,0,0,0,0,0,0,0,0,0,0,0,0,0,0,0,0,0,0,0,0,0,0,0,0,0,0,0,0,0,0,0,0,0,0,0,0,0,0,0,0,0,0
/media/michal/Pauli/masterdata/processed/paramtest/iter100/annotated/rares/20140908/patrol_run_41/room_3/features/nonPlanes<pfhrgb_uniform_2015-05-21_10-40-56.pcd 0.993015 0.0013115 0.0018065 5 694,497,232,201,181 59,38,46,22,14 1,0,0,0,0 1040400 893 4060 83 736 400 3410 63 711 1039507,336,167,80,49,43,39,43,23,16,15,13,13,4,4,5,2,2,2,2,4,1,2,2,5,2,3,2,1,0,1,1,1,0,0,1,1,1,0,0,1,1,0,0,0,1,0,0,0,1,1,0,0,0,0,0,0,0,0,0,0,0,0,0,0,0,0,0,0,0,0,0,0,0,0,0,0,1,0,0,1 0,15,5,5,4,5,7,9,4,2,4,4,3,0,2,1,2,0,1,1,1,0,1,0,3,0,1,0,0,0,0,0,0,0,0,0,0,1,0,0,0,1,0,0,0,0,0,0,0,0,1,0,0,0,0,0,0,0,0,0,0,0,0,0,0,0,0,0,0,0,0,0,0,0,0,0,0,0,0,0,0 0,0,10,80,49,43,39,43,23,16,15,13,13,4,4,5,2,2,2,2,4,1,2,2,5,2,3,2,1,0,1,1,1,0,0,1,1,1,0,0,1,1,0,0,0,1,0,0,0,1,1,0,0,0,0,0,0,0,0,0,0,0,0,0,0,0,0,0,0,0,0,0,0,0,0,0,0,1,0,0,1 0,0,0,5,4,5,7,9,4,2,4,4,3,0,2,1,2,0,1,1,1,0,1,0,3,0,1,0,0,0,0,0,0,0,0,0,0,1,0,0,0,1,0,0,0,0,0,0,0,0,1,0,0,0,0,0,0,0,0,0,0,0,0,0,0,0,0,0,0,0,0,0,0,0,0,0,0,0,0,0,0
/media/michal/Pauli/masterdata/processed/paramtest/iter100/annotated/rares/20140908/patrol_run_43/room_3/features/nonPlanes<pfhrgb_uniform_2015-05-21_10-44-06.pcd 0.969347 0.0013831 0.0017102 6 601,374,271,171,99,49 39,43,26,22,18,13 1,0,1,0,0,0 1100784 932 4060 101 944 400 3330 69 898 1099852,346,174,90,69,47,42,37,18,13,18,11,5,8,4,2,7,4,4,8,2,1,1,3,0,1,0,1,2,0,0,2,0,1,1,1,1,0,0,0,1,1,1,1,0,1,0,0,0,0,1,0,0,0,0,0,1,0,0,0,0,0,0,0,0,0,0,0,0,0,0,0,0,0,0,0,0,0,0,0,0,1 0,19,12,9,11,5,6,5,2,3,2,3,2,1,1,0,3,2,0,3,1,0,0,1,0,1,0,0,2,0,0,1,0,0,1,1,0,0,0,0,0,0,1,0,0,1,0,0,0,0,0,0,0,0,0,0,1,0,0,0,0,0,0,0,0,0,0,0,0,0,0,0,0,0,0,0,0,0,0,0,0,1 0,0,0,78,69,47,42,37,18,13,18,11,5,8,4,2,7,4,4,8,2,1,1,3,0,1,0,1,2,0,0,2,0,1,1,1,1,0,0,0,1,1,1,1,0,1,0,0,0,0,1,0,0,0,0,0,1,0,0,0,0,0,0,0,0,0,0,0,0,0,0,0,0,0,0,0,0,0,0,0,0,1 0,0,0,8,11,5,6,5,2,3,2,3,2,1,1,0,3,2,0,3,1,0,0,1,0,1,0,0,2,0,0,1,0,0,1,1,0,0,0,0,0,0,1,0,0,1,0,0,0,0,0,0,0,0,0,0,1,0,0,0,0,0,0,0,0,0,0,0,0,0,0,0,0,0,0,0,0,0,0,0,0,1
/media/michal/Pauli/masterdata/processed/paramtest/iter100/annotated/rares/20140908/patrol_run_45/room_2/features/nonPlanes<pfhrgb_uniform_2015-05-21_10-45-24.pcd 0.921185 0.00194409 0.00182039 6 645,400,346,120,107,105 58,56,49,17,12,13 0,1,0,0,0,0 1109600 973 4060 88 414 400 3207 51 358 1108627,348,170,123,75,42,52,32,18,19,11,13,10,7,3,5,3,3,3,1,5,2,3,5,6,4,0,0,0,2,3,2,0,1,0,0,1,0,0,0,0,0,0,1 0,19,17,16,7,6,9,2,3,1,1,0,0,1,0,0,0,1,0,1,2,0,0,0,1,0,0,0,0,0,0,1,0,0,0,0,0,0,0,0,0,0,0,0 0,0,0,68,75,42,52,32,18,19,11,13,10,7,3,5,3,3,3,1,5,2,3,5,6,4,0,0,0,2,3,2,0,1,0,0,1,0,0,0,0,0,0,1 0,0,0,15,7,6,9,2,3,1,1,0,0,1,0,0,0,1,0,1,2,0,0,0,1,0,0,0,0,0,0,1,0,0,0,0,0,0,0,0,0,0,0,0
/media/michal/Pauli/masterdata/processed/paramtest/iter100/annotated/rares/20140908/patrol_run_47/room_3/features/nonPlanes<pfhrgb_uniform_2015-05-21_10-46-55.pcd 1.0817 0.00225628 0.0019776 8 270,216,209,182,132,98,92,90 40,33,21,26,15,13,17,12 0,1,0,0,0,0,0,0 1105800 1071 4060 100 348 400 3049 38 250 1104729,402,198,135,74,54,50,43,21,13,15,8,6,6,9,5,6,3,2,2,0,0,3,1,3,1,1,0,1,1,0,0,0,2,1,0,0,1,0,1,0,0,2,0,0,0,0,0,0,0,0,0,0,0,0,0,0,0,0,0,0,0,0,0,0,0,1 0,33,22,11,9,6,8,4,2,1,1,0,0,0,2,0,0,0,0,0,0,0,0,0,0,0,0,0,0,0,0,0,0,1,0,0,0,0,0,0,0,0,0,0,0,0,0,0,0,0,0,0,0,0,0,0,0,0,0,0,0,0,0,0,0,0,0 0,0,0,64,74,54,50,43,21,13,15,8,6,6,9,5,6,3,2,2,0,0,3,1,3,1,1,0,1,1,0,0,0,2,1,0,0,1,0,1,0,0,2,0,0,0,0,0,0,0,0,0,0,0,0,0,0,0,0,0,0,0,0,0,0,0,1 0,0,0,4,9,6,8,4,2,1,1,0,0,0,2,0,0,0,0,0,0,0,0,0,0,0,0,0,0,0,0,0,0,1,0,0,0,0,0,0,0,0,0,0,0,0,0,0,0,0,0,0,0,0,0,0,0,0,0,0,0,0,0,0,0,0,0
/media/michal/Pauli/masterdata/processed/paramtest/iter100/annotated/rares/20140909/patrol_run_49/room_3/features/nonPlanes<pfhrgb_uniform_2015-05-21_10-48-26.pcd 0.895826 0.0016604 0.00180541 7 723,452,307,177,123,117,102 70,41,20,21,24,21,18 1,0,0,0,0,0,0 1049598 1004 4060 105 760 400 3191 66 704 1048594,385,173,119,68,51,51,42,14,9,9,16,9,6,4,4,5,2,1,2,6,4,5,3,3,0,2,0,2,1,0,2,0,1,0,1,0,0,1,0,0,0,0,0,0,1,0,0,0,0,0,0,0,1,0,0,1 0,24,13,7,9,5,6,7,6,1,3,2,2,1,1,3,1,0,0,2,3,2,4,0,0,0,0,0,1,0,0,1,0,0,0,1,0,0,0,0,0,0,0,0,0,0,0,0,0,0,0,0,0,0,0,0,0 0,0,0,73,68,51,51,42,14,9,9,16,9,6,4,4,5,2,1,2,6,4,5,3,3,0,2,0,2,1,0,2,0,1,0,1,0,0,1,0,0,0,0,0,0,1,0,0,0,0,0,0,0,1,0,0,1 0,0,0,5,9,5,6,7,6,1,3,2,2,1,1,3,1,0,0,2,3,2,4,0,0,0,0,0,1,0,0,1,0,0,0,1,0,0,0,0,0,0,0,0,0,0,0,0,0,0,0,0,0,0,0,0,0
/media/michal/Pauli/masterdata/processed/paramtest/iter100/annotated/rares/20140909/patrol_run_51/room_3/features/nonPlanes<pfhrgb_uniform_2015-05-21_10-50-08.pcd 1.02865 0.001868 0.00180572 4 558,493,346,300 72,47,23,42 1,0,0,0 1987742 907 4060 136 649 400 3337 72 558 1986835,320,158,94,82,37,41,33,22,15,13,15,13,8,6,6,4,3,4,1,2,4,4,5,0,3,2,2,1,0,0,1,2,0,2,0,0,1,0,0,0,0,0,0,0,0,0,0,0,0,0,0,0,1,0,0,0,0,1,1 0,39,23,18,12,3,9,4,4,4,4,1,4,4,0,1,1,0,1,0,0,0,0,2,0,1,1,0,0,0,0,0,0,0,0,0,0,0,0,0,0,0,0,0,0,0,0,0,0,0,0,0,0,0,0,0,0,0,0,0 0,0,0,65,82,37,41,33,22,15,13,15,13,8,6,6,4,3,4,1,2,4,4,5,0,3,2,2,1,0,0,1,2,0,2,0,0,1,0,0,0,0,0,0,0,0,0,0,0,0,0,0,0,1,0,0,0,0,1,1 0,0,0,16,12,3,9,4,4,4,4,1,4,4,0,1,1,0,1,0,0,0,0,2,0,1,1,0,0,0,0,0,0,0,0,0,0,0,0,0,0,0,0,0,0,0,0,0,0,0,0,0,0,0,0,0,0,0,0,0
/media/michal/Pauli/masterdata/processed/paramtest/iter100/annotated/rares/20140909/patrol_run_53/room_3/features/nonPlanes<pfhrgb_uniform_2015-05-21_10-53-36.pcd 1.13322 0.00158419 0.00181628 6 763,315,307,191,133,108 69,48,40,12,17,20 1,0,0,0,0,0 1102608 948 4060 99 666 400 3288 52 600 1101660,352,168,127,61,49,31,35,21,19,6,9,7,6,5,4,3,5,1,2,4,5,3,3,1,0,3,2,1,1,3,1,0,2,1,2,0,0,1,0,0,0,0,0,1,0,0,0,0,0,0,0,0,0,1,0,0,1,0,0,0,0,0,0,0,0,0,0,0,0,0,0,0,0,0,1 0,33,9,15,5,8,4,1,4,2,1,3,2,1,1,0,0,1,0,0,1,3,0,1,0,0,1,0,0,0,0,0,0,0,0,0,0,0,0,0,0,0,0,0,0,0,0,0,0,0,0,0,0,0,1,0,0,1,0,0,0,0,0,0,0,0,0,0,0,0,0,0,0,0,0,1 0,0,0,99,61,49,31,35,21,19,6,9,7,6,5,4,3,5,1,2,4,5,3,3,1,0,3,2,1,1,3,1,0,2,1,2,0,0,1,0,0,0,0,0,1,0,0,0,0,0,0,0,0,0,1,0,0,1,0,0,0,0,0,0,0,0,0,0,0,0,0,0,0,0,0,1 0,0,0,10,5,8,4,1,4,2,1,3,2,1,1,0,0,1,0,0,1,3,0,1,0,0,1,0,0,0,0,0,0,0,0,0,0,0,0,0,0,0,0,0,0,0,0,0,0,0,0,0,0,0,1,0,0,1,0,0,0,0,0,0,0,0,0,0,0,0,0,0,0,0,0,1
/media/michal/Pauli/masterdata/processed/paramtest/iter100/annotated/rares/20140909/patrol_run_55/room_3/features/nonPlanes<pfhrgb_uniform_2015-05-21_10-55-52.pcd 0.990854 0.00133775 0.0026858 5 602,352,137,137,65 68,16,25,16,13 0,1,0,0,0 1020908 1136 4060 49 417 400 3008 21 375 1019772,479,198,126,77,46,42,42,32,14,12,12,10,4,8,4,4,2,5,3,0,1,4,0,1,1,0,1,1,0,0,0,0,0,0,0,1,1,1,0,0,0,1,1,1,0,0,1 0,15,12,6,2,2,1,0,1,0,1,0,0,0,0,0,0,0,0,0,0,0,1,0,0,1,0,1,0,0,0,0,0,0,0,0,1,1,1,0,0,0,1,0,1,0,0,1 0,0,0,67,77,46,42,42,32,14,12,12,10,4,8,4,4,2,5,3,0,1,4,0,1,1,0,1,1,0,0,0,0,0,0,0,1,1,1,0,0,0,1,1,1,0,0,1 0,0,0,5,2,2,1,0,1,0,1,0,0,0,0,0,0,0,0,0,0,0,1,0,0,1,0,1,0,0,0,0,0,0,0,0,1,1,1,0,0,0,1,0,1,0,0,1
/media/michal/Pauli/masterdata/processed/paramtest/iter100/annotated/rares/20140909/patrol_run_57/room_3/features/nonPlanes<pfhrgb_uniform_2015-05-21_10-58-49.pcd 0.935849 0.00283854 0.00174372 8 535,442,369,189,159,137,112,86 62,43,26,23,14,24,18,12 1,0,0,0,0,0,0,0 2799460 945 4060 107 615 400 3285 62 543 2798515,349,162,96,73,41,40,47,29,20,9,9,8,9,8,4,7,3,5,3,4,1,1,0,1,0,1,1,1,0,2,1,0,1,0,6,0,1,0,0,0,0,0,0,0,0,0,0,0,0,0,0,0,0,0,0,0,0,0,0,0,0,0,0,0,0,0,0,0,2 0,23,17,14,9,9,3,4,3,3,3,3,3,2,0,1,2,1,3,1,1,1,0,0,0,0,0,0,0,0,0,0,0,0,0,1,0,0,0,0,0,0,0,0,0,0,0,0,0,0,0,0,0,0,0,0,0,0,0,0,0,0,0,0,0,0,0,0,0,0 0,0,0,62,73,41,40,47,29,20,9,9,8,9,8,4,7,3,5,3,4,1,1,0,1,0,1,1,1,0,2,1,0,1,0,6,0,1,0,0,0,0,0,0,0,0,0,0,0,0,0,0,0,0,0,0,0,0,0,0,0,0,0,0,0,0,0,0,0,2 0,0,0,9,9,9,3,4,3,3,3,3,3,2,0,1,2,1,3,1,1,1,0,0,0,0,0,0,0,0,0,0,0,0,0,1,0,0,0,0,0,0,0,0,0,0,0,0,0,0,0,0,0,0,0,0,0,0,0,0,0,0,0,0,0,0,0,0,0,0
/media/michal/Pauli/masterdata/processed/paramtest/iter100/annotated/rares/20140909/patrol_run_59/room_3/features/nonPlanes<pfhrgb_uniform_2015-05-21_10-59-33.pcd 0.810696 0.000871996 0.00270316 9 370,347,268,242,193,131,126,118,102 22,42,31,22,25,16,20,15,16 0,1,0,0,0,1,0,0,0 446622 961 4060 93 524 400 3289 55 468 445661,373,166,109,60,36,37,35,19,11,17,22,10,8,7,7,6,6,2,3,4,1,5,3,1,1,2,0,0,1,1,2,2,0,0,0,0,1,0,0,0,0,0,0,0,0,0,0,0,1,0,0,0,1,0,1 0,20,18,11,9,1,9,3,2,2,3,2,0,1,1,2,1,3,0,1,1,0,1,1,0,1,0,0,0,0,0,0,0,0,0,0,0,0,0,0,0,0,0,0,0,0,0,0,0,0,0,0,0,0,0,0 0,0,0,87,60,36,37,35,19,11,17,22,10,8,7,7,6,6,2,3,4,1,5,3,1,1,2,0,0,1,1,2,2,0,0,0,0,1,0,0,0,0,0,0,0,0,0,0,0,1,0,0,0,1,0,1 0,0,0,11,9,1,9,3,2,2,3,2,0,1,1,2,1,3,0,1,1,0,1,1,0,1,0,0,0,0,0,0,0,0,0,0,0,0,0,0,0,0,0,0,0,0,0,0,0,0,0,0,0,0,0,0
/media/michal/Pauli/masterdata/processed/paramtest/iter100/annotated/rares/20140909/patrol_run_61/room_3/features/nonPlanes<pfhrgb_uniform_2015-05-21_11-01-46.pcd 0.85594 0.000712901 0.00183752 7 938,263,259,192,155,124,94 55,21,12,32,19,19,18 0,0,0,0,0,0,0 447579 805 4060 37 120 400 3513 20 98 446774,263,159,94,47,27,32,39,19,18,14,10,8,6,10,4,6,4,5,1,1,1,3,1,2,2,0,2,2,2,3,5,1,2,4,1,2,1,1,0,1,0,0,0,0,1,0,0,0,0,0,0,0,0,0,0,1 0,12,8,6,6,1,0,2,0,0,0,0,0,0,0,1,1,0,0,0,0,0,0,0,0,0,0,0,0,0,0,0,0,0,0,0,0,0,0,0,0,0,0,0,0,0,0,0,0,0,0,0,0,0,0,0,0 0,0,17,94,47,27,32,39,19,18,14,10,8,6,10,4,6,4,5,1,1,1,3,1,2,2,0,2,2,2,3,5,1,2,4,1,2,1,1,0,1,0,0,0,0,1,0,0,0,0,0,0,0,0,0,0,1 0,0,3,6,6,1,0,2,0,0,0,0,0,0,0,1,1,0,0,0,0,0,0,0,0,0,0,0,0,0,0,0,0,0,0,0,0,0,0,0,0,0,0,0,0,0,0,0,0,0,0,0,0,0,0,0,0
/media/michal/Pauli/masterdata/processed/paramtest/iter100/annotated/rares/20140909/patrol_run_63/room_3/features/nonPlanes<pfhrgb_uniform_2015-05-21_11-04-02.pcd 0.796074 0.000852291 0.00160487 11 270,253,180,143,127,92,89,84,84,76,65 18,33,28,12,14,13,15,15,14,17,16 0,0,0,0,0,0,0,0,0,0,0 420420 1114 4060 26 106 400 3052 5 76 419306,461,212,152,61,40,35,40,19,8,12,6,5,8,5,6,5,5,5,4,3,1,1,2,2,2,1,2,1,2,1,0,1,1,1,0,0,0,0,1,0,1,0,0,0,0,0,1,0,0,0,1 0,13,7,3,0,0,1,0,0,0,0,0,0,0,0,0,0,0,0,0,0,0,0,0,0,1,0,0,0,0,0,0,0,0,0,0,0,0,0,1,0,0,0,0,0,0,0,0,0,0,0,0 0,0,0,111,61,40,35,40,19,8,12,6,5,8,5,6,5,5,5,4,3,1,1,2,2,2,1,2,1,2,1,0,1,1,1,0,0,0,0,1,0,1,0,0,0,0,0,1,0,0,0,1 0,0,0,2,0,0,1,0,0,0,0,0,0,0,0,0,0,0,0,0,0,0,0,0,0,1,0,0,0,0,0,0,0,0,0,0,0,0,0,1,0,0,0,0,0,0,0,0,0,0,0,0
/media/michal/Pauli/masterdata/processed/paramtest/iter100/annotated/rares/20140910/patrol_run_67/room_3/features/nonPlanes<pfhrgb_uniform_2015-05-21_11-05-47.pcd 0.753206 0.00086949 0.00203499 9 674,579,523,164,124,91,87,64,52 38,81,40,19,21,13,14,12,12 0,1,0,0,0,0,0,0,0 473286 891 4060 110 581 400 3441 74 530 472395,363,156,93,34,44,27,33,22,26,9,8,7,6,7,9,5,2,4,5,4,1,1,2,1,1,0,3,3,0,1,0,1,0,0,1,0,1,1,0,2,0,0,1,0,0,0,1,0,1,0,0,0,0,2,0,0,0,0,0,0,1,0,0,0,0,0,0,0,0,0,0,1,0,0,0,0,0,1 0,21,22,15,5,5,6,6,8,8,3,1,1,1,2,3,0,0,0,1,0,0,0,0,0,0,0,2,0,0,0,0,0,0,0,0,0,0,0,0,0,0,0,0,0,0,0,0,0,0,0,0,0,0,0,0,0,0,0,0,0,0,0,0,0,0,0,0,0,0,0,0,0,0,0,0,0,0,0 0,0,28,93,34,44,27,33,22,26,9,8,7,6,7,9,5,2,4,5,4,1,1,2,1,1,0,3,3,0,1,0,1,0,0,1,0,1,1,0,2,0,0,1,0,0,0,1,0,1,0,0,0,0,2,0,0,0,0,0,0,1,0,0,0,0,0,0,0,0,0,0,1,0,0,0,0,0,1 0,0,7,15,5,5,6,6,8,8,3,1,1,1,2,3,0,0,0,1,0,0,0,0,0,0,0,2,0,0,0,0,0,0,0,0,0,0,0,0,0,0,0,0,0,0,0,0,0,0,0,0,0,0,0,0,0,0,0,0,0,0,0,0,0,0,0,0,0,0,0,0,0,0,0,0,0,0,0
/media/michal/Pauli/masterdata/processed/paramtest/iter100/annotated/rares/20140910/patrol_run_69/room_3/features/nonPlanes<pfhrgb_uniform_2015-05-21_11-07-06.pcd 0.797872 0.00125574 0.00227468 10 762,345,238,225,199,142,131,95,78,75 70,41,14,24,16,20,14,12,17,19 0,1,0,0,0,0,0,0,0,0 446622 961 4060 77 416 400 3272 47 368 445661,350,195,111,66,34,30,36,12,14,15,15,10,14,8,2,8,5,5,4,1,5,2,2,2,1,1,1,2,0,0,2,0,1,0,1,0,2,0,1,2,1 0,13,16,13,7,4,1,1,4,2,2,4,1,2,2,0,2,1,0,0,0,2,0,0,0,0,0,0,0,0,0,0,0,0,0,0,0,0,0,0,0,0 0,0,0,95,66,34,30,36,12,14,15,15,10,14,8,2,8,5,5,4,1,5,2,2,2,1,1,1,2,0,0,2,0,1,0,1,0,2,0,1,2,1 0,0,0,12,7,4,1,1,4,2,2,4,1,2,2,0,2,1,0,0,0,2,0,0,0,0,0,0,0,0,0,0,0,0,0,0,0,0,0,0,0,0
/media/michal/Pauli/masterdata/processed/paramtest/iter100/annotated/rares/20140910/patrol_run_71/room_3/features/nonPlanes<pfhrgb_uniform_2015-05-21_11-09-26.pcd 0.899893 0.000842268 0.00176071 6 682,539,353,276,178,103 50,47,38,30,19,17 1,0,0,0,0,0 477048 857 4060 115 858 400 3444 66 789 476191,305,145,106,59,38,27,36,12,14,13,18,9,13,5,9,5,4,4,2,4,3,6,1,2,0,0,0,0,1,2,0,1,1,0,2,1,1,1,1,0,0,1,0,0,0,1,0,2,0,0,0,0,0,0,1,0,0,1 0,30,18,17,4,6,5,4,0,3,5,3,1,2,1,3,1,1,2,0,0,0,2,0,0,0,0,0,0,0,0,0,0,0,0,0,1,0,0,1,0,0,1,0,0,0,1,0,2,0,0,0,0,0,0,0,0,0,1 0,0,0,99,59,38,27,36,12,14,13,18,9,13,5,9,5,4,4,2,4,3,6,1,2,0,0,0,0,1,2,0,1,1,0,2,1,1,1,1,0,0,1,0,0,0,1,0,2,0,0,0,0,0,0,1,0,0,1 0,0,0,16,4,6,5,4,0,3,5,3,1,2,1,3,1,1,2,0,0,0,2,0,0,0,0,0,0,0,0,0,0,0,0,0,1,0,0,1,0,0,1,0,0,0,1,0,2,0,0,0,0,0,0,0,0,0,1
/media/michal/Pauli/masterdata/processed/paramtest/iter100/annotated/rares/20140910/patrol_run_74/room_3/features/nonPlanes<pfhrgb_uniform_2015-05-21_11-11-39.pcd 0.80978 0.000892659 0.00272111 7 646,450,342,155,116,114,68 67,40,42,15,15,22,13 1,0,0,0,0,0,0 442200 876 4060 88 626 400 3382 55 579 441324,307,136,104,75,35,34,33,25,20,13,13,11,13,5,5,4,5,5,3,1,1,2,4,3,2,4,1,1,0,2,2,1,1,1,0,0,0,0,0,0,0,0,1,0,0,0,2,1 0,20,12,7,12,4,3,4,2,3,2,2,3,2,0,1,0,1,0,2,0,0,1,2,0,0,2,0,0,0,1,0,0,1,0,0,0,0,0,0,0,0,0,0,0,0,0,1,0 0,0,0,71,75,35,34,33,25,20,13,13,11,13,5,5,4,5,5,3,1,1,2,4,3,2,4,1,1,0,2,2,1,1,1,0,0,0,0,0,0,0,0,1,0,0,0,2,1 0,0,0,6,12,4,3,4,2,3,2,2,3,2,0,1,0,1,0,2,0,0,1,2,0,0,2,0,0,0,1,0,0,1,0,0,0,0,0,0,0,0,0,0,0,0,0,1,0
/media/michal/Pauli/masterdata/processed/paramtest/iter100/annotated/rares/20140910/patrol_run_77/room_4/features/nonPlanes<pfhrgb_uniform_2015-05-21_11-14-47.pcd 0.94591 0.00109434 0.00301617 9 773,462,250,152,133,111,109,102,58 52,45,20,17,12,19,12,15,14 1,0,0,0,0,0,0,0,0 446622 808 4060 50 647 400 3514 43 635 445814,280,118,90,48,48,29,41,15,20,17,16,5,8,8,10,12,6,3,5,4,1,2,1,3,1,0,2,3,1,1,0,1,4,0,2,0,0,1,0,0,0,0,0,0,0,1,0,0,0,0,0,0,0,0,0,0,0,0,0,0,0,0,0,0,0,0,0,0,0,0,0,0,0,0,0,0,0,0,0,0,0,0,0,0,0,1 0,2,5,4,1,0,4,0,0,2,3,3,1,3,4,3,1,1,1,2,2,0,0,1,1,0,0,1,0,1,1,0,1,1,0,1,0,0,0,0,0,0,0,0,0,0,0,0,0,0,0,0,0,0,0,0,0,0,0,0,0,0,0,0,0,0,0,0,0,0,0,0,0,0,0,0,0,0,0,0,0,0,0,0,0,0,0 0,0,0,80,48,48,29,41,15,20,17,16,5,8,8,10,12,6,3,5,4,1,2,1,3,1,0,2,3,1,1,0,1,4,0,2,0,0,1,0,0,0,0,0,0,0,1,0,0,0,0,0,0,0,0,0,0,0,0,0,0,0,0,0,0,0,0,0,0,0,0,0,0,0,0,0,0,0,0,0,0,0,0,0,0,0,1 0,0,0,4,1,0,4,0,0,2,3,3,1,3,4,3,1,1,1,2,2,0,0,1,1,0,0,1,0,1,1,0,1,1,0,1,0,0,0,0,0,0,0,0,0,0,0,0,0,0,0,0,0,0,0,0,0,0,0,0,0,0,0,0,0,0,0,0,0,0,0,0,0,0,0,0,0,0,0,0,0,0,0,0,0,0,0
/media/michal/Pauli/masterdata/processed/paramtest/iter100/annotated/rares/20140910/patrol_run_79/room_2/features/nonPlanes<pfhrgb_uniform_2015-05-21_11-16-02.pcd 1.22235 0.00083697 0.0018773 10 461,456,231,227,155,131,116,102,102,88 42,49,25,25,22,14,12,14,13,14 0,1,0,0,0,0,0,0,0,0 396627 761 4060 73 491 400 3575 51 462 395866,241,116,83,53,46,35,40,22,17,11,12,10,11,8,0,5,3,7,5,3,5,4,3,3,4,2,1,0,0,0,2,1,1,1,1,0,0,0,0,0,0,0,0,0,0,0,0,0,0,0,0,0,1,0,0,0,0,1,0,0,0,0,0,0,0,0,0,1,0,0,0,0,0,0,1,0,0,0,0,0,0,0,0,0,1 0,15,7,15,5,6,4,3,4,1,2,1,2,0,1,0,0,0,0,1,0,0,1,1,0,1,0,0,0,0,0,1,0,0,1,0,0,0,0,0,0,0,0,0,0,0,0,0,0,0,0,0,0,0,0,0,0,0,1,0,0,0,0,0,0,0,0,0,0,0,0,0,0,0,0,0,0,0,0,0,0,0,0,0,0,0 0,0,0,79,53,46,35,40,22,17,11,12,10,11,8,0,5,3,7,5,3,5,4,3,3,4,2,1,0,0,0,2,1,1,1,1,0,0,0,0,0,0,0,0,0,0,0,0,0,0,0,0,0,1,0,0,0,0,1,0,0,0,0,0,0,0,0,0,1,0,0,0,0,0,0,1,0,0,0,0,0,0,0,0,0,1 0,0,0,15,5,6,4,3,4,1,2,1,2,0,1,0,0,0,0,1,0,0,1,1,0,1,0,0,0,0,0,1,0,0,1,0,0,0,0,0,0,0,0,0,0,0,0,0,0,0,0,0,0,0,0,0,0,0,1,0,0,0,0,0,0,0,0,0,0,0,0,0,0,0,0,0,0,0,0,0,0,0,0,0,0,0
/media/michal/Pauli/masterdata/processed/paramtest/iter100/annotated/rares/20140910/patrol_run_81/room_2/features/nonPlanes<pfhrgb_uniform_2015-05-21_11-16-59.pcd 0.778606 0.00100653 0.00227891 10 255,253,237,229,192,139,123,110,98,91 28,27,21,27,23,25,13,15,15,15 0,0,0,0,0,0,0,0,0,0 432300 1116 4060 33 64 400 3082 4 28 431184,475,220,111,65,53,30,36,23,24,9,13,5,4,6,4,4,8,2,2,2,4,1,1,0,2,0,0,0,1,0,3,4,1,0,0,2,0,0,0,0,0,0,0,0,0,0,0,0,0,0,0,0,0,0,0,0,0,0,0,0,0,0,0,0,0,0,0,0,0,0,0,0,0,0,0,0,0,0,0,0,0,0,0,0,0,0,0,0,0,0,0,0,0,0,0,0,0,0,0,0,0,0,0,0,0,0,0,0,0,0,0,0,0,0,0,0,0,1 0,23,5,3,0,1,0,0,0,0,0,0,0,0,0,0,0,1,0,0,0,0,0,0,0,0,0,0,0,0,0,0,0,0,0,0,0,0,0,0,0,0,0,0,0,0,0,0,0,0,0,0,0,0,0,0,0,0,0,0,0,0,0,0,0,0,0,0,0,0,0,0,0,0,0,0,0,0,0,0,0,0,0,0,0,0,0,0,0,0,0,0,0,0,0,0,0,0,0,0,0,0,0,0,0,0,0,0,0,0,0,0,0,0,0,0,0,0,0 0,0,0,90,65,53,30,36,23,24,9,13,5,4,6,4,4,8,2,2,2,4,1,1,0,2,0,0,0,1,0,3,4,1,0,0,2,0,0,0,0,0,0,0,0,0,0,0,0,0,0,0,0,0,0,0,0,0,0,0,0,0,0,0,0,0,0,0,0,0,0,0,0,0,0,0,0,0,0,0,0,0,0,0,0,0,0,0,0,0,0,0,0,0,0,0,0,0,0,0,0,0,0,0,0,0,0,0,0,0,0,0,0,0,0,0,0,0,1 0,0,0,2,0,1,0,0,0,0,0,0,0,0,0,0,0,1,0,0,0,0,0,0,0,0,0,0,0,0,0,0,0,0,0,0,0,0,0,0,0,0,0,0,0,0,0,0,0,0,0,0,0,0,0,0,0,0,0,0,0,0,0,0,0,0,0,0,0,0,0,0,0,0,0,0,0,0,0,0,0,0,0,0,0,0,0,0,0,0,0,0,0,0,0,0,0,0,0,0,0,0,0,0,0,0,0,0,0,0,0,0,0,0,0,0,0,0,0
/media/michal/Pauli/masterdata/processed/paramtest/iter100/annotated/rares/20140911/patrol_run_82/room_3/features/nonPlanes<pfhrgb_uniform_2015-05-21_11-18-51.pcd 0.872924 0.000913918 0.00184898 6 660,421,232,182,109,89 54,49,27,21,12,19 1,0,0,0,0,1 473154 1006 4060 106 797 400 3228 70 746 472148,399,188,117,54,46,25,35,19,16,14,15,13,6,14,5,1,4,7,3,3,2,3,0,1,1,3,2,0,0,1,0,1,1,1,1,1,0,1,0,0,1,0,0,1,0,0,0,1 0,21,15,11,8,7,8,1,6,3,3,4,1,2,2,0,1,1,2,0,0,1,3,0,0,1,0,0,0,0,0,0,0,1,0,1,0,0,1,0,0,1,0,0,0,0,0,0,1 0,0,0,98,54,46,25,35,19,16,14,15,13,6,14,5,1,4,7,3,3,2,3,0,1,1,3,2,0,0,1,0,1,1,1,1,1,0,1,0,0,1,0,0,1,0,0,0,1 0,0,0,11,8,7,8,1,6,3,3,4,1,2,2,0,1,1,2,0,0,1,3,0,0,1,0,0,0,0,0,0,0,1,0,1,0,0,1,0,0,1,0,0,0,0,0,0,1
/media/michal/Pauli/masterdata/processed/paramtest/iter100/annotated/rares/20140911/patrol_run_84/room_3/features/nonPlanes<pfhrgb_uniform_2015-05-21_11-21-22.pcd 0.748332 0.000749675 0.00192375 8 644,558,390,150,142,135,74,68 65,54,27,20,13,20,12,12 0,1,1,0,0,0,0,0 455400 933 4060 134 904 400 3288 73 811 454467,332,163,116,57,42,41,36,20,15,13,17,15,10,5,8,4,5,7,3,7,0,2,2,2,1,3,0,0,0,2,0,0,0,0,0,0,1,0,0,0,0,1,0,0,0,0,0,0,1,0,1,0,0,1 0,32,26,17,4,8,5,6,5,1,0,4,5,1,0,1,2,0,5,1,3,0,0,1,1,0,2,0,0,0,1,0,0,0,0,0,0,1,0,0,0,0,1,0,0,0,0,0,0,0,0,1,0,0,0 0,0,0,78,57,42,41,36,20,15,13,17,15,10,5,8,4,5,7,3,7,0,2,2,2,1,3,0,0,0,2,0,0,0,0,0,0,1,0,0,0,0,1,0,0,0,0,0,0,1,0,1,0,0,1 0,0,0,14,4,8,5,6,5,1,0,4,5,1,0,1,2,0,5,1,3,0,0,1,1,0,2,0,0,0,1,0,0,0,0,0,0,1,0,0,0,0,1,0,0,0,0,0,0,0,0,1,0,0,0
/media/michal/Pauli/masterdata/processed/paramtest/iter100/annotated/rares/20140911/patrol_run_88/room_3/features/nonPlanes<pfhrgb_uniform_2015-05-21_11-22-24.pcd 1.01106 0.00126382 0.00301989 7 725,320,266,230,197,109,80 82,23,36,17,13,15,15 1,0,0,0,0,0,0 474606 985 4060 152 824 400 3236 82 722 473621,382,167,107,64,49,33,33,28,12,17,12,12,14,8,12,3,3,2,5,3,5,2,0,0,1,0,1,1,1,3,0,1,0,0,0,1,0,0,0,0,1,0,0,0,1,0,0,0,1 0,41,26,20,10,6,6,7,2,4,5,2,2,4,2,4,1,0,1,4,0,1,2,0,0,1,0,0,1,0,0,0,0,0,0,0,0,0,0,0,0,0,0,0,0,0,0,0,0,0 0,0,0,71,64,49,33,33,28,12,17,12,12,14,8,12,3,3,2,5,3,5,2,0,0,1,0,1,1,1,3,0,1,0,0,0,1,0,0,0,0,1,0,0,0,1,0,0,0,1 0,0,0,17,10,6,6,7,2,4,5,2,2,4,2,4,1,0,1,4,0,1,2,0,0,1,0,0,1,0,0,0,0,0,0,0,0,0,0,0,0,0,0,0,0,0,0,0,0,0
/media/michal/Pauli/masterdata/processed/paramtest/iter100/annotated/rares/20140911/patrol_run_90/room_3/features/nonPlanes<pfhrgb_uniform_2015-05-21_11-23-26.pcd 0.770108 0.000808765 0.00176995 11 388,238,236,233,194,190,184,128,120,85,70 24,37,15,28,18,13,14,29,20,12,13 0,0,0,1,1,0,0,0,0,0,0 408408 973 4060 88 455 400 3271 52 403 407435,368,194,113,58,36,35,41,20,9,9,12,11,10,5,5,3,4,3,1,7,3,3,2,1,3,3,1,1,0,1,0,0,3,2,1,0,0,1,0,0,0,1,0,0,2,0,0,1 0,21,14,19,6,3,3,2,3,1,2,2,2,0,1,3,0,1,0,1,1,2,1,0,0,0,0,0,0,0,0,0,0,0,0,0,0,0,0,0,0,0,0,0,0,0,0,0,0 0,0,0,102,58,36,35,41,20,9,9,12,11,10,5,5,3,4,3,1,7,3,3,2,1,3,3,1,1,0,1,0,0,3,2,1,0,0,1,0,0,0,1,0,0,2,0,0,1 0,0,0,18,6,3,3,2,3,1,2,2,2,0,1,3,0,1,0,1,1,2,1,0,0,0,0,0,0,0,0,0,0,0,0,0,0,0,0,0,0,0,0,0,0,0,0,0,0
/media/michal/Pauli/masterdata/processed/paramtest/iter100/annotated/rares/20140911/patrol_run_92/room_3/features/nonPlanes<pfhrgb_uniform_2015-05-21_11-24-28.pcd 1.08809 0.00118808 0.00280261 10 314,279,231,222,218,179,155,139,110,92 32,27,31,26,15,30,17,20,12,15 1,1,0,0,0,0,0,0,0,0 454740 867 4060 64 457 400 3391 46 429 453873,288,156,101,52,47,39,39,22,20,12,13,10,5,9,13,2,1,6,5,3,2,1,1,1,3,2,3,0,3,1,1,2,0,1,0,0,0,0,0,0,1,0,0,0,0,0,0,0,0,0,0,0,0,0,0,0,0,0,0,0,0,0,0,0,0,0,0,0,0,0,0,0,0,0,0,1,0,0,0,0,0,0,0,0,0,0,0,1 0,9,8,9,3,4,6,4,3,3,1,2,2,0,0,3,0,0,1,2,0,1,1,0,0,0,0,1,0,0,0,1,0,0,0,0,0,0,0,0,0,0,0,0,0,0,0,0,0,0,0,0,0,0,0,0,0,0,0,0,0,0,0,0,0,0,0,0,0,0,0,0,0,0,0,0,0,0,0,0,0,0,0,0,0,0,0,0,0 0,0,0,78,52,47,39,39,22,20,12,13,10,5,9,13,2,1,6,5,3,2,1,1,1,3,2,3,0,3,1,1,2,0,1,0,0,0,0,0,0,1,0,0,0,0,0,0,0,0,0,0,0,0,0,0,0,0,0,0,0,0,0,0,0,0,0,0,0,0,0,0,0,0,0,0,1,0,0,0,0,0,0,0,0,0,0,0,1 0,0,0,8,3,4,6,4,3,3,1,2,2,0,0,3,0,0,1,2,0,1,1,0,0,0,0,1,0,0,0,1,0,0,0,0,0,0,0,0,0,0,0,0,0,0,0,0,0,0,0,0,0,0,0,0,0,0,0,0,0,0,0,0,0,0,0,0,0,0,0,0,0,0,0,0,0,0,0,0,0,0,0,0,0,0,0,0,0
/media/michal/Pauli/masterdata/processed/paramtest/iter100/annotated/rares/20140912/patrol_run_100/room_3/features/nonPlanes<pfhrgb_uniform_2015-05-21_11-25-36.pcd 0.815212 0.00087385 0.0017951 10 595,517,344,188,153,136,124,102,74,72 38,51,44,12,27,12,13,17,13,12 0,0,1,0,0,0,0,0,0,0 437778 980 4060 86 401 400 3259 40 335 436798,359,222,105,64,39,29,35,18,8,17,12,7,8,6,7,3,5,6,3,2,1,3,0,5,1,0,1,1,2,0,0,0,0,0,1,1,0,4,1,0,0,1,0,0,0,1,0,0,0,0,0,1,0,0,0,0,0,0,0,0,0,0,0,0,0,0,0,0,0,0,0,0,0,0,0,0,0,0,0,0,0,0,0,0,0,0,0,0,0,0,0,1 0,26,20,13,7,3,5,0,2,2,1,0,1,1,0,0,0,1,1,0,0,0,0,0,0,0,0,0,0,0,0,0,0,0,0,1,0,0,1,0,0,0,0,0,0,0,1,0,0,0,0,0,0,0,0,0,0,0,0,0,0,0,0,0,0,0,0,0,0,0,0,0,0,0,0,0,0,0,0,0,0,0,0,0,0,0,0,0,0,0,0,0,0 0,0,1,105,64,39,29,35,18,8,17,12,7,8,6,7,3,5,6,3,2,1,3,0,5,1,0,1,1,2,0,0,0,0,0,1,1,0,4,1,0,0,1,0,0,0,1,0,0,0,0,0,1,0,0,0,0,0,0,0,0,0,0,0,0,0,0,0,0,0,0,0,0,0,0,0,0,0,0,0,0,0,0,0,0,0,0,0,0,0,0,0,1 0,0,0,13,7,3,5,0,2,2,1,0,1,1,0,0,0,1,1,0,0,0,0,0,0,0,0,0,0,0,0,0,0,0,0,1,0,0,1,0,0,0,0,0,0,0,1,0,0,0,0,0,0,0,0,0,0,0,0,0,0,0,0,0,0,0,0,0,0,0,0,0,0,0,0,0,0,0,0,0,0,0,0,0,0,0,0,0,0,0,0,0,0
/media/michal/Pauli/masterdata/processed/paramtest/iter100/annotated/rares/20140912/patrol_run_102/room_3/features/nonPlanes<pfhrgb_uniform_2015-05-21_11-27-06.pcd 0.815085 0.000751232 0.00323746 6 996,321,243,167,109,75 82,43,15,16,12,18 1,0,0,0,0,0 463320 933 4060 129 1018 400 3345 72 941 462387,351,184,109,46,41,36,32,20,15,17,10,12,6,6,7,5,4,1,0,2,3,5,1,2,0,1,1,2,0,0,0,1,1,0,1,0,2,0,2,1,0,0,0,0,0,0,0,1,0,0,0,0,1,0,0,1,0,1,0,0,0,0,0,0,0,1,1 0,37,20,13,6,8,6,4,5,4,2,1,1,2,2,2,0,1,1,0,1,0,2,0,0,0,1,0,1,0,0,0,1,1,0,1,0,1,0,1,0,0,0,0,0,0,0,0,0,0,0,0,0,1,0,0,1,0,0,0,0,0,0,0,0,0,1,1 0,0,2,109,46,41,36,32,20,15,17,10,12,6,6,7,5,4,1,0,2,3,5,1,2,0,1,1,2,0,0,0,1,1,0,1,0,2,0,2,1,0,0,0,0,0,0,0,1,0,0,0,0,1,0,0,1,0,1,0,0,0,0,0,0,0,1,1 0,0,0,13,6,8,6,4,5,4,2,1,1,2,2,2,0,1,1,0,1,0,2,0,0,0,1,0,1,0,0,0,1,1,0,1,0,1,0,1,0,0,0,0,0,0,0,0,0,0,0,0,0,1,0,0,1,0,0,0,0,0,0,0,0,0,1,1
/media/michal/Pauli/masterdata/processed/paramtest/iter100/annotated/rares/20140912/patrol_run_104/room_3/features/nonPlanes<pfhrgb_uniform_2015-05-21_11-28-04.pcd 0.868967 0.000843932 0.00166399 8 430,277,274,247,243,119,118,107 39,32,39,28,24,12,12,12 0,0,1,1,0,0,0,0 445500 1005 4060 107 497 400 3279 60 432 444495,433,168,115,44,51,37,36,16,13,8,6,12,2,4,7,3,2,5,5,0,2,5,4,3,3,3,6,1,3,0,1,1,0,2,0,0,0,1,0,0,1,0,1,0,0,0,0,0,0,0,0,0,1 0,29,18,23,7,10,5,3,1,0,1,1,0,0,0,0,1,0,1,2,0,1,0,1,1,0,0,0,0,0,0,1,0,0,1,0,0,0,0,0,0,0,0,0,0,0,0,0,0,0,0,0,0,0 0,0,0,111,44,51,37,36,16,13,8,6,12,2,4,7,3,2,5,5,0,2,5,4,3,3,3,6,1,3,0,1,1,0,2,0,0,0,1,0,0,1,0,1,0,0,0,0,0,0,0,0,0,1 0,0,0,23,7,10,5,3,1,0,1,1,0,0,0,0,1,0,1,2,0,1,0,1,1,0,0,0,0,0,0,1,0,0,1,0,0,0,0,0,0,0,0,0,0,0,0,0,0,0,0,0,0,0
/media/michal/Pauli/masterdata/processed/paramtest/iter100/annotated/rares/20140912/patrol_run_94/room_3/features/nonPlanes<pfhrgb_uniform_2015-05-21_11-30-05.pcd 0.863186 0.00128288 0.00165103 7 461,357,332,161,154,128,106 46,38,37,13,17,13,21 0,0,1,0,0,0,0 445500 976 4060 94 460 400 3269 45 387 444524,377,183,96,78,37,32,31,26,12,14,10,8,2,5,12,7,8,6,7,6,2,1,0,4,1,0,3,0,0,1,0,1,3,0,0,0,0,0,1,0,0,1,0,0,0,0,0,0,0,0,0,0,0,0,0,0,0,0,0,0,0,0,0,0,0,0,0,1 0,27,20,7,10,9,4,3,3,1,1,1,0,0,0,1,0,1,1,1,1,0,0,0,1,0,0,0,0,0,0,0,0,1,0,0,0,0,0,0,0,0,1,0,0,0,0,0,0,0,0,0,0,0,0,0,0,0,0,0,0,0,0,0,0,0,0,0,0 0,0,0,80,78,37,32,31,26,12,14,10,8,2,5,12,7,8,6,7,6,2,1,0,4,1,0,3,0,0,1,0,1,3,0,0,0,0,0,1,0,0,1,0,0,0,0,0,0,0,0,0,0,0,0,0,0,0,0,0,0,0,0,0,0,0,0,0,1 0,0,0,5,10,9,4,3,3,1,1,1,0,0,0,1,0,1,1,1,1,0,0,0,1,0,0,0,0,0,0,0,0,1,0,0,0,0,0,0,0,0,1,0,0,0,0,0,0,0,0,0,0,0,0,0,0,0,0,0,0,0,0,0,0,0,0,0,0
/media/michal/Pauli/masterdata/processed/paramtest/iter100/annotated/rares/20140912/patrol_run_96/room_2/features/nonPlanes<pfhrgb_uniform_2015-05-21_11-31-53.pcd 0.712473 0.000783261 0.00176192 6 1047,267,227,109,91,68 80,34,41,16,13,12 1,0,0,0,0,0 434511 925 4060 107 1044 400 3308 75 993 433586,323,177,115,64,52,32,34,17,19,10,9,13,1,7,7,3,11,1,6,0,2,0,5,0,0,1,0,0,1,0,1,1,0,0,2,0,2,2,1,0,0,0,2,1,1,0,0,0,0,0,0,0,1,0,0,0,0,0,0,0,0,0,0,0,0,0,0,0,0,0,0,0,0,0,0,0,0,0,0,0,0,0,0,0,1 0,15,15,14,7,9,5,4,3,3,3,3,1,0,4,2,1,4,1,1,0,1,0,1,0,0,0,0,0,0,0,0,1,0,0,1,0,1,1,1,0,0,0,2,1,0,0,0,0,0,0,0,0,1,0,0,0,0,0,0,0,0,0,0,0,0,0,0,0,0,0,0,0,0,0,0,0,0,0,0,0,0,0,0,0,1 0,0,0,90,64,52,32,34,17,19,10,9,13,1,7,7,3,11,1,6,0,2,0,5,0,0,1,0,0,1,0,1,1,0,0,2,0,2,2,1,0,0,0,2,1,1,0,0,0,0,0,0,0,1,0,0,0,0,0,0,0,0,0,0,0,0,0,0,0,0,0,0,0,0,0,0,0,0,0,0,0,0,0,0,0,1 0,0,0,12,7,9,5,4,3,3,3,3,1,0,4,2,1,4,1,1,0,1,0,1,0,0,0,0,0,0,0,0,1,0,0,1,0,1,1,1,0,0,0,2,1,0,0,0,0,0,0,0,0,1,0,0,0,0,0,0,0,0,0,0,0,0,0,0,0,0,0,0,0,0,0,0,0,0,0,0,0,0,0,0,0,1
/media/michal/Pauli/masterdata/processed/paramtest/iter100/annotated/rares/20140912/patrol_run_98/room_3/features/nonPlanes<pfhrgb_uniform_2015-05-21_11-32-58.pcd 0.880825 0.000972784 0.00231295 6 660,428,411,199,113,86 77,32,45,19,15,15 1,0,0,0,0,1 446622 934 4060 149 821 400 3310 89 731 445688,347,158,111,69,38,34,33,21,21,15,13,10,9,12,2,4,8,3,3,2,2,3,1,3,1,0,0,0,1,0,2,0,1,0,1,0,0,1,0,1,0,0,0,0,1,0,0,0,0,1,0,0,0,0,0,0,0,0,0,0,0,0,0,0,0,0,0,1,0,0,0,0,0,0,0,0,0,0,0,0,0,0,0,0,0,0,0,0,0,0,0,0,0,0,0,0,0,0,1 0,34,22,21,12,10,5,8,5,9,4,5,2,1,1,1,0,2,1,1,0,1,1,0,1,0,0,0,0,0,0,1,0,0,0,0,0,0,0,0,0,0,0,0,0,1,0,0,0,0,0,0,0,0,0,0,0,0,0,0,0,0,0,0,0,0,0,0,0,0,0,0,0,0,0,0,0,0,0,0,0,0,0,0,0,0,0,0,0,0,0,0,0,0,0,0,0,0,0,0 0,0,0,82,69,38,34,33,21,21,15,13,10,9,12,2,4,8,3,3,2,2,3,1,3,1,0,0,0,1,0,2,0,1,0,1,0,0,1,0,1,0,0,0,0,1,0,0,0,0,1,0,0,0,0,0,0,0,0,0,0,0,0,0,0,0,0,0,1,0,0,0,0,0,0,0,0,0,0,0,0,0,0,0,0,0,0,0,0,0,0,0,0,0,0,0,0,0,0,1 0,0,0,17,12,10,5,8,5,9,4,5,2,1,1,1,0,2,1,1,0,1,1,0,1,0,0,0,0,0,0,1,0,0,0,0,0,0,0,0,0,0,0,0,0,1,0,0,0,0,0,0,0,0,0,0,0,0,0,0,0,0,0,0,0,0,0,0,0,0,0,0,0,0,0,0,0,0,0,0,0,0,0,0,0,0,0,0,0,0,0,0,0,0,0,0,0,0,0,0
/media/michal/Pauli/masterdata/processed/paramtest/iter100/annotated/rares/20140921/patrol_run_110/room_2/features/nonPlanes<pfhrgb_uniform_2015-05-21_11-35-18.pcd 0.574175 0.00116307 0.00197073 12 483,275,254,219,159,148,145,136,131,108,107,46 49,17,25,18,19,15,27,17,24,17,13,12 0,0,0,0,0,0,0,0,0,0,0,0 411840 1036 4060 12 18 400 3253 2 6 410804,469,163,106,59,38,34,33,15,18,10,10,11,11,9,4,7,4,3,3,3,1,2,1,1,0,1,2,5,4,0,1,1,1,1,1,0,0,0,0,1,0,1,1,1 0,8,2,2,0,0,0,0,0,0,0,0,0,0,0,0,0,0,0,0,0,0,0,0,0,0,0,0,0,0,0,0,0,0,0,0,0,0,0,0,0,0,0,0,0 0,0,0,102,59,38,34,33,15,18,10,10,11,11,9,4,7,4,3,3,3,1,2,1,1,0,1,2,5,4,0,1,1,1,1,1,0,0,0,0,1,0,1,1,1 0,0,0,2,0,0,0,0,0,0,0,0,0,0,0,0,0,0,0,0,0,0,0,0,0,0,0,0,0,0,0,0,0,0,0,0,0,0,0,0,0,0,0,0,0
/media/michal/Pauli/masterdata/processed/paramtest/iter100/annotated/rares/20140921/patrol_run_112/room_2/features/nonPlanes<pfhrgb_uniform_2015-05-21_11-36-47.pcd 0.966191 0.000858051 0.00191657 4 749,400,174,82 63,45,23,19 1,0,0,0 419265 871 4060 83 748 400 3389 57 709 418394,284,174,103,51,49,32,32,23,17,19,7,10,13,10,7,5,3,2,3,2,1,4,2,1,2,0,1,0,0,1,0,1,1,0,3,1,0,1,0,1,0,0,0,2,0,0,0,0,1,0,0,0,0,0,0,0,0,0,0,0,0,0,0,0,1,0,0,0,0,0,0,0,0,0,0,0,0,0,0,1 0,14,11,6,7,4,5,7,4,2,4,1,3,0,1,1,1,2,0,0,1,0,0,0,0,1,0,1,0,0,0,0,0,1,0,1,1,0,1,0,0,0,0,0,2,0,0,0,0,1,0,0,0,0,0,0,0,0,0,0,0,0,0,0,0,0,0,0,0,0,0,0,0,0,0,0,0,0,0,0,0 0,0,0,90,51,49,32,32,23,17,19,7,10,13,10,7,5,3,2,3,2,1,4,2,1,2,0,1,0,0,1,0,1,1,0,3,1,0,1,0,1,0,0,0,2,0,0,0,0,1,0,0,0,0,0,0,0,0,0,0,0,0,0,0,0,1,0,0,0,0,0,0,0,0,0,0,0,0,0,0,1 0,0,0,5,7,4,5,7,4,2,4,1,3,0,1,1,1,2,0,0,1,0,0,0,0,1,0,1,0,0,0,0,0,1,0,1,1,0,1,0,0,0,0,0,2,0,0,0,0,1,0,0,0,0,0,0,0,0,0,0,0,0,0,0,0,0,0,0,0,0,0,0,0,0,0,0,0,0,0,0,0
/media/michal/Pauli/masterdata/processed/paramtest/iter100/annotated/rares/20140921/patrol_run_114/room_1/features/nonPlanes<pfhrgb_uniform_2015-05-21_11-38-22.pcd 0.931297 0.000834888 0.00187044 9 488,408,395,360,230,163,138,102,49 46,37,13,31,42,21,19,14,12 0,0,0,1,0,0,0,0,0 421476 874 4060 67 590 400 3423 39 556 420602,315,155,94,70,46,31,30,22,14,10,11,9,11,5,4,4,5,5,2,2,3,3,2,1,1,2,0,0,0,2,1,3,1,0,2,0,0,0,0,1,0,0,0,0,1,1,1,0,0,0,0,0,0,0,0,1,0,0,0,0,0,0,0,0,0,0,0,0,0,0,0,0,1,0,1,0,0,1 0,22,6,4,4,6,5,2,0,1,1,1,0,1,0,0,0,1,0,2,1,0,1,2,1,1,1,0,0,0,0,0,1,0,0,0,0,0,0,0,1,0,0,0,0,0,1,0,0,0,0,0,0,0,0,0,0,0,0,0,0,0,0,0,0,0,0,0,0,0,0,0,0,0,0,1,0,0,0 0,0,0,90,70,46,31,30,22,14,10,11,9,11,5,4,4,5,5,2,2,3,3,2,1,1,2,0,0,0,2,1,3,1,0,2,0,0,0,0,1,0,0,0,0,1,1,1,0,0,0,0,0,0,0,0,1,0,0,0,0,0,0,0,0,0,0,0,0,0,0,0,0,1,0,1,0,0,1 0,0,0,4,4,6,5,2,0,1,1,1,0,1,0,0,0,1,0,2,1,0,1,2,1,1,1,0,0,0,0,0,1,0,0,0,0,0,0,0,1,0,0,0,0,0,1,0,0,0,0,0,0,0,0,0,0,0,0,0,0,0,0,0,0,0,0,0,0,0,0,0,0,0,0,1,0,0,0
/media/michal/Pauli/masterdata/processed/paramtest/iter100/annotated/rares/20140922/patrol_run_116/room_2/features/nonPlanes<pfhrgb_uniform_2015-05-21_11-40-03.pcd 0.723026 0.000851252 0.00212199 6 713,504,396,156,118,89 69,43,55,25,18,13 1,0,0,0,0,0 424116 976 4060 102 769 400 3279 70 720 423140,384,179,113,42,36,35,32,31,10,18,16,10,7,4,8,5,7,4,6,4,3,4,1,7,1,2,1,1,0,0,2,0,0,0,0,1,0,0,1,1 0,15,17,6,8,8,6,4,4,2,5,5,3,1,0,4,0,2,2,2,0,1,1,1,3,1,0,0,0,0,0,1,0,0,0,0,0,0,0,0,0 0,0,0,100,42,36,35,32,31,10,18,16,10,7,4,8,5,7,4,6,4,3,4,1,7,1,2,1,1,0,0,2,0,0,0,0,1,0,0,1,1 0,0,0,6,8,8,6,4,4,2,5,5,3,1,0,4,0,2,2,2,0,1,1,1,3,1,0,0,0,0,0,1,0,0,0,0,0,0,0,0,0
/media/michal/Pauli/masterdata/processed/paramtest/iter100/annotated/rares/20140922/patrol_run_118/room_2/features/nonPlanes<pfhrgb_uniform_2015-05-21_11-41-56.pcd 0.842727 0.000930588 0.00194026 8 664,448,420,198,192,109,101,96 78,41,43,18,21,13,18,13 1,0,0,0,0,0,0,0 451044 933 4060 137 753 400 3301 78 664 450111,345,150,93,72,36,52,36,28,17,12,13,13,7,13,3,7,5,1,2,4,3,3,4,2,3,0,0,1,0,2,0,0,1,0,1,0,1,0,1,1,1 0,37,14,21,11,7,10,6,4,6,3,2,2,2,3,1,0,0,0,1,0,2,0,2,0,1,0,0,0,0,1,0,0,0,0,0,0,1,0,0,0,0 0,0,0,55,72,36,52,36,28,17,12,13,13,7,13,3,7,5,1,2,4,3,3,4,2,3,0,0,1,0,2,0,0,1,0,1,0,1,0,1,1,1 0,0,0,13,11,7,10,6,4,6,3,2,2,2,3,1,0,0,0,1,0,2,0,2,0,1,0,0,0,0,1,0,0,0,0,0,0,1,0,0,0,0
/media/michal/Pauli/masterdata/processed/paramtest/iter100/annotated/rares/20140922/patrol_run_120/room_1/features/nonPlanes<pfhrgb_uniform_2015-05-21_11-45-39.pcd 0.930257 0.00108482 0.00337176 7 1448,365,208,199,168,86,77 138,16,35,24,18,12,12 0,0,0,0,0,0,0 478401 878 4060 91 493 400 3438 52 438 477523,334,153,89,55,47,36,37,13,14,13,12,6,5,6,5,3,8,3,2,1,4,5,3,2,0,1,2,1,2,1,2,0,2,1,1,0,2,1,0,0,0,0,0,0,1,0,0,1,0,0,1,1,0,0,1,0,0,0,0,0,0,0,0,0,0,0,0,0,0,0,0,1 0,23,16,8,7,9,6,3,2,3,1,6,0,0,1,2,0,0,0,0,0,1,0,1,0,0,1,0,0,0,0,0,0,0,0,0,0,0,0,0,0,0,0,0,0,0,0,0,0,0,0,1,0,0,0,0,0,0,0,0,0,0,0,0,0,0,0,0,0,0,0,0,0 0,0,9,89,55,47,36,37,13,14,13,12,6,5,6,5,3,8,3,2,1,4,5,3,2,0,1,2,1,2,1,2,0,2,1,1,0,2,1,0,0,0,0,0,0,1,0,0,1,0,0,1,1,0,0,1,0,0,0,0,0,0,0,0,0,0,0,0,0,0,0,0,1 0,0,0,8,7,9,6,3,2,3,1,6,0,0,1,2,0,0,0,0,0,1,0,1,0,0,1,0,0,0,0,0,0,0,0,0,0,0,0,0,0,0,0,0,0,0,0,0,0,0,0,1,0,0,0,0,0,0,0,0,0,0,0,0,0,0,0,0,0,0,0,0,0
/media/michal/Pauli/masterdata/processed/paramtest/iter100/annotated/rares/20140922/patrol_run_124/room_2/features/nonPlanes<pfhrgb_uniform_2015-05-21_11-49-47.pcd 0.963108 0.00093699 0.00194602 10 522,505,496,121,112,104,86,81,80,78 63,23,45,13,16,17,15,12,14,17 1,0,0,0,0,0,0,0,0,0 483516 986 4060 99 547 400 3301 54 491 482530,413,184,77,75,35,32,25,17,21,17,12,8,9,6,11,3,5,5,5,2,4,3,3,0,2,2,0,1,1,0,0,0,0,1,0,1,1,0,0,0,0,0,0,1,1,0,1,0,0,0,0,0,0,0,0,0,0,0,0,0,0,0,0,0,0,0,0,1,0,1 0,34,13,10,5,3,4,1,2,3,7,4,0,3,2,2,0,1,0,1,0,1,0,2,0,0,0,0,0,0,0,0,0,0,1,0,0,0,0,0,0,0,0,0,0,0,0,0,0,0,0,0,0,0,0,0,0,0,0,0,0,0,0,0,0,0,0,0,0,0,0 0,0,11,77,75,35,32,25,17,21,17,12,8,9,6,11,3,5,5,5,2,4,3,3,0,2,2,0,1,1,0,0,0,0,1,0,1,1,0,0,0,0,0,0,1,1,0,1,0,0,0,0,0,0,0,0,0,0,0,0,0,0,0,0,0,0,0,0,1,0,1 0,0,2,10,5,3,4,1,2,3,7,4,0,3,2,2,0,1,0,1,0,1,0,2,0,0,0,0,0,0,0,0,0,0,1,0,0,0,0,0,0,0,0,0,0,0,0,0,0,0,0,0,0,0,0,0,0,0,0,0,0,0,0,0,0,0,0,0,0,0,0
/media/michal/Pauli/masterdata/processed/paramtest/iter100/annotated/rares/20140922/patrol_run_126/room_2/features/nonPlanes<pfhrgb_uniform_2015-05-21_11-52-22.pcd 0.689839 0.000895018 0.00218751 8 665,439,342,266,142,123,103,96 77,33,20,40,21,20,13,21 1,0,0,0,0,0,0,0 455499 917 4060 145 763 400 3381 79 673 454582,355,164,106,49,42,39,40,12,11,10,9,12,7,7,8,8,1,3,2,4,2,3,3,2,0,1,1,2,0,1,0,0,1,2,2,0,0,1,0,0,0,0,0,0,1,0,0,0,1,0,0,0,0,1,0,0,1,1,0,1,0,0,0,0,0,0,0,0,0,0,0,0,0,0,0,0,0,0,1 0,42,24,21,7,11,8,5,5,2,1,3,4,0,1,1,3,0,0,1,0,0,2,0,1,0,0,0,1,0,0,0,0,0,0,0,0,0,0,0,0,0,0,0,0,0,0,0,0,1,0,0,0,0,1,0,0,0,0,0,0,0,0,0,0,0,0,0,0,0,0,0,0,0,0,0,0,0,0,0 0,0,2,106,49,42,39,40,12,11,10,9,12,7,7,8,8,1,3,2,4,2,3,3,2,0,1,1,2,0,1,0,0,1,2,2,0,0,1,0,0,0,0,0,0,1,0,0,0,1,0,0,0,0,1,0,0,1,1,0,1,0,0,0,0,0,0,0,0,0,0,0,0,0,0,0,0,0,0,1 0,0,0,21,7,11,8,5,5,2,1,3,4,0,1,1,3,0,0,1,0,0,2,0,1,0,0,0,1,0,0,0,0,0,0,0,0,0,0,0,0,0,0,0,0,0,0,0,0,1,0,0,0,0,1,0,0,0,0,0,0,0,0,0,0,0,0,0,0,0,0,0,0,0,0,0,0,0,0,0
/media/michal/Pauli/masterdata/processed/paramtest/iter100/annotated/rares/20140922/patrol_run_128/room_2/features/nonPlanes<pfhrgb_uniform_2015-05-21_11-54-34.pcd 0.716108 0.00103197 0.00267851 7 639,503,230,192,152,118,94 54,58,35,25,26,14,13 0,1,0,0,0,0,0 454410 982 4060 128 607 400 3220 62 514 453428,367,172,122,72,51,34,39,24,15,11,13,8,9,5,4,3,1,2,0,0,1,3,3,1,2,3,1,2,1,0,2,0,0,2,0,0,1,1,0,1,2,1,1,0,0,0,0,1,0,0,0,0,0,0,0,0,0,0,1 0,43,19,16,11,7,3,5,7,1,3,3,0,0,1,2,0,0,1,0,0,0,0,1,0,1,2,0,2,0,0,0,0,0,0,0,0,0,0,0,0,0,0,0,0,0,0,0,0,0,0,0,0,0,0,0,0,0,0,0 0,0,0,79,72,51,34,39,24,15,11,13,8,9,5,4,3,1,2,0,0,1,3,3,1,2,3,1,2,1,0,2,0,0,2,0,0,1,1,0,1,2,1,1,0,0,0,0,1,0,0,0,0,0,0,0,0,0,0,1 0,0,0,12,11,7,3,5,7,1,3,3,0,0,1,2,0,0,1,0,0,0,0,1,0,1,2,0,2,0,0,0,0,0,0,0,0,0,0,0,0,0,0,0,0,0,0,0,0,0,0,0,0,0,0,0,0,0,0,0
/media/michal/Pauli/masterdata/processed/paramtest/iter100/annotated/rares/20140922/patrol_run_130/room_2/features/nonPlanes<pfhrgb_uniform_2015-05-21_11-56-24.pcd 0.716425 0.000962273 0.00250241 10 985,482,159,142,131,127,112,110,67,66 82,35,33,16,24,12,17,17,13,13 1,0,0,0,0,0,0,0,0,0 443289 876 4060 149 1125 400 3406 92 1044 442413,298,180,97,58,33,37,34,13,13,10,11,19,13,2,7,5,3,6,5,2,3,3,2,2,0,1,2,0,2,1,0,3,2,0,1,0,3,1,0,0,0,3,0,0,1 0,33,24,19,7,5,5,8,4,3,2,4,7,4,1,3,1,1,1,4,1,0,2,1,1,0,0,1,0,0,0,0,2,0,0,1,0,1,0,0,0,0,2,0,0,1 0,0,2,97,58,33,37,34,13,13,10,11,19,13,2,7,5,3,6,5,2,3,3,2,2,0,1,2,0,2,1,0,3,2,0,1,0,3,1,0,0,0,3,0,0,1 0,0,0,19,7,5,5,8,4,3,2,4,7,4,1,3,1,1,1,4,1,0,2,1,1,0,0,1,0,0,0,0,2,0,0,1,0,1,0,0,0,0,2,0,0,1
/media/michal/Pauli/masterdata/processed/paramtest/iter100/annotated/rares/20140922/patrol_run_132/room_1/features/nonPlanes<pfhrgb_uniform_2015-05-21_11-59-20.pcd 0.853521 0.000750647 0.00173283 7 949,292,186,183,171,154,104 58,45,27,20,32,19,14 0,0,0,0,0,1,0 454740 817 4060 21 150 400 3517 17 144 453923,291,162,80,55,40,37,31,13,17,5,8,7,8,5,7,3,0,3,2,4,4,3,1,5,2,1,1,2,0,3,1,0,2,1,1,0,0,1,0,0,1,0,0,0,2,0,0,1,0,0,0,1,0,0,1,1,0,0,0,0,0,1,0,0,0,0,1,0,0,0,0,1,0,0,0,0,0,0,1 0,2,2,2,3,4,2,0,2,0,1,1,0,0,0,0,0,0,0,0,0,0,0,0,1,0,0,0,0,0,0,0,0,1,0,0,0,0,0,0,0,0,0,0,0,0,0,0,0,0,0,0,0,0,0,0,0,0,0,0,0,0,0,0,0,0,0,0,0,0,0,0,0,0,0,0,0,0,0,0 0,0,36,80,55,40,37,31,13,17,5,8,7,8,5,7,3,0,3,2,4,4,3,1,5,2,1,1,2,0,3,1,0,2,1,1,0,0,1,0,0,1,0,0,0,2,0,0,1,0,0,0,1,0,0,1,1,0,0,0,0,0,1,0,0,0,0,1,0,0,0,0,1,0,0,0,0,0,0,1 0,0,0,2,3,4,2,0,2,0,1,1,0,0,0,0,0,0,0,0,0,0,0,0,1,0,0,0,0,0,0,0,0,1,0,0,0,0,0,0,0,0,0,0,0,0,0,0,0,0,0,0,0,0,0,0,0,0,0,0,0,0,0,0,0,0,0,0,0,0,0,0,0,0,0,0,0,0,0,0
/media/michal/Pauli/masterdata/processed/paramtest/iter100/annotated/rares/20140922/patrol_run_134/room_2/features/nonPlanes<pfhrgb_uniform_2015-05-21_12-02-20.pcd 0.811517 0.000848973 0.0019181 8 870,697,201,171,155,72,61,51 52,82,25,30,14,13,12,12 1,0,0,0,0,0,0,0 411840 964 4060 87 940 400 3320 54 893 410876,388,186,99,66,37,31,27,18,19,10,7,9,7,8,5,11,6,2,3,1,0,1,1,2,3,3,1,1,1,0,1,0,0,0,1,0,0,0,0,0,0,0,1,1,0,0,0,0,0,0,1,0,0,1,0,1,0,0,0,1,0,0,1,0,0,0,1,0,0,0,0,0,0,0,0,1 0,19,14,12,6,4,2,3,3,1,0,0,1,1,1,2,4,0,1,1,0,0,1,1,0,0,1,0,0,0,0,0,0,0,0,1,0,0,0,0,0,0,0,0,1,0,0,0,0,0,0,1,0,0,1,0,1,0,0,0,1,0,0,1,0,0,0,1,0,0,0,0,0,0,0,0,1 0,0,10,99,66,37,31,27,18,19,10,7,9,7,8,5,11,6,2,3,1,0,1,1,2,3,3,1,1,1,0,1,0,0,0,1,0,0,0,0,0,0,0,1,1,0,0,0,0,0,0,1,0,0,1,0,1,0,0,0,1,0,0,1,0,0,0,1,0,0,0,0,0,0,0,0,1 0,0,0,12,6,4,2,3,3,1,0,0,1,1,1,2,4,0,1,1,0,0,1,1,0,0,1,0,0,0,0,0,0,0,0,1,0,0,0,0,0,0,0,0,1,0,0,0,0,0,0,1,0,0,1,0,1,0,0,0,1,0,0,1,0,0,0,1,0,0,0,0,0,0,0,0,1
/media/michal/Pauli/masterdata/processed/paramtest/iter100/annotated/rares/20140922/patrol_run_138/room_2/features/nonPlanes<pfhrgb_uniform_2015-05-21_12-06-08.pcd 0.948743 0.000842171 0.00166767 8 464,399,263,149,149,140,131,91 42,16,37,24,20,13,20,12 1,0,0,0,0,0,0,0 443223 870 4060 81 557 400 3413 45 505 442353,312,139,100,73,44,27,39,24,18,6,8,12,7,5,5,6,4,5,2,5,3,1,1,1,2,1,2,0,1,2,2,1,2,0,0,0,2,0,0,0,3,0,1,1,0,1,0,0,0,1,0,0,0,0,0,0,0,1 0,22,12,13,8,5,0,2,1,1,1,2,0,0,1,1,0,0,3,0,1,2,1,0,0,0,0,1,0,1,1,0,0,0,0,0,0,0,0,0,0,1,0,0,0,0,0,0,0,0,0,0,0,0,0,0,0,0,1 0,0,0,81,73,44,27,39,24,18,6,8,12,7,5,5,6,4,5,2,5,3,1,1,1,2,1,2,0,1,2,2,1,2,0,0,0,2,0,0,0,3,0,1,1,0,1,0,0,0,1,0,0,0,0,0,0,0,1 0,0,0,11,8,5,0,2,1,1,1,2,0,0,1,1,0,0,3,0,1,2,1,0,0,0,0,1,0,1,1,0,0,0,0,0,0,0,0,0,0,1,0,0,0,0,0,0,0,0,0,0,0,0,0,0,0,0,1
/media/michal/Pauli/masterdata/processed/paramtest/iter100/annotated/rares/20140923/patrol_run_139/room_2/features/nonPlanes<pfhrgb_uniform_2015-05-21_12-09-12.pcd 0.718486 0.00176672 0.00214467 6 1309,472,213,130,109,92 139,34,42,12,17,21 1,0,0,0,0,0 430782 882 4060 192 1338 400 3419 126 1247 429900,323,165,85,60,40,34,28,28,11,11,11,12,8,9,6,7,1,7,4,2,4,3,1,5,3,0,1,1,1,0,2,0,1,0,0,0,1,0,0,0,0,2,0,0,0,1,1,0,1,0,1,0,0,0,0,0,0,0,0,0,0,1 0,41,25,22,10,11,9,10,12,6,3,6,7,4,3,1,4,0,3,2,1,3,1,1,3,0,0,0,0,1,0,0,0,0,0,0,0,0,0,0,0,0,1,0,0,0,0,1,0,1,0,0,0,0,0,0,0,0,0,0,0,0,0 0,0,6,85,60,40,34,28,28,11,11,11,12,8,9,6,7,1,7,4,2,4,3,1,5,3,0,1,1,1,0,2,0,1,0,0,0,1,0,0,0,0,2,0,0,0,1,1,0,1,0,1,0,0,0,0,0,0,0,0,0,0,1 0,0,0,22,10,11,9,10,12,6,3,6,7,4,3,1,4,0,3,2,1,3,1,1,3,0,0,0,0,1,0,0,0,0,0,0,0,0,0,0,0,0,1,0,0,0,0,1,0,1,0,0,0,0,0,0,0,0,0,0,0,0,0
/media/michal/Pauli/masterdata/processed/paramtest/iter100/annotated/rares/20140923/patrol_run_141/room_2/features/nonPlanes<pfhrgb_uniform_2015-05-21_12-11-28.pcd 0.691371 0.00100276 0.00212063 8 1380,480,206,129,128,78,69,60 97,32,27,19,14,13,17,12 1,0,0,0,0,0,0,0 407286 800 4060 139 1476 400 3540 101 1426 406486,280,143,90,55,32,30,28,13,16,13,12,5,8,7,9,8,4,3,3,6,4,2,5,2,2,0,1,4,1,1,2,0,0,2,1,1,0,1,1,0,0,0,1,0,0,0,0,0,0,2,0,0,0,0,0,0,0,0,0,0,0,0,0,0,0,0,0,0,0,0,0,0,0,0,1,0,0,0,0,0,0,0,0,0,0,0,0,0,0,0,0,0,0,0,0,0,0,0,1 0,26,16,10,7,10,6,6,1,5,3,5,3,4,2,3,6,2,1,2,3,2,0,0,0,2,0,0,2,1,0,2,0,0,2,0,1,0,1,1,0,0,0,1,0,0,0,0,0,0,1,0,0,0,0,0,0,0,0,0,0,0,0,0,0,0,0,0,0,0,0,0,0,0,0,1,0,0,0,0,0,0,0,0,0,0,0,0,0,0,0,0,0,0,0,0,0,0,0,1 0,0,23,90,55,32,30,28,13,16,13,12,5,8,7,9,8,4,3,3,6,4,2,5,2,2,0,1,4,1,1,2,0,0,2,1,1,0,1,1,0,0,0,1,0,0,0,0,0,0,2,0,0,0,0,0,0,0,0,0,0,0,0,0,0,0,0,0,0,0,0,0,0,0,0,1,0,0,0,0,0,0,0,0,0,0,0,0,0,0,0,0,0,0,0,0,0,0,0,1 0,0,4,10,7,10,6,6,1,5,3,5,3,4,2,3,6,2,1,2,3,2,0,0,0,2,0,0,2,1,0,2,0,0,2,0,1,0,1,1,0,0,0,1,0,0,0,0,0,0,1,0,0,0,0,0,0,0,0,0,0,0,0,0,0,0,0,0,0,0,0,0,0,0,0,1,0,0,0,0,0,0,0,0,0,0,0,0,0,0,0,0,0,0,0,0,0,0,0,1
/media/michal/Pauli/masterdata/processed/paramtest/iter100/annotated/rares/20140923/patrol_run_144/room_2/features/nonPlanes<pfhrgb_uniform_2015-05-21_12-13-40.pcd 1.11949 0.00113649 0.00298827 7 669,561,369,186,129,89,84 49,31,46,18,17,17,18 1,0,0,1,0,0,0 438471 911 4060 123 906 400 3414 66 828 437560,376,147,99,61,40,24,31,16,12,7,12,13,4,6,4,6,9,5,2,2,4,6,3,3,1,0,1,1,1,1,0,2,0,1,1,2,0,0,1,1,0,1,0,0,1,1,0,0,0,0,0,0,0,0,1,1,1 0,36,23,14,6,7,1,3,3,0,1,3,1,0,1,3,3,3,1,1,0,2,0,0,2,0,0,0,0,0,1,0,2,0,0,0,2,0,0,1,1,0,1,0,0,1,0,0,0,0,0,0,0,0,0,0,0,0 0,0,12,99,61,40,24,31,16,12,7,12,13,4,6,4,6,9,5,2,2,4,6,3,3,1,0,1,1,1,1,0,2,0,1,1,2,0,0,1,1,0,1,0,0,1,1,0,0,0,0,0,0,0,0,1,1,1 0,0,2,14,6,7,1,3,3,0,1,3,1,0,1,3,3,3,1,1,0,2,0,0,2,0,0,0,0,0,1,0,2,0,0,0,2,0,0,1,1,0,1,0,0,1,0,0,0,0,0,0,0,0,0,0,0,0
/media/michal/Pauli/masterdata/processed/paramtest/iter100/annotated/rares/20140923/patrol_run_146/room_2/features/nonPlanes<pfhrgb_uniform_2015-05-21_12-16-03.pcd 0.718575 0.00101871 0.00195003 5 873,347,329,151,120 85,26,42,21,15 1,0,0,0,0 391248 966 4060 144 947 400 3262 82 860 390282,358,184,111,55,37,34,43,17,21,20,14,9,5,10,8,4,3,3,2,2,3,1,4,3,0,3,1,0,0,0,2,4,1,0,0,0,0,1,3 0,38,23,15,7,6,7,7,6,4,5,5,2,1,2,3,1,0,1,0,1,0,0,2,0,0,1,0,0,0,0,1,2,1,0,0,0,0,1,2 0,0,0,87,55,37,34,43,17,21,20,14,9,5,10,8,4,3,3,2,2,3,1,4,3,0,3,1,0,0,0,2,4,1,0,0,0,0,1,3 0,0,0,14,7,6,7,7,6,4,5,5,2,1,2,3,1,0,1,0,1,0,0,2,0,0,1,0,0,0,0,1,2,1,0,0,0,0,1,2
/media/michal/Pauli/masterdata/processed/paramtest/iter100/annotated/rares/20140923/patrol_run_148/room_2/features/nonPlanes<pfhrgb_uniform_2015-05-21_12-18-38.pcd 0.837853 0.00101704 0.00194204 8 506,505,451,234,198,181,100,85 60,43,44,35,20,14,15,14 1,0,0,0,0,0,0,0 444246 918 4060 99 572 400 3334 59 514 443328,329,170,90,65,48,27,46,19,17,12,15,12,12,9,7,3,3,9,4,3,1,3,0,1,3,0,0,1,0,0,1,0,1,0,1,0,0,0,0,0,0,0,0,1,1,2,0,0,0,0,0,0,0,0,0,0,0,0,0,0,0,1,1 0,23,16,8,8,8,3,8,4,2,2,1,3,0,3,1,1,1,2,3,0,0,1,0,0,1,0,0,0,0,0,0,0,0,0,0,0,0,0,0,0,0,0,0,0,0,0,0,0,0,0,0,0,0,0,0,0,0,0,0,0,0,0,0 0,0,0,71,65,48,27,46,19,17,12,15,12,12,9,7,3,3,9,4,3,1,3,0,1,3,0,0,1,0,0,1,0,1,0,1,0,0,0,0,0,0,0,0,1,1,2,0,0,0,0,0,0,0,0,0,0,0,0,0,0,0,1,1 0,0,0,7,8,8,3,8,4,2,2,1,3,0,3,1,1,1,2,3,0,0,1,0,0,1,0,0,0,0,0,0,0,0,0,0,0,0,0,0,0,0,0,0,0,0,0,0,0,0,0,0,0,0,0,0,0,0,0,0,0,0,0,0
/media/michal/Pauli/masterdata/processed/paramtest/iter100/annotated/rares/20140923/patrol_run_150/room_2/features/nonPlanes<pfhrgb_uniform_2015-05-21_12-20-44.pcd 0.786202 0.000862865 0.00172536 5 406,379,307,230,203 47,45,40,23,25 0,1,0,0,0 454740 944 4060 73 413 400 3285 45 377 453796,347,163,100,61,43,32,47,25,15,15,19,10,9,7,11,7,6,4,2,1,4,1,0,2,0,4,2,0,1,1,0,0,1,0,0,1,0,0,1,0,0,0,0,1,0,1 0,21,6,7,4,5,8,8,2,1,2,1,1,0,0,2,1,0,1,1,0,0,0,0,1,0,0,0,0,0,0,0,0,0,0,0,0,0,0,1,0,0,0,0,0,0,0 0,0,0,66,61,43,32,47,25,15,15,19,10,9,7,11,7,6,4,2,1,4,1,0,2,0,4,2,0,1,1,0,0,1,0,0,1,0,0,1,0,0,0,0,1,0,1 0,0,0,6,4,5,8,8,2,1,2,1,1,0,0,2,1,0,1,1,0,0,0,0,1,0,0,0,0,0,0,0,0,0,0,0,0,0,0,1,0,0,0,0,0,0,0
/media/michal/Pauli/masterdata/processed/paramtest/iter100/annotated/rares/20140924/patrol_run_152/room_2/features/nonPlanes<pfhrgb_uniform_2015-05-21_12-21-48.pcd 0.839523 0.000789251 0.00240763 7 523,469,283,211,129,113,91 35,67,39,18,19,16,15 0,1,0,0,0,0,0 384087 940 4060 93 402 400 3265 48 342 383147,321,183,119,60,41,43,37,24,14,10,10,8,5,12,5,5,7,5,2,3,1,5,2,3,0,2,2,2,2,2,1,0,1,0,0,1,0,0,0,1,0,0,0,0,0,0,0,0,0,0,0,0,0,0,0,0,0,0,0,0,0,0,0,0,0,1 0,32,11,12,6,4,9,5,2,1,3,1,0,3,1,0,1,0,1,0,0,0,0,0,0,0,1,0,0,0,0,0,0,0,0,0,0,0,0,0,0,0,0,0,0,0,0,0,0,0,0,0,0,0,0,0,0,0,0,0,0,0,0,0,0,0,0 0,0,0,83,60,41,43,37,24,14,10,10,8,5,12,5,5,7,5,2,3,1,5,2,3,0,2,2,2,2,2,1,0,1,0,0,1,0,0,0,1,0,0,0,0,0,0,0,0,0,0,0,0,0,0,0,0,0,0,0,0,0,0,0,0,0,1 0,0,0,10,6,4,9,5,2,1,3,1,0,3,1,0,1,0,1,0,0,0,0,0,0,0,1,0,0,0,0,0,0,0,0,0,0,0,0,0,0,0,0,0,0,0,0,0,0,0,0,0,0,0,0,0,0,0,0,0,0,0,0,0,0,0,0
/media/michal/Pauli/masterdata/processed/paramtest/iter100/annotated/rares/20140924/patrol_run_156/room_2/features/nonPlanes<pfhrgb_uniform_2015-05-21_12-23-30.pcd 0.827268 0.00112168 0.00270025 6 534,346,332,165,150,136 51,62,39,15,22,17 0,1,0,0,0,0 395010 1000 4060 86 330 400 3165 46 270 394010,363,179,121,64,46,43,40,27,26,15,12,8,7,5,5,4,10,5,1,3,3,2,2,0,0,0,2,2,1,1,0,0,0,0,0,0,0,1,0,0,0,1,0,0,0,0,0,0,0,0,0,0,0,0,0,0,0,0,0,0,0,0,0,0,0,0,0,0,0,0,0,0,0,0,0,0,0,0,0,0,0,0,1 0,23,14,15,6,7,3,7,4,1,2,2,1,1,0,0,0,0,0,0,0,0,0,0,0,0,0,0,0,0,0,0,0,0,0,0,0,0,0,0,0,0,0,0,0,0,0,0,0,0,0,0,0,0,0,0,0,0,0,0,0,0,0,0,0,0,0,0,0,0,0,0,0,0,0,0,0,0,0,0,0,0,0,0 0,0,0,63,64,46,43,40,27,26,15,12,8,7,5,5,4,10,5,1,3,3,2,2,0,0,0,2,2,1,1,0,0,0,0,0,0,0,1,0,0,0,1,0,0,0,0,0,0,0,0,0,0,0,0,0,0,0,0,0,0,0,0,0,0,0,0,0,0,0,0,0,0,0,0,0,0,0,0,0,0,0,0,1 0,0,0,12,6,7,3,7,4,1,2,2,1,1,0,0,0,0,0,0,0,0,0,0,0,0,0,0,0,0,0,0,0,0,0,0,0,0,0,0,0,0,0,0,0,0,0,0,0,0,0,0,0,0,0,0,0,0,0,0,0,0,0,0,0,0,0,0,0,0,0,0,0,0,0,0,0,0,0,0,0,0,0,0
/media/michal/Pauli/masterdata/processed/paramtest/iter100/annotated/rares/20140924/patrol_run_158/room_1/features/nonPlanes<pfhrgb_uniform_2015-05-21_12-24-27.pcd 0.880702 0.00107997 0.00185984 8 614,311,279,141,140,126,92,79 55,44,47,18,15,12,14,13 0,0,1,0,0,0,0,0 438471 997 4060 72 298 400 3166 42 252 437474,353,191,114,72,54,41,43,24,15,12,13,9,8,8,5,4,1,3,5,1,3,0,7,2,1,0,1,1,0,0,0,1,0,1,0,0,2,0,0,0,0,0,0,0,0,0,0,0,0,0,0,0,0,0,0,0,1,0,0,0,0,0,0,0,0,0,0,0,0,0,0,0,0,0,0,0,0,0,0,0,0,0,0,0,0,0,0,0,0,1 0,17,10,12,6,6,7,6,3,1,0,3,0,0,0,0,0,0,0,0,0,1,0,0,0,0,0,0,0,0,0,0,0,0,0,0,0,0,0,0,0,0,0,0,0,0,0,0,0,0,0,0,0,0,0,0,0,0,0,0,0,0,0,0,0,0,0,0,0,0,0,0,0,0,0,0,0,0,0,0,0,0,0,0,0,0,0,0,0,0,0 0,0,0,61,72,54,41,43,24,15,12,13,9,8,8,5,4,1,3,5,1,3,0,7,2,1,0,1,1,0,0,0,1,0,1,0,0,2,0,0,0,0,0,0,0,0,0,0,0,0,0,0,0,0,0,0,0,1,0,0,0,0,0,0,0,0,0,0,0,0,0,0,0,0,0,0,0,0,0,0,0,0,0,0,0,0,0,0,0,0,1 0,0,0,9,6,6,7,6,3,1,0,3,0,0,0,0,0,0,0,0,0,1,0,0,0,0,0,0,0,0,0,0,0,0,0,0,0,0,0,0,0,0,0,0,0,0,0,0,0,0,0,0,0,0,0,0,0,0,0,0,0,0,0,0,0,0,0,0,0,0,0,0,0,0,0,0,0,0,0,0,0,0,0,0,0,0,0,0,0,0,0
/media/michal/Pauli/masterdata/processed/paramtest/iter100/annotated/rares/20140924/patrol_run_162/room_2/features/nonPlanes<pfhrgb_uniform_2015-05-21_12-25-56.pcd 0.904511 0.000833541 0.00198442 6 748,541,261,174,154,73 62,53,34,23,19,12 1,0,0,0,0,0 435600 892 4060 70 713 400 3400 54 691 434708,329,158,96,53,41,35,43,11,10,12,14,5,5,9,8,11,8,10,3,4,4,3,3,0,3,4,1,1,0,2,1,0,0,0,0,1,1,0,0,0,1,0,0,1,1 0,11,4,9,3,4,4,3,2,0,2,1,1,2,2,3,3,3,1,1,0,1,1,1,0,3,2,1,0,0,0,1,0,0,0,0,0,0,0,0,0,0,0,0,0,1 0,0,0,91,53,41,35,43,11,10,12,14,5,5,9,8,11,8,10,3,4,4,3,3,0,3,4,1,1,0,2,1,0,0,0,0,1,1,0,0,0,1,0,0,1,1 0,0,0,8,3,4,4,3,2,0,2,1,1,2,2,3,3,3,1,1,0,1,1,1,0,3,2,1,0,0,0,1,0,0,0,0,0,0,0,0,0,0,0,0,0,1
/media/michal/Pauli/masterdata/processed/paramtest/iter100/annotated/rares/20140924/patrol_run_164/room_1/features/nonPlanes<pfhrgb_uniform_2015-05-21_12-27-00.pcd 0.809934 0.00082085 0.00183019 9 605,380,324,309,168,143,117,72,67 45,38,30,19,23,17,17,15,14 1,0,0,0,0,0,0,0,0 425568 851 4060 60 606 400 3456 41 578 424717,299,151,101,57,41,24,30,16,17,14,11,8,13,8,8,6,5,6,1,2,4,6,3,2,3,3,1,0,1,0,1,1,0,1,1,0,0,0,0,0,0,1,1,0,1,0,0,0,0,0,1,0,0,0,0,0,0,1,0,0,0,0,0,0,0,0,0,0,1 0,10,9,9,4,4,4,1,1,1,1,3,1,0,0,0,0,0,0,0,0,1,1,0,1,1,2,0,0,0,0,1,1,0,0,1,0,0,0,0,0,0,0,1,0,0,0,0,0,0,0,0,0,0,0,0,0,0,1,0,0,0,0,0,0,0,0,0,0,1 0,0,0,100,57,41,24,30,16,17,14,11,8,13,8,8,6,5,6,1,2,4,6,3,2,3,3,1,0,1,0,1,1,0,1,1,0,0,0,0,0,0,1,1,0,1,0,0,0,0,0,1,0,0,0,0,0,0,1,0,0,0,0,0,0,0,0,0,0,1 0,0,0,9,4,4,4,1,1,1,1,3,1,0,0,0,0,0,0,0,0,1,1,0,1,1,2,0,0,0,0,1,1,0,0,1,0,0,0,0,0,0,0,1,0,0,0,0,0,0,0,0,0,0,0,0,0,0,1,0,0,0,0,0,0,0,0,0,0,1
/media/michal/Pauli/masterdata/processed/paramtest/iter100/annotated/rares/20140924/patrol_run_166/room_2/features/nonPlanes<pfhrgb_uniform_2015-05-21_12-27-59.pcd 0.911763 0.000887941 0.00184802 6 654,585,244,112,81,74 57,52,34,15,15,14 1,0,0,0,0,0 411642 980 4060 49 557 400 3267 33 532 410662,387,173,102,56,52,43,34,28,14,16,5,11,3,7,5,5,4,4,2,4,2,2,3,2,1,2,1,0,1,1,0,0,2,1,0,1,0,0,1,0,1,1,1,0,0,0,0,0,0,0,0,0,0,0,0,0,0,0,1,0,0,0,0,0,0,0,0,1 0,8,7,2,2,3,2,3,1,1,3,0,2,0,0,0,0,3,0,0,0,0,1,3,1,0,2,1,0,0,0,0,0,0,1,0,0,0,0,1,0,1,0,1,0,0,0,0,0,0,0,0,0,0,0,0,0,0,0,0,0,0,0,0,0,0,0,0,0 0,0,0,82,56,52,43,34,28,14,16,5,11,3,7,5,5,4,4,2,4,2,2,3,2,1,2,1,0,1,1,0,0,2,1,0,1,0,0,1,0,1,1,1,0,0,0,0,0,0,0,0,0,0,0,0,0,0,0,1,0,0,0,0,0,0,0,0,1 0,0,0,1,2,3,2,3,1,1,3,0,2,0,0,0,0,3,0,0,0,0,1,3,1,0,2,1,0,0,0,0,0,0,1,0,0,0,0,1,0,1,0,1,0,0,0,0,0,0,0,0,0,0,0,0,0,0,0,0,0,0,0,0,0,0,0,0,0
