obj_search:
  camera_z: 1.7
  ceiling_z: 2.27
  floor_z: 0
  object_query: {K: 5}
  processed_data_dir: /home/michal/Downloads/pcddata/processed/
  raw_data_dir: /media/michal/Pauli/masterdata/raw/
object_query: {K: 5, cluster_maxsize: 500, cluster_minsize: 12, cluster_tolerance: 0.2,
  clusters_to_results: true, extract_mult: 1.3, match: nonPlanes<shotcolor_iss, n_max_points: 200,
  output_dir: 'NULL', query_features: '/home/michal/Downloads/pcddata/processed/query/queryobjects/0,01/pillow/features/rgb_0003_label_pillow<shotcolor_iss_2015-05-26_14-58-44.pcd',
  results_out: '/home/michal/Downloads/pcddata/processed/query/k5_mx200_t0,2/dt0,02_mp8000_pp0,001',
  subdirs: 4, target_features: '/home/michal/Downloads/pcddata/processed/paramtest/dt0,02_mp8000_pp0,001',
  x_step_hough: 0.05, y_step_hough: 0.05, z_step_hough: 0.05}
rosdistro: 'indigo

  '
roslaunch:
  uris: {host_tycho__54556: 'http://tycho:54556/'}
rosversion: '1.11.10

  '
run_id: 7bbc3e88-07c7-11e5-89fa-3c970e77227e
BEGIN_DATA
# fname t_query t_hough t_cluster cluster_n cluster_scores cluster_points cluster_inobb n_hough_tot nonzero_hough hough_votes boxpts boxvotes maxpts maxvotes maxboxpts maxboxvotes hough_hist box_hist max_hist boxmax_hist
/home/michal/Downloads/pcddata/processed/paramtest/dt0,02_mp8000_pp0,001/annotated/rares/20140820/patrol_run_2/room_1/features/nonPlanes<shotcolor_iss_2015-05-22_01-49-45.pcd 2.70208 0.00142745 0.000875667 3 126,107,22 18,35,12 -1 386100 131 385 -1 -1 131 385 -1 -1 385969,87,14,2,7,2,5,2,3,0,1,0,1,1,0,0,0,1,1,2,0,0,1,0,0,0,0,0,1 -1 0,87,14,2,7,2,5,2,3,0,1,0,1,1,0,0,0,1,1,2,0,0,1,0,0,0,0,0,1 -1
/home/michal/Downloads/pcddata/processed/paramtest/dt0,02_mp8000_pp0,001/annotated/rares/20140820/patrol_run_4/room_0/features/nonPlanes<shotcolor_iss_2015-05-22_01-49-47.pcd 3.33435 0.000805018 0.000793591 1 14 12 -1 413127 132 385 -1 -1 132 385 -1 -1 412995,85,17,10,4,4,1,1,1,0,0,1,1,0,0,1,1,0,0,0,1,1,0,1,0,0,0,0,0,1,0,0,1 -1 0,85,17,10,4,4,1,1,1,0,0,1,1,0,0,1,1,0,0,0,1,1,0,1,0,0,0,0,0,1,0,0,1 -1
/home/michal/Downloads/pcddata/processed/paramtest/dt0,02_mp8000_pp0,001/annotated/rares/20140828/patrol_run_19/room_3/features/nonPlanes<shotcolor_iss_2015-05-22_01-49-48.pcd 2.06395 0.000443405 0.000728554 4 144,56,51,23 22,15,19,14 -1 400554 156 385 -1 -1 156 385 -1 -1 400398,97,26,12,1,5,4,2,0,0,3,1,1,1,0,1,0,0,0,0,0,0,1,0,0,0,0,0,0,0,1 -1 0,97,26,12,1,5,4,2,0,0,3,1,1,1,0,1,0,0,0,0,0,0,1,0,0,0,0,0,0,0,1 -1
/home/michal/Downloads/pcddata/processed/paramtest/dt0,02_mp8000_pp0,001/annotated/rares/20140829/patrol_run_20/room_3/features/nonPlanes<shotcolor_iss_2015-05-22_01-49-50.pcd 2.44295 0.000456691 0.000378365 4 149,76,27,17 16,12,22,16 -1 394284 137 385 -1 -1 137 385 -1 -1 394147,98,21,4,0,2,1,1,1,1,0,0,1,0,0,0,0,0,1,1,1,0,1,1,0,0,0,0,0,0,0,0,0,0,1,0,0,0,0,0,0,0,0,0,0,1 -1 0,98,21,4,0,2,1,1,1,1,0,0,1,0,0,0,0,0,1,1,1,0,1,1,0,0,0,0,0,0,0,0,0,0,1,0,0,0,0,0,0,0,0,0,0,1 -1
/home/michal/Downloads/pcddata/processed/paramtest/dt0,02_mp8000_pp0,001/annotated/rares/20140829/patrol_run_26/room_2/features/nonPlanes<shotcolor_iss_2015-05-22_01-49-52.pcd 2.1417 0.000487865 0.000573674 4 123,119,31,18 35,23,16,14 0,1,0,0 393822 152 385 23 119 152 385 23 119 393670,93,22,12,8,2,2,4,1,1,1,0,1,0,3,0,0,1,0,0,0,0,0,0,0,0,0,0,0,0,0,0,1 0,8,2,4,3,0,0,2,1,0,0,0,1,0,0,0,0,1,0,0,0,0,0,0,0,0,0,0,0,0,0,0,1 0,93,22,12,8,2,2,4,1,1,1,0,1,0,3,0,0,1,0,0,0,0,0,0,0,0,0,0,0,0,0,0,1 0,8,2,4,3,0,0,2,1,0,0,0,1,0,0,0,0,1,0,0,0,0,0,0,0,0,0,0,0,0,0,0,1
/home/michal/Downloads/pcddata/processed/paramtest/dt0,02_mp8000_pp0,001/annotated/rares/20140901/patrol_run_27/room_2/features/nonPlanes<shotcolor_iss_2015-05-22_01-49-52.pcd 2.8379 0.000625832 0.00101494 2 69,51 19,36 -1 371910 145 385 -1 -1 145 385 -1 -1 371765,98,18,5,6,2,2,3,1,1,3,0,0,1,0,1,0,1,0,0,0,0,0,0,0,2,0,1 -1 0,98,18,5,6,2,2,3,1,1,3,0,0,1,0,1,0,1,0,0,0,0,0,0,0,2,0,1 -1
/home/michal/Downloads/pcddata/processed/paramtest/dt0,02_mp8000_pp0,001/annotated/rares/20140901/patrol_run_31/room_2/features/nonPlanes<shotcolor_iss_2015-05-22_01-49-53.pcd 2.04176 0.000510319 0.00063135 3 81,64,17 32,20,12 -1 408408 144 385 -1 -1 144 385 -1 -1 408264,101,19,7,1,2,2,0,1,1,1,0,1,1,1,0,2,0,1,1,0,0,0,0,0,0,0,1,0,0,0,0,0,0,0,0,0,1 -1 0,101,19,7,1,2,2,0,1,1,1,0,1,1,1,0,2,0,1,1,0,0,0,0,0,0,0,1,0,0,0,0,0,0,0,0,0,1 -1
/home/michal/Downloads/pcddata/processed/paramtest/dt0,02_mp8000_pp0,001/annotated/rares/20140901/patrol_run_32/room_2/features/nonPlanes<shotcolor_iss_2015-05-22_01-49-54.pcd 2.69059 0.000993006 0.00106194 3 158,104,37 23,20,24 -1 392704 139 385 -1 -1 139 385 -1 -1 392565,96,20,5,3,2,3,0,0,0,0,0,1,1,1,0,0,2,1,0,0,2,0,1,0,0,0,0,0,0,0,0,0,0,0,0,0,0,1 -1 0,96,20,5,3,2,3,0,0,0,0,0,1,1,1,0,0,2,1,0,0,2,0,1,0,0,0,0,0,0,0,0,0,0,0,0,0,0,1 -1
/home/michal/Downloads/pcddata/processed/paramtest/dt0,02_mp8000_pp0,001/annotated/rares/20140901/patrol_run_33/room_1/features/nonPlanes<shotcolor_iss_2015-05-22_01-49-56.pcd 3.12338 0.0014216 0.000994462 3 143,55,18 35,13,13 -1 399960 131 385 -1 -1 131 385 -1 -1 399829,94,11,6,2,3,1,1,1,0,2,0,0,0,2,1,1,2,1,0,0,1,0,0,0,0,1,0,0,1 -1 0,94,11,6,2,3,1,1,1,0,2,0,0,0,2,1,1,2,1,0,0,1,0,0,0,0,1,0,0,1 -1
/home/michal/Downloads/pcddata/processed/paramtest/dt0,02_mp8000_pp0,001/annotated/rares/20140902/patrol_run_35/room_2/features/nonPlanes<shotcolor_iss_2015-05-22_01-49-57.pcd 2.10286 0.00064324 0.0010057 1 183 28 -1 378972 133 385 -1 -1 133 385 -1 -1 378839,89,14,7,3,6,2,1,2,1,1,0,0,1,0,0,0,1,1,0,0,1,0,0,1,0,0,1,0,0,0,1 -1 0,89,14,7,3,6,2,1,2,1,1,0,0,1,0,0,0,1,1,0,0,1,0,0,1,0,0,1,0,0,0,1 -1
/home/michal/Downloads/pcddata/processed/paramtest/dt0,02_mp8000_pp0,001/annotated/rares/20140902/patrol_run_38/room_0/features/nonPlanes<shotcolor_iss_2015-05-22_01-49-59.pcd 1.64789 0.000798269 0.000410858 5 108,80,38,31,15 23,18,16,12,12 0,0,0,0,0 420420 161 385 6 7 161 385 6 7 420259,105,21,4,6,6,5,3,4,2,0,0,2,0,0,1,2 0,5,1,0,0,0,0,0,0,0,0,0,0,0,0,0,0 0,105,21,4,6,6,5,3,4,2,0,0,2,0,0,1,2 0,5,1,0,0,0,0,0,0,0,0,0,0,0,0,0,0
/home/michal/Downloads/pcddata/processed/paramtest/dt0,02_mp8000_pp0,001/annotated/rares/20140903/patrol_run_1/room_4/features/nonPlanes<shotcolor_iss_2015-05-22_01-50-00.pcd 1.89881 0.000434694 0.000453623 4 117,100,43,35 24,16,27,13 0,0,0,1 418077 148 385 12 34 148 385 12 34 417929,107,15,4,2,2,4,2,1,0,1,0,4,0,1,0,0,1,1,0,1,1,0,0,1 0,7,2,0,0,1,1,0,0,0,0,0,1,0,0,0,0,0,0,0,0,0,0,0,0 0,107,15,4,2,2,4,2,1,0,1,0,4,0,1,0,0,1,1,0,1,1,0,0,1 0,7,2,0,0,1,1,0,0,0,0,0,1,0,0,0,0,0,0,0,0,0,0,0,0
/home/michal/Downloads/pcddata/processed/paramtest/dt0,02_mp8000_pp0,001/annotated/rares/20140903/patrol_run_10/room_2/features/nonPlanes<shotcolor_iss_2015-05-22_01-50-01.pcd 2.71079 0.00103671 0.00101968 2 142,79 17,22 -1 401082 142 385 -1 -1 142 385 -1 -1 400940,94,20,12,2,3,1,1,1,1,1,0,0,0,2,0,0,0,0,1,0,0,0,0,0,0,0,0,0,1,1,0,0,0,0,0,0,0,0,0,0,0,0,0,0,0,1 -1 0,94,20,12,2,3,1,1,1,1,1,0,0,0,2,0,0,0,0,1,0,0,0,0,0,0,0,0,0,1,1,0,0,0,0,0,0,0,0,0,0,0,0,0,0,0,1 -1
/home/michal/Downloads/pcddata/processed/paramtest/dt0,02_mp8000_pp0,001/annotated/rares/20140903/patrol_run_12/room_2/features/nonPlanes<shotcolor_iss_2015-05-22_01-50-02.pcd 2.50138 0.0010521 0.00104437 5 111,104,43,24,16 22,17,15,20,12 -1 393294 158 385 -1 -1 158 385 -1 -1 393136,104,22,8,4,3,3,1,4,2,1,1,0,1,0,1,1,0,0,0,0,2 -1 0,104,22,8,4,3,3,1,4,2,1,1,0,1,0,1,1,0,0,0,0,2 -1
/home/michal/Downloads/pcddata/processed/paramtest/dt0,02_mp8000_pp0,001/annotated/rares/20140903/patrol_run_14/room_1/features/nonPlanes<shotcolor_iss_2015-05-22_01-50-04.pcd 2.55045 0.000713001 0.000694427 3 122,83,23 18,19,22 -1 415800 142 385 -1 -1 142 385 -1 -1 415658,101,15,8,6,2,0,2,0,0,0,0,0,3,0,0,1,0,1,0,0,0,0,0,0,0,0,0,0,0,0,0,1,0,0,0,0,0,1,1 -1 0,101,15,8,6,2,0,2,0,0,0,0,0,3,0,0,1,0,1,0,0,0,0,0,0,0,0,0,0,0,0,0,1,0,0,0,0,0,1,1 -1
/home/michal/Downloads/pcddata/processed/paramtest/dt0,02_mp8000_pp0,001/annotated/rares/20140903/patrol_run_2/room_4/features/nonPlanes<shotcolor_iss_2015-05-22_01-50-05.pcd 2.67238 0.000643695 0.000654563 2 109,69 13,30 0,0 397188 143 385 6 35 143 385 6 35 397045,99,20,4,1,0,3,1,0,3,1,1,2,2,1,0,0,2,2,0,0,0,0,1 0,2,2,0,0,0,1,0,0,0,0,0,0,0,0,0,0,0,0,0,0,0,0,1 0,99,20,4,1,0,3,1,0,3,1,1,2,2,1,0,0,2,2,0,0,0,0,1 0,2,2,0,0,0,1,0,0,0,0,0,0,0,0,0,0,0,0,0,0,0,0,1
/home/michal/Downloads/pcddata/processed/paramtest/dt0,02_mp8000_pp0,001/annotated/rares/20140903/patrol_run_9/room_2/features/nonPlanes<shotcolor_iss_2015-05-22_01-50-07.pcd 2.34929 0.000700203 0.000802858 4 176,75,30,20 30,27,20,12 -1 428340 148 385 -1 -1 148 385 -1 -1 428192,104,15,8,2,5,1,2,0,1,1,1,1,1,0,0,1,0,0,1,1,2,1 -1 0,104,15,8,2,5,1,2,0,1,1,1,1,1,0,0,1,0,0,1,1,2,1 -1
/home/michal/Downloads/pcddata/processed/paramtest/dt0,02_mp8000_pp0,001/annotated/rares/20140904/patrol_run_15/room_2/features/nonPlanes<shotcolor_iss_2015-05-22_01-50-08.pcd 2.75457 0.000706387 0.00088296 3 110,26,17 26,24,14 -1 382336 131 385 -1 -1 131 385 -1 -1 382205,90,15,5,2,4,3,1,0,2,1,0,0,2,1,1,0,1,0,0,0,0,0,1,1,0,0,0,0,0,0,0,0,0,0,0,0,0,0,0,0,0,0,0,0,0,0,0,0,0,1 -1 0,90,15,5,2,4,3,1,0,2,1,0,0,2,1,1,0,1,0,0,0,0,0,1,1,0,0,0,0,0,0,0,0,0,0,0,0,0,0,0,0,0,0,0,0,0,0,0,0,0,1 -1
/home/michal/Downloads/pcddata/processed/paramtest/dt0,02_mp8000_pp0,001/annotated/rares/20140905/patrol_run_17/room_2/features/nonPlanes<shotcolor_iss_2015-05-22_01-50-10.pcd 3.21112 0.000774565 0.000809153 3 157,72,55 34,20,15 -1 404481 128 385 -1 -1 128 385 -1 -1 404353,82,18,5,3,3,1,3,3,1,0,1,1,0,0,1,1,0,0,1,3,0,0,0,0,0,0,0,0,0,0,0,1 -1 0,82,18,5,3,3,1,3,3,1,0,1,1,0,0,1,1,0,0,1,3,0,0,0,0,0,0,0,0,0,0,0,1 -1
/home/michal/Downloads/pcddata/processed/paramtest/dt0,02_mp8000_pp0,001/annotated/rares/20140905/patrol_run_19/room_1/features/nonPlanes<shotcolor_iss_2015-05-22_01-50-10.pcd 3.03475 0.000571228 0.000962905 2 123,73 16,40 -1 388416 147 385 -1 -1 147 385 -1 -1 388269,99,19,9,3,2,1,3,0,2,0,1,0,2,0,1,0,1,2,0,0,0,1,0,0,0,0,1 -1 0,99,19,9,3,2,1,3,0,2,0,1,0,2,0,1,0,1,2,0,0,0,1,0,0,0,0,1 -1
/home/michal/Downloads/pcddata/processed/paramtest/dt0,02_mp8000_pp0,001/annotated/rares/20140905/patrol_run_21/room_2/features/nonPlanes<shotcolor_iss_2015-05-22_01-50-11.pcd 3.27027 0.000914959 0.000883244 2 149,69 12,29 -1 401082 129 385 -1 -1 129 385 -1 -1 400953,81,25,5,5,2,0,1,1,1,0,0,1,1,0,2,0,0,0,0,0,0,1,1,0,0,0,0,0,0,0,0,0,0,0,0,0,0,0,0,0,0,1,1 -1 0,81,25,5,5,2,0,1,1,1,0,0,1,1,0,2,0,0,0,0,0,0,1,1,0,0,0,0,0,0,0,0,0,0,0,0,0,0,0,0,0,0,1,1 -1
/home/michal/Downloads/pcddata/processed/paramtest/dt0,02_mp8000_pp0,001/annotated/rares/20140905/patrol_run_23/room_2/features/nonPlanes<shotcolor_iss_2015-05-22_01-50-12.pcd 3.07179 0.000742045 0.000918785 3 115,37,21 21,14,17 -1 392224 132 385 -1 -1 132 385 -1 -1 392092,93,16,7,6,1,0,1,0,0,0,0,0,1,1,0,1,0,0,0,0,0,2,0,0,0,0,0,0,0,1,0,0,0,0,0,1,0,0,0,0,0,0,0,0,0,0,0,0,0,1 -1 0,93,16,7,6,1,0,1,0,0,0,0,0,1,1,0,1,0,0,0,0,0,2,0,0,0,0,0,0,0,1,0,0,0,0,0,1,0,0,0,0,0,0,0,0,0,0,0,0,0,1 -1
/home/michal/Downloads/pcddata/processed/paramtest/dt0,02_mp8000_pp0,001/annotated/rares/20140905/patrol_run_25/room_1/features/nonPlanes<shotcolor_iss_2015-05-22_01-50-13.pcd 2.95439 0.000674177 0.00132973 2 218,39 76,17 -1 397188 162 385 -1 -1 162 385 -1 -1 397026,103,27,8,5,1,1,4,2,5,1,1,2,0,0,0,0,0,1,0,0,1 -1 0,103,27,8,5,1,1,4,2,5,1,1,2,0,0,0,0,0,1,0,0,1 -1
/home/michal/Downloads/pcddata/processed/paramtest/dt0,02_mp8000_pp0,001/annotated/rares/20140905/patrol_run_27/room_2/features/nonPlanes<shotcolor_iss_2015-05-22_01-50-14.pcd 2.42403 0.000505682 0.000716596 4 151,67,46,30 20,19,12,25 -1 409596 145 385 -1 -1 145 385 -1 -1 409451,91,28,6,3,1,2,2,1,2,0,1,1,2,1,0,0,0,2,0,0,1,0,0,0,0,0,0,0,0,0,1 -1 0,91,28,6,3,1,2,2,1,2,0,1,1,2,1,0,0,0,2,0,0,1,0,0,0,0,0,0,0,0,0,1 -1
/home/michal/Downloads/pcddata/processed/paramtest/dt0,02_mp8000_pp0,001/annotated/rares/20140905/patrol_run_29/room_2/features/nonPlanes<shotcolor_iss_2015-05-22_01-50-15.pcd 2.32194 0.000992054 0.00173167 3 239,63,14 101,28,12 -1 383295 203 385 -1 -1 200 382 -1 -1 383092,126,41,14,5,6,4,3,1,1,1,0,0,1 -1 0,123,41,14,5,6,4,3,1,1,1,0,0,1 -1
/home/michal/Downloads/pcddata/processed/paramtest/dt0,02_mp8000_pp0,001/annotated/rares/20140905/patrol_run_30/room_1/features/nonPlanes<shotcolor_iss_2015-05-22_01-50-17.pcd 2.73781 0.000658379 0.000702926 2 152,35 18,29 -1 382239 142 385 -1 -1 142 385 -1 -1 382097,97,18,9,3,4,0,0,1,1,1,2,0,1,1,0,2,0,0,0,1,0,0,0,0,0,0,0,0,0,0,0,0,0,0,0,0,0,0,0,0,0,0,0,0,0,0,0,0,0,0,0,0,0,0,0,0,0,0,0,0,0,0,0,0,1 -1 0,97,18,9,3,4,0,0,1,1,1,2,0,1,1,0,2,0,0,0,1,0,0,0,0,0,0,0,0,0,0,0,0,0,0,0,0,0,0,0,0,0,0,0,0,0,0,0,0,0,0,0,0,0,0,0,0,0,0,0,0,0,0,0,0,1 -1
/home/michal/Downloads/pcddata/processed/paramtest/dt0,02_mp8000_pp0,001/annotated/rares/20140905/patrol_run_30/room_7/features/nonPlanes<shotcolor_iss_2015-05-22_01-50-18.pcd 2.8489 0.000735954 0.00106294 3 162,56,43 20,34,16 -1 381376 141 385 -1 -1 141 385 -1 -1 381235,90,27,7,2,1,3,1,2,1,0,0,0,0,0,0,0,1,2,1,0,0,0,0,0,1,0,0,0,0,2 -1 0,90,27,7,2,1,3,1,2,1,0,0,0,0,0,0,0,1,2,1,0,0,0,0,0,1,0,0,0,0,2 -1
/home/michal/Downloads/pcddata/processed/paramtest/dt0,02_mp8000_pp0,001/annotated/rares/20140908/patrol_run_32/room_2/features/nonPlanes<shotcolor_iss_2015-05-22_01-50-20.pcd 3.19907 0.000692121 0.0010302 3 116,33,33 29,17,12 -1 404481 147 385 -1 -1 147 385 -1 -1 404334,90,21,12,5,4,4,0,0,3,0,2,0,0,1,1,1,1,1,0,0,0,0,0,1 -1 0,90,21,12,5,4,4,0,0,3,0,2,0,0,1,1,1,1,1,0,0,0,0,0,1 -1
/home/michal/Downloads/pcddata/processed/paramtest/dt0,02_mp8000_pp0,001/annotated/rares/20140908/patrol_run_34/room_2/features/nonPlanes<shotcolor_iss_2015-05-22_01-50-22.pcd 3.30688 0.00117711 0.00107044 3 138,118,22 38,15,17 -1 404976 146 385 -1 -1 146 385 -1 -1 404830,100,18,10,5,2,0,1,1,0,0,0,0,1,1,1,1,0,2,1,0,0,0,1,0,0,0,0,0,0,0,0,0,0,0,0,0,0,1 -1 0,100,18,10,5,2,0,1,1,0,0,0,0,1,1,1,1,0,2,1,0,0,0,1,0,0,0,0,0,0,0,0,0,0,0,0,0,0,1 -1
/home/michal/Downloads/pcddata/processed/paramtest/dt0,02_mp8000_pp0,001/annotated/rares/20140908/patrol_run_36/room_3/features/nonPlanes<shotcolor_iss_2015-05-22_01-50-23.pcd 3.19596 0.000644527 0.000952418 3 90,61,53 23,23,25 -1 369376 129 385 -1 -1 129 385 -1 -1 369247,81,19,9,4,1,2,1,1,1,2,0,3,0,0,0,0,0,0,0,0,0,2,0,0,0,1,1,0,1 -1 0,81,19,9,4,1,2,1,1,1,2,0,3,0,0,0,0,0,0,0,0,0,2,0,0,0,1,1,0,1 -1
/home/michal/Downloads/pcddata/processed/paramtest/dt0,02_mp8000_pp0,001/annotated/rares/20140908/patrol_run_38/room_2/features/nonPlanes<shotcolor_iss_2015-05-22_01-50-24.pcd 2.94057 0.00110564 0.00098425 4 115,86,61,26 17,23,32,12 -1 406624 141 385 -1 -1 141 385 -1 -1 406483,93,18,8,4,5,1,1,2,1,1,0,1,0,2,0,0,0,1,0,0,0,0,0,0,0,1,1,0,0,0,0,1 -1 0,93,18,8,4,5,1,1,2,1,1,0,1,0,2,0,0,0,1,0,0,0,0,0,0,0,1,1,0,0,0,0,1 -1
/home/michal/Downloads/pcddata/processed/paramtest/dt0,02_mp8000_pp0,001/annotated/rares/20140908/patrol_run_39/room_3/features/nonPlanes<shotcolor_iss_2015-05-22_01-50-25.pcd 2.96212 0.000628287 0.000911215 2 110,93 26,20 -1 397188 141 385 -1 -1 141 385 -1 -1 397047,82,26,10,5,2,1,3,2,0,2,1,0,2,0,0,1,2,1,0,0,0,0,1 -1 0,82,26,10,5,2,1,3,2,0,2,1,0,2,0,0,1,2,1,0,0,0,0,1 -1
/home/michal/Downloads/pcddata/processed/paramtest/dt0,02_mp8000_pp0,001/annotated/rares/20140908/patrol_run_41/room_3/features/nonPlanes<shotcolor_iss_2015-05-22_01-50-26.pcd 3.13417 0.00116048 0.000751937 4 110,99,46,19 27,28,13,14 -1 379456 140 385 -1 -1 140 385 -1 -1 379316,76,27,13,8,1,1,5,1,0,1,0,1,2,0,0,0,2,0,0,1,0,0,0,0,0,0,0,1 -1 0,76,27,13,8,1,1,5,1,0,1,0,1,2,0,0,0,2,0,0,1,0,0,0,0,0,0,0,1 -1
/home/michal/Downloads/pcddata/processed/paramtest/dt0,02_mp8000_pp0,001/annotated/rares/20140908/patrol_run_43/room_3/features/nonPlanes<shotcolor_iss_2015-05-22_01-50-27.pcd 3.28124 0.000689008 0.000929392 3 150,50,22 27,21,13 -1 399960 142 385 -1 -1 142 385 -1 -1 399818,92,23,7,1,3,2,2,2,1,1,1,1,1,0,0,2,0,0,1,0,0,0,0,0,0,0,1,0,0,0,0,1 -1 0,92,23,7,1,3,2,2,2,1,1,1,1,1,0,0,2,0,0,1,0,0,0,0,0,0,0,1,0,0,0,0,1 -1
/home/michal/Downloads/pcddata/processed/paramtest/dt0,02_mp8000_pp0,001/annotated/rares/20140908/patrol_run_45/room_2/features/nonPlanes<shotcolor_iss_2015-05-22_01-50-28.pcd 3.31686 0.00102963 0.00100375 3 59,55,46 14,12,31 -1 388773 138 385 -1 -1 138 385 -1 -1 388635,86,16,7,5,5,4,3,1,1,1,3,3,0,0,0,1,1,0,0,0,0,0,0,0,0,0,1 -1 0,86,16,7,5,5,4,3,1,1,1,3,3,0,0,0,1,1,0,0,0,0,0,0,0,0,0,1 -1
/home/michal/Downloads/pcddata/processed/paramtest/dt0,02_mp8000_pp0,001/annotated/rares/20140908/patrol_run_47/room_3/features/nonPlanes<shotcolor_iss_2015-05-22_01-50-30.pcd 2.98207 0.000697918 0.00104776 3 66,52,29 26,13,22 -1 395307 147 385 -1 -1 147 385 -1 -1 395160,95,19,9,6,3,4,1,1,1,1,1,2,0,0,0,1,2,0,0,0,0,0,0,0,0,0,0,0,0,0,0,0,0,0,0,0,0,0,0,0,0,0,1 -1 0,95,19,9,6,3,4,1,1,1,1,1,2,0,0,0,1,2,0,0,0,0,0,0,0,0,0,0,0,0,0,0,0,0,0,0,0,0,0,0,0,0,0,1 -1
/home/michal/Downloads/pcddata/processed/paramtest/dt0,02_mp8000_pp0,001/annotated/rares/20140909/patrol_run_49/room_3/features/nonPlanes<shotcolor_iss_2015-05-22_01-50-32.pcd 3.11103 0.000754914 0.000898913 3 109,51,26 17,23,13 -1 434511 131 385 -1 -1 131 385 -1 -1 434380,83,21,9,1,1,3,1,0,2,1,0,2,1,0,0,0,1,0,1,1,0,0,0,0,1,1,1 -1 0,83,21,9,1,1,3,1,0,2,1,0,2,1,0,0,0,1,0,1,1,0,0,0,0,1,1,1 -1
/home/michal/Downloads/pcddata/processed/paramtest/dt0,02_mp8000_pp0,001/annotated/rares/20140909/patrol_run_51/room_3/features/nonPlanes<shotcolor_iss_2015-05-22_01-50-32.pcd 3.44437 0.000928427 0.000615407 2 39,38 19,19 -1 698841 118 385 -1 -1 118 385 -1 -1 698723,78,16,6,3,1,2,2,1,1,0,0,0,1,2,1,1,0,0,0,0,0,0,0,0,0,0,0,0,1,0,0,0,0,0,0,0,0,0,0,0,0,1,0,0,0,0,0,0,0,0,0,0,0,1 -1 0,78,16,6,3,1,2,2,1,1,0,0,0,1,2,1,1,0,0,0,0,0,0,0,0,0,0,0,0,1,0,0,0,0,0,0,0,0,0,0,0,0,1,0,0,0,0,0,0,0,0,0,0,0,1 -1
/home/michal/Downloads/pcddata/processed/paramtest/dt0,02_mp8000_pp0,001/annotated/rares/20140909/patrol_run_53/room_3/features/nonPlanes<shotcolor_iss_2015-05-22_01-50-34.pcd 3.0907 0.000642162 0.000550872 2 58,23 13,14 -1 404481 127 385 -1 -1 127 385 -1 -1 404354,79,18,9,3,3,1,3,1,0,0,2,1,0,1,1,0,1,1,2,0,0,0,0,0,0,0,0,0,0,0,0,0,0,0,0,0,0,0,0,0,0,0,0,0,1 -1 0,79,18,9,3,3,1,3,1,0,0,2,1,0,1,1,0,1,1,2,0,0,0,0,0,0,0,0,0,0,0,0,0,0,0,0,0,0,0,0,0,0,0,0,0,1 -1
/home/michal/Downloads/pcddata/processed/paramtest/dt0,02_mp8000_pp0,001/annotated/rares/20140909/patrol_run_55/room_3/features/nonPlanes<shotcolor_iss_2015-05-22_01-50-35.pcd 2.73583 0.00106576 0.000706691 3 213,16,14 34,13,12 -1 421344 143 385 -1 -1 143 385 -1 -1 421201,89,18,12,3,4,2,1,2,1,4,0,3,0,2,0,0,0,0,1,0,0,0,0,0,1 -1 0,89,18,12,3,4,2,1,2,1,4,0,3,0,2,0,0,0,0,1,0,0,0,0,0,1 -1
/home/michal/Downloads/pcddata/processed/paramtest/dt0,02_mp8000_pp0,001/annotated/rares/20140909/patrol_run_59/room_3/features/nonPlanes<shotcolor_iss_2015-05-22_01-50-36.pcd 2.84469 0.000773683 0.00128913 2 156,151 37,60 -1 432300 158 385 -1 -1 158 385 -1 -1 432142,102,24,7,4,5,2,2,1,3,0,3,0,1,1,1,1,0,0,0,0,1 -1 0,102,24,7,4,5,2,2,1,3,0,3,0,1,1,1,1,0,0,0,0,1 -1
/home/michal/Downloads/pcddata/processed/paramtest/dt0,02_mp8000_pp0,001/annotated/rares/20140909/patrol_run_61/room_3/features/nonPlanes<shotcolor_iss_2015-05-22_01-50-38.pcd 2.94447 0.000710282 0.000993878 4 247,28,22,19 32,16,18,14 -1 430122 133 385 -1 -1 133 385 -1 -1 429989,89,14,8,4,3,0,3,0,0,3,0,1,1,0,0,2,2,1,0,0,0,0,0,0,1,0,0,1 -1 0,89,14,8,4,3,0,3,0,0,3,0,1,1,0,0,2,2,1,0,0,0,0,0,0,1,0,0,1 -1
/home/michal/Downloads/pcddata/processed/paramtest/dt0,02_mp8000_pp0,001/annotated/rares/20140909/patrol_run_63/room_3/features/nonPlanes<shotcolor_iss_2015-05-22_01-50-40.pcd 2.49925 0.000676874 0.00114929 4 109,71,24,14 41,31,15,12 0,0,0,0 391314 196 385 0 0 196 385 0 0 391118,134,20,15,11,7,1,2,0,4,0,0,0,0,1,0,0,1 0,0,0,0,0,0,0,0,0,0,0,0,0,0,0,0,0,0 0,134,20,15,11,7,1,2,0,4,0,0,0,0,1,0,0,1 0,0,0,0,0,0,0,0,0,0,0,0,0,0,0,0,0,0
/home/michal/Downloads/pcddata/processed/paramtest/dt0,02_mp8000_pp0,001/annotated/rares/20140910/patrol_run_67/room_3/features/nonPlanes<shotcolor_iss_2015-05-22_01-50-41.pcd 3.36964 0.00115396 0.000637795 3 185,23,14 15,18,13 -1 460647 131 385 -1 -1 131 385 -1 -1 460516,93,19,5,1,0,2,0,2,0,0,0,1,0,1,0,1,0,0,0,1,1,0,0,1,0,0,1,0,0,1,0,0,0,0,0,0,0,0,0,0,0,0,1 -1 0,93,19,5,1,0,2,0,2,0,0,0,1,0,1,0,1,0,0,0,1,1,0,0,1,0,0,1,0,0,1,0,0,0,0,0,0,0,0,0,0,0,0,1 -1
/home/michal/Downloads/pcddata/processed/paramtest/dt0,02_mp8000_pp0,001/annotated/rares/20140910/patrol_run_69/room_3/features/nonPlanes<shotcolor_iss_2015-05-22_01-50-43.pcd 2.97856 0.000616651 0.000750727 2 76,58 32,14 -1 382239 136 385 -1 -1 136 385 -1 -1 382103,84,19,11,2,1,5,0,1,3,1,2,0,0,2,0,1,2,0,1,0,0,0,1 -1 0,84,19,11,2,1,5,0,1,3,1,2,0,0,2,0,1,2,0,1,0,0,0,1 -1
/home/michal/Downloads/pcddata/processed/paramtest/dt0,02_mp8000_pp0,001/annotated/rares/20140910/patrol_run_71/room_3/features/nonPlanes<shotcolor_iss_2015-05-22_01-50-44.pcd 3.33983 0.000993047 0.000776412 3 97,93,33 18,13,15 -1 472461 114 385 -1 -1 114 385 -1 -1 472347,76,18,4,1,1,1,0,2,1,0,0,1,0,2,1,0,0,0,1,0,0,0,1,1,0,0,0,1,0,0,0,0,0,1,0,0,0,1 -1 0,76,18,4,1,1,1,0,2,1,0,0,1,0,2,1,0,0,0,1,0,0,0,1,1,0,0,0,1,0,0,0,0,0,1,0,0,0,1 -1
/home/michal/Downloads/pcddata/processed/paramtest/dt0,02_mp8000_pp0,001/annotated/rares/20140910/patrol_run_74/room_3/features/nonPlanes<shotcolor_iss_2015-05-22_01-50-45.pcd 3.10167 0.00107054 0.000761879 2 90,84 27,29 -1 426888 152 385 -1 -1 152 385 -1 -1 426736,98,18,14,5,4,0,1,1,3,2,1,0,0,0,1,0,1,0,1,0,0,1,1 -1 0,98,18,14,5,4,0,1,1,3,2,1,0,0,0,1,0,1,0,1,0,0,1,1 -1
/home/michal/Downloads/pcddata/processed/paramtest/dt0,02_mp8000_pp0,001/annotated/rares/20140910/patrol_run_77/room_4/features/nonPlanes<shotcolor_iss_2015-05-22_01-50-46.pcd 2.74634 0.000651792 0.000697898 3 182,20,17 27,13,16 -1 392700 147 385 -1 -1 147 385 -1 -1 392553,101,20,3,5,4,1,1,1,0,1,0,0,2,2,1,0,3,0,0,1,0,0,0,1 -1 0,101,20,3,5,4,1,1,1,0,1,0,0,2,2,1,0,3,0,0,1,0,0,0,1 -1
/home/michal/Downloads/pcddata/processed/paramtest/dt0,02_mp8000_pp0,001/annotated/rares/20140910/patrol_run_79/room_2/features/nonPlanes<shotcolor_iss_2015-05-22_01-50-48.pcd 2.8623 0.000661436 0.00124042 4 117,80,79,14 28,33,15,13 -1 393294 165 385 -1 -1 165 385 -1 -1 393129,113,16,8,8,3,3,3,2,3,0,1,1,2,0,0,1,0,0,0,0,0,1 -1 0,113,16,8,8,3,3,3,2,3,0,1,1,2,0,0,1,0,0,0,0,0,1 -1
/home/michal/Downloads/pcddata/processed/paramtest/dt0,02_mp8000_pp0,001/annotated/rares/20140910/patrol_run_81/room_2/features/nonPlanes<shotcolor_iss_2015-05-22_01-50-49.pcd 2.69605 0.000534932 0.00120917 4 130,99,54,20 40,22,25,14 -1 377600 163 385 -1 -1 163 385 -1 -1 377437,108,17,10,3,6,5,3,2,3,1,1,1,1,1,0,0,1 -1 0,108,17,10,3,6,5,3,2,3,1,1,1,1,1,0,0,1 -1
/home/michal/Downloads/pcddata/processed/paramtest/dt0,02_mp8000_pp0,001/annotated/rares/20140911/patrol_run_82/room_3/features/nonPlanes<shotcolor_iss_2015-05-22_01-50-50.pcd 3.21651 0.000763412 0.000821348 3 77,43,36 18,14,22 -1 449592 119 385 -1 -1 119 385 -1 -1 449473,77,19,5,0,0,3,2,0,1,2,0,1,0,1,0,0,1,1,3,1,0,0,0,0,0,0,1,0,1 -1 0,77,19,5,0,0,3,2,0,1,2,0,1,0,1,0,0,1,1,3,1,0,0,0,0,0,0,1,0,1 -1
/home/michal/Downloads/pcddata/processed/paramtest/dt0,02_mp8000_pp0,001/annotated/rares/20140911/patrol_run_84/room_3/features/nonPlanes<shotcolor_iss_2015-05-22_01-50-52.pcd 2.90985 0.000672066 0.00131876 4 78,60,57,48 21,30,12,22 -1 388773 166 385 -1 -1 166 385 -1 -1 388607,105,25,9,5,4,3,5,3,0,3,1,0,1,0,1,0,1 -1 0,105,25,9,5,4,3,5,3,0,3,1,0,1,0,1,0,1 -1
/home/michal/Downloads/pcddata/processed/paramtest/dt0,02_mp8000_pp0,001/annotated/rares/20140911/patrol_run_88/room_3/features/nonPlanes<shotcolor_iss_2015-05-22_01-50-54.pcd 2.86452 0.000680434 0.0012192 2 127,125 25,36 -1 393294 129 385 -1 -1 129 385 -1 -1 393165,76,23,6,5,3,1,1,4,0,1,2,0,0,0,2,2,1,0,1,0,0,0,0,0,0,0,0,0,0,0,0,0,0,0,1 -1 0,76,23,6,5,3,1,1,4,0,1,2,0,0,0,2,2,1,0,1,0,0,0,0,0,0,0,0,0,0,0,0,0,0,0,1 -1
/home/michal/Downloads/pcddata/processed/paramtest/dt0,02_mp8000_pp0,001/annotated/rares/20140911/patrol_run_90/room_3/features/nonPlanes<shotcolor_iss_2015-05-22_01-50-55.pcd 2.88963 0.000707112 0.000744637 3 58,54,24 20,13,18 -1 393822 144 385 -1 -1 144 385 -1 -1 393678,87,23,7,5,2,4,4,2,3,0,1,0,0,1,2,1,1,1 -1 0,87,23,7,5,2,4,4,2,3,0,1,0,0,1,2,1,1,1 -1
/home/michal/Downloads/pcddata/processed/paramtest/dt0,02_mp8000_pp0,001/annotated/rares/20140911/patrol_run_92/room_3/features/nonPlanes<shotcolor_iss_2015-05-22_01-50-57.pcd 2.83749 0.0010318 0.00102199 3 129,74,25 35,12,16 -1 396032 132 385 -1 -1 132 385 -1 -1 395900,79,26,7,4,1,2,2,1,2,0,2,1,0,0,1,1,0,1,0,0,0,0,0,0,0,0,0,0,0,0,0,0,0,0,0,1,0,0,0,0,1 -1 0,79,26,7,4,1,2,2,1,2,0,2,1,0,0,1,1,0,1,0,0,0,0,0,0,0,0,0,0,0,0,0,0,0,0,0,1,0,0,0,0,1 -1
/home/michal/Downloads/pcddata/processed/paramtest/dt0,02_mp8000_pp0,001/annotated/rares/20140912/patrol_run_100/room_3/features/nonPlanes<shotcolor_iss_2015-05-22_01-50-58.pcd 3.51058 0.000953393 0.000888165 2 116,71 27,21 -1 369376 133 385 -1 -1 133 385 -1 -1 369243,72,23,9,8,5,2,3,0,2,1,1,1,0,2,1,0,1,0,1,1 -1 0,72,23,9,8,5,2,3,0,2,1,1,1,0,2,1,0,1,0,1,1 -1
/home/michal/Downloads/pcddata/processed/paramtest/dt0,02_mp8000_pp0,001/annotated/rares/20140912/patrol_run_102/room_3/features/nonPlanes<shotcolor_iss_2015-05-22_01-51-00.pcd 3.39324 0.000686101 0.000990079 2 246,33 70,12 -1 441664 142 385 -1 -1 142 385 -1 -1 441522,95,18,10,4,1,1,0,1,2,0,0,2,0,1,1,0,2,0,1,1,1,0,0,1 -1 0,95,18,10,4,1,1,0,1,2,0,0,2,0,1,1,0,2,0,1,1,1,0,0,1 -1
/home/michal/Downloads/pcddata/processed/paramtest/dt0,02_mp8000_pp0,001/annotated/rares/20140912/patrol_run_104/room_3/features/nonPlanes<shotcolor_iss_2015-05-22_01-51-02.pcd 3.71618 0.00102463 0.000923439 2 152,59 35,21 -1 386496 136 385 -1 -1 136 385 -1 -1 386360,81,24,8,6,2,0,0,4,1,1,2,0,0,2,1,1,0,0,0,2,0,0,0,0,0,1 -1 0,81,24,8,6,2,0,0,4,1,1,2,0,0,2,1,1,0,0,0,2,0,0,0,0,0,1 -1
/home/michal/Downloads/pcddata/processed/paramtest/dt0,02_mp8000_pp0,001/annotated/rares/20140912/patrol_run_94/room_3/features/nonPlanes<shotcolor_iss_2015-05-22_01-51-03.pcd 3.18734 0.00177105 0.000829232 3 177,24,19 44,14,13 -1 431244 143 385 -1 -1 143 385 -1 -1 431101,91,24,6,2,3,3,1,2,1,2,1,2,2,0,0,0,1,0,0,0,0,1,0,0,0,0,0,0,0,0,0,0,0,0,1 -1 0,91,24,6,2,3,3,1,2,1,2,1,2,2,0,0,0,1,0,0,0,0,1,0,0,0,0,0,0,0,0,0,0,0,0,1 -1
/home/michal/Downloads/pcddata/processed/paramtest/dt0,02_mp8000_pp0,001/annotated/rares/20140912/patrol_run_96/room_2/features/nonPlanes<shotcolor_iss_2015-05-22_01-51-04.pcd 3.19489 0.000831767 0.000945187 3 164,15,15 25,13,13 -1 375144 133 385 -1 -1 133 385 -1 -1 375011,89,17,8,4,1,2,1,1,0,0,0,0,0,3,1,0,1,1,0,1,0,1,0,0,0,0,1,0,1 -1 0,89,17,8,4,1,2,1,1,0,0,0,0,0,3,1,0,1,1,0,1,0,1,0,0,0,0,1,0,1 -1
/home/michal/Downloads/pcddata/processed/paramtest/dt0,02_mp8000_pp0,001/annotated/rares/20140912/patrol_run_98/room_3/features/nonPlanes<shotcolor_iss_2015-05-22_01-51-06.pcd 3.38568 0.00066767 0.000952337 3 117,81,20 37,17,13 -1 385506 140 385 -1 -1 140 385 -1 -1 385366,89,22,9,4,2,1,1,3,0,0,2,1,0,3,0,0,0,0,0,0,0,0,0,0,1,0,0,0,0,1,1 -1 0,89,22,9,4,2,1,1,3,0,0,2,1,0,3,0,0,0,0,0,0,0,0,0,0,1,0,0,0,0,1,1 -1
/home/michal/Downloads/pcddata/processed/paramtest/dt0,02_mp8000_pp0,001/annotated/rares/20140921/patrol_run_110/room_2/features/nonPlanes<shotcolor_iss_2015-05-22_01-51-08.pcd 2.81402 0.000666377 0.00090642 3 137,89,19 12,14,16 -1 392224 128 385 -1 -1 128 385 -1 -1 392096,96,11,4,1,0,3,1,3,1,0,0,0,0,1,1,1,0,0,1,1,0,0,0,0,0,0,0,0,0,0,0,0,1,0,1,0,0,0,0,0,1 -1 0,96,11,4,1,0,3,1,3,1,0,0,0,0,1,1,1,0,0,1,1,0,0,0,0,0,0,0,0,0,0,0,0,1,0,1,0,0,0,0,0,1 -1
/home/michal/Downloads/pcddata/processed/paramtest/dt0,02_mp8000_pp0,001/annotated/rares/20140921/patrol_run_112/room_2/features/nonPlanes<shotcolor_iss_2015-05-22_01-51-10.pcd 3.68342 0.000932038 0.00103738 4 159,37,29,19 37,12,13,14 0,0,0,0 408408 143 385 3 5 143 385 3 5 408265,90,25,3,6,3,2,2,3,1,0,1,1,1,1,0,0,0,0,1,0,1,1,0,0,0,1 0,1,2,0,0,0,0,0,0,0,0,0,0,0,0,0,0,0,0,0,0,0,0,0,0,0,0 0,90,25,3,6,3,2,2,3,1,0,1,1,1,1,0,0,0,0,1,0,1,1,0,0,0,1 0,1,2,0,0,0,0,0,0,0,0,0,0,0,0,0,0,0,0,0,0,0,0,0,0,0,0
/home/michal/Downloads/pcddata/processed/paramtest/dt0,02_mp8000_pp0,001/annotated/rares/20140921/patrol_run_114/room_1/features/nonPlanes<shotcolor_iss_2015-05-22_01-51-12.pcd 3.01914 0.000952665 0.000924451 2 253,18 35,12 0,0 410652 128 385 6 6 128 385 6 6 410524,87,17,6,4,4,0,0,0,0,0,0,0,1,0,1,0,1,0,2,2,0,0,0,0,1,0,0,0,1,0,0,0,1 0,6,0,0,0,0,0,0,0,0,0,0,0,0,0,0,0,0,0,0,0,0,0,0,0,0,0,0,0,0,0,0,0,0 0,87,17,6,4,4,0,0,0,0,0,0,0,1,0,1,0,1,0,2,2,0,0,0,0,1,0,0,0,1,0,0,0,1 0,6,0,0,0,0,0,0,0,0,0,0,0,0,0,0,0,0,0,0,0,0,0,0,0,0,0,0,0,0,0,0,0,0
/home/michal/Downloads/pcddata/processed/paramtest/dt0,02_mp8000_pp0,001/annotated/rares/20140922/patrol_run_116/room_2/features/nonPlanes<shotcolor_iss_2015-05-22_01-51-13.pcd 3.23386 0.000783298 0.000698349 3 257,42,39 60,12,26 0,0,0 409959 131 385 0 0 131 385 0 0 409828,79,26,7,2,1,3,1,1,0,0,0,1,1,0,1,1,2,2,1,1,0,1 0,0,0,0,0,0,0,0,0,0,0,0,0,0,0,0,0,0,0,0,0,0,0 0,79,26,7,2,1,3,1,1,0,0,0,1,1,0,1,1,2,2,1,1,0,1 0,0,0,0,0,0,0,0,0,0,0,0,0,0,0,0,0,0,0,0,0,0,0
/home/michal/Downloads/pcddata/processed/paramtest/dt0,02_mp8000_pp0,001/annotated/rares/20140922/patrol_run_118/room_2/features/nonPlanes<shotcolor_iss_2015-05-22_01-51-15.pcd 3.16263 0.000830479 0.000928323 1 199 23 0 403293 116 385 1 1 116 385 1 1 403177,77,19,4,4,1,0,1,0,1,0,0,1,0,1,0,1,0,0,0,0,2,1,0,0,0,0,0,1,0,0,0,0,0,0,0,0,0,0,0,1,0,0,0,0,0,0,1 0,1,0,0,0,0,0,0,0,0,0,0,0,0,0,0,0,0,0,0,0,0,0,0,0,0,0,0,0,0,0,0,0,0,0,0,0,0,0,0,0,0,0,0,0,0,0,0 0,77,19,4,4,1,0,1,0,1,0,0,1,0,1,0,1,0,0,0,0,2,1,0,0,0,0,0,1,0,0,0,0,0,0,0,0,0,0,0,1,0,0,0,0,0,0,1 0,1,0,0,0,0,0,0,0,0,0,0,0,0,0,0,0,0,0,0,0,0,0,0,0,0,0,0,0,0,0,0,0,0,0,0,0,0,0,0,0,0,0,0,0,0,0,0
/home/michal/Downloads/pcddata/processed/paramtest/dt0,02_mp8000_pp0,001/annotated/rares/20140922/patrol_run_120/room_1/features/nonPlanes<shotcolor_iss_2015-05-22_01-51-17.pcd 3.26122 0.000688145 0.000718014 2 220,20 32,16 0,0 407808 115 385 0 0 115 385 0 0 407693,81,7,3,5,2,3,0,1,0,2,1,1,1,1,0,0,3,0,0,0,1,0,0,1,1,0,0,0,0,0,0,0,0,1 0,0,0,0,0,0,0,0,0,0,0,0,0,0,0,0,0,0,0,0,0,0,0,0,0,0,0,0,0,0,0,0,0,0,0 0,81,7,3,5,2,3,0,1,0,2,1,1,1,1,0,0,3,0,0,0,1,0,0,1,1,0,0,0,0,0,0,0,0,1 0,0,0,0,0,0,0,0,0,0,0,0,0,0,0,0,0,0,0,0,0,0,0,0,0,0,0,0,0,0,0,0,0,0,0
/home/michal/Downloads/pcddata/processed/paramtest/dt0,02_mp8000_pp0,001/annotated/rares/20140922/patrol_run_124/room_2/features/nonPlanes<shotcolor_iss_2015-05-22_01-51-19.pcd 3.36313 0.00072856 0.000848906 1 22 17 0 459030 121 385 3 3 121 385 3 3 458909,78,19,5,2,4,1,0,1,0,0,1,0,0,1,0,3,1,1,0,1,0,0,0,0,0,1,0,0,2 0,3,0,0,0,0,0,0,0,0,0,0,0,0,0,0,0,0,0,0,0,0,0,0,0,0,0,0,0,0 0,78,19,5,2,4,1,0,1,0,0,1,0,0,1,0,3,1,1,0,1,0,0,0,0,0,1,0,0,2 0,3,0,0,0,0,0,0,0,0,0,0,0,0,0,0,0,0,0,0,0,0,0,0,0,0,0,0,0,0
/home/michal/Downloads/pcddata/processed/paramtest/dt0,02_mp8000_pp0,001/annotated/rares/20140922/patrol_run_126/room_2/features/nonPlanes<shotcolor_iss_2015-05-22_01-51-21.pcd 3.55805 0.000812451 0.000973763 2 129,39 39,12 0,0 407456 132 385 0 0 132 385 0 0 407324,89,11,11,6,2,1,1,2,1,1,0,0,0,0,0,0,1,1,1,0,0,0,0,1,1,0,1,0,1 0,0,0,0,0,0,0,0,0,0,0,0,0,0,0,0,0,0,0,0,0,0,0,0,0,0,0,0,0,0 0,89,11,11,6,2,1,1,2,1,1,0,0,0,0,0,0,1,1,1,0,0,0,0,1,1,0,1,0,1 0,0,0,0,0,0,0,0,0,0,0,0,0,0,0,0,0,0,0,0,0,0,0,0,0,0,0,0,0,0
/home/michal/Downloads/pcddata/processed/paramtest/dt0,02_mp8000_pp0,001/annotated/rares/20140922/patrol_run_128/room_2/features/nonPlanes<shotcolor_iss_2015-05-22_01-51-23.pcd 3.42583 0.000925186 0.00056052 2 82,28 14,21 0,0 391072 123 385 0 0 123 385 0 0 390949,79,18,4,3,4,1,2,0,2,2,2,1,0,1,0,0,0,0,0,0,0,0,0,0,0,1,1,0,0,0,0,1,0,0,1 0,0,0,0,0,0,0,0,0,0,0,0,0,0,0,0,0,0,0,0,0,0,0,0,0,0,0,0,0,0,0,0,0,0,0,0 0,79,18,4,3,4,1,2,0,2,2,2,1,0,1,0,0,0,0,0,0,0,0,0,0,0,1,1,0,0,0,0,1,0,0,1 0,0,0,0,0,0,0,0,0,0,0,0,0,0,0,0,0,0,0,0,0,0,0,0,0,0,0,0,0,0,0,0,0,0,0,0
/home/michal/Downloads/pcddata/processed/paramtest/dt0,02_mp8000_pp0,001/annotated/rares/20140922/patrol_run_130/room_2/features/nonPlanes<shotcolor_iss_2015-05-22_01-51-24.pcd 2.87201 0.00104475 0.00115097 4 207,74,22,21 38,18,16,16 0,0,0,0 419200 131 385 0 0 131 385 0 0 419069,80,18,11,3,2,2,1,4,1,1,2,0,1,0,1,0,0,2,0,0,0,0,1,0,0,0,0,0,0,0,0,0,0,0,1 0,0,0,0,0,0,0,0,0,0,0,0,0,0,0,0,0,0,0,0,0,0,0,0,0,0,0,0,0,0,0,0,0,0,0,0 0,80,18,11,3,2,2,1,4,1,1,2,0,1,0,1,0,0,2,0,0,0,0,1,0,0,0,0,0,0,0,0,0,0,0,1 0,0,0,0,0,0,0,0,0,0,0,0,0,0,0,0,0,0,0,0,0,0,0,0,0,0,0,0,0,0,0,0,0,0,0,0
/home/michal/Downloads/pcddata/processed/paramtest/dt0,02_mp8000_pp0,001/annotated/rares/20140922/patrol_run_132/room_1/features/nonPlanes<shotcolor_iss_2015-05-22_01-51-26.pcd 2.9891 0.000663603 0.00111224 3 232,40,32 38,20,21 0,0,0 397188 140 385 1 1 140 385 1 1 397048,93,16,8,4,5,4,1,1,1,1,0,0,1,0,2,0,0,0,0,1,0,0,0,0,0,0,0,0,0,0,0,0,0,1,0,0,0,0,0,1 0,1,0,0,0,0,0,0,0,0,0,0,0,0,0,0,0,0,0,0,0,0,0,0,0,0,0,0,0,0,0,0,0,0,0,0,0,0,0,0,0 0,93,16,8,4,5,4,1,1,1,1,0,0,1,0,2,0,0,0,0,1,0,0,0,0,0,0,0,0,0,0,0,0,0,1,0,0,0,0,0,1 0,1,0,0,0,0,0,0,0,0,0,0,0,0,0,0,0,0,0,0,0,0,0,0,0,0,0,0,0,0,0,0,0,0,0,0,0,0,0,0,0
/home/michal/Downloads/pcddata/processed/paramtest/dt0,02_mp8000_pp0,001/annotated/rares/20140922/patrol_run_134/room_2/features/nonPlanes<shotcolor_iss_2015-05-22_01-51-27.pcd 3.29197 0.000703493 0.00076489 2 33,32 23,27 0,0 400554 137 385 1 1 137 385 1 1 400417,98,17,5,2,2,2,0,3,0,0,0,0,0,2,1,1,0,0,0,0,0,0,0,0,1,1,0,0,0,1,0,0,0,0,0,0,0,0,0,0,0,0,0,1 0,1,0,0,0,0,0,0,0,0,0,0,0,0,0,0,0,0,0,0,0,0,0,0,0,0,0,0,0,0,0,0,0,0,0,0,0,0,0,0,0,0,0,0,0 0,98,17,5,2,2,2,0,3,0,0,0,0,0,2,1,1,0,0,0,0,0,0,0,0,1,1,0,0,0,1,0,0,0,0,0,0,0,0,0,0,0,0,0,1 0,1,0,0,0,0,0,0,0,0,0,0,0,0,0,0,0,0,0,0,0,0,0,0,0,0,0,0,0,0,0,0,0,0,0,0,0,0,0,0,0,0,0,0,0
/home/michal/Downloads/pcddata/processed/paramtest/dt0,02_mp8000_pp0,001/annotated/rares/20140922/patrol_run_138/room_2/features/nonPlanes<shotcolor_iss_2015-05-22_01-51-28.pcd 3.308 0.00107814 0.00100097 1 208 39 0 408408 141 385 5 5 141 385 5 5 408267,93,21,3,7,2,3,0,0,1,1,3,1,1,0,2,0,0,1,0,0,1,0,0,0,0,0,0,0,0,0,0,0,0,0,0,0,0,0,1 0,5,0,0,0,0,0,0,0,0,0,0,0,0,0,0,0,0,0,0,0,0,0,0,0,0,0,0,0,0,0,0,0,0,0,0,0,0,0,0 0,93,21,3,7,2,3,0,0,1,1,3,1,1,0,2,0,0,1,0,0,1,0,0,0,0,0,0,0,0,0,0,0,0,0,0,0,0,0,1 0,5,0,0,0,0,0,0,0,0,0,0,0,0,0,0,0,0,0,0,0,0,0,0,0,0,0,0,0,0,0,0,0,0,0,0,0,0,0,0
/home/michal/Downloads/pcddata/processed/paramtest/dt0,02_mp8000_pp0,001/annotated/rares/20140923/patrol_run_139/room_2/features/nonPlanes<shotcolor_iss_2015-05-22_01-51-30.pcd 3.03984 0.00067993 0.000981852 2 187,69 20,19 0,0 392224 118 385 3 3 118 385 3 3 392106,73,17,8,4,3,1,1,1,2,0,0,0,0,0,0,0,0,0,2,2,1,0,0,0,0,1,0,1,0,0,1 0,3,0,0,0,0,0,0,0,0,0,0,0,0,0,0,0,0,0,0,0,0,0,0,0,0,0,0,0,0,0,0 0,73,17,8,4,3,1,1,1,2,0,0,0,0,0,0,0,0,0,2,2,1,0,0,0,0,1,0,1,0,0,1 0,3,0,0,0,0,0,0,0,0,0,0,0,0,0,0,0,0,0,0,0,0,0,0,0,0,0,0,0,0,0,0
/home/michal/Downloads/pcddata/processed/paramtest/dt0,02_mp8000_pp0,001/annotated/rares/20140923/patrol_run_141/room_2/features/nonPlanes<shotcolor_iss_2015-05-22_01-51-32.pcd 3.24857 0.00177777 0.000775189 2 105,77 14,38 0,0 407286 130 385 1 1 130 385 1 1 407156,84,13,9,4,2,3,1,0,3,3,2,0,1,0,0,0,1,0,0,2,0,1,0,0,0,1 0,1,0,0,0,0,0,0,0,0,0,0,0,0,0,0,0,0,0,0,0,0,0,0,0,0,0 0,84,13,9,4,2,3,1,0,3,3,2,0,1,0,0,0,1,0,0,2,0,1,0,0,0,1 0,1,0,0,0,0,0,0,0,0,0,0,0,0,0,0,0,0,0,0,0,0,0,0,0,0,0
/home/michal/Downloads/pcddata/processed/paramtest/dt0,02_mp8000_pp0,001/annotated/rares/20140923/patrol_run_144/room_2/features/nonPlanes<shotcolor_iss_2015-05-22_01-51-33.pcd 3.34221 0.000583653 0.000812514 3 158,25,17 21,22,12 0,0,0 375744 131 385 1 1 131 385 1 1 375613,91,16,5,2,1,1,1,0,3,0,1,0,0,2,1,0,2,1,1,1,0,1,0,0,0,0,1 0,1,0,0,0,0,0,0,0,0,0,0,0,0,0,0,0,0,0,0,0,0,0,0,0,0,0,0 0,91,16,5,2,1,1,1,0,3,0,1,0,0,2,1,0,2,1,1,1,0,1,0,0,0,0,1 0,1,0,0,0,0,0,0,0,0,0,0,0,0,0,0,0,0,0,0,0,0,0,0,0,0,0,0
/home/michal/Downloads/pcddata/processed/paramtest/dt0,02_mp8000_pp0,001/annotated/rares/20140923/patrol_run_146/room_2/features/nonPlanes<shotcolor_iss_2015-05-22_01-51-35.pcd 2.99493 0.00149418 0.00116244 4 184,51,39,21 29,27,12,12 0,0,0,0 380688 152 385 2 2 152 385 2 2 380536,103,19,6,3,5,4,0,0,1,2,1,1,2,0,2,1,0,0,1,0,0,1 0,2,0,0,0,0,0,0,0,0,0,0,0,0,0,0,0,0,0,0,0,0,0 0,103,19,6,3,5,4,0,0,1,2,1,1,2,0,2,1,0,0,1,0,0,1 0,2,0,0,0,0,0,0,0,0,0,0,0,0,0,0,0,0,0,0,0,0,0
/home/michal/Downloads/pcddata/processed/paramtest/dt0,02_mp8000_pp0,001/annotated/rares/20140923/patrol_run_148/room_2/features/nonPlanes<shotcolor_iss_2015-05-22_01-51-36.pcd 3.08203 0.000955428 0.000733134 2 213,36 41,23 0,0 391545 135 385 0 0 135 385 0 0 391410,88,23,3,3,2,0,2,3,1,1,1,0,0,1,0,0,3,1,1,0,1,0,0,0,0,0,0,0,1 0,0,0,0,0,0,0,0,0,0,0,0,0,0,0,0,0,0,0,0,0,0,0,0,0,0,0,0,0,0 0,88,23,3,3,2,0,2,3,1,1,1,0,0,1,0,0,3,1,1,0,1,0,0,0,0,0,0,0,1 0,0,0,0,0,0,0,0,0,0,0,0,0,0,0,0,0,0,0,0,0,0,0,0,0,0,0,0,0,0
/home/michal/Downloads/pcddata/processed/paramtest/dt0,02_mp8000_pp0,001/annotated/rares/20140923/patrol_run_150/room_2/features/nonPlanes<shotcolor_iss_2015-05-22_01-51-38.pcd 3.00303 0.000669951 0.000847787 5 168,72,57,20,17 26,12,17,17,17 0,1,0,0,0 368448 135 385 9 60 135 385 9 60 368313,97,16,3,3,3,3,0,2,1,1,0,0,0,0,0,0,0,1,1,0,0,0,1,0,0,0,1,0,0,0,1,0,0,0,0,0,0,0,0,0,0,0,0,0,0,0,0,0,1 0,0,1,0,2,2,2,0,0,1,0,0,0,0,0,0,0,0,0,1,0,0,0,0,0,0,0,0,0,0,0,0,0,0,0,0,0,0,0,0,0,0,0,0,0,0,0,0,0,0 0,97,16,3,3,3,3,0,2,1,1,0,0,0,0,0,0,0,1,1,0,0,0,1,0,0,0,1,0,0,0,1,0,0,0,0,0,0,0,0,0,0,0,0,0,0,0,0,0,1 0,0,1,0,2,2,2,0,0,1,0,0,0,0,0,0,0,0,0,1,0,0,0,0,0,0,0,0,0,0,0,0,0,0,0,0,0,0,0,0,0,0,0,0,0,0,0,0,0,0
/home/michal/Downloads/pcddata/processed/paramtest/dt0,02_mp8000_pp0,001/annotated/rares/20140924/patrol_run_152/room_2/features/nonPlanes<shotcolor_iss_2015-05-22_01-51-40.pcd 2.95527 0.000644768 0.00116006 4 204,55,19,13 24,25,17,12 0,0,0,0 365568 148 385 7 14 148 385 7 14 365420,99,17,8,1,4,4,3,1,4,1,1,0,1,0,0,1,0,0,0,0,2,0,1 0,4,1,1,0,1,0,0,0,0,0,0,0,0,0,0,0,0,0,0,0,0,0,0 0,99,17,8,1,4,4,3,1,4,1,1,0,1,0,0,1,0,0,0,0,2,0,1 0,4,1,1,0,1,0,0,0,0,0,0,0,0,0,0,0,0,0,0,0,0,0,0
/home/michal/Downloads/pcddata/processed/paramtest/dt0,02_mp8000_pp0,001/annotated/rares/20140924/patrol_run_156/room_2/features/nonPlanes<shotcolor_iss_2015-05-22_01-51-41.pcd 3.01934 0.00106004 0.000982205 3 99,97,27 14,21,25 0,0,0 369600 146 385 7 9 146 385 7 9 369454,93,25,5,3,2,3,3,2,0,0,0,3,1,2,0,0,1,2,0,1 0,5,2,0,0,0,0,0,0,0,0,0,0,0,0,0,0,0,0,0,0 0,93,25,5,3,2,3,3,2,0,0,0,3,1,2,0,0,1,2,0,1 0,5,2,0,0,0,0,0,0,0,0,0,0,0,0,0,0,0,0,0,0
/home/michal/Downloads/pcddata/processed/paramtest/dt0,02_mp8000_pp0,001/annotated/rares/20140924/patrol_run_158/room_1/features/nonPlanes<shotcolor_iss_2015-05-22_01-51-43.pcd 3.02482 0.000542422 0.00106806 4 93,73,72,17 16,16,19,13 0,0,0,0 379962 151 385 7 7 151 385 7 7 379811,99,20,9,5,2,3,2,1,0,0,2,2,0,2,0,0,2,0,1,0,0,1 0,7,0,0,0,0,0,0,0,0,0,0,0,0,0,0,0,0,0,0,0,0,0 0,99,20,9,5,2,3,2,1,0,0,2,2,0,2,0,0,2,0,1,0,0,1 0,7,0,0,0,0,0,0,0,0,0,0,0,0,0,0,0,0,0,0,0,0,0
/home/michal/Downloads/pcddata/processed/paramtest/dt0,02_mp8000_pp0,001/annotated/rares/20140924/patrol_run_162/room_2/features/nonPlanes<shotcolor_iss_2015-05-22_01-51-45.pcd 2.77682 0.000656882 0.000818324 3 168,59,46 23,18,37 -1 410816 152 385 -1 -1 152 385 -1 -1 410664,99,24,7,4,4,2,1,0,0,1,2,1,2,1,1,1,0,0,0,0,0,0,1,1 -1 0,99,24,7,4,4,2,1,0,0,1,2,1,2,1,1,1,0,0,0,0,0,0,1,1 -1
/home/michal/Downloads/pcddata/processed/paramtest/dt0,02_mp8000_pp0,001/annotated/rares/20140924/patrol_run_164/room_1/features/nonPlanes<shotcolor_iss_2015-05-22_01-51-46.pcd 3.14846 0.000664368 0.000921036 3 131,56,21 21,25,17 -1 394284 134 385 -1 -1 134 385 -1 -1 394150,86,17,11,4,2,2,1,0,2,2,1,0,1,0,0,0,0,0,0,0,0,1,1,0,1,1,0,0,1 -1 0,86,17,11,4,2,2,1,0,2,2,1,0,1,0,0,0,0,0,0,0,0,1,1,0,1,1,0,0,1 -1
/home/michal/Downloads/pcddata/processed/paramtest/dt0,02_mp8000_pp0,001/annotated/rares/20140924/patrol_run_166/room_2/features/nonPlanes<shotcolor_iss_2015-05-22_01-51-48.pcd 3.51478 0.00146547 0.000985242 3 68,61,28 20,46,22 -1 378378 153 385 -1 -1 153 385 -1 -1 378225,102,26,6,3,2,3,2,2,0,0,1,1,0,1,0,0,0,0,0,0,0,1,0,1,1,0,0,0,0,0,0,0,0,0,1 -1 0,102,26,6,3,2,3,2,2,0,0,1,1,0,1,0,0,0,0,0,0,0,1,0,1,1,0,0,0,0,0,0,0,0,0,1 -1
