obj_search:
  camera_z: 1.7
  ceiling_z: 2.27
  floor_z: 0
  object_query: {K: 5}
  processed_data_dir: /home/michal/Downloads/pcddata/processed/
  raw_data_dir: /media/michal/Pauli/masterdata/raw/
object_query: {K: 10, cluster_maxsize: 500, cluster_minsize: 12, cluster_tolerance: 0.25,
  clusters_to_results: true, extract_mult: 1.3, match: nonPlanes<pfhrgb_iss, n_max_points: 400,
  output_dir: 'NULL', query_features: '/home/michal/Downloads/pcddata/processed/query/queryobjects/0,01/hanger_jacket/features/rgb_0002_label_hanger_jacket<pfhrgb_iss_2015-05-26_15-03-02.pcd',
  results_out: '/home/michal/Downloads/pcddata/processed/query/k10_mx400_t0,25/dt0,02_mp8000_pp0,001',
  subdirs: 4, target_features: '/media/michal/Pauli/masterdata/processed/paramtest/dt0,02_mp8000_pp0,001',
  x_step_hough: 0.05, y_step_hough: 0.05, z_step_hough: 0.05}
rosdistro: 'indigo

  '
roslaunch:
  uris: {host_tycho__48134: 'http://tycho:48134/'}
rosversion: '1.11.10

  '
run_id: 91dd30fe-08e0-11e5-925f-3c970e77227e
BEGIN_DATA
# fname t_query t_hough t_cluster cluster_n cluster_scores cluster_points cluster_inobb n_hough_tot nonzero_hough hough_votes boxpts boxvotes maxpts maxvotes maxboxpts maxboxvotes hough_hist box_hist max_hist boxmax_hist
/media/michal/Pauli/masterdata/processed/paramtest/dt0,02_mp8000_pp0,001/annotated/rares/20140820/patrol_run_2/room_1/features/nonPlanes<pfhrgb_iss_2015-05-22_03-21-21.pcd 0.154028 0.000565481 0.00197541 5 123,99,79,66,29 49,58,43,38,14 -1 386100 419 750 -1 -1 400 731 -1 -1 385681,252,88,39,19,9,7,2,1,1,0,1 -1 0,233,88,39,19,9,7,2,1,1,0,1 -1
/media/michal/Pauli/masterdata/processed/paramtest/dt0,02_mp8000_pp0,001/annotated/rares/20140820/patrol_run_4/room_0/features/nonPlanes<pfhrgb_iss_2015-05-22_03-23-14.pcd 0.154954 0.00163297 0.00276577 9 80,67,51,50,41,29,29,25,16 35,40,22,15,21,22,17,15,13 -1 413127 431 750 -1 -1 400 719 -1 -1 412696,278,81,34,16,6,7,4,3,0,2 -1 0,247,81,34,16,6,7,4,3,0,2 -1
/media/michal/Pauli/masterdata/processed/paramtest/dt0,02_mp8000_pp0,001/annotated/rares/20140828/patrol_run_19/room_3/features/nonPlanes<pfhrgb_iss_2015-05-22_03-24-57.pcd 0.160698 0.000740397 0.00295819 10 70,66,58,49,49,37,30,26,23,20 24,34,26,35,24,23,12,12,15,12 0,0,0,0,0,0,0,0,0,0 400554 406 750 0 0 400 744 0 0 400148,248,80,28,23,12,5,5,4,1 0,0,0,0,0,0,0,0,0,0 0,242,80,28,23,12,5,5,4,1 0,0,0,0,0,0,0,0,0,0
/media/michal/Pauli/masterdata/processed/paramtest/dt0,02_mp8000_pp0,001/annotated/rares/20140829/patrol_run_20/room_3/features/nonPlanes<pfhrgb_iss_2015-05-22_03-26-44.pcd 0.172943 0.0011325 0.00299957 7 274,55,46,38,29,28,23 109,36,19,13,20,15,19 0,0,0,0,0,0,0 394284 416 750 49 174 400 734 49 174 393868,265,85,26,15,10,5,5,1,0,1,0,0,1,0,1,1 0,11,15,6,6,2,3,2,1,0,1,0,0,0,0,1,1 0,249,85,26,15,10,5,5,1,0,1,0,0,1,0,1,1 0,11,15,6,6,2,3,2,1,0,1,0,0,0,0,1,1
/media/michal/Pauli/masterdata/processed/paramtest/dt0,02_mp8000_pp0,001/annotated/rares/20140829/patrol_run_26/room_2/features/nonPlanes<pfhrgb_iss_2015-05-22_03-27-37.pcd 0.143101 0.00221453 0.00201191 9 56,54,49,47,47,33,31,29,27 27,12,32,32,28,15,16,19,13 -1 393822 434 750 -1 -1 400 716 -1 -1 393388,274,93,33,14,11,3,0,3,0,1,0,0,1,0,1 -1 0,240,93,33,14,11,3,0,3,0,1,0,0,1,0,1 -1
/media/michal/Pauli/masterdata/processed/paramtest/dt0,02_mp8000_pp0,001/annotated/rares/20140901/patrol_run_27/room_2/features/nonPlanes<pfhrgb_iss_2015-05-22_03-28-25.pcd 0.123421 0.000707299 0.00189537 9 138,63,61,59,38,24,24,22,18 47,33,26,30,12,15,13,14,16 1,0,0,0,0,0,0,0,0 371910 388 750 34 120 388 750 34 120 371522,222,99,27,19,7,3,1,2,2,1,0,3,1,0,0,0,0,0,0,1 0,10,9,3,5,3,0,1,0,1,0,0,1,0,0,0,0,0,0,0,1 0,222,99,27,19,7,3,1,2,2,1,0,3,1,0,0,0,0,0,0,1 0,10,9,3,5,3,0,1,0,1,0,0,1,0,0,0,0,0,0,0,1
/media/michal/Pauli/masterdata/processed/paramtest/dt0,02_mp8000_pp0,001/annotated/rares/20140901/patrol_run_31/room_2/features/nonPlanes<pfhrgb_iss_2015-05-22_03-29-06.pcd 0.145974 0.000782008 0.00287714 8 231,55,33,29,29,28,25,24 78,27,17,18,15,19,19,14 0,0,0,0,0,0,0,0 408408 403 750 28 110 400 747 28 110 408005,242,84,39,16,7,7,2,1,2,0,1,0,0,1,0,0,1 0,7,5,7,2,2,1,0,1,1,0,0,0,0,1,0,0,1 0,239,84,39,16,7,7,2,1,2,0,1,0,0,1,0,0,1 0,7,5,7,2,2,1,0,1,1,0,0,0,0,1,0,0,1
/media/michal/Pauli/masterdata/processed/paramtest/dt0,02_mp8000_pp0,001/annotated/rares/20140901/patrol_run_32/room_2/features/nonPlanes<pfhrgb_iss_2015-05-22_03-30-33.pcd 0.147486 0.000750834 0.00292855 11 94,45,43,38,29,28,27,25,24,22,18 34,35,18,27,13,17,15,14,13,13,13 0,0,0,0,0,0,0,0,0,0,0 392704 425 750 10 38 400 725 10 38 392279,256,99,33,22,4,2,3,2,2,1,0,1 0,2,3,2,1,0,0,0,1,0,0,0,1 0,231,99,33,22,4,2,3,2,2,1,0,1 0,2,3,2,1,0,0,0,1,0,0,0,1
/media/michal/Pauli/masterdata/processed/paramtest/dt0,02_mp8000_pp0,001/annotated/rares/20140901/patrol_run_33/room_1/features/nonPlanes<pfhrgb_iss_2015-05-22_03-31-49.pcd 0.118127 0.00138733 0.00202415 5 351,85,69,60,32 101,21,13,20,13 -1 399960 260 750 -1 -1 260 750 -1 -1 399700,116,47,25,19,15,11,9,4,6,3,1,0,1,1,1,1 -1 0,116,47,25,19,15,11,9,4,6,3,1,0,1,1,1,1 -1
/media/michal/Pauli/masterdata/processed/paramtest/dt0,02_mp8000_pp0,001/annotated/rares/20140902/patrol_run_35/room_2/features/nonPlanes<pfhrgb_iss_2015-05-22_03-33-14.pcd 0.130599 0.000512567 0.00279407 6 213,77,40,31,26,23 103,46,14,20,18,12 0,0,0,0,0,0 378972 422 750 25 72 400 728 25 72 378550,259,96,36,8,6,6,5,2,2,1,0,0,0,1 0,6,12,2,1,1,1,1,0,0,0,0,0,0,1 0,237,96,36,8,6,6,5,2,2,1,0,0,0,1 0,6,12,2,1,1,1,1,0,0,0,0,0,0,1
/media/michal/Pauli/masterdata/processed/paramtest/dt0,02_mp8000_pp0,001/annotated/rares/20140902/patrol_run_38/room_0/features/nonPlanes<pfhrgb_iss_2015-05-22_03-34-47.pcd 0.141168 0.00145717 0.0018221 5 143,128,54,45,25 34,64,34,25,17 1,0,0,0,0 420420 383 750 27 101 383 750 27 101 420037,239,64,34,17,12,5,5,1,1,1,1,0,0,2,0,0,0,0,0,0,0,1 0,7,4,4,3,4,1,2,1,0,0,0,0,0,1,0,0,0,0,0,0,0,0 0,239,64,34,17,12,5,5,1,1,1,1,0,0,2,0,0,0,0,0,0,0,1 0,7,4,4,3,4,1,2,1,0,0,0,0,0,1,0,0,0,0,0,0,0,0
/media/michal/Pauli/masterdata/processed/paramtest/dt0,02_mp8000_pp0,001/annotated/rares/20140903/patrol_run_1/room_4/features/nonPlanes<pfhrgb_iss_2015-05-22_03-35-54.pcd 0.161103 0.00074859 0.00304084 6 173,54,53,30,26,24 89,24,28,21,13,15 0,0,0,0,0,0 418077 415 750 13 41 400 735 13 41 417662,245,110,23,11,11,3,6,2,2,0,1,1 0,4,3,2,1,2,0,0,0,0,0,1,0 0,230,110,23,11,11,3,6,2,2,0,1,1 0,4,3,2,1,2,0,0,0,0,0,1,0
/media/michal/Pauli/masterdata/processed/paramtest/dt0,02_mp8000_pp0,001/annotated/rares/20140903/patrol_run_10/room_2/features/nonPlanes<pfhrgb_iss_2015-05-22_03-36-58.pcd 0.144871 0.00115929 0.00182932 7 271,57,27,26,22,14,13 120,20,17,12,14,12,13 0,0,0,0,0,0,0 401082 396 750 35 122 396 750 35 122 400686,246,79,29,16,9,4,5,3,2,0,0,0,0,1,0,0,1,1 0,12,8,6,1,2,0,2,1,1,0,0,0,0,1,0,0,1,0 0,246,79,29,16,9,4,5,3,2,0,0,0,0,1,0,0,1,1 0,12,8,6,1,2,0,2,1,1,0,0,0,0,1,0,0,1,0
/media/michal/Pauli/masterdata/processed/paramtest/dt0,02_mp8000_pp0,001/annotated/rares/20140903/patrol_run_12/room_2/features/nonPlanes<pfhrgb_iss_2015-05-22_03-38-22.pcd 0.167904 0.000681661 0.00289612 10 66,55,44,43,31,31,27,23,17,16 22,33,12,32,18,13,18,13,13,14 0,0,0,0,0,0,0,0,0,0 393294 390 750 13 18 390 750 13 18 392904,231,94,19,16,7,10,7,1,1,1,0,1,1,1 0,12,0,0,0,0,1,0,0,0,0,0,0,0,0 0,231,94,19,16,7,10,7,1,1,1,0,1,1,1 0,12,0,0,0,0,1,0,0,0,0,0,0,0,0
/media/michal/Pauli/masterdata/processed/paramtest/dt0,02_mp8000_pp0,001/annotated/rares/20140903/patrol_run_14/room_1/features/nonPlanes<pfhrgb_iss_2015-05-22_03-39-03.pcd 0.161077 0.000744961 0.00172922 12 85,61,59,46,43,42,41,32,26,25,23,20 33,31,21,18,12,21,20,14,18,16,14,13 1,0,0,0,0,0,0,0,0,0,0,0 415800 389 750 17 49 389 750 17 49 415411,216,102,24,22,4,9,8,1,1,1,0,0,1 0,5,6,1,1,1,1,2,0,0,0,0,0,0 0,216,102,24,22,4,9,8,1,1,1,0,0,1 0,5,6,1,1,1,1,2,0,0,0,0,0,0
/media/michal/Pauli/masterdata/processed/paramtest/dt0,02_mp8000_pp0,001/annotated/rares/20140903/patrol_run_2/room_4/features/nonPlanes<pfhrgb_iss_2015-05-22_03-39-43.pcd 0.16959 0.00227515 0.00295352 6 126,69,65,36,31,30 53,28,38,17,19,20 1,0,0,0,0,0 397188 413 750 25 72 400 737 25 72 396775,243,91,45,11,8,7,5,1,0,1,1 0,12,5,1,1,1,1,3,0,0,0,1 0,230,91,45,11,8,7,5,1,0,1,1 0,12,5,1,1,1,1,3,0,0,0,1
/media/michal/Pauli/masterdata/processed/paramtest/dt0,02_mp8000_pp0,001/annotated/rares/20140903/patrol_run_9/room_2/features/nonPlanes<pfhrgb_iss_2015-05-22_03-41-24.pcd 0.155871 0.000526509 0.00191125 10 123,66,58,50,30,27,27,25,22,20 56,40,28,24,15,17,12,12,15,12 0,0,0,0,0,0,0,0,0,0 428340 419 750 22 69 400 731 22 69 427921,248,97,37,16,4,11,5,0,0,0,0,1 0,6,6,4,0,0,3,3,0,0,0,0,0 0,229,97,37,16,4,11,5,0,0,0,0,1 0,6,6,4,0,0,3,3,0,0,0,0,0
/media/michal/Pauli/masterdata/processed/paramtest/dt0,02_mp8000_pp0,001/annotated/rares/20140904/patrol_run_15/room_2/features/nonPlanes<pfhrgb_iss_2015-05-22_03-41-58.pcd 0.183641 0.000719336 0.00293085 6 168,46,38,34,20,18 91,24,23,14,15,14 0,0,0,0,0,0 382336 424 750 9 38 400 726 9 38 381912,254,98,34,18,10,5,1,0,3,0,0,1 0,1,4,1,0,1,0,0,0,1,0,0,1 0,230,98,34,18,10,5,1,0,3,0,0,1 0,1,4,1,0,1,0,0,0,1,0,0,1
/media/michal/Pauli/masterdata/processed/paramtest/dt0,02_mp8000_pp0,001/annotated/rares/20140905/patrol_run_17/room_2/features/nonPlanes<pfhrgb_iss_2015-05-22_03-42-53.pcd 0.136353 0.00072794 0.00282722 8 92,89,66,55,53,36,32,17 52,30,38,20,23,19,18,14 -1 404481 407 750 -1 -1 400 743 -1 -1 404074,249,81,33,20,8,8,1,1,3,3 -1 0,242,81,33,20,8,8,1,1,3,3 -1
/media/michal/Pauli/masterdata/processed/paramtest/dt0,02_mp8000_pp0,001/annotated/rares/20140905/patrol_run_19/room_1/features/nonPlanes<pfhrgb_iss_2015-05-22_03-43-36.pcd 0.154882 0.00114532 0.00299614 13 61,49,49,41,41,36,30,25,24,24,18,18,15 34,29,24,20,16,17,12,14,18,14,12,12,12 -1 388416 432 750 -1 -1 400 718 -1 -1 387984,263,96,36,18,10,5,2,1,0,0,0,0,1 -1 0,231,96,36,18,10,5,2,1,0,0,0,0,1 -1
/media/michal/Pauli/masterdata/processed/paramtest/dt0,02_mp8000_pp0,001/annotated/rares/20140905/patrol_run_21/room_2/features/nonPlanes<pfhrgb_iss_2015-05-22_03-44-16.pcd 0.16272 0.000732484 0.00191898 9 82,76,59,55,44,34,26,23,22 48,33,40,33,21,14,12,16,18 -1 401082 416 750 -1 -1 400 734 -1 -1 400666,247,97,31,15,11,9,3,2,0,1 -1 0,231,97,31,15,11,9,3,2,0,1 -1
/media/michal/Pauli/masterdata/processed/paramtest/dt0,02_mp8000_pp0,001/annotated/rares/20140905/patrol_run_23/room_2/features/nonPlanes<pfhrgb_iss_2015-05-22_03-44-59.pcd 0.172842 0.00211702 0.0028441 10 103,69,49,49,47,44,30,26,26,20 33,27,28,24,25,23,14,16,14,15 -1 392224 382 750 -1 -1 382 750 -1 -1 391842,220,74,34,27,12,8,2,1,2,1,0,0,0,1 -1 0,220,74,34,27,12,8,2,1,2,1,0,0,0,1 -1
/media/michal/Pauli/masterdata/processed/paramtest/dt0,02_mp8000_pp0,001/annotated/rares/20140905/patrol_run_25/room_1/features/nonPlanes<pfhrgb_iss_2015-05-22_03-45-43.pcd 0.140982 0.000702014 0.00286153 10 73,62,61,43,34,29,28,28,26,24 30,20,30,21,15,17,17,15,16,18 -1 397188 413 750 -1 -1 400 737 -1 -1 396775,237,102,40,14,7,5,6,1,0,0,0,0,0,0,0,0,0,1 -1 0,224,102,40,14,7,5,6,1,0,0,0,0,0,0,0,0,0,1 -1
/media/michal/Pauli/masterdata/processed/paramtest/dt0,02_mp8000_pp0,001/annotated/rares/20140905/patrol_run_27/room_2/features/nonPlanes<pfhrgb_iss_2015-05-22_03-47-26.pcd 0.147568 0.000514826 0.00185741 9 79,43,41,40,34,32,31,26,20 42,20,25,24,17,16,15,18,12 -1 409596 414 750 -1 -1 400 736 -1 -1 409182,247,90,36,16,10,8,5,1,0,1 -1 0,233,90,36,16,10,8,5,1,0,1 -1
/media/michal/Pauli/masterdata/processed/paramtest/dt0,02_mp8000_pp0,001/annotated/rares/20140905/patrol_run_29/room_2/features/nonPlanes<pfhrgb_iss_2015-05-22_03-48-59.pcd 0.14734 0.000716968 0.00191439 8 104,72,57,54,40,38,30,20 31,46,22,20,31,23,18,15 -1 383295 414 750 -1 -1 400 736 -1 -1 382881,249,79,46,19,11,4,2,3,0,0,0,1 -1 0,235,79,46,19,11,4,2,3,0,0,0,1 -1
/media/michal/Pauli/masterdata/processed/paramtest/dt0,02_mp8000_pp0,001/annotated/rares/20140905/patrol_run_30/room_1/features/nonPlanes<pfhrgb_iss_2015-05-22_03-50-43.pcd 0.141551 0.000676122 0.00259266 13 112,65,49,39,38,34,32,26,25,20,20,19,18 47,21,29,22,17,12,20,12,12,15,13,12,14 -1 382239 392 750 -1 -1 392 750 -1 -1 381847,219,101,24,22,9,8,5,0,2,0,1,1 -1 0,219,101,24,22,9,8,5,0,2,0,1,1 -1
/media/michal/Pauli/masterdata/processed/paramtest/dt0,02_mp8000_pp0,001/annotated/rares/20140905/patrol_run_30/room_7/features/nonPlanes<pfhrgb_iss_2015-05-22_03-52-16.pcd 0.158908 0.000716921 0.00303733 7 127,113,83,37,36,31,28 57,66,42,21,19,14,19 -1 381376 406 750 -1 -1 400 744 -1 -1 380970,237,83,47,18,12,4,1,2,0,0,1,0,0,0,0,1 -1 0,231,83,47,18,12,4,1,2,0,0,1,0,0,0,0,1 -1
/media/michal/Pauli/masterdata/processed/paramtest/dt0,02_mp8000_pp0,001/annotated/rares/20140908/patrol_run_32/room_2/features/nonPlanes<pfhrgb_iss_2015-05-22_03-54-06.pcd 0.141954 0.000780969 0.00261904 6 91,80,75,49,44,39 22,38,37,26,32,13 -1 404481 382 750 -1 -1 382 750 -1 -1 404099,214,85,29,25,12,9,4,1,2,0,1 -1 0,214,85,29,25,12,9,4,1,2,0,1 -1
/media/michal/Pauli/masterdata/processed/paramtest/dt0,02_mp8000_pp0,001/annotated/rares/20140908/patrol_run_34/room_2/features/nonPlanes<pfhrgb_iss_2015-05-22_03-55-59.pcd 0.145642 0.000739849 0.00256053 7 94,90,63,34,22,20,14 52,36,26,25,14,15,12 -1 404976 412 750 -1 -1 400 738 -1 -1 404564,253,78,39,20,10,4,3,2,1,1,0,0,0,1 -1 0,241,78,39,20,10,4,3,2,1,1,0,0,0,1 -1
/media/michal/Pauli/masterdata/processed/paramtest/dt0,02_mp8000_pp0,001/annotated/rares/20140908/patrol_run_36/room_3/features/nonPlanes<pfhrgb_iss_2015-05-22_03-57-28.pcd 0.13682 0.000678985 0.00192866 12 65,61,56,44,40,38,35,34,29,23,22,13 32,31,28,20,21,13,22,20,13,18,16,13 -1 369376 415 750 -1 -1 400 735 -1 -1 368961,243,91,41,21,7,6,3,2,0,1 -1 0,228,91,41,21,7,6,3,2,0,1 -1
/media/michal/Pauli/masterdata/processed/paramtest/dt0,02_mp8000_pp0,001/annotated/rares/20140908/patrol_run_38/room_2/features/nonPlanes<pfhrgb_iss_2015-05-22_03-59-07.pcd 0.139876 0.00129943 0.00179722 8 78,58,50,43,39,32,27,22 42,29,26,16,24,21,16,12 -1 406624 429 750 -1 -1 400 721 -1 -1 406195,262,85,40,24,11,4,2,0,1 -1 0,233,85,40,24,11,4,2,0,1 -1
/media/michal/Pauli/masterdata/processed/paramtest/dt0,02_mp8000_pp0,001/annotated/rares/20140908/patrol_run_39/room_3/features/nonPlanes<pfhrgb_iss_2015-05-22_04-00-47.pcd 0.149428 0.00114007 0.00305056 9 67,45,43,42,32,32,24,24,23 32,21,14,21,18,12,21,14,14 -1 397188 398 750 -1 -1 398 750 -1 -1 396790,216,99,47,18,6,4,2,3,1,1,0,1 -1 0,216,99,47,18,6,4,2,3,1,1,0,1 -1
/media/michal/Pauli/masterdata/processed/paramtest/dt0,02_mp8000_pp0,001/annotated/rares/20140908/patrol_run_41/room_3/features/nonPlanes<pfhrgb_iss_2015-05-22_04-02-19.pcd 0.194939 0.00156852 0.0022838 9 122,67,41,41,33,28,26,26,24 49,23,25,22,18,14,20,18,14 -1 379456 410 750 -1 -1 400 740 -1 -1 379046,248,84,33,23,9,4,4,2,2,0,0,1 -1 0,238,84,33,23,9,4,4,2,2,0,0,1 -1
/media/michal/Pauli/masterdata/processed/paramtest/dt0,02_mp8000_pp0,001/annotated/rares/20140908/patrol_run_43/room_3/features/nonPlanes<pfhrgb_iss_2015-05-22_04-03-58.pcd 0.207404 0.000677719 0.00401351 7 105,77,63,62,34,30,17 61,35,35,40,16,15,12 -1 399960 429 750 -1 -1 400 721 -1 -1 399531,271,91,27,17,10,6,2,2,1,0,1,1 -1 0,242,91,27,17,10,6,2,2,1,0,1,1 -1
/media/michal/Pauli/masterdata/processed/paramtest/dt0,02_mp8000_pp0,001/annotated/rares/20140908/patrol_run_45/room_2/features/nonPlanes<pfhrgb_iss_2015-05-22_04-05-43.pcd 0.173047 0.00406597 0.00217249 12 95,68,56,52,47,36,34,33,29,29,28,21 49,38,34,22,23,21,13,16,15,12,15,12 -1 388773 416 750 -1 -1 400 734 -1 -1 388357,245,93,35,21,10,7,2,3 -1 0,229,93,35,21,10,7,2,3 -1
/media/michal/Pauli/masterdata/processed/paramtest/dt0,02_mp8000_pp0,001/annotated/rares/20140908/patrol_run_47/room_3/features/nonPlanes<pfhrgb_iss_2015-05-22_04-07-17.pcd 0.220737 0.0028528 0.0029307 10 61,60,45,42,37,35,27,27,22,18 28,19,27,28,21,12,19,17,12,15 -1 395307 404 750 -1 -1 400 746 -1 -1 394903,234,94,37,14,14,4,4,0,0,1,0,0,0,1,1 -1 0,230,94,37,14,14,4,4,0,0,1,0,0,0,1,1 -1
/media/michal/Pauli/masterdata/processed/paramtest/dt0,02_mp8000_pp0,001/annotated/rares/20140909/patrol_run_49/room_3/features/nonPlanes<pfhrgb_iss_2015-05-22_04-09-02.pcd 0.135448 0.0011097 0.00279052 8 79,47,37,37,34,32,24,17 52,16,20,12,23,25,18,12 0,0,0,1,0,0,0,0 434511 424 750 11 34 400 726 11 34 434087,262,88,33,18,10,7,3,1,0,2 0,3,3,0,2,1,2,0,0,0,0 0,238,88,33,18,10,7,3,1,0,2 0,3,3,0,2,1,2,0,0,0,0
/media/michal/Pauli/masterdata/processed/paramtest/dt0,02_mp8000_pp0,001/annotated/rares/20140909/patrol_run_51/room_3/features/nonPlanes<pfhrgb_iss_2015-05-22_04-10-34.pcd 0.165816 0.00129337 0.00310708 8 119,68,59,45,43,36,25,21 51,33,30,24,17,21,19,14 0,0,0,0,0,0,0,0 698841 417 750 2 7 400 733 2 7 698424,254,91,32,16,12,6,2,1,2,0,0,0,0,0,0,0,0,1 0,0,1,0,0,1,0,0,0,0,0,0,0,0,0,0,0,0,0 0,237,91,32,16,12,6,2,1,2,0,0,0,0,0,0,0,0,1 0,0,1,0,0,1,0,0,0,0,0,0,0,0,0,0,0,0,0
/media/michal/Pauli/masterdata/processed/paramtest/dt0,02_mp8000_pp0,001/annotated/rares/20140909/patrol_run_53/room_3/features/nonPlanes<pfhrgb_iss_2015-05-22_04-12-43.pcd 0.134917 0.000752294 0.00266756 12 88,74,67,37,34,33,30,23,21,20,20,18 33,20,19,20,14,16,12,14,13,13,13,14 1,0,0,0,0,0,0,0,0,0,0,0 404481 381 750 27 77 381 750 27 77 404100,228,75,29,20,12,4,5,2,3,0,1,0,0,0,1,0,1 0,9,11,2,1,1,0,2,0,0,0,0,0,0,0,0,0,1 0,228,75,29,20,12,4,5,2,3,0,1,0,0,0,1,0,1 0,9,11,2,1,1,0,2,0,0,0,0,0,0,0,0,0,1
/media/michal/Pauli/masterdata/processed/paramtest/dt0,02_mp8000_pp0,001/annotated/rares/20140909/patrol_run_55/room_3/features/nonPlanes<pfhrgb_iss_2015-05-22_04-14-33.pcd 0.171878 0.000737303 0.00278162 10 95,61,41,40,37,30,27,25,21,16 56,36,13,29,18,15,18,14,14,14 0,0,0,0,0,0,0,0,0,0 421344 429 750 2 4 400 721 2 4 420915,261,99,33,16,9,4,3,2,1,0,0,0,1 0,1,0,1,0,0,0,0,0,0,0,0,0,0 0,232,99,33,16,9,4,3,2,1,0,0,0,1 0,1,0,1,0,0,0,0,0,0,0,0,0,0
/media/michal/Pauli/masterdata/processed/paramtest/dt0,02_mp8000_pp0,001/annotated/rares/20140909/patrol_run_59/room_3/features/nonPlanes<pfhrgb_iss_2015-05-22_04-16-26.pcd 0.184156 0.00158237 0.00296135 7 131,83,41,34,28,22,17 76,29,22,12,15,12,13 -1 432300 395 750 -1 -1 395 750 -1 -1 431905,247,61,38,23,6,10,4,3,1,1,0,0,0,1 -1 0,247,61,38,23,6,10,4,3,1,1,0,0,0,1 -1
/media/michal/Pauli/masterdata/processed/paramtest/dt0,02_mp8000_pp0,001/annotated/rares/20140909/patrol_run_61/room_3/features/nonPlanes<pfhrgb_iss_2015-05-22_04-18-26.pcd 0.171857 0.00191877 0.00247595 7 91,76,59,44,41,39,25 32,46,28,30,13,14,16 0,0,0,0,0,0,0 430122 363 750 3 5 363 750 3 5 429759,194,86,34,20,12,4,5,2,2,2,0,0,0,1,1 0,1,2,0,0,0,0,0,0,0,0,0,0,0,0,0 0,194,86,34,20,12,4,5,2,2,2,0,0,0,1,1 0,1,2,0,0,0,0,0,0,0,0,0,0,0,0,0
/media/michal/Pauli/masterdata/processed/paramtest/dt0,02_mp8000_pp0,001/annotated/rares/20140909/patrol_run_63/room_3/features/nonPlanes<pfhrgb_iss_2015-05-22_04-20-03.pcd 0.165137 0.000751987 0.00286079 10 150,72,60,50,44,42,36,35,32,24 56,39,35,26,14,18,15,15,14,12 0,0,0,0,0,0,0,0,0,0 391314 377 750 2 2 377 750 2 2 390937,211,80,33,20,19,7,3,2,0,1,0,0,0,0,0,1 0,2,0,0,0,0,0,0,0,0,0,0,0,0,0,0,0 0,211,80,33,20,19,7,3,2,0,1,0,0,0,0,0,1 0,2,0,0,0,0,0,0,0,0,0,0,0,0,0,0,0
/media/michal/Pauli/masterdata/processed/paramtest/dt0,02_mp8000_pp0,001/annotated/rares/20140910/patrol_run_67/room_3/features/nonPlanes<pfhrgb_iss_2015-05-22_04-21-55.pcd 0.150866 0.000887829 0.00218373 9 56,54,53,39,38,24,23,23,21 28,21,24,28,14,13,15,13,12 0,0,0,0,0,0,0,0,0 460647 419 750 9 25 400 731 9 25 460228,246,94,35,19,16,8,1 0,3,3,0,0,2,1,0 0,227,94,35,19,16,8,1 0,3,3,0,0,2,1,0
/media/michal/Pauli/masterdata/processed/paramtest/dt0,02_mp8000_pp0,001/annotated/rares/20140910/patrol_run_69/room_3/features/nonPlanes<pfhrgb_iss_2015-05-22_04-23-31.pcd 0.147175 0.00179144 0.00289828 8 88,84,52,51,45,31,25,19 34,39,27,25,29,21,17,13 0,0,0,0,0,0,0,0 382239 411 750 10 20 400 739 10 20 381828,237,99,29,20,15,6,3,2 0,5,2,1,2,0,0,0,0 0,226,99,29,20,15,6,3,2 0,5,2,1,2,0,0,0,0
/media/michal/Pauli/masterdata/processed/paramtest/dt0,02_mp8000_pp0,001/annotated/rares/20140910/patrol_run_71/room_3/features/nonPlanes<pfhrgb_iss_2015-05-22_04-25-01.pcd 0.150635 0.000752509 0.00205523 8 65,63,56,48,48,41,26,14 31,19,34,26,23,16,19,12 0,1,0,0,0,0,0,0 472461 421 750 13 50 400 729 13 50 472040,263,80,31,24,12,3,5,2,1 0,4,1,0,4,1,0,2,0,1 0,242,80,31,24,12,3,5,2,1 0,4,1,0,4,1,0,2,0,1
/media/michal/Pauli/masterdata/processed/paramtest/dt0,02_mp8000_pp0,001/annotated/rares/20140910/patrol_run_74/room_3/features/nonPlanes<pfhrgb_iss_2015-05-22_04-26-24.pcd 0.133754 0.000780118 0.00242368 6 200,66,62,42,38,35 85,42,41,23,16,15 0,0,0,0,0,0 426888 385 750 28 93 385 750 28 93 426503,231,75,27,24,11,6,6,0,2,1,0,0,0,0,1,1 0,12,5,3,1,1,1,3,0,0,1,0,0,0,0,0,1 0,231,75,27,24,11,6,6,0,2,1,0,0,0,0,1,1 0,12,5,3,1,1,1,3,0,0,1,0,0,0,0,0,1
/media/michal/Pauli/masterdata/processed/paramtest/dt0,02_mp8000_pp0,001/annotated/rares/20140910/patrol_run_77/room_4/features/nonPlanes<pfhrgb_iss_2015-05-22_04-27-43.pcd 0.139657 0.000523577 0.0026301 11 66,62,50,47,45,35,30,30,20,17,15 37,30,22,14,15,20,22,16,14,14,12 1,0,0,0,0,0,0,0,0,0,0 392700 409 750 18 38 400 741 18 38 392291,237,93,38,22,5,5,3,5,1 0,8,5,3,1,0,0,1,0,0 0,228,93,38,22,5,5,3,5,1 0,8,5,3,1,0,0,1,0,0
/media/michal/Pauli/masterdata/processed/paramtest/dt0,02_mp8000_pp0,001/annotated/rares/20140910/patrol_run_79/room_2/features/nonPlanes<pfhrgb_iss_2015-05-22_04-29-04.pcd 0.141255 0.000708412 0.00155007 8 105,52,46,41,35,33,26,24 33,15,13,13,15,17,16,13 0,1,0,0,0,0,0,0 393294 386 750 15 52 386 750 15 52 392908,225,84,32,23,12,0,1,2,1,2,2,1,0,0,0,0,0,0,0,0,0,0,1 0,3,4,1,3,3,0,0,0,0,0,1,0,0,0,0,0,0,0,0,0,0,0,0 0,225,84,32,23,12,0,1,2,1,2,2,1,0,0,0,0,0,0,0,0,0,0,1 0,3,4,1,3,3,0,0,0,0,0,1,0,0,0,0,0,0,0,0,0,0,0,0
/media/michal/Pauli/masterdata/processed/paramtest/dt0,02_mp8000_pp0,001/annotated/rares/20140910/patrol_run_81/room_2/features/nonPlanes<pfhrgb_iss_2015-05-22_04-29-37.pcd 0.140657 0.000712845 0.00197178 9 119,82,70,69,64,60,55,32,25 44,32,19,29,27,27,30,16,16 0,0,0,0,0,0,0,0,0 377600 345 750 4 7 345 750 4 7 377255,182,71,38,19,10,9,9,1,2,2,1,1 0,3,0,0,1,0,0,0,0,0,0,0,0 0,182,71,38,19,10,9,9,1,2,2,1,1 0,3,0,0,1,0,0,0,0,0,0,0,0
/media/michal/Pauli/masterdata/processed/paramtest/dt0,02_mp8000_pp0,001/annotated/rares/20140911/patrol_run_82/room_3/features/nonPlanes<pfhrgb_iss_2015-05-22_04-30-56.pcd 0.144387 0.000805658 0.00293239 9 95,52,51,36,34,31,30,26,24 39,21,21,19,15,16,16,15,15 1,0,0,0,0,0,0,0,0 449592 419 750 20 66 400 731 20 66 449173,259,82,34,23,7,5,6,2,0,1 0,6,3,2,5,0,0,4,0,0,0 0,240,82,34,23,7,5,6,2,0,1 0,6,3,2,5,0,0,4,0,0,0
/media/michal/Pauli/masterdata/processed/paramtest/dt0,02_mp8000_pp0,001/annotated/rares/20140911/patrol_run_84/room_3/features/nonPlanes<pfhrgb_iss_2015-05-22_04-31-46.pcd 0.153617 0.00123176 0.00246332 8 88,72,72,56,53,47,31,29 23,42,27,32,22,31,20,17 0,0,1,0,0,0,0,0 388773 405 750 18 48 400 745 18 48 388368,247,80,34,19,12,6,1,1,3,0,0,1,0,0,1 0,5,5,3,3,1,0,1,0,0,0,0,0,0,0,0 0,242,80,34,19,12,6,1,1,3,0,0,1,0,0,1 0,5,5,3,3,1,0,1,0,0,0,0,0,0,0,0
/media/michal/Pauli/masterdata/processed/paramtest/dt0,02_mp8000_pp0,001/annotated/rares/20140911/patrol_run_88/room_3/features/nonPlanes<pfhrgb_iss_2015-05-22_04-32-29.pcd 0.15061 0.000636843 0.00162065 9 91,69,50,45,45,45,38,34,31 46,42,19,26,20,18,22,13,17 -1 393294 398 750 -1 -1 398 750 -1 -1 392896,235,82,33,23,11,4,7,0,0,2,0,1 -1 0,235,82,33,23,11,4,7,0,0,2,0,1 -1
/media/michal/Pauli/masterdata/processed/paramtest/dt0,02_mp8000_pp0,001/annotated/rares/20140911/patrol_run_90/room_3/features/nonPlanes<pfhrgb_iss_2015-05-22_04-33-05.pcd 0.125953 0.000517014 0.00211329 8 183,72,57,54,53,45,32,22 85,21,18,27,15,31,19,15 0,0,0,0,0,0,0,0 393822 368 750 34 94 368 750 34 94 393454,204,86,34,13,11,5,6,2,2,2,1,0,1,0,1 0,15,7,2,3,1,1,4,1,0,0,0,0,0,0,0 0,204,86,34,13,11,5,6,2,2,2,1,0,1,0,1 0,15,7,2,3,1,1,4,1,0,0,0,0,0,0,0
/media/michal/Pauli/masterdata/processed/paramtest/dt0,02_mp8000_pp0,001/annotated/rares/20140911/patrol_run_92/room_3/features/nonPlanes<pfhrgb_iss_2015-05-22_04-33-40.pcd 0.138995 0.000546088 0.00183296 10 82,64,55,52,47,45,35,31,26,22 45,20,20,36,15,22,13,17,12,13 0,1,0,0,0,0,0,0,0,0 396032 393 750 20 64 393 750 20 64 395639,214,109,24,23,7,5,5,4,0,1,0,1 0,5,6,2,2,1,0,4,0,0,0,0,0 0,214,109,24,23,7,5,5,4,0,1,0,1 0,5,6,2,2,1,0,4,0,0,0,0,0
/media/michal/Pauli/masterdata/processed/paramtest/dt0,02_mp8000_pp0,001/annotated/rares/20140912/patrol_run_100/room_3/features/nonPlanes<pfhrgb_iss_2015-05-22_04-34-14.pcd 0.151554 0.000730024 0.00313576 11 100,38,36,35,35,34,34,32,28,26,21 30,17,17,23,20,19,19,23,18,15,14 1,0,0,0,0,0,0,0,0,0,0 369376 413 750 12 57 400 737 12 57 368963,257,87,30,19,4,3,6,2,2,0,1,0,0,2 0,5,2,0,1,0,0,1,0,1,0,0,0,0,2 0,244,87,30,19,4,3,6,2,2,0,1,0,0,2 0,5,2,0,1,0,0,1,0,1,0,0,0,0,2
/media/michal/Pauli/masterdata/processed/paramtest/dt0,02_mp8000_pp0,001/annotated/rares/20140912/patrol_run_102/room_3/features/nonPlanes<pfhrgb_iss_2015-05-22_04-35-16.pcd 0.149049 0.000764983 0.0029503 10 103,86,72,40,39,29,26,24,22,14 54,35,39,24,22,14,12,14,14,12 0,0,0,0,0,0,0,0,0,0 441664 423 750 18 40 400 727 18 40 441241,243,101,48,10,11,6,2,2 0,10,3,2,0,2,0,0,1 0,220,101,48,10,11,6,2,2 0,10,3,2,0,2,0,0,1
/media/michal/Pauli/masterdata/processed/paramtest/dt0,02_mp8000_pp0,001/annotated/rares/20140912/patrol_run_104/room_3/features/nonPlanes<pfhrgb_iss_2015-05-22_04-36-08.pcd 0.154569 0.000747357 0.00233926 11 74,71,49,48,48,40,25,24,23,22,22 29,34,28,28,23,13,13,14,15,16,13 0,0,0,0,0,0,0,0,0,0,0 386496 419 750 11 38 400 731 11 38 386077,254,95,28,18,11,6,1,5,0,0,0,1 0,5,1,0,1,1,1,0,2,0,0,0,0 0,235,95,28,18,11,6,1,5,0,0,0,1 0,5,1,0,1,1,1,0,2,0,0,0,0
/media/michal/Pauli/masterdata/processed/paramtest/dt0,02_mp8000_pp0,001/annotated/rares/20140912/patrol_run_94/room_3/features/nonPlanes<pfhrgb_iss_2015-05-22_04-36-50.pcd 0.148316 0.000784066 0.00263 9 52,52,37,36,34,33,25,23,18 30,19,24,16,23,18,17,14,16 0,1,0,0,0,0,0,0,0 431244 419 750 13 36 400 731 13 36 430825,249,89,40,21,7,9,3,0,1 0,4,3,2,1,2,1,0,0,0 0,230,89,40,21,7,9,3,0,1 0,4,3,2,1,2,1,0,0,0
/media/michal/Pauli/masterdata/processed/paramtest/dt0,02_mp8000_pp0,001/annotated/rares/20140912/patrol_run_96/room_2/features/nonPlanes<pfhrgb_iss_2015-05-22_04-37-31.pcd 0.153665 0.000504743 0.00231988 9 93,58,50,49,33,32,28,27,16 32,24,24,19,14,20,15,17,14 1,0,0,0,0,0,0,0,0 375144 376 750 17 52 376 750 17 52 374768,198,89,37,27,11,6,3,3,1,1 0,5,4,1,3,1,2,1,0,0,0 0,198,89,37,27,11,6,3,3,1,1 0,5,4,1,3,1,2,1,0,0,0
/media/michal/Pauli/masterdata/processed/paramtest/dt0,02_mp8000_pp0,001/annotated/rares/20140912/patrol_run_98/room_3/features/nonPlanes<pfhrgb_iss_2015-05-22_04-38-23.pcd 0.167438 0.00140008 0.00285787 9 70,67,58,43,26,26,21,21,13 37,25,26,15,15,13,12,12,12 0,1,0,0,0,0,0,0,0 385506 415 750 13 39 400 735 13 39 385091,250,88,35,21,7,6,5,1,1,0,0,1 0,5,4,0,0,1,0,3,0,0,0,0,0 0,235,88,35,21,7,6,5,1,1,0,0,1 0,5,4,0,0,1,0,3,0,0,0,0,0
/media/michal/Pauli/masterdata/processed/paramtest/dt0,02_mp8000_pp0,001/annotated/rares/20140921/patrol_run_110/room_2/features/nonPlanes<pfhrgb_iss_2015-05-22_04-39-11.pcd 0.0864898 0.000660446 0.00239205 3 324,163,133 111,65,39 -1 392224 273 750 -1 -1 273 750 -1 -1 391951,123,56,30,18,15,9,3,5,4,2,2,2,0,0,3,1 -1 0,123,56,30,18,15,9,3,5,4,2,2,2,0,0,3,1 -1
/media/michal/Pauli/masterdata/processed/paramtest/dt0,02_mp8000_pp0,001/annotated/rares/20140921/patrol_run_112/room_2/features/nonPlanes<pfhrgb_iss_2015-05-22_04-40-50.pcd 0.176407 0.000702942 0.00207611 8 87,68,52,46,43,41,26,18 47,13,30,23,15,21,15,12 -1 408408 388 750 -1 -1 388 750 -1 -1 408020,242,66,25,21,17,3,7,4,1,0,1,0,1 -1 0,242,66,25,21,17,3,7,4,1,0,1,0,1 -1
/media/michal/Pauli/masterdata/processed/paramtest/dt0,02_mp8000_pp0,001/annotated/rares/20140921/patrol_run_114/room_1/features/nonPlanes<pfhrgb_iss_2015-05-22_04-42-22.pcd 0.169993 0.00189466 0.00162621 10 74,67,57,47,45,33,30,28,24,22 34,37,23,14,14,17,12,12,14,13 -1 410652 390 750 -1 -1 390 750 -1 -1 410262,219,83,41,20,9,13,2,2,1 -1 0,219,83,41,20,9,13,2,2,1 -1
/media/michal/Pauli/masterdata/processed/paramtest/dt0,02_mp8000_pp0,001/annotated/rares/20140922/patrol_run_116/room_2/features/nonPlanes<pfhrgb_iss_2015-05-22_04-43-08.pcd 0.159345 0.000733763 0.00180478 9 117,67,57,51,47,41,39,39,28 75,36,28,21,14,18,18,15,15 -1 409959 408 750 -1 -1 400 742 -1 -1 409551,229,105,37,12,12,5,4,3,0,1 -1 0,221,105,37,12,12,5,4,3,0,1 -1
/media/michal/Pauli/masterdata/processed/paramtest/dt0,02_mp8000_pp0,001/annotated/rares/20140922/patrol_run_118/room_2/features/nonPlanes<pfhrgb_iss_2015-05-22_04-44-05.pcd 0.135282 0.00104277 0.00288576 8 121,69,67,60,45,33,24,19 56,40,26,22,26,16,16,12 -1 403293 393 750 -1 -1 393 750 -1 -1 402900,233,75,31,25,14,8,3,2,1,1 -1 0,233,75,31,25,14,8,3,2,1,1 -1
/media/michal/Pauli/masterdata/processed/paramtest/dt0,02_mp8000_pp0,001/annotated/rares/20140922/patrol_run_120/room_1/features/nonPlanes<pfhrgb_iss_2015-05-22_04-44-43.pcd 0.148945 0.000793909 0.00336803 7 115,53,52,51,48,42,28 54,27,27,36,21,21,14 -1 407808 418 750 -1 -1 400 732 -1 -1 407390,243,100,34,19,9,9,3,0,1 -1 0,225,100,34,19,9,9,3,0,1 -1
/media/michal/Pauli/masterdata/processed/paramtest/dt0,02_mp8000_pp0,001/annotated/rares/20140922/patrol_run_124/room_2/features/nonPlanes<pfhrgb_iss_2015-05-22_04-46-08.pcd 0.165992 0.00101628 0.00176066 7 93,61,44,30,30,26,25 44,33,19,18,13,16,16 -1 459030 401 750 -1 -1 400 749 -1 -1 458629,224,94,41,22,5,9,4,1,0,0,0,1 -1 0,223,94,41,22,5,9,4,1,0,0,0,1 -1
/media/michal/Pauli/masterdata/processed/paramtest/dt0,02_mp8000_pp0,001/annotated/rares/20140922/patrol_run_126/room_2/features/nonPlanes<pfhrgb_iss_2015-05-22_04-47-23.pcd 0.144881 0.000799792 0.00285298 8 146,71,45,34,32,25,24,21 57,43,21,19,15,15,18,15 -1 407456 422 750 -1 -1 400 728 -1 -1 407034,257,100,30,12,7,6,5,1,0,3,1 -1 0,235,100,30,12,7,6,5,1,0,3,1 -1
/media/michal/Pauli/masterdata/processed/paramtest/dt0,02_mp8000_pp0,001/annotated/rares/20140922/patrol_run_128/room_2/features/nonPlanes<pfhrgb_iss_2015-05-22_04-49-21.pcd 0.159723 0.000816857 0.00296762 7 99,73,57,52,35,21,18 55,32,25,29,19,16,12 -1 391072 418 750 -1 -1 400 732 -1 -1 390654,257,85,34,17,12,5,6,1,0,0,0,0,1 -1 0,239,85,34,17,12,5,6,1,0,0,0,0,1 -1
/media/michal/Pauli/masterdata/processed/paramtest/dt0,02_mp8000_pp0,001/annotated/rares/20140922/patrol_run_130/room_2/features/nonPlanes<pfhrgb_iss_2015-05-22_04-50-13.pcd 0.148109 0.00224301 0.00215433 4 107,99,57,34 72,65,29,13 -1 419200 436 750 -1 -1 400 714 -1 -1 418764,279,91,32,14,8,4,2,2,2,0,0,1,1 -1 0,243,91,32,14,8,4,2,2,2,0,0,1,1 -1
/media/michal/Pauli/masterdata/processed/paramtest/dt0,02_mp8000_pp0,001/annotated/rares/20140922/patrol_run_132/room_1/features/nonPlanes<pfhrgb_iss_2015-05-22_04-50-48.pcd 0.15021 0.000666787 0.00183204 11 141,60,58,37,32,32,31,29,21,20,19 84,34,26,12,16,13,16,15,12,15,12 -1 397188 416 750 -1 -1 400 734 -1 -1 396772,250,82,47,15,11,2,4,5 -1 0,234,82,47,15,11,2,4,5 -1
/media/michal/Pauli/masterdata/processed/paramtest/dt0,02_mp8000_pp0,001/annotated/rares/20140922/patrol_run_134/room_2/features/nonPlanes<pfhrgb_iss_2015-05-22_04-51-33.pcd 0.156949 0.000706204 0.00283989 11 96,50,41,35,33,32,27,27,21,19,18 44,24,19,19,22,15,16,14,12,13,12 -1 400554 417 750 -1 -1 400 733 -1 -1 400137,252,90,35,21,7,3,5,2,0,1,0,0,0,0,1 -1 0,235,90,35,21,7,3,5,2,0,1,0,0,0,0,1 -1
/media/michal/Pauli/masterdata/processed/paramtest/dt0,02_mp8000_pp0,001/annotated/rares/20140922/patrol_run_138/room_2/features/nonPlanes<pfhrgb_iss_2015-05-22_04-52-23.pcd 0.15923 0.00241348 0.00309177 11 73,67,66,48,45,37,36,31,21,18,18 28,30,40,14,22,15,17,15,13,15,12 -1 408408 397 750 -1 -1 397 750 -1 -1 408011,221,93,42,17,12,4,4,2,0,1,1 -1 0,221,93,42,17,12,4,4,2,0,1,1 -1
/media/michal/Pauli/masterdata/processed/paramtest/dt0,02_mp8000_pp0,001/annotated/rares/20140923/patrol_run_139/room_2/features/nonPlanes<pfhrgb_iss_2015-05-22_04-53-50.pcd 0.138327 0.000875604 0.00293603 6 95,89,72,58,57,28 59,51,33,32,32,13 -1 392224 420 750 -1 -1 400 730 -1 -1 391804,259,86,33,17,13,5,3,1,2,1 -1 0,239,86,33,17,13,5,3,1,2,1 -1
/media/michal/Pauli/masterdata/processed/paramtest/dt0,02_mp8000_pp0,001/annotated/rares/20140923/patrol_run_141/room_2/features/nonPlanes<pfhrgb_iss_2015-05-22_04-54-30.pcd 0.142178 0.0013193 0.00242906 9 138,82,57,54,36,35,35,34,28 57,41,28,37,16,26,15,18,19 -1 407286 409 750 -1 -1 400 741 -1 -1 406877,247,92,29,14,7,11,2,4,1,2 -1 0,238,92,29,14,7,11,2,4,1,2 -1
/media/michal/Pauli/masterdata/processed/paramtest/dt0,02_mp8000_pp0,001/annotated/rares/20140923/patrol_run_144/room_2/features/nonPlanes<pfhrgb_iss_2015-05-22_04-56-01.pcd 0.137547 0.00133014 0.00269165 8 121,48,31,30,29,29,21,21 51,21,15,17,15,14,13,12 -1 375744 389 750 -1 -1 389 750 -1 -1 375355,225,76,39,21,17,3,2,4,1,0,0,0,0,1 -1 0,225,76,39,21,17,3,2,4,1,0,0,0,0,1 -1
/media/michal/Pauli/masterdata/processed/paramtest/dt0,02_mp8000_pp0,001/annotated/rares/20140923/patrol_run_146/room_2/features/nonPlanes<pfhrgb_iss_2015-05-22_04-56-39.pcd 0.138753 0.000827578 0.00271625 8 74,58,58,45,37,28,23,18 27,41,25,20,21,14,13,13 -1 380688 399 750 -1 -1 399 750 -1 -1 380289,236,84,28,20,17,7,4,2,0,0,1 -1 0,236,84,28,20,17,7,4,2,0,0,1 -1
/media/michal/Pauli/masterdata/processed/paramtest/dt0,02_mp8000_pp0,001/annotated/rares/20140923/patrol_run_148/room_2/features/nonPlanes<pfhrgb_iss_2015-05-22_04-57-17.pcd 0.143485 0.000704203 0.00265231 10 57,56,43,35,34,31,30,24,20,20 32,23,28,20,22,24,16,12,14,12 -1 391545 402 750 -1 -1 400 748 -1 -1 391143,241,89,29,12,15,7,4,1,1,1,1,0,1 -1 0,239,89,29,12,15,7,4,1,1,1,1,0,1 -1
/media/michal/Pauli/masterdata/processed/paramtest/dt0,02_mp8000_pp0,001/annotated/rares/20140923/patrol_run_150/room_2/features/nonPlanes<pfhrgb_iss_2015-05-22_04-58-20.pcd 0.161203 0.000509574 0.00211606 7 102,89,43,41,38,36,34 46,37,24,16,16,20,13 -1 368448 386 750 -1 -1 386 750 -1 -1 368062,224,77,38,17,13,8,3,2,1,2,1 -1 0,224,77,38,17,13,8,3,2,1,2,1 -1
/media/michal/Pauli/masterdata/processed/paramtest/dt0,02_mp8000_pp0,001/annotated/rares/20140924/patrol_run_152/room_2/features/nonPlanes<pfhrgb_iss_2015-05-22_04-59-39.pcd 0.142599 0.000684792 0.00317187 9 73,67,63,56,50,30,28,25,14 35,31,26,34,19,12,17,12,12 -1 365568 408 750 -1 -1 400 742 -1 -1 365160,247,82,33,21,10,4,7,3,1 -1 0,239,82,33,21,10,4,7,3,1 -1
/media/michal/Pauli/masterdata/processed/paramtest/dt0,02_mp8000_pp0,001/annotated/rares/20140924/patrol_run_156/room_2/features/nonPlanes<pfhrgb_iss_2015-05-22_05-00-21.pcd 0.148031 0.00141933 0.00254596 8 99,94,50,45,35,33,31,26 51,46,17,26,15,19,17,13 -1 369600 402 750 -1 -1 400 748 -1 -1 369198,231,92,38,17,9,8,3,0,2,1,1 -1 0,229,92,38,17,9,8,3,0,2,1,1 -1
/media/michal/Pauli/masterdata/processed/paramtest/dt0,02_mp8000_pp0,001/annotated/rares/20140924/patrol_run_158/room_1/features/nonPlanes<pfhrgb_iss_2015-05-22_05-01-59.pcd 0.15842 0.00074618 0.00276397 9 63,58,55,34,31,29,26,20,17 29,28,32,20,12,22,15,15,13 -1 379962 395 750 -1 -1 395 750 -1 -1 379567,236,85,28,17,9,8,3,4,4,1 -1 0,236,85,28,17,9,8,3,4,4,1 -1
/media/michal/Pauli/masterdata/processed/paramtest/dt0,02_mp8000_pp0,001/annotated/rares/20140924/patrol_run_162/room_2/features/nonPlanes<pfhrgb_iss_2015-05-22_05-02-49.pcd 0.188537 0.00251865 0.00327166 9 80,79,48,39,38,33,28,24,19 45,37,13,22,16,12,12,18,15 -1 410816 400 750 -1 -1 400 750 -1 -1 410416,229,92,39,16,9,7,6,0,0,1,0,0,0,0,0,0,1 -1 0,229,92,39,16,9,7,6,0,0,1,0,0,0,0,0,0,1 -1
/media/michal/Pauli/masterdata/processed/paramtest/dt0,02_mp8000_pp0,001/annotated/rares/20140924/patrol_run_164/room_1/features/nonPlanes<pfhrgb_iss_2015-05-22_05-03-36.pcd 0.162942 0.00142976 0.00167744 8 88,74,61,34,32,26,23,20 37,30,21,19,20,17,15,15 -1 394284 402 750 -1 -1 400 748 -1 -1 393882,232,86,43,17,13,3,4,0,3,0,1 -1 0,230,86,43,17,13,3,4,0,3,0,1 -1
/media/michal/Pauli/masterdata/processed/paramtest/dt0,02_mp8000_pp0,001/annotated/rares/20140924/patrol_run_166/room_2/features/nonPlanes<pfhrgb_iss_2015-05-22_05-04-30.pcd 0.188593 0.00074293 0.00301988 11 70,59,52,51,50,38,37,34,30,21,18 32,27,18,17,22,20,16,15,18,16,12 -1 378378 393 750 -1 -1 393 750 -1 -1 377985,229,82,36,17,13,8,3,3,1,0,0,0,0,1 -1 0,229,82,36,17,13,8,3,3,1,0,0,0,0,1 -1
