#/home/michal/Dropbox/study/university/kth/thesis/data/features/ds0,02/ds0_02mp_4500/fixed_featuredata_shot_iss_2015-05-18_22-24-43.txt
102010 1639 4.05193 0.256843
109835 1807 4.42614 0.25257
123127 1963 5.03523 0.270535
116483 1834 4.72873 0.268796
108121 1694 4.41338 0.244475
111945 1659 4.92 0.23942
105553 1668 4.43799 0.251535
109855 1730 3.69097 0.237726
112963 1587 4.75323 0.300826
110103 1664 4.47692 0.139257
88312 1419 3.83875 0.224414
116662 1766 5.00695 0.249465
87263 1546 3.40213 0.196631
104637 1571 4.61657 0.231427
121259 1939 5.20485 0.272205
111477 1792 4.50917 0.248033
103656 1780 4.51716 0.263049
111450 1753 5.04006 0.285833
114952 1830 5.43072 0.189145
111378 1690 3.84716 0.240048
116796 1791 4.82766 0.276099
110757 1759 4.24406 0.250357
97363 1620 4.43363 0.221961
103657 1698 4.92064 0.292389
99437 1628 4.61704 0.266268
100116 1547 4.46146 0.215392
108918 1645 4.51564 0.2374
121625 1852 5.17311 0.263572
120407 1948 4.89096 0.272446
138698 2049 6.1525 0.28886
125876 1891 5.57786 0.275467
113307 1657 4.95774 0.276291
119699 1793 5.1919 0.287034
107409 1732 4.87985 0.296732
134418 2025 7.10753 0.359473
128076 1900 5.94392 0.289724
116804 1791 5.14313 0.249972
113660 1773 4.66628 0.244004
112820 1799 4.66398 0.263319
111055 1722 4.62 0.255624
111470 1765 5.55943 0.285443
100306 1499 4.5162 0.211971
113638 1660 4.82197 0.238248
123943 1781 5.24938 0.257309
112465 1714 4.71051 0.240857
107682 1703 4.39143 0.232582
98357 1579 3.97567 0.211524
100804 1522 4.22376 0.211453
98687 1587 3.95967 0.215686
105390 1664 4.23515 0.231698
100233 1571 4.05774 0.212442
108940 1754 4.38309 0.239195
114703 1732 4.75242 0.248666
103692 1721 4.05544 0.22738
86723 1360 3.40192 0.194229
103871 1584 4.26949 0.219801
106758 1743 4.22827 0.2284
112226 1764 4.60825 0.240704
108412 1745 4.34962 0.235281
109985 1775 4.61679 0.24151
104222 1571 4.31195 0.288718
109381 1665 4.53053 0.226299
103816 1618 4.27958 0.22195
107534 1618 4.35792 0.222974
103972 1697 4.17699 0.22445
119683 1818 4.93965 0.259629
131499 1999 5.76916 0.306095
165842 2582 6.40895 0.35996
114414 1805 4.78776 0.338909
123957 1939 5.22104 0.272615
131647 2065 6.28136 0.287143
123074 1938 5.36426 0.302819
124325 1915 5.15077 0.271589
106203 1628 4.47043 0.226256
104634 1541 4.3505 0.226714
131024 2066 5.68294 0.309424
109154 1825 3.58125 0.264577
97805 1634 3.08619 0.101852
101365 1583 4.08837 0.214492
102928 1691 4.22345 0.224927
97259 1664 3.98945 0.210134
90244 1445 3.72251 0.212199
92543 1539 3.10785 0.199619
108519 1767 4.41662 0.241792
94057 1507 3.87329 0.205246
97442 1522 3.88847 0.202895
#/home/michal/Dropbox/study/university/kth/thesis/data/features/ds0,02/ds0_02/fixed_featuredata_shot_iss_2015-05-19_00-22-11.txt
179969 2631 8.15239 0.50031
179282 2569 8.23796 0.409969
173730 2404 7.51503 0.188744
165436 2319 7.23353 0.349022
180856 2474 8.79121 0.272629
155260 2209 6.9746 0.345641
156493 2323 6.68266 0.358843
181244 2540 8.16537 0.333092
154201 2309 6.50621 0.342694
180969 2571 8.35238 0.425905
181125 2587 7.93793 0.433799
163464 2503 6.87987 0.241585
176977 2499 8.04134 0.42008
180957 2478 8.241 0.235474
166202 2377 7.00394 0.390767
154682 2282 6.39584 0.358509
156894 2376 7.14271 0.37751
154769 2314 6.97976 0.191086
180100 2529 8.3596 0.294777
172683 2370 8.22511 0.216588
172669 2424 8.21826 0.275574
169346 2332 7.85304 0.421225
174389 2404 8.56319 0.355791
181428 2577 7.97253 0.204519
175098 2459 7.75328 0.226198
182305 2538 7.81382 0.198551
180496 2497 7.78919 0.254397
168815 2350 7.3801 0.38268
169998 2399 7.22383 0.379519
183763 2575 7.9136 0.419972
179659 2610 7.83316 0.415726
177383 2402 8.05434 0.257573
182294 2473 8.36194 0.366936
180307 2436 8.28767 0.303493
168079 2382 7.2357 0.388123
168971 2325 7.37357 0.234428
161335 2286 6.98676 0.385993
182781 2534 9.00168 0.309442
177748 2505 7.72891 0.322219
162211 2308 7.26901 0.375379
154963 2252 7.03289 0.278423
181881 2453 8.63402 0.435501
176886 2458 7.58617 0.423651
172355 2450 7.83168 0.227332
177767 2382 8.21695 0.37856
186877 2591 8.24406 0.277238
180372 2473 8.14698 0.424608
179332 2464 8.29511 0.407825
180983 2414 8.61465 0.530194
191333 2716 8.7479 0.302289
179947 2405 7.6324 0.319949
176945 2467 7.48077 0.400897
178782 2482 8.28806 0.535305
175827 2540 7.66369 0.42147
184913 2593 8.37939 0.419797
179065 2421 7.72061 0.421661
179432 2522 7.82568 0.287383
183873 2672 8.10269 0.434955
175824 2445 7.99294 0.318797
149921 2414 6.11965 0.356128
157530 2521 6.62635 0.378946
153307 2460 6.83439 0.258177
153230 2406 6.47442 0.382719
156474 2450 7.1749 0.280618
159357 2418 6.67661 0.40302
