obj_search:
  camera_z: 1.7
  ceiling_z: 2.27
  floor_z: 0
  object_query: {K: 5}
  processed_data_dir: /home/michal/Downloads/pcddata/processed/
  raw_data_dir: /media/michal/Pauli/masterdata/raw/
object_query: {K: 5, cluster_maxsize: 500, cluster_minsize: 12, cluster_tolerance: 0.2,
  clusters_to_results: true, extract_mult: 1.3, match: nonPlanes<shotcolor_uniform,
  n_max_points: 200, output_dir: 'NULL', query_features: '/home/michal/Downloads/pcddata/processed/query/queryobjects/0,01/chair1/features/rgb_0015_label_chair1<shotcolor_uniform_2015-05-26_14-46-03.pcd',
  results_out: '/home/michal/Downloads/pcddata/processed/query/k5_mx200_t0,2/dt0,02_mp8000_pp0,001',
  subdirs: 4, target_features: '/home/michal/Downloads/pcddata/processed/paramtest/dt0,02_mp8000_pp0,001',
  x_step_hough: 0.05, y_step_hough: 0.05, z_step_hough: 0.05}
rosdistro: 'indigo

  '
roslaunch:
  uris: {host_tycho__46502: 'http://tycho:46502/'}
rosversion: '1.11.10

  '
run_id: 5d1df346-0834-11e5-873d-3c970e77227e
BEGIN_DATA
# fname t_query t_hough t_cluster cluster_n cluster_scores cluster_points cluster_inobb n_hough_tot nonzero_hough hough_votes boxpts boxvotes maxpts maxvotes maxboxpts maxboxvotes hough_hist box_hist max_hist boxmax_hist
/home/michal/Downloads/pcddata/processed/paramtest/dt0,02_mp8000_pp0,001/annotated/rares/20140820/patrol_run_2/room_1/features/nonPlanes<shotcolor_uniform_2015-05-21_19-15-45.pcd 35.846 0.00113824 0.00159168 2 96,73 18,15 0,0 449955 1091 1860 47 110 200 805 15 70 448864,727,191,79,43,19,12,5,5,5,3,1,0,0,1 0,24,9,3,6,1,1,1,1,1,0,0,0,0,0 0,0,27,79,43,19,12,5,5,5,3,1,0,0,1 0,0,1,3,6,1,1,1,1,1,0,0,0,0,0
/home/michal/Downloads/pcddata/processed/paramtest/dt0,02_mp8000_pp0,001/annotated/rares/20140820/patrol_run_4/room_0/features/nonPlanes<shotcolor_uniform_2015-05-21_19-15-48.pcd 33.0239 0.00101077 0.0014088 3 192,78,57 42,18,16 1,0,0 424446 1150 1860 76 226 200 765 42 187 423296,805,190,77,24,23,11,8,5,4,1,0,1,1 0,29,12,12,5,9,4,1,2,0,0,0,1,1 0,0,45,77,24,23,11,8,5,4,1,0,1,1 0,0,7,12,5,9,4,1,2,0,0,0,1,1
/home/michal/Downloads/pcddata/processed/paramtest/dt0,02_mp8000_pp0,001/annotated/rares/20140828/patrol_run_19/room_3/features/nonPlanes<shotcolor_uniform_2015-05-21_19-15-50.pcd 32.601 0.00200056 0.00102493 3 191,109,97 38,27,25 0,0,0 445269 1130 1860 42 59 200 774 8 22 444139,774,194,68,49,18,11,6,3,2,0,3,1,1 0,31,6,4,1,0,0,0,0,0,0,0,0,0 0,0,38,68,49,18,11,6,3,2,0,3,1,1 0,0,3,4,1,0,0,0,0,0,0,0,0,0
/home/michal/Downloads/pcddata/processed/paramtest/dt0,02_mp8000_pp0,001/annotated/rares/20140829/patrol_run_20/room_3/features/nonPlanes<shotcolor_uniform_2015-05-21_19-15-52.pcd 32.7191 0.00116126 0.00132221 5 217,75,60,59,59 34,19,17,13,13 0,0,0,1,0 461736 1094 1860 43 85 200 821 10 40 460642,749,189,72,27,24,8,6,4,4,6,2,1,0,0,0,1,0,0,0,0,1 0,21,13,3,3,2,0,1,0,0,0,0,0,0,0,0,0,0,0,0,0,0 0,0,44,72,27,24,8,6,4,4,6,2,1,0,0,0,1,0,0,0,0,1 0,0,1,3,3,2,0,1,0,0,0,0,0,0,0,0,0,0,0,0,0,0
/home/michal/Downloads/pcddata/processed/paramtest/dt0,02_mp8000_pp0,001/annotated/rares/20140829/patrol_run_26/room_2/features/nonPlanes<shotcolor_uniform_2015-05-21_19-15-55.pcd 31.9953 0.000984283 0.0010084 4 183,102,66,44 35,23,17,12 1,0,0,0 404481 1100 1860 97 284 200 809 42 210 403381,749,176,73,45,25,13,8,5,3,1,1,0,1 0,36,20,10,10,8,4,3,3,2,0,1,0,0 0,0,25,73,45,25,13,8,5,3,1,1,0,1 0,0,1,10,10,8,4,3,3,2,0,1,0,0
/home/michal/Downloads/pcddata/processed/paramtest/dt0,02_mp8000_pp0,001/annotated/rares/20140901/patrol_run_27/room_2/features/nonPlanes<shotcolor_uniform_2015-05-21_19-15-56.pcd 31.3028 0.000883017 0.00147184 1 266 47 1 424710 1088 1860 84 317 200 829 48 267 423622,745,177,66,37,24,17,7,6,1,3,3,2 0,22,17,7,13,8,5,1,3,0,3,3,2 0,0,34,66,37,24,17,7,6,1,3,3,2 0,0,3,7,13,8,5,1,3,0,3,3,2
/home/michal/Downloads/pcddata/processed/paramtest/dt0,02_mp8000_pp0,001/annotated/rares/20140901/patrol_run_31/room_2/features/nonPlanes<shotcolor_uniform_2015-05-21_19-15-57.pcd 30.1842 0.00100662 0.00123694 2 262,189 40,32 0,0 456456 973 1860 3 4 200 961 0 0 455483,647,154,73,35,12,11,10,4,8,7,4,1,2,1,1,0,0,0,1,0,0,1,0,1 0,2,1,0,0,0,0,0,0,0,0,0,0,0,0,0,0,0,0,0,0,0,0,0,0 0,0,28,73,35,12,11,10,4,8,7,4,1,2,1,1,0,0,0,1,0,0,1,0,1 0,0,0,0,0,0,0,0,0,0,0,0,0,0,0,0,0,0,0,0,0,0,0,0,0
/home/michal/Downloads/pcddata/processed/paramtest/dt0,02_mp8000_pp0,001/annotated/rares/20140901/patrol_run_32/room_2/features/nonPlanes<shotcolor_uniform_2015-05-21_19-15-59.pcd 32.5003 0.000971007 0.00138094 2 158,87 24,15 1,0 449592 1117 1860 29 157 200 842 21 149 448475,816,159,61,25,19,9,7,5,2,1,4,2,3,0,3,0,0,0,0,0,0,0,0,0,1 0,8,5,1,0,3,2,0,3,1,0,1,2,2,0,1,0,0,0,0,0,0,0,0,0,0 0,0,58,61,25,19,9,7,5,2,1,4,2,3,0,3,0,0,0,0,0,0,0,0,0,1 0,0,5,1,0,3,2,0,3,1,0,1,2,2,0,1,0,0,0,0,0,0,0,0,0,0
/home/michal/Downloads/pcddata/processed/paramtest/dt0,02_mp8000_pp0,001/annotated/rares/20140901/patrol_run_33/room_1/features/nonPlanes<shotcolor_uniform_2015-05-21_19-16-00.pcd 30.3483 0.000993443 0.000817549 4 71,51,43,31 26,16,15,14 -1 451044 1377 1860 -1 -1 200 559 -1 -1 449667,1053,218,71,22,8,5 -1 0,0,94,71,22,8,5 -1
/home/michal/Downloads/pcddata/processed/paramtest/dt0,02_mp8000_pp0,001/annotated/rares/20140902/patrol_run_35/room_2/features/nonPlanes<shotcolor_uniform_2015-05-21_19-16-02.pcd 29.1549 0.000806026 0.00105047 2 214,167 42,38 1,0 451044 1102 1860 97 289 200 810 45 224 449942,754,186,78,33,16,14,7,2,3,1,3,2,0,0,3 0,39,18,15,7,7,3,2,0,1,0,1,2,0,0,2 0,0,38,78,33,16,14,7,2,3,1,3,2,0,0,3 0,0,5,15,7,7,3,2,0,1,0,1,2,0,0,2
/home/michal/Downloads/pcddata/processed/paramtest/dt0,02_mp8000_pp0,001/annotated/rares/20140902/patrol_run_38/room_0/features/nonPlanes<shotcolor_uniform_2015-05-21_19-16-03.pcd 28.3294 0.000768568 0.000892231 3 146,78,62 35,18,19 0,0,0 427977 1151 1860 43 83 200 741 14 52 426826,783,204,84,34,20,13,9,1,0,2,0,1 0,27,5,7,1,1,1,0,0,0,1,0,0 0,0,36,84,34,20,13,9,1,0,2,0,1 0,0,3,7,1,1,1,0,0,0,1,0,0
/home/michal/Downloads/pcddata/processed/paramtest/dt0,02_mp8000_pp0,001/annotated/rares/20140903/patrol_run_1/room_4/features/nonPlanes<shotcolor_uniform_2015-05-21_19-16-04.pcd 31.8656 0.00092858 0.00139607 4 112,85,62,51 19,17,12,14 1,0,1,0 470184 1077 1860 66 217 200 840 32 177 469107,734,191,60,36,14,15,9,3,5,2,3,0,1,0,3,0,1 0,28,10,6,5,4,4,5,0,0,0,2,0,0,0,2,0,0 0,0,48,60,36,14,15,9,3,5,2,3,0,1,0,3,0,1 0,0,4,6,5,4,4,5,0,0,0,2,0,0,0,2,0,0
/home/michal/Downloads/pcddata/processed/paramtest/dt0,02_mp8000_pp0,001/annotated/rares/20140903/patrol_run_10/room_2/features/nonPlanes<shotcolor_uniform_2015-05-21_19-16-05.pcd 28.1615 0.000713329 0.000904797 4 121,107,106,59 19,19,24,12 0,1,0,0 453024 1046 1860 32 109 200 858 17 90 451978,690,183,70,40,20,16,10,3,4,6,1,2,1 0,11,6,2,5,2,3,0,0,0,2,0,1,0 0,0,27,70,40,20,16,10,3,4,6,1,2,1 0,0,2,2,5,2,3,0,0,0,2,0,1,0
/home/michal/Downloads/pcddata/processed/paramtest/dt0,02_mp8000_pp0,001/annotated/rares/20140903/patrol_run_12/room_2/features/nonPlanes<shotcolor_uniform_2015-05-21_19-16-06.pcd 31.3412 0.00093581 0.000919256 4 107,79,75,73 24,14,18,14 0,0,1,0 434214 1096 1860 38 107 200 828 18 78 433118,760,177,57,36,27,16,8,5,3,4,1,0,2 0,11,15,5,0,2,2,1,0,1,0,0,0,1 0,0,41,57,36,27,16,8,5,3,4,1,0,2 0,0,6,5,0,2,2,1,0,1,0,0,0,1
/home/michal/Downloads/pcddata/processed/paramtest/dt0,02_mp8000_pp0,001/annotated/rares/20140903/patrol_run_14/room_1/features/nonPlanes<shotcolor_uniform_2015-05-21_19-16-09.pcd 36.9579 0.000895886 0.00151836 3 118,92,62 29,23,17 0,1,0 434313 1159 1860 47 116 200 748 21 82 433154,806,195,68,42,24,10,7,4,1,1,0,1 0,18,14,3,3,7,0,2,0,0,0,0,0 0,0,42,68,42,24,10,7,4,1,1,0,1 0,0,6,3,3,7,0,2,0,0,0,0,0
/home/michal/Downloads/pcddata/processed/paramtest/dt0,02_mp8000_pp0,001/annotated/rares/20140903/patrol_run_2/room_4/features/nonPlanes<shotcolor_uniform_2015-05-21_19-16-11.pcd 37.9841 0.00103329 0.00137337 4 131,98,71,65 25,17,14,12 1,1,0,0 462264 1105 1860 106 292 200 813 40 209 461159,763,184,74,28,18,12,13,2,5,3,0,0,1,0,0,0,1,0,0,0,1 0,49,21,12,9,5,1,4,0,1,1,0,0,1,0,0,0,1,0,0,0,1 0,0,42,74,28,18,12,13,2,5,3,0,0,1,0,0,0,1,0,0,0,1 0,0,4,12,9,5,1,4,0,1,1,0,0,1,0,0,0,1,0,0,0,1
/home/michal/Downloads/pcddata/processed/paramtest/dt0,02_mp8000_pp0,001/annotated/rares/20140903/patrol_run_9/room_2/features/nonPlanes<shotcolor_uniform_2015-05-21_19-16-14.pcd 36.4064 0.00084331 0.00093746 4 158,85,84,80 35,20,15,17 0,0,1,0 491568 1107 1860 30 104 200 794 16 86 490461,748,194,73,43,18,7,15,3,1,1,2,0,1,0,0,0,0,1 0,10,6,2,5,2,1,2,1,0,0,0,0,0,0,0,0,0,1 0,0,35,73,43,18,7,15,3,1,1,2,0,1,0,0,0,0,1 0,0,2,2,5,2,1,2,1,0,0,0,0,0,0,0,0,0,1
/home/michal/Downloads/pcddata/processed/paramtest/dt0,02_mp8000_pp0,001/annotated/rares/20140904/patrol_run_15/room_2/features/nonPlanes<shotcolor_uniform_2015-05-21_19-16-16.pcd 31.058 0.00104551 0.00105588 3 214,60,37 53,17,13 1,0,0 517902 1184 1860 125 306 200 711 52 212 516718,819,216,76,31,19,10,6,4,2,1 0,52,29,19,7,9,4,1,2,1,1 0,0,51,76,31,19,10,6,4,2,1 0,0,8,19,7,9,4,1,2,1,1
/home/michal/Downloads/pcddata/processed/paramtest/dt0,02_mp8000_pp0,001/annotated/rares/20140905/patrol_run_17/room_2/features/nonPlanes<shotcolor_uniform_2015-05-21_19-16-18.pcd 30.8201 0.000994566 0.000858735 2 96,92 19,18 0,0 446160 1090 1860 69 146 200 826 21 86 445070,746,175,74,36,21,14,8,4,6,2,3,0,0,1 0,36,16,5,5,3,1,2,1,0,0,0,0,0,0 0,0,31,74,36,21,14,8,4,6,2,3,0,0,1 0,0,4,5,5,3,1,2,1,0,0,0,0,0,0
/home/michal/Downloads/pcddata/processed/paramtest/dt0,02_mp8000_pp0,001/annotated/rares/20140905/patrol_run_19/room_1/features/nonPlanes<shotcolor_uniform_2015-05-21_19-16-20.pcd 32.6244 0.000825938 0.000979967 4 100,64,62,54 19,13,13,16 0,0,0,0 453024 1105 1860 39 66 200 811 9 32 451919,761,181,76,36,18,6,12,5,3,2,1,0,1,2,0,1 0,26,5,3,4,1,0,0,0,0,0,0,0,0,0,0,0 0,0,37,76,36,18,6,12,5,3,2,1,0,1,2,0,1 0,0,1,3,4,1,0,0,0,0,0,0,0,0,0,0,0
/home/michal/Downloads/pcddata/processed/paramtest/dt0,02_mp8000_pp0,001/annotated/rares/20140905/patrol_run_21/room_2/features/nonPlanes<shotcolor_uniform_2015-05-21_19-16-22.pcd 30.3901 0.00137108 0.00158329 2 298,50 60,12 0,0 419265 1062 1860 37 64 200 847 8 31 418203,711,181,68,37,22,13,10,10,7,2,0,0,0,1 0,25,4,5,1,1,0,1,0,0,0,0,0,0,0 0,0,30,68,37,22,13,10,10,7,2,0,0,0,1 0,0,0,5,1,1,0,1,0,0,0,0,0,0,0
/home/michal/Downloads/pcddata/processed/paramtest/dt0,02_mp8000_pp0,001/annotated/rares/20140905/patrol_run_23/room_2/features/nonPlanes<shotcolor_uniform_2015-05-21_19-16-25.pcd 34.0721 0.00135047 0.00152135 2 310,107 56,22 0,0 463320 1064 1860 40 71 200 842 7 28 462256,710,177,85,34,23,9,9,3,7,0,3,1,2,0,1 0,23,10,5,0,0,1,1,0,0,0,0,0,0,0,0 0,0,23,85,34,23,9,9,3,7,0,3,1,2,0,1 0,0,0,5,0,0,1,1,0,0,0,0,0,0,0,0
/home/michal/Downloads/pcddata/processed/paramtest/dt0,02_mp8000_pp0,001/annotated/rares/20140905/patrol_run_25/room_1/features/nonPlanes<shotcolor_uniform_2015-05-21_19-16-28.pcd 33.9231 0.00158315 0.00172326 4 227,213,63,54 40,43,12,15 0,0,0,0 410652 1065 1860 35 53 200 864 6 18 409587,734,169,75,30,16,15,7,3,2,5,3,0,2,1,0,0,2,0,0,0,0,0,0,0,1 0,23,7,4,1,0,0,0,0,0,0,0,0,0,0,0,0,0,0,0,0,0,0,0,0,0 0,0,38,75,30,16,15,7,3,2,5,3,0,2,1,0,0,2,0,0,0,0,0,0,0,1 0,0,1,4,1,0,0,0,0,0,0,0,0,0,0,0,0,0,0,0,0,0,0,0,0,0
/home/michal/Downloads/pcddata/processed/paramtest/dt0,02_mp8000_pp0,001/annotated/rares/20140905/patrol_run_27/room_2/features/nonPlanes<shotcolor_uniform_2015-05-21_19-16-29.pcd 31.0203 0.000907231 0.000983007 4 198,68,62,57 45,13,12,13 0,0,0,0 470448 1121 1860 45 68 200 785 9 25 469327,767,197,74,30,13,19,8,5,3,3,0,1,1 0,29,10,5,1,0,0,0,0,0,0,0,0,0 0,0,43,74,30,13,19,8,5,3,3,0,1,1 0,0,3,5,1,0,0,0,0,0,0,0,0,0
/home/michal/Downloads/pcddata/processed/paramtest/dt0,02_mp8000_pp0,001/annotated/rares/20140905/patrol_run_29/room_2/features/nonPlanes<shotcolor_uniform_2015-05-21_19-16-31.pcd 29.2302 0.00114469 0.00135608 4 110,104,57,50 28,23,13,13 0,0,1,0 433290 1114 1860 43 98 200 770 13 57 432176,738,211,87,32,16,12,5,6,2,2,1,0,1,1 0,19,12,6,2,0,3,0,0,0,0,1,0,0,0 0,0,35,87,32,16,12,5,6,2,2,1,0,1,1 0,0,1,6,2,0,3,0,0,0,0,1,0,0,0
/home/michal/Downloads/pcddata/processed/paramtest/dt0,02_mp8000_pp0,001/annotated/rares/20140905/patrol_run_30/room_1/features/nonPlanes<shotcolor_uniform_2015-05-21_19-16-34.pcd 29.0539 0.00139784 0.00150987 2 279,68 45,20 0,0 451044 1082 1860 15 22 200 853 3 8 449962,757,168,62,44,13,12,4,7,1,3,5,2,1,1,0,0,1,0,0,0,0,1 0,10,3,2,0,0,0,0,0,0,0,0,0,0,0,0,0,0,0,0,0,0,0 0,0,43,62,44,13,12,4,7,1,3,5,2,1,1,0,0,1,0,0,0,0,1 0,0,1,2,0,0,0,0,0,0,0,0,0,0,0,0,0,0,0,0,0,0,0
/home/michal/Downloads/pcddata/processed/paramtest/dt0,02_mp8000_pp0,001/annotated/rares/20140905/patrol_run_30/room_7/features/nonPlanes<shotcolor_uniform_2015-05-21_19-16-36.pcd 31.0757 0.00102166 0.00142337 4 157,67,67,67 41,18,14,13 1,0,0,0 458865 1216 1860 99 207 200 713 36 133 457649,885,193,68,27,17,11,5,3,5,1,0,1 0,52,20,13,7,2,2,1,0,1,1,0,0 0,0,62,68,27,17,11,5,3,5,1,0,1 0,0,9,13,7,2,2,1,0,1,1,0,0
/home/michal/Downloads/pcddata/processed/paramtest/dt0,02_mp8000_pp0,001/annotated/rares/20140908/patrol_run_32/room_2/features/nonPlanes<shotcolor_uniform_2015-05-21_19-16-39.pcd 33.0399 0.000884354 0.00142637 3 186,79,59 32,17,14 0,0,0 448668 1092 1860 33 54 200 819 8 26 447576,743,178,86,30,24,12,4,5,2,2,1,2,1,0,1,0,0,0,0,0,0,1 0,22,5,3,2,1,0,0,0,0,0,0,0,0,0,0,0,0,0,0,0,0,0 0,0,29,86,30,24,12,4,5,2,2,1,2,1,0,1,0,0,0,0,0,0,1 0,0,2,3,2,1,0,0,0,0,0,0,0,0,0,0,0,0,0,0,0,0,0
/home/michal/Downloads/pcddata/processed/paramtest/dt0,02_mp8000_pp0,001/annotated/rares/20140908/patrol_run_34/room_2/features/nonPlanes<shotcolor_uniform_2015-05-21_19-16-41.pcd 36.3994 0.00144064 0.00153692 3 161,86,52 28,21,13 0,0,1 423720 1090 1860 60 174 200 798 24 125 422630,718,214,71,34,24,8,6,6,3,1,1,1,0,1,1,0,0,1 0,23,19,4,3,4,2,0,1,1,1,0,1,0,0,0,0,0,1 0,0,42,71,34,24,8,6,6,3,1,1,1,0,1,1,0,0,1 0,0,6,4,3,4,2,0,1,1,1,0,1,0,0,0,0,0,1
/home/michal/Downloads/pcddata/processed/paramtest/dt0,02_mp8000_pp0,001/annotated/rares/20140908/patrol_run_36/room_3/features/nonPlanes<shotcolor_uniform_2015-05-21_19-16-43.pcd 37.4259 0.000949572 0.000990671 4 172,95,84,59 35,15,16,17 1,0,1,0 423654 1093 1860 88 293 200 804 48 237 422561,730,192,89,30,18,13,6,7,1,2,1,1,2,0,1 0,24,18,14,7,8,9,1,5,1,0,0,0,1,0,0 0,0,29,89,30,18,13,6,7,1,2,1,1,2,0,1 0,0,2,14,7,8,9,1,5,1,0,0,0,1,0,0
/home/michal/Downloads/pcddata/processed/paramtest/dt0,02_mp8000_pp0,001/annotated/rares/20140908/patrol_run_38/room_2/features/nonPlanes<shotcolor_uniform_2015-05-21_19-16-46.pcd 34.0624 0.000988085 0.0015475 4 124,115,79,76 30,32,20,15 1,0,1,0 433356 1126 1860 103 264 200 769 47 195 432230,761,193,86,39,19,10,7,7,2,1,1 0,43,16,18,13,3,7,0,2,0,1,0 0,0,28,86,39,19,10,7,7,2,1,1 0,0,3,18,13,3,7,0,2,0,1,0
/home/michal/Downloads/pcddata/processed/paramtest/dt0,02_mp8000_pp0,001/annotated/rares/20140908/patrol_run_39/room_3/features/nonPlanes<shotcolor_uniform_2015-05-21_19-16-48.pcd 32.0112 0.00139841 0.00131636 5 176,73,66,61,50 31,14,14,14,12 0,0,0,0,0 414678 1048 1860 27 36 200 856 4 10 413630,692,185,67,46,23,8,8,6,4,2,3,0,1,2,0,1 0,20,5,2,0,0,0,0,0,0,0,0,0,0,0,0,0 0,0,29,67,46,23,8,8,6,4,2,3,0,1,2,0,1 0,0,2,2,0,0,0,0,0,0,0,0,0,0,0,0,0
/home/michal/Downloads/pcddata/processed/paramtest/dt0,02_mp8000_pp0,001/annotated/rares/20140908/patrol_run_41/room_3/features/nonPlanes<shotcolor_uniform_2015-05-21_19-16-50.pcd 31.9877 0.00101683 0.00142698 1 247 52 1 455400 1100 1860 89 258 200 793 39 191 454300,733,207,74,37,17,9,7,7,2,1,3,1,2 0,33,24,7,10,5,2,2,2,0,0,1,1,2 0,0,40,74,37,17,9,7,7,2,1,3,1,2 0,0,7,7,10,5,2,2,2,0,0,1,1,2
/home/michal/Downloads/pcddata/processed/paramtest/dt0,02_mp8000_pp0,001/annotated/rares/20140908/patrol_run_43/room_3/features/nonPlanes<shotcolor_uniform_2015-05-21_19-16-53.pcd 32.6991 0.00194234 0.00164489 3 289,87,38 47,13,14 1,0,0 414018 1055 1860 89 362 200 869 54 317 412963,719,175,58,41,23,12,8,1,6,5,0,2,2,1,0,0,2 0,25,13,7,13,9,5,5,1,2,5,0,1,2,1,0,0,0 0,0,39,58,41,23,12,8,1,6,5,0,2,2,1,0,0,2 0,0,3,7,13,9,5,5,1,2,5,0,1,2,1,0,0,0
/home/michal/Downloads/pcddata/processed/paramtest/dt0,02_mp8000_pp0,001/annotated/rares/20140908/patrol_run_45/room_2/features/nonPlanes<shotcolor_uniform_2015-05-21_19-16-55.pcd 30.76 0.000728684 0.00117952 5 121,102,81,75,74 24,24,22,15,16 0,0,0,0,1 442200 1075 1860 91 225 200 817 31 146 441125,707,184,95,32,16,19,10,6,3,1,1,1 0,41,21,12,4,3,3,3,2,1,0,1,0 0,0,16,95,32,16,19,10,6,3,1,1,1 0,0,2,12,4,3,3,3,2,1,0,1,0
/home/michal/Downloads/pcddata/processed/paramtest/dt0,02_mp8000_pp0,001/annotated/rares/20140908/patrol_run_47/room_3/features/nonPlanes<shotcolor_uniform_2015-05-21_19-16-57.pcd 30.7784 0.000724785 0.00138091 3 210,167,43 37,39,12 1,1,0 465300 1139 1860 139 427 200 783 65 338 464161,801,174,80,37,16,12,5,7,1,1,2,1,1,1 0,59,20,18,13,5,7,5,5,1,1,2,1,1,1 0,0,36,80,37,16,12,5,7,1,1,2,1,1,1 0,0,5,18,13,5,7,5,5,1,1,2,1,1,1
/home/michal/Downloads/pcddata/processed/paramtest/dt0,02_mp8000_pp0,001/annotated/rares/20140909/patrol_run_49/room_3/features/nonPlanes<shotcolor_uniform_2015-05-21_19-16-58.pcd 31.1053 0.000914274 0.000863643 4 111,93,80,58 24,19,13,16 0,0,0,0 437778 1107 1860 52 87 200 805 12 40 436671,759,185,76,38,14,10,10,4,3,2,1,4,1 0,33,8,7,3,1,0,0,0,0,0,0,0,0 0,0,37,76,38,14,10,10,4,3,2,1,4,1 0,0,1,7,3,1,0,0,0,0,0,0,0,0
/home/michal/Downloads/pcddata/processed/paramtest/dt0,02_mp8000_pp0,001/annotated/rares/20140909/patrol_run_51/room_3/features/nonPlanes<shotcolor_uniform_2015-05-21_19-17-01.pcd 30.0173 0.000989288 0.000979369 3 225,76,57 48,19,16 1,0,0 812328 1110 1860 114 305 200 783 42 207 811218,743,202,69,48,19,10,5,8,3,1,1,1 0,46,28,13,11,5,2,1,2,3,1,1,1 0,0,35,69,48,19,10,5,8,3,1,1,1 0,0,2,13,11,5,2,1,2,3,1,1,1
/home/michal/Downloads/pcddata/processed/paramtest/dt0,02_mp8000_pp0,001/annotated/rares/20140909/patrol_run_53/room_3/features/nonPlanes<shotcolor_uniform_2015-05-21_19-17-03.pcd 29.1644 0.000744279 0.00111197 2 101,101 24,24 0,1 456456 1125 1860 69 158 200 759 26 100 455331,749,204,89,36,24,9,7,2,2,0,1,2 0,28,18,12,3,5,1,1,1,0,0,0,0 0,0,28,89,36,24,9,7,2,2,0,1,2 0,0,3,12,3,5,1,1,1,0,0,0,0
/home/michal/Downloads/pcddata/processed/paramtest/dt0,02_mp8000_pp0,001/annotated/rares/20140909/patrol_run_55/room_3/features/nonPlanes<shotcolor_uniform_2015-05-21_19-17-05.pcd 30.9872 0.00071057 0.000913192 2 147,44 40,12 0,0 446622 1235 1860 31 53 200 693 5 23 445387,903,181,82,31,23,8,2,2,1,0,1,1 0,22,4,1,2,1,0,1,0,0,0,0,0 0,0,49,82,31,23,8,2,2,1,0,1,1 0,0,0,1,2,1,0,1,0,0,0,0,0
/home/michal/Downloads/pcddata/processed/paramtest/dt0,02_mp8000_pp0,001/annotated/rares/20140909/patrol_run_59/room_3/features/nonPlanes<shotcolor_uniform_2015-05-21_19-17-08.pcd 34.9426 0.00100123 0.00123613 3 142,97,57 36,22,13 1,0,0 446622 1207 1860 86 200 200 708 35 139 445415,862,188,84,36,15,14,3,2,2,0,0,1 0,41,15,11,8,4,6,0,1,0,0,0,0 0,0,43,84,36,15,14,3,2,2,0,0,1 0,0,5,11,8,4,6,0,1,0,0,0,0
/home/michal/Downloads/pcddata/processed/paramtest/dt0,02_mp8000_pp0,001/annotated/rares/20140909/patrol_run_61/room_3/features/nonPlanes<shotcolor_uniform_2015-05-21_19-17-10.pcd 29.6666 0.000985129 0.00148297 4 151,70,68,54 32,16,14,15 0,1,0,0 447579 1113 1860 43 83 200 798 16 51 446466,764,188,71,35,20,17,6,6,1,1,1,0,0,1,1,1 0,22,11,3,5,2,0,0,0,0,0,0,0,0,0,0,0 0,0,39,71,35,20,17,6,6,1,1,1,0,0,1,1,1 0,0,6,3,5,2,0,0,0,0,0,0,0,0,0,0,0
/home/michal/Downloads/pcddata/processed/paramtest/dt0,02_mp8000_pp0,001/annotated/rares/20140909/patrol_run_63/room_3/features/nonPlanes<shotcolor_uniform_2015-05-21_19-17-13.pcd 28.9884 0.000984085 0.000882734 3 100,48,41 32,18,14 0,0,1 420420 1342 1860 92 155 200 570 23 72 419078,994,238,69,29,8,2,1,1 0,55,21,9,5,1,1,0,0 0,0,90,69,29,8,2,1,1 0,0,7,9,5,1,1,0,0
/home/michal/Downloads/pcddata/processed/paramtest/dt0,02_mp8000_pp0,001/annotated/rares/20140910/patrol_run_67/room_3/features/nonPlanes<shotcolor_uniform_2015-05-21_19-17-16.pcd 32.8305 0.00101447 0.000973321 4 194,90,61,38 43,19,14,13 1,0,0,0 473286 1157 1860 109 289 200 769 51 225 472129,823,166,81,41,16,14,6,4,3,1,1,1 0,52,10,15,13,9,4,2,2,1,0,0,1 0,0,32,81,41,16,14,6,4,3,1,1,1 0,0,4,15,13,9,4,2,2,1,0,0,1
/home/michal/Downloads/pcddata/processed/paramtest/dt0,02_mp8000_pp0,001/annotated/rares/20140910/patrol_run_69/room_3/features/nonPlanes<shotcolor_uniform_2015-05-21_19-17-18.pcd 29.1 0.000970902 0.000917729 3 107,96,77 26,29,17 0,0,0 446622 1188 1860 72 128 200 720 19 63 445434,836,207,73,30,17,9,5,5,3,3 0,41,19,6,3,2,0,0,0,1,0 0,0,55,73,30,17,9,5,5,3,3 0,0,7,6,3,2,0,0,0,1,0
/home/michal/Downloads/pcddata/processed/paramtest/dt0,02_mp8000_pp0,001/annotated/rares/20140910/patrol_run_71/room_3/features/nonPlanes<shotcolor_uniform_2015-05-21_19-17-20.pcd 31.1261 0.000948565 0.000884897 4 114,82,75,71 22,21,16,18 1,0,0,0 477048 1132 1860 83 203 200 775 30 134 475916,779,189,77,35,19,19,4,4,2,1,2,0,1 0,37,23,6,6,2,4,2,0,1,1,1,0,0 0,0,36,77,35,19,19,4,4,2,1,2,0,1 0,0,7,6,6,2,4,2,0,1,1,1,0,0
/home/michal/Downloads/pcddata/processed/paramtest/dt0,02_mp8000_pp0,001/annotated/rares/20140910/patrol_run_74/room_3/features/nonPlanes<shotcolor_uniform_2015-05-21_19-17-23.pcd 34.7486 0.0014033 0.00135472 5 143,96,51,44,43 28,26,12,13,12 0,1,0,0,0 442200 1178 1860 68 148 200 748 26 96 441022,844,175,77,33,27,5,9,3,2,2,0,0,1 0,32,15,10,5,2,2,2,0,0,0,0,0,0 0,0,41,77,33,27,5,9,3,2,2,0,0,1 0,0,5,10,5,2,2,2,0,0,0,0,0,0
/home/michal/Downloads/pcddata/processed/paramtest/dt0,02_mp8000_pp0,001/annotated/rares/20140910/patrol_run_77/room_4/features/nonPlanes<shotcolor_uniform_2015-05-21_19-17-24.pcd 35.4582 0.00135116 0.00141141 4 100,89,57,57 22,13,16,12 1,0,0,0 446622 1086 1860 38 86 200 817 14 55 445536,729,184,76,43,17,18,8,2,3,2,1,1,1,0,1 0,17,9,5,4,0,1,2,0,0,0,0,0,0,0,0 0,0,27,76,43,17,18,8,2,3,2,1,1,1,0,1 0,0,2,5,4,0,1,2,0,0,0,0,0,0,0,0
/home/michal/Downloads/pcddata/processed/paramtest/dt0,02_mp8000_pp0,001/annotated/rares/20140910/patrol_run_79/room_2/features/nonPlanes<shotcolor_uniform_2015-05-21_19-17-27.pcd 35.4713 0.00137892 0.00150849 3 156,132,85 30,33,13 1,0,0 396627 1071 1860 82 245 200 833 37 184 395556,715,199,67,33,17,16,10,2,5,0,1,1,2,0,0,1,0,1,1 0,29,25,8,6,3,3,3,1,1,0,0,0,1,0,0,1,0,1,0 0,0,43,67,33,17,16,10,2,5,0,1,1,2,0,0,1,0,1,1 0,0,9,8,6,3,3,3,1,1,0,0,0,1,0,0,1,0,1,0
/home/michal/Downloads/pcddata/processed/paramtest/dt0,02_mp8000_pp0,001/annotated/rares/20140910/patrol_run_81/room_2/features/nonPlanes<shotcolor_uniform_2015-05-21_19-17-29.pcd 38.3366 0.00098996 0.00152027 4 82,81,50,36 28,26,20,14 0,1,0,0 432300 1362 1860 88 155 200 561 29 89 430938,1025,232,65,28,9,2,1 0,52,20,7,5,3,0,1 0,0,95,65,28,9,2,1 0,0,13,7,5,3,0,1
/home/michal/Downloads/pcddata/processed/paramtest/dt0,02_mp8000_pp0,001/annotated/rares/20140911/patrol_run_82/room_3/features/nonPlanes<shotcolor_uniform_2015-05-21_19-17-32.pcd 34.4382 0.000858916 0.0011776 4 115,105,103,45 25,25,21,12 1,0,1,0 473154 1182 1860 91 254 200 745 40 185 471972,849,189,71,33,11,7,8,6,2,2,2,1,0,0,1 0,33,23,12,7,5,2,3,3,1,2,0,0,0,0,0 0,0,56,71,33,11,7,8,6,2,2,2,1,0,0,1 0,0,5,12,7,5,2,3,3,1,2,0,0,0,0,0
/home/michal/Downloads/pcddata/processed/paramtest/dt0,02_mp8000_pp0,001/annotated/rares/20140911/patrol_run_84/room_3/features/nonPlanes<shotcolor_uniform_2015-05-21_19-17-35.pcd 32.1922 0.00100419 0.00147932 3 123,86,52 28,22,12 1,0,1 455400 1144 1860 110 283 200 763 44 198 454256,791,196,73,31,21,14,10,1,3,4 0,47,22,16,8,5,6,2,1,1,2 0,0,43,73,31,21,14,10,1,3,4 0,0,3,16,8,5,6,2,1,1,2
/home/michal/Downloads/pcddata/processed/paramtest/dt0,02_mp8000_pp0,001/annotated/rares/20140911/patrol_run_88/room_3/features/nonPlanes<shotcolor_uniform_2015-05-21_19-17-37.pcd 31.1585 0.000958775 0.00109033 4 154,94,55,51 36,23,12,15 1,0,0,0 474606 1167 1860 102 230 200 734 35 151 473439,808,206,74,42,15,8,4,3,1,4,1,0,0,0,1 0,55,18,10,10,2,2,2,1,0,1,0,0,0,0,1 0,0,47,74,42,15,8,4,3,1,4,1,0,0,0,1 0,0,6,10,10,2,2,2,1,0,1,0,0,0,0,1
/home/michal/Downloads/pcddata/processed/paramtest/dt0,02_mp8000_pp0,001/annotated/rares/20140911/patrol_run_90/room_3/features/nonPlanes<shotcolor_uniform_2015-05-21_19-17-39.pcd 30.146 0.00132231 0.00142762 3 166,89,69 28,27,19 0,0,0 408408 1129 1860 63 121 200 757 18 61 407279,755,208,87,38,15,11,7,2,0,1,3,1,0,0,1 0,30,19,7,5,1,0,1,0,0,0,0,0,0,0,0 0,0,34,87,38,15,11,7,2,0,1,3,1,0,0,1 0,0,4,7,5,1,0,1,0,0,0,0,0,0,0,0
/home/michal/Downloads/pcddata/processed/paramtest/dt0,02_mp8000_pp0,001/annotated/rares/20140911/patrol_run_92/room_3/features/nonPlanes<shotcolor_uniform_2015-05-21_19-17-42.pcd 28.3527 0.00100564 0.00122208 4 106,88,75,52 24,24,20,12 0,0,0,1 454740 1109 1860 54 116 200 752 14 64 453631,710,230,87,37,20,10,7,4,1,2,1 0,28,12,7,0,4,0,1,2,0,0,0 0,0,31,87,37,20,10,7,4,1,2,1 0,0,0,7,0,4,0,1,2,0,0,0
/home/michal/Downloads/pcddata/processed/paramtest/dt0,02_mp8000_pp0,001/annotated/rares/20140912/patrol_run_100/room_3/features/nonPlanes<shotcolor_uniform_2015-05-21_19-17-44.pcd 32.6294 0.000993775 0.00119259 4 194,86,61,49 51,23,17,13 1,0,0,0 437778 1205 1860 101 246 200 708 44 172 436573,858,183,88,38,22,7,7,1,0,0,1 0,40,24,14,9,10,2,1,0,0,0,1 0,0,36,88,38,22,7,7,1,0,0,1 0,0,7,14,9,10,2,1,0,0,0,1
/home/michal/Downloads/pcddata/processed/paramtest/dt0,02_mp8000_pp0,001/annotated/rares/20140912/patrol_run_102/room_3/features/nonPlanes<shotcolor_uniform_2015-05-21_19-17-46.pcd 34.8881 0.00100856 0.00116434 3 192,110,50 42,28,12 1,0,1 463320 1108 1860 97 283 200 809 46 212 462212,765,163,82,46,22,10,9,3,4,2,1,0,0,0,1 0,31,24,17,11,3,2,3,2,1,1,1,0,0,0,1 0,0,20,82,46,22,10,9,3,4,2,1,0,0,0,1 0,0,4,17,11,3,2,3,2,1,1,1,0,0,0,1
/home/michal/Downloads/pcddata/processed/paramtest/dt0,02_mp8000_pp0,001/annotated/rares/20140912/patrol_run_104/room_3/features/nonPlanes<shotcolor_uniform_2015-05-21_19-17-49.pcd 33.1641 0.000983502 0.00140271 3 235,108,39 60,29,12 1,0,0 445500 1184 1860 130 288 200 703 48 192 444316,811,207,94,37,21,5,3,5,1 0,68,17,21,11,7,2,1,2,1 0,0,34,94,37,21,5,3,5,1 0,0,3,21,11,7,2,1,2,1
/home/michal/Downloads/pcddata/processed/paramtest/dt0,02_mp8000_pp0,001/annotated/rares/20140912/patrol_run_94/room_3/features/nonPlanes<shotcolor_uniform_2015-05-21_19-17-52.pcd 35.7884 0.00092255 0.00149697 2 158,45 41,14 1,0 445500 1188 1860 103 255 200 728 45 184 444312,844,188,81,33,21,8,2,4,4,3 0,45,20,16,8,6,4,0,2,0,2 0,0,44,81,33,21,8,2,4,4,3 0,0,7,16,8,6,4,0,2,0,2
/home/michal/Downloads/pcddata/processed/paramtest/dt0,02_mp8000_pp0,001/annotated/rares/20140912/patrol_run_96/room_2/features/nonPlanes<shotcolor_uniform_2015-05-21_19-17-54.pcd 35.1084 0.00195266 0.00168193 4 174,66,48,43 41,15,12,14 1,0,0,0 434511 1134 1860 97 263 200 768 46 197 433377,776,191,86,35,19,13,3,2,5,2,1,0,0,0,0,0,0,1 0,36,21,20,7,1,5,1,2,2,1,1,0,0,0,0,0,0,0 0,0,33,86,35,19,13,3,2,5,2,1,0,0,0,0,0,0,1 0,0,6,20,7,1,5,1,2,2,1,1,0,0,0,0,0,0,0
/home/michal/Downloads/pcddata/processed/paramtest/dt0,02_mp8000_pp0,001/annotated/rares/20140912/patrol_run_98/room_3/features/nonPlanes<shotcolor_uniform_2015-05-21_19-17-56.pcd 34.1511 0.00142888 0.00117029 3 219,90,53 55,25,14 1,0,0 446622 1143 1860 120 301 200 764 55 219 445479,790,191,85,32,22,11,3,2,3,1,0,0,1,0,0,0,1,0,0,0,0,0,0,0,1 0,48,25,19,14,5,3,3,2,0,1,0,0,0,0,0,0,0,0,0,0,0,0,0,0,0 0,0,38,85,32,22,11,3,2,3,1,0,0,1,0,0,0,1,0,0,0,0,0,0,0,1 0,0,8,19,14,5,3,3,2,0,1,0,0,0,0,0,0,0,0,0,0,0,0,0,0,0
/home/michal/Downloads/pcddata/processed/paramtest/dt0,02_mp8000_pp0,001/annotated/rares/20140921/patrol_run_110/room_2/features/nonPlanes<shotcolor_uniform_2015-05-21_19-17-59.pcd 33.3454 0.000957699 0.00137996 5 60,52,47,43,35 24,17,15,14,13 0,0,0,0,0 411840 1388 1860 69 96 200 562 14 34 410452,1078,218,53,19,13,4,2,1 0,48,17,2,2,0,0,0,0 0,0,108,53,19,13,4,2,1 0,0,10,2,2,0,0,0,0
/home/michal/Downloads/pcddata/processed/paramtest/dt0,02_mp8000_pp0,001/annotated/rares/20140921/patrol_run_112/room_2/features/nonPlanes<shotcolor_uniform_2015-05-21_19-18-01.pcd 35.4344 0.000936893 0.00144097 3 259,69,50 58,12,15 1,0,0 423258 1135 1860 109 294 200 764 50 220 422123,774,205,64,40,27,10,8,2,2,0,0,2,0,0,1 0,44,23,14,8,8,5,4,1,1,0,0,0,0,0,1 0,0,44,64,40,27,10,8,2,2,0,0,2,0,0,1 0,0,8,14,8,8,5,4,1,1,0,0,0,0,0,1
/home/michal/Downloads/pcddata/processed/paramtest/dt0,02_mp8000_pp0,001/annotated/rares/20140921/patrol_run_114/room_1/features/nonPlanes<shotcolor_uniform_2015-05-21_19-18-04.pcd 32.0976 0.000929322 0.00156066 4 173,73,71,46 40,16,23,13 1,0,1,0 421476 1136 1860 97 273 200 775 56 220 420340,787,184,76,37,20,17,8,1,2,2,1,0,0,1 0,29,25,18,8,5,7,2,1,1,1,0,0,0,0 0,0,35,76,37,20,17,8,1,2,2,1,0,0,1 0,0,13,18,8,5,7,2,1,1,1,0,0,0,0
/home/michal/Downloads/pcddata/processed/paramtest/dt0,02_mp8000_pp0,001/annotated/rares/20140922/patrol_run_116/room_2/features/nonPlanes<shotcolor_uniform_2015-05-21_19-18-06.pcd 32.5388 0.000932225 0.0014154 3 145,47,44 36,12,15 1,0,0 424116 1192 1860 100 247 200 729 44 176 422924,853,179,75,40,23,12,7,0,2,1 0,41,21,14,11,5,6,1,0,0,1 0,0,40,75,40,23,12,7,0,2,1 0,0,6,14,11,5,6,1,0,0,1
/home/michal/Downloads/pcddata/processed/paramtest/dt0,02_mp8000_pp0,001/annotated/rares/20140922/patrol_run_118/room_2/features/nonPlanes<shotcolor_uniform_2015-05-21_19-18-09.pcd 34.5945 0.00130752 0.00102393 3 146,74,54 36,18,14 1,0,0 451044 1173 1860 93 225 200 743 39 155 449871,829,188,70,39,24,12,4,1,2,1,3 0,38,23,13,9,3,4,1,0,1,0,1 0,0,44,70,39,24,12,4,1,2,1,3 0,0,7,13,9,3,4,1,0,1,0,1
/home/michal/Downloads/pcddata/processed/paramtest/dt0,02_mp8000_pp0,001/annotated/rares/20140922/patrol_run_120/room_1/features/nonPlanes<shotcolor_uniform_2015-05-21_19-18-11.pcd 35.7098 0.00131691 0.00146637 4 116,106,79,45 25,27,23,13 1,0,0,0 478401 1146 1860 83 209 200 741 33 141 477255,773,213,74,43,14,14,10,3,1,1 0,32,26,7,5,2,5,4,2,0,0 0,0,40,74,43,14,14,10,3,1,1 0,0,8,7,5,2,5,4,2,0,0
/home/michal/Downloads/pcddata/processed/paramtest/dt0,02_mp8000_pp0,001/annotated/rares/20140922/patrol_run_124/room_2/features/nonPlanes<shotcolor_uniform_2015-05-21_19-18-14.pcd 36.3296 0.00104663 0.00130764 2 85,49 22,14 0,0 483516 1197 1860 54 94 200 729 15 48 482319,863,179,79,36,19,6,7,1,3,2,1,1 0,32,11,7,1,3,0,0,0,0,0,0,0 0,0,45,79,36,19,6,7,1,3,2,1,1 0,0,4,7,1,3,0,0,0,0,0,0,0
/home/michal/Downloads/pcddata/processed/paramtest/dt0,02_mp8000_pp0,001/annotated/rares/20140922/patrol_run_126/room_2/features/nonPlanes<shotcolor_uniform_2015-05-21_19-18-17.pcd 33.9382 0.00103063 0.00131577 3 116,77,50 33,14,13 1,0,0 455499 1143 1860 99 204 200 757 35 124 454356,783,205,75,37,16,9,7,4,2,0,3,1,0,0,0,1 0,48,28,11,6,3,2,0,0,0,0,0,0,0,0,0,1 0,0,45,75,37,16,9,7,4,2,0,3,1,0,0,0,1 0,0,12,11,6,3,2,0,0,0,0,0,0,0,0,0,1
/home/michal/Downloads/pcddata/processed/paramtest/dt0,02_mp8000_pp0,001/annotated/rares/20140922/patrol_run_128/room_2/features/nonPlanes<shotcolor_uniform_2015-05-21_19-18-20.pcd 34.3674 0.00100685 0.00156804 5 116,103,76,67,47 33,28,19,20,13 1,0,0,0,0 454410 1212 1860 104 211 200 696 36 125 453198,860,211,61,38,20,14,6,1,1 0,50,25,15,7,4,3,0,0,0 0,0,59,61,38,20,14,6,1,1 0,0,7,15,7,4,3,0,0,0
/home/michal/Downloads/pcddata/processed/paramtest/dt0,02_mp8000_pp0,001/annotated/rares/20140922/patrol_run_130/room_2/features/nonPlanes<shotcolor_uniform_2015-05-21_19-18-22.pcd 32.3977 0.00146217 0.00156766 3 102,70,62 22,19,12 1,0,1 443289 1118 1860 103 261 200 777 38 176 442171,753,195,92,29,18,12,7,4,4,2,0,1,0,1 0,45,22,14,8,3,4,1,3,2,1,0,0,0,0 0,0,30,92,29,18,12,7,4,4,2,0,1,0,1 0,0,2,14,8,3,4,1,3,2,1,0,0,0,0
/home/michal/Downloads/pcddata/processed/paramtest/dt0,02_mp8000_pp0,001/annotated/rares/20140922/patrol_run_132/room_1/features/nonPlanes<shotcolor_uniform_2015-05-21_19-18-25.pcd 32.2419 0.0008798 0.000847436 2 116,76 22,20 0,0 454740 1124 1860 9 27 200 784 4 18 453616,772,191,76,36,19,11,4,6,1,3,3,1,1 0,1,4,1,1,1,1,0,0,0,0,0,0,0 0,0,39,76,36,19,11,4,6,1,3,3,1,1 0,0,0,1,1,1,1,0,0,0,0,0,0,0
/home/michal/Downloads/pcddata/processed/paramtest/dt0,02_mp8000_pp0,001/annotated/rares/20140922/patrol_run_134/room_2/features/nonPlanes<shotcolor_uniform_2015-05-21_19-18-27.pcd 33.1588 0.00115226 0.00136953 5 100,85,49,49,44 26,25,14,13,14 1,0,0,0,0 411840 1193 1860 101 221 200 697 33 133 410647,823,208,89,41,14,9,6,3 0,48,21,13,12,1,4,1,1 0,0,38,89,41,14,9,6,3 0,0,1,13,12,1,4,1,1
/home/michal/Downloads/pcddata/processed/paramtest/dt0,02_mp8000_pp0,001/annotated/rares/20140922/patrol_run_138/room_2/features/nonPlanes<shotcolor_uniform_2015-05-21_19-18-29.pcd 35.9289 0.000962056 0.0014157 2 141,59 31,20 1,0 443223 1194 1860 96 232 200 715 38 159 442029,843,198,80,29,20,16,4,2,0,0,1,0,0,1 0,43,22,12,7,3,5,2,1,0,0,0,0,0,1 0,0,47,80,29,20,16,4,2,0,0,1,0,0,1 0,0,7,12,7,3,5,2,1,0,0,0,0,0,1
/home/michal/Downloads/pcddata/processed/paramtest/dt0,02_mp8000_pp0,001/annotated/rares/20140923/patrol_run_139/room_2/features/nonPlanes<shotcolor_uniform_2015-05-21_19-18-32.pcd 31.2894 0.000934006 0.00156493 2 283,51 71,12 1,0 430782 1140 1860 146 363 200 753 63 258 429642,773,209,77,31,22,9,9,6,2,1,1 0,61,27,24,13,11,4,4,1,1,0,0 0,0,42,77,31,22,9,9,6,2,1,1 0,0,5,24,13,11,4,4,1,1,0,0
/home/michal/Downloads/pcddata/processed/paramtest/dt0,02_mp8000_pp0,001/annotated/rares/20140923/patrol_run_141/room_2/features/nonPlanes<shotcolor_uniform_2015-05-21_19-18-35.pcd 32.1061 0.000903544 0.00150591 4 187,75,45,40 41,15,13,12 1,0,0,0 407286 1121 1860 116 298 200 792 48 215 406165,774,188,79,22,23,16,6,4,2,1,4,0,0,2 0,53,23,18,5,7,3,2,1,0,0,2,0,0,2 0,0,41,79,22,23,16,6,4,2,1,4,0,0,2 0,0,8,18,5,7,3,2,1,0,0,2,0,0,2
/home/michal/Downloads/pcddata/processed/paramtest/dt0,02_mp8000_pp0,001/annotated/rares/20140923/patrol_run_144/room_2/features/nonPlanes<shotcolor_uniform_2015-05-21_19-18-37.pcd 36.7405 0.00118528 0.00143516 4 166,88,68,45 42,18,19,12 1,0,0,0 438471 1170 1860 129 278 200 746 43 168 437301,826,182,77,42,13,14,9,5,1,1 0,62,30,16,10,2,5,4,0,0,0 0,0,38,77,42,13,14,9,5,1,1 0,0,6,16,10,2,5,4,0,0,0
/home/michal/Downloads/pcddata/processed/paramtest/dt0,02_mp8000_pp0,001/annotated/rares/20140923/patrol_run_146/room_2/features/nonPlanes<shotcolor_uniform_2015-05-21_19-18-39.pcd 31.885 0.000863198 0.000997142 4 215,62,49,43 48,13,15,13 1,0,0,0 391248 1137 1860 119 317 200 793 53 233 390111,807,166,72,33,22,18,10,4,2,0,2,0,1 0,48,23,16,9,9,10,1,2,0,0,1,0,0 0,0,36,72,33,22,18,10,4,2,0,2,0,1 0,0,5,16,9,9,10,1,2,0,0,1,0,0
/home/michal/Downloads/pcddata/processed/paramtest/dt0,02_mp8000_pp0,001/annotated/rares/20140923/patrol_run_148/room_2/features/nonPlanes<shotcolor_uniform_2015-05-21_19-18-42.pcd 32.2748 0.000999461 0.00148339 4 98,71,63,58 31,15,16,16 1,1,0,0 444246 1165 1860 106 209 200 721 39 125 443081,791,218,78,30,25,14,5,2,1,1 0,50,26,18,8,3,1,0,0,0,0 0,0,44,78,30,25,14,5,2,1,1 0,0,9,18,8,3,1,0,0,0,0
/home/michal/Downloads/pcddata/processed/paramtest/dt0,02_mp8000_pp0,001/annotated/rares/20140923/patrol_run_150/room_2/features/nonPlanes<shotcolor_uniform_2015-05-21_19-18-43.pcd 32.6719 0.00103576 0.00163864 2 243,84 47,19 1,1 454740 1127 1860 89 302 200 808 53 255 453613,802,172,61,37,20,12,9,4,4,2,0,1,0,0,2,0,0,1 0,25,17,14,10,8,8,2,1,2,0,0,0,0,0,1,0,0,1 0,0,47,61,37,20,12,9,4,4,2,0,1,0,0,2,0,0,1 0,0,6,14,10,8,8,2,1,2,0,0,0,0,0,1,0,0,1
/home/michal/Downloads/pcddata/processed/paramtest/dt0,02_mp8000_pp0,001/annotated/rares/20140924/patrol_run_152/room_2/features/nonPlanes<shotcolor_uniform_2015-05-21_19-18-45.pcd 34.2563 0.000954032 0.00157632 1 220 60 1 384087 1225 1860 128 284 200 687 54 193 382862,877,197,82,34,16,11,6,0,1,1 0,57,31,18,12,3,4,2,0,0,1 0,0,49,82,34,16,11,6,0,1,1 0,0,14,18,12,3,4,2,0,0,1
/home/michal/Downloads/pcddata/processed/paramtest/dt0,02_mp8000_pp0,001/annotated/rares/20140924/patrol_run_156/room_2/features/nonPlanes<shotcolor_uniform_2015-05-21_19-18-48.pcd 32.9918 0.0010895 0.00158784 3 261,60,51 58,15,14 1,1,0 395010 1134 1860 115 348 200 782 63 286 393876,790,183,77,32,22,9,4,8,5,1,2,1 0,42,23,17,8,9,3,2,5,3,1,1,1 0,0,39,77,32,22,9,4,8,5,1,2,1 0,0,13,17,8,9,3,2,5,3,1,1,1
/home/michal/Downloads/pcddata/processed/paramtest/dt0,02_mp8000_pp0,001/annotated/rares/20140924/patrol_run_158/room_1/features/nonPlanes<shotcolor_uniform_2015-05-21_19-18-50.pcd 33.1662 0.000975199 0.000988239 3 219,56,34 49,13,13 1,0,0 438471 1220 1860 111 302 200 719 53 232 437251,899,175,70,31,24,7,6,3,3,1,0,1 0,46,21,14,12,7,2,3,2,2,1,0,1 0,0,54,70,31,24,7,6,3,3,1,0,1 0,0,9,14,12,7,2,3,2,2,1,0,1
/home/michal/Downloads/pcddata/processed/paramtest/dt0,02_mp8000_pp0,001/annotated/rares/20140924/patrol_run_162/room_2/features/nonPlanes<shotcolor_uniform_2015-05-21_19-18-51.pcd 35.2618 0.000936946 0.00167843 2 184,77 31,22 1,0 435600 1118 1860 60 221 200 821 31 184 434482,797,183,49,29,21,12,8,6,6,1,0,1,1,2,0,0,0,2 0,21,10,6,5,4,5,1,2,2,1,0,0,1,2,0,0,0,0 0,0,62,49,29,21,12,8,6,6,1,0,1,1,2,0,0,0,2 0,0,2,6,5,4,5,1,2,2,1,0,0,1,2,0,0,0,0
/home/michal/Downloads/pcddata/processed/paramtest/dt0,02_mp8000_pp0,001/annotated/rares/20140924/patrol_run_164/room_1/features/nonPlanes<shotcolor_uniform_2015-05-21_19-18-54.pcd 32.559 0.000886739 0.00109623 3 69,67,53 17,14,12 1,0,0 425568 1196 1860 53 117 200 740 19 76 424372,872,169,71,37,18,16,6,4,2,0,1 0,27,12,5,3,2,3,0,0,0,0,1 0,0,45,71,37,18,16,6,4,2,0,1 0,0,5,5,3,2,3,0,0,0,0,1
/home/michal/Downloads/pcddata/processed/paramtest/dt0,02_mp8000_pp0,001/annotated/rares/20140924/patrol_run_166/room_2/features/nonPlanes<shotcolor_uniform_2015-05-21_19-18-56.pcd 31.9137 0.000903713 0.00139086 2 96,92 22,22 0,1 411642 1192 1860 52 126 200 727 23 94 410450,851,190,75,35,14,11,6,4,6 0,26,6,10,2,4,1,1,1,1 0,0,49,75,35,14,11,6,4,6 0,0,3,10,2,4,1,1,1,1
