obj_search:
  camera_z: 1.7
  ceiling_z: 2.27
  floor_z: 0
  object_query: {K: 5}
  processed_data_dir: /home/michal/Downloads/pcddata/processed/
  raw_data_dir: /media/michal/Pauli/masterdata/raw/
object_query: {K: 10, cluster_maxsize: 500, cluster_minsize: 12, cluster_tolerance: 0.2,
  clusters_to_results: true, extract_mult: 1.3, match: nonPlanes<shotcolor_uniform,
  n_max_points: 400, output_dir: 'NULL', query_features: '/home/michal/Downloads/pcddata/processed/query/queryobjects/0,02/chair1/features/rgb_0015_label_chair1<shotcolor_uniform_2015-05-28_10-59-19.pcd',
  results_out: '/home/michal/Downloads/pcddata/processed/query/k10_mx400_t0,2/ds0_02mp_4500',
  subdirs: 4, target_features: /media/michal/Pauli/masterdata/processed/paramtest/ds0_02mp_4500,
  x_step_hough: 0.05, y_step_hough: 0.05, z_step_hough: 0.05}
rosdistro: 'indigo

  '
roslaunch:
  uris: {host_tycho__54664: 'http://tycho:54664/', host_tycho__55589: 'http://tycho:55589/'}
rosversion: '1.11.10

  '
run_id: e1b364d6-076e-11e5-ae87-3c970e77227e
BEGIN_DATA
# fname t_query t_hough t_cluster cluster_n cluster_scores cluster_points cluster_inobb n_hough_tot nonzero_hough hough_votes boxpts boxvotes maxpts maxvotes maxboxpts maxboxvotes hough_hist box_hist max_hist boxmax_hist
/media/michal/Pauli/masterdata/processed/paramtest/ds0_02mp_4500/annotated/rares/20140820/patrol_run_2/room_1/features/nonPlanes<shotcolor_uniform_2015-05-18_21-54-25.pcd 14.899 0.00202315 0.00226357 9 213,187,158,146,146,120,110,89,75 36,39,28,26,24,22,14,16,16 0,0,0,0,0,0,0,1,0 453288 1387 3050 68 166 400 1924 22 112 451901,848,223,112,48,43,25,23,15,12,12,10,5,4,1,2,1,1,0,0,0,0,0,0,0,1,0,0,0,0,1 0,38,11,7,1,2,3,1,2,2,0,0,1,0,0,0,0,0,0,0,0,0,0,0,0,0,0,0,0,0,0 0,0,84,112,48,43,25,23,15,12,12,10,5,4,1,2,1,1,0,0,0,0,0,0,0,1,0,0,0,0,1 0,0,3,7,1,2,3,1,2,2,0,0,1,0,0,0,0,0,0,0,0,0,0,0,0,0,0,0,0,0,0
/media/michal/Pauli/masterdata/processed/paramtest/ds0_02mp_4500/annotated/rares/20140820/patrol_run_4/room_0/features/nonPlanes<shotcolor_uniform_2015-05-18_21-54-25.pcd 15.9211 0.000711398 0.00187702 10 296,171,150,147,131,101,77,74,65,49 57,33,27,37,17,16,16,22,14,14 1,0,0,0,0,0,0,0,0,0 424446 1467 3050 101 349 400 1800 57 296 422979,884,258,128,63,47,18,19,17,10,5,8,1,2,2,0,1,2,0,0,0,0,0,0,0,0,0,1,0,0,0,1 0,35,22,13,9,5,3,4,2,0,3,3,0,0,1,0,0,0,0,0,0,0,0,0,0,0,0,0,0,0,0,1 0,0,75,128,63,47,18,19,17,10,5,8,1,2,2,0,1,2,0,0,0,0,0,0,0,0,0,1,0,0,0,1 0,0,13,13,9,5,3,4,2,0,3,3,0,0,1,0,0,0,0,0,0,0,0,0,0,0,0,0,0,0,0,1
/media/michal/Pauli/masterdata/processed/paramtest/ds0_02mp_4500/annotated/rares/20140828/patrol_run_19/room_3/features/nonPlanes<shotcolor_uniform_2015-05-18_21-54-27.pcd 17.3938 0.00104478 0.00308043 8 389,268,157,128,75,69,52,45 57,53,36,29,16,15,14,13 0,0,0,0,0,0,0,0 407880 1582 3050 70 101 400 1709 16 43 406298,1023,270,110,70,33,18,18,10,9,2,2,5,1,2,2,2,1,0,1,1,0,0,0,0,1,0,0,0,0,0,1 0,50,11,7,2,0,0,0,0,0,0,0,0,0,0,0,0,0,0,0,0,0,0,0,0,0,0,0,0,0,0,0 0,0,111,110,70,33,18,18,10,9,2,2,5,1,2,2,2,1,0,1,1,0,0,0,0,1,0,0,0,0,0,1 0,0,7,7,2,0,0,0,0,0,0,0,0,0,0,0,0,0,0,0,0,0,0,0,0,0,0,0,0,0,0,0
/media/michal/Pauli/masterdata/processed/paramtest/ds0_02mp_4500/annotated/rares/20140829/patrol_run_20/room_3/features/nonPlanes<shotcolor_uniform_2015-05-18_21-54-28.pcd 16.5455 0.00101913 0.00188783 8 328,278,140,139,134,125,68,63 66,30,24,33,34,23,20,16 0,0,0,0,0,1,0,0 461736 1508 3050 41 127 400 1802 22 105 460228,968,246,100,55,48,24,21,15,8,3,5,1,3,1,0,3,2,0,0,1,1,0,2,0,0,0,0,1 0,16,8,4,3,3,2,0,2,2,1,0,0,0,0,0,0,0,0,0,0,0,0,0,0,0,0,0,0 0,0,106,100,55,48,24,21,15,8,3,5,1,3,1,0,3,2,0,0,1,1,0,2,0,0,0,0,1 0,0,5,4,3,3,2,0,2,2,1,0,0,0,0,0,0,0,0,0,0,0,0,0,0,0,0,0,0
/media/michal/Pauli/masterdata/processed/paramtest/ds0_02mp_4500/annotated/rares/20140829/patrol_run_26/room_2/features/nonPlanes<shotcolor_uniform_2015-05-18_21-54-29.pcd 15.4854 0.000893748 0.00190066 8 370,299,108,95,90,77,58,54 55,55,23,14,27,17,15,17 0,1,0,0,0,0,0,0 404481 1486 3050 117 411 400 1804 64 348 402995,926,270,103,60,39,25,14,10,12,7,0,2,3,1,3,3,2,0,2,2,0,0,0,1,0,0,0,1 0,43,23,16,4,8,6,4,2,3,3,0,0,1,0,1,1,1,0,0,1,0,0,0,0,0,0,0,0 0,0,110,103,60,39,25,14,10,12,7,0,2,3,1,3,3,2,0,2,2,0,0,0,1,0,0,0,1 0,0,13,16,4,8,6,4,2,3,3,0,0,1,0,1,1,1,0,0,1,0,0,0,0,0,0,0,0
/media/michal/Pauli/masterdata/processed/paramtest/ds0_02mp_4500/annotated/rares/20140901/patrol_run_27/room_2/features/nonPlanes<shotcolor_uniform_2015-05-18_21-54-30.pcd 16.3933 0.00102102 0.00232828 8 425,228,97,91,79,66,66,47 63,47,20,19,13,16,15,13 1,0,0,0,0,0,0,0 424710 1485 3050 97 459 400 1808 60 417 423225,928,253,114,64,33,25,12,15,14,6,2,5,2,4,1,3,2,0,0,0,0,0,0,1,0,0,0,1 0,32,13,7,7,8,4,3,7,3,4,0,1,1,1,1,2,2,0,0,0,0,0,0,1,0,0,0,0 0,0,96,114,64,33,25,12,15,14,6,2,5,2,4,1,3,2,0,0,0,0,0,0,1,0,0,0,1 0,0,8,7,7,8,4,3,7,3,4,0,1,1,1,1,2,2,0,0,0,0,0,0,1,0,0,0,0
/media/michal/Pauli/masterdata/processed/paramtest/ds0_02mp_4500/annotated/rares/20140901/patrol_run_31/room_2/features/nonPlanes<shotcolor_uniform_2015-05-18_21-54-31.pcd 16.9443 0.00107253 0.00203811 6 598,312,169,153,123,78 71,56,31,32,22,23 0,0,0,0,0,0 460845 1308 3050 7 8 400 2015 1 2 459537,781,231,109,47,35,20,15,10,15,5,7,7,5,3,3,2,1,3,0,1,4,0,1,1,0,0,0,0,1,0,1 0,6,1,0,0,0,0,0,0,0,0,0,0,0,0,0,0,0,0,0,0,0,0,0,0,0,0,0,0,0,0,0 0,0,104,109,47,35,20,15,10,15,5,7,7,5,3,3,2,1,3,0,1,4,0,1,1,0,0,0,0,1,0,1 0,0,1,0,0,0,0,0,0,0,0,0,0,0,0,0,0,0,0,0,0,0,0,0,0,0,0,0,0,0,0,0
/media/michal/Pauli/masterdata/processed/paramtest/ds0_02mp_4500/annotated/rares/20140901/patrol_run_32/room_2/features/nonPlanes<shotcolor_uniform_2015-05-18_21-54-32.pcd 15.2887 0.000611683 0.000817929 10 245,155,152,122,119,105,100,85,41,38 39,32,25,18,22,22,26,14,14,13 0,0,0,0,1,0,0,0,0,0 446160 1545 3050 25 106 400 1761 20 101 444615,1001,262,100,57,38,25,17,15,5,4,6,2,1,2,1,4,0,1,2,0,0,0,0,0,0,0,0,0,0,0,0,0,1,1 0,5,3,6,2,1,3,1,1,1,0,2,0,0,0,0,0,0,0,0,0,0,0,0,0,0,0,0,0,0,0,0,0,0,0 0,0,118,100,57,38,25,17,15,5,4,6,2,1,2,1,4,0,1,2,0,0,0,0,0,0,0,0,0,0,0,0,0,1,1 0,0,3,6,2,1,3,1,1,1,0,2,0,0,0,0,0,0,0,0,0,0,0,0,0,0,0,0,0,0,0,0,0,0,0
/media/michal/Pauli/masterdata/processed/paramtest/ds0_02mp_4500/annotated/rares/20140901/patrol_run_33/room_1/features/nonPlanes<shotcolor_uniform_2015-05-18_21-54-33.pcd 15.7747 0.00136047 0.00171149 4 333,221,54,53 93,74,19,16 -1 451044 1912 3050 -1 -1 400 1268 -1 -1 449132,1242,414,142,57,30,17,6,4 -1 0,0,144,142,57,30,17,6,4 -1
/media/michal/Pauli/masterdata/processed/paramtest/ds0_02mp_4500/annotated/rares/20140902/patrol_run_35/room_2/features/nonPlanes<shotcolor_uniform_2015-05-18_21-54-34.pcd 15.0115 0.000940664 0.00194965 8 338,292,213,101,86,80,63,47 56,57,39,22,20,14,16,12 1,0,0,0,0,0,0,0 451044 1493 3050 104 400 400 1794 58 347 449551,930,269,106,46,42,26,22,13,6,11,6,7,2,1,2,1,1,1,0,0,1 0,39,14,9,8,8,7,5,2,2,4,0,2,2,0,0,1,1,0,0,0,0 0,0,106,106,46,42,26,22,13,6,11,6,7,2,1,2,1,1,1,0,0,1 0,0,7,9,8,8,7,5,2,2,4,0,2,2,0,0,1,1,0,0,0,0
/media/michal/Pauli/masterdata/processed/paramtest/ds0_02mp_4500/annotated/rares/20140902/patrol_run_38/room_0/features/nonPlanes<shotcolor_uniform_2015-05-18_21-54-35.pcd 12.6865 0.00111381 0.00193784 9 323,292,165,162,135,119,84,72,38 51,49,33,24,22,18,20,14,14 0,0,0,0,0,1,0,0,0 427977 1323 3050 60 172 400 1999 19 122 426654,795,220,110,47,36,18,23,17,14,6,13,3,4,5,2,3,2,1,1,0,1,0,0,0,0,1,0,0,1 0,32,12,3,3,1,2,1,0,1,1,1,0,1,2,0,0,0,0,0,0,0,0,0,0,0,0,0,0,0 0,0,92,110,47,36,18,23,17,14,6,13,3,4,5,2,3,2,1,1,0,1,0,0,0,0,1,0,0,1 0,0,3,3,3,1,2,1,0,1,1,1,0,1,2,0,0,0,0,0,0,0,0,0,0,0,0,0,0,0
/media/michal/Pauli/masterdata/processed/paramtest/ds0_02mp_4500/annotated/rares/20140903/patrol_run_1/room_4/features/nonPlanes<shotcolor_uniform_2015-05-18_21-54-36.pcd 20.7665 0.00137744 0.00267095 11 347,197,150,133,105,101,91,89,87,84,77 35,28,17,21,22,14,23,18,20,15,22 1,1,0,0,0,0,0,0,0,0,0 470184 1332 3050 77 547 400 2024 58 527 468852,838,209,106,38,35,21,18,14,11,11,3,3,2,2,3,1,1,2,2,2,2,0,2,1,2,0,0,0,0,1,0,0,0,1,1 0,18,8,11,2,5,5,4,4,2,5,0,0,0,1,1,1,1,2,0,1,0,0,1,1,1,0,0,0,0,1,0,0,0,1,1 0,0,115,106,38,35,21,18,14,11,11,3,3,2,2,3,1,1,2,2,2,2,0,2,1,2,0,0,0,0,1,0,0,0,1,1 0,0,7,11,2,5,5,4,4,2,5,0,0,0,1,1,1,1,2,0,1,0,0,1,1,1,0,0,0,0,1,0,0,0,1,1
/media/michal/Pauli/masterdata/processed/paramtest/ds0_02mp_4500/annotated/rares/20140903/patrol_run_10/room_2/features/nonPlanes<shotcolor_uniform_2015-05-18_21-54-38.pcd 14.4117 0.00169143 0.00307868 9 619,161,152,135,98,82,71,66,66 80,44,26,27,18,16,17,15,12 0,0,1,0,0,0,0,0,0 453024 1355 3050 35 158 400 1947 24 145 451669,807,230,122,52,45,20,20,13,5,13,4,5,2,3,3,2,2,1,1,0,1,1,2,0,0,0,0,0,0,0,0,0,0,0,0,1 0,9,6,4,2,2,3,3,2,0,2,0,0,0,0,1,0,1,0,0,0,0,0,0,0,0,0,0,0,0,0,0,0,0,0,0,0 0,0,82,122,52,45,20,20,13,5,13,4,5,2,3,3,2,2,1,1,0,1,1,2,0,0,0,0,0,0,0,0,0,0,0,0,1 0,0,4,4,2,2,3,3,2,0,2,0,0,0,0,1,0,1,0,0,0,0,0,0,0,0,0,0,0,0,0,0,0,0,0,0,0
/media/michal/Pauli/masterdata/processed/paramtest/ds0_02mp_4500/annotated/rares/20140903/patrol_run_12/room_2/features/nonPlanes<shotcolor_uniform_2015-05-18_21-54-38.pcd 17.1707 0.000987421 0.00328264 11 483,187,154,133,124,95,75,75,66,55,38 59,28,31,22,24,25,19,18,16,15,13 0,0,1,0,0,0,0,0,0,0,0 434214 1410 3050 40 160 400 1902 30 149 432804,872,244,113,58,38,16,13,7,11,7,3,5,2,2,6,3,0,2,1,3,0,0,1,0,0,1,0,1,0,0,0,0,0,0,0,0,0,0,0,1 0,9,6,8,4,5,2,1,0,2,1,1,0,0,0,0,1,0,0,0,0,0,0,0,0,0,0,0,0,0,0,0,0,0,0,0,0,0,0,0,0 0,0,106,113,58,38,16,13,7,11,7,3,5,2,2,6,3,0,2,1,3,0,0,1,0,0,1,0,1,0,0,0,0,0,0,0,0,0,0,0,1 0,0,5,8,4,5,2,1,0,2,1,1,0,0,0,0,1,0,0,0,0,0,0,0,0,0,0,0,0,0,0,0,0,0,0,0,0,0,0,0,0
/media/michal/Pauli/masterdata/processed/paramtest/ds0_02mp_4500/annotated/rares/20140903/patrol_run_14/room_1/features/nonPlanes<shotcolor_uniform_2015-05-18_21-54-39.pcd 20.1276 0.00138231 0.00276524 11 257,221,215,120,86,75,74,73,61,42,35 25,35,36,27,17,14,19,21,12,13,14 0,0,1,0,0,0,0,0,0,0,0 434313 1502 3050 42 196 400 1807 32 183 432811,961,254,112,54,36,21,13,4,9,7,8,4,4,3,3,2,1,2,0,2,1,0,0,0,0,0,0,1 0,7,8,10,1,5,3,1,1,0,2,1,0,0,0,2,0,0,0,0,1,0,0,0,0,0,0,0,0 0,0,113,112,54,36,21,13,4,9,7,8,4,4,3,3,2,1,2,0,2,1,0,0,0,0,0,0,1 0,0,5,10,1,5,3,1,1,0,2,1,0,0,0,2,0,0,0,0,1,0,0,0,0,0,0,0,0
/media/michal/Pauli/masterdata/processed/paramtest/ds0_02mp_4500/annotated/rares/20140903/patrol_run_2/room_4/features/nonPlanes<shotcolor_uniform_2015-05-18_21-54-41.pcd 16.0641 0.00149251 0.00192398 10 483,136,112,107,106,103,65,64,62,60 89,20,16,23,22,17,12,14,18,14 1,0,0,0,0,0,0,0,0,0 462264 1433 3050 147 528 400 1879 77 442 460831,895,243,100,54,35,26,22,11,9,8,8,3,7,2,4,2,0,0,3,0,0,0,0,0,0,0,1 0,54,27,15,12,8,8,6,3,3,3,1,0,2,1,2,1,0,0,1,0,0,0,0,0,0,0,0 0,0,105,100,54,35,26,22,11,9,8,8,3,7,2,4,2,0,0,3,0,0,0,0,0,0,0,1 0,0,11,15,12,8,8,6,3,3,3,1,0,2,1,2,1,0,0,1,0,0,0,0,0,0,0,0
/media/michal/Pauli/masterdata/processed/paramtest/ds0_02mp_4500/annotated/rares/20140903/patrol_run_9/room_2/features/nonPlanes<shotcolor_uniform_2015-05-18_21-54-42.pcd 14.325 0.00106924 0.00197938 8 428,185,142,135,132,79,77,56 54,44,30,30,26,20,17,14 0,0,0,0,0,0,1,0 473088 1480 3050 36 91 400 1793 16 70 471608,903,258,111,76,47,24,17,8,11,6,6,2,2,2,2,1,1,0,2,0,0,0,0,0,0,0,0,1 0,19,4,5,3,1,1,1,1,0,0,1,0,0,0,0,0,0,0,0,0,0,0,0,0,0,0,0,0 0,0,81,111,76,47,24,17,8,11,6,6,2,2,2,2,1,1,0,2,0,0,0,0,0,0,0,0,1 0,0,3,5,3,1,1,1,1,0,0,1,0,0,0,0,0,0,0,0,0,0,0,0,0,0,0,0,0
/media/michal/Pauli/masterdata/processed/paramtest/ds0_02mp_4500/annotated/rares/20140904/patrol_run_15/room_2/features/nonPlanes<shotcolor_uniform_2015-05-18_21-54-43.pcd 18.6745 0.00117149 0.0021145 6 443,343,164,154,97,85 75,72,32,35,16,15 1,0,0,0,0,0 517902 1507 3050 142 519 400 1773 74 439 516395,937,286,108,46,29,28,22,7,9,15,3,5,4,2,2,0,2,0,0,0,2 0,56,22,18,13,4,6,6,1,1,6,1,1,1,2,1,0,1,0,0,0,2 0,0,116,108,46,29,28,22,7,9,15,3,5,4,2,2,0,2,0,0,0,2 0,0,10,18,13,4,6,6,1,1,6,1,1,1,2,1,0,1,0,0,0,2
/media/michal/Pauli/masterdata/processed/paramtest/ds0_02mp_4500/annotated/rares/20140905/patrol_run_17/room_2/features/nonPlanes<shotcolor_uniform_2015-05-18_21-54-44.pcd 16.4773 0.00102795 0.00175475 10 173,154,145,135,117,115,110,96,94,55 44,18,25,35,27,18,30,15,16,15 0,0,0,1,0,0,0,0,0,0 446160 1517 3050 92 204 400 1724 35 136 444643,908,300,130,59,37,25,14,13,12,2,4,0,4,1,3,1,1,1,0,0,1,0,0,1 0,46,19,11,6,4,3,2,0,0,0,1,0,0,0,0,0,0,0,0,0,0,0,0,0 0,0,91,130,59,37,25,14,13,12,2,4,0,4,1,3,1,1,1,0,0,1,0,0,1 0,0,8,11,6,4,3,2,0,0,0,1,0,0,0,0,0,0,0,0,0,0,0,0,0
/media/michal/Pauli/masterdata/processed/paramtest/ds0_02mp_4500/annotated/rares/20140905/patrol_run_19/room_1/features/nonPlanes<shotcolor_uniform_2015-05-18_21-54-45.pcd 20.5852 0.00140669 0.00293013 10 298,162,156,154,100,83,80,78,41,41 67,38,27,22,17,19,16,14,13,13 0,0,0,0,0,0,0,0,0,1 453024 1499 3050 50 96 400 1757 17 60 451525,905,282,118,63,39,24,18,14,5,13,8,3,3,2,1,0,1 0,30,6,8,3,1,1,1,0,0,0,0,0,0,0,0,0,0 0,0,88,118,63,39,24,18,14,5,13,8,3,3,2,1,0,1 0,0,3,8,3,1,1,1,0,0,0,0,0,0,0,0,0,0
/media/michal/Pauli/masterdata/processed/paramtest/ds0_02mp_4500/annotated/rares/20140905/patrol_run_21/room_2/features/nonPlanes<shotcolor_uniform_2015-05-18_21-54-47.pcd 22.6019 0.00142588 0.00287972 7 472,358,73,57,45,41,37 88,75,17,18,13,13,12 0,0,0,0,1,0,0 419265 1544 3050 54 99 400 1715 18 56 417721,953,295,114,51,37,28,20,16,5,11,5,2,0,2,3,1,1 0,29,16,5,2,0,0,1,1,0,0,0,0,0,0,0,0,0 0,0,104,114,51,37,28,20,16,5,11,5,2,0,2,3,1,1 0,0,9,5,2,0,0,1,1,0,0,0,0,0,0,0,0,0
/media/michal/Pauli/masterdata/processed/paramtest/ds0_02mp_4500/annotated/rares/20140905/patrol_run_23/room_2/features/nonPlanes<shotcolor_uniform_2015-05-18_21-54-48.pcd 18.3488 0.000943353 0.00199418 6 615,284,151,77,56,41 67,39,34,17,18,13 0,0,0,0,1,0 463320 1427 3050 60 104 400 1899 20 59 461893,903,245,110,52,29,25,11,9,8,3,2,4,2,3,2,2,2,3,4,0,0,1,1,0,0,2,3,0,0,0,1 0,35,12,10,1,1,1,0,0,0,0,0,0,0,0,0,0,0,0,0,0,0,0,0,0,0,0,0,0,0,0,0 0,0,121,110,52,29,25,11,9,8,3,2,4,2,3,2,2,2,3,4,0,0,1,1,0,0,2,3,0,0,0,1 0,0,7,10,1,1,1,0,0,0,0,0,0,0,0,0,0,0,0,0,0,0,0,0,0,0,0,0,0,0,0,0
/media/michal/Pauli/masterdata/processed/paramtest/ds0_02mp_4500/annotated/rares/20140905/patrol_run_25/room_1/features/nonPlanes<shotcolor_uniform_2015-05-18_21-54-49.pcd 13.9958 0.000486211 0.000867533 6 517,452,169,126,64,50 70,55,35,30,19,16 0,0,0,0,0,1 407286 1374 3050 51 105 400 1958 24 75 405912,856,243,97,50,25,24,17,7,12,5,4,5,4,5,5,2,3,2,1,2,0,0,3,0,0,0,0,0,0,0,1,0,0,0,0,1 0,24,15,5,2,3,1,1,0,0,0,0,0,0,0,0,0,0,0,0,0,0,0,0,0,0,0,0,0,0,0,0,0,0,0,0,0 0,0,125,97,50,25,24,17,7,12,5,4,5,4,5,5,2,3,2,1,2,0,0,3,0,0,0,0,0,0,0,1,0,0,0,0,1 0,0,12,5,2,3,1,1,0,0,0,0,0,0,0,0,0,0,0,0,0,0,0,0,0,0,0,0,0,0,0,0,0,0,0,0,0
/media/michal/Pauli/masterdata/processed/paramtest/ds0_02mp_4500/annotated/rares/20140905/patrol_run_27/room_2/features/nonPlanes<shotcolor_uniform_2015-05-18_21-54-50.pcd 13.3176 0.000962136 0.00212082 7 521,240,173,135,116,73,61 84,50,34,36,20,13,12 0,0,0,1,0,0,0 470448 1499 3050 69 158 400 1798 33 117 468949,946,259,104,58,42,26,15,9,9,7,6,3,4,2,4,1,0,0,1,0,0,1,0,1,1 0,31,18,10,4,1,2,1,0,1,0,0,1,0,0,0,0,0,0,0,0,0,0,0,0,0 0,0,106,104,58,42,26,15,9,9,7,6,3,4,2,4,1,0,0,1,0,0,1,0,1,1 0,0,13,10,4,1,2,1,0,1,0,0,1,0,0,0,0,0,0,0,0,0,0,0,0,0
/media/michal/Pauli/masterdata/processed/paramtest/ds0_02mp_4500/annotated/rares/20140905/patrol_run_29/room_2/features/nonPlanes<shotcolor_uniform_2015-05-18_21-54-51.pcd 16.0188 0.000773007 0.00173376 6 683,235,203,96,77,61 140,44,39,24,14,15 0,0,1,0,0,0 437580 1506 3050 62 199 400 1745 31 163 436074,907,270,128,76,37,27,22,13,7,2,6,2,2,2,2,2,0,0,0,0,1 0,26,10,5,5,3,5,1,2,2,1,2,0,0,0,0,0,0,0,0,0,0 0,0,71,128,76,37,27,22,13,7,2,6,2,2,2,2,2,0,0,0,0,1 0,0,5,5,5,3,5,1,2,2,1,2,0,0,0,0,0,0,0,0,0,0
/media/michal/Pauli/masterdata/processed/paramtest/ds0_02mp_4500/annotated/rares/20140905/patrol_run_30/room_1/features/nonPlanes<shotcolor_uniform_2015-05-18_21-54-52.pcd 18.3454 0.000685436 0.00191946 5 684,278,222,125,73 76,65,49,19,12 0,0,0,0,0 400554 1364 3050 25 48 400 1951 10 33 399190,829,265,90,47,27,27,16,14,13,6,2,7,1,3,4,0,2,2,0,0,1,2,0,0,2,1,0,0,0,0,0,2,0,0,0,0,0,0,1 0,15,6,0,2,0,1,1,0,0,0,0,0,0,0,0,0,0,0,0,0,0,0,0,0,0,0,0,0,0,0,0,0,0,0,0,0,0,0,0 0,0,130,90,47,27,27,16,14,13,6,2,7,1,3,4,0,2,2,0,0,1,2,0,0,2,1,0,0,0,0,0,2,0,0,0,0,0,0,1 0,0,6,0,2,0,1,1,0,0,0,0,0,0,0,0,0,0,0,0,0,0,0,0,0,0,0,0,0,0,0,0,0,0,0,0,0,0,0,0
/media/michal/Pauli/masterdata/processed/paramtest/ds0_02mp_4500/annotated/rares/20140905/patrol_run_30/room_7/features/nonPlanes<shotcolor_uniform_2015-05-18_21-54-53.pcd 16.1944 0.00118739 0.00181313 11 277,193,103,101,91,89,84,84,63,60,56 56,50,15,22,19,20,22,22,17,18,15 1,0,0,0,0,0,0,0,0,0,0 458865 1630 3050 94 290 400 1609 45 231 457235,1019,302,131,62,42,28,19,4,11,1,4,3,3,0,1 0,39,16,10,8,6,3,5,1,3,0,0,2,0,0,1 0,0,91,131,62,42,28,19,4,11,1,4,3,3,0,1 0,0,6,10,8,6,3,5,1,3,0,0,2,0,0,1
/media/michal/Pauli/masterdata/processed/paramtest/ds0_02mp_4500/annotated/rares/20140908/patrol_run_32/room_2/features/nonPlanes<shotcolor_uniform_2015-05-18_21-54-54.pcd 15.9745 0.000554578 0.000935341 12 339,204,143,118,79,61,59,57,56,46,46,31 38,54,22,18,17,13,15,13,15,15,13,12 0,0,0,0,0,0,0,0,0,1,0,0 448668 1484 3050 36 74 400 1794 16 48 447184,912,273,121,52,40,23,16,8,4,7,6,2,4,5,2,4,2,1,0,0,1,1 0,14,12,5,4,1,0,0,0,0,0,0,0,0,0,0,0,0,0,0,0,0,0 0,0,101,121,52,40,23,16,8,4,7,6,2,4,5,2,4,2,1,0,0,1,1 0,0,6,5,4,1,0,0,0,0,0,0,0,0,0,0,0,0,0,0,0,0,0
/media/michal/Pauli/masterdata/processed/paramtest/ds0_02mp_4500/annotated/rares/20140908/patrol_run_34/room_2/features/nonPlanes<shotcolor_uniform_2015-05-18_21-54-55.pcd 18.2258 0.000570835 0.00102423 9 531,227,111,104,82,80,79,65,51 96,36,29,23,13,20,17,21,12 0,1,0,0,0,0,1,0,0 423720 1480 3050 76 261 400 1779 37 215 422240,889,270,115,81,46,25,10,9,7,7,4,4,1,3,3,2,2,1,0,0,1 0,32,10,12,8,2,3,0,1,1,0,0,3,1,0,2,0,1,0,0,0,0 0,0,79,115,81,46,25,10,9,7,7,4,4,1,3,3,2,2,1,0,0,1 0,0,3,12,8,2,3,0,1,1,0,0,3,1,0,2,0,1,0,0,0,0
/media/michal/Pauli/masterdata/processed/paramtest/ds0_02mp_4500/annotated/rares/20140908/patrol_run_36/room_3/features/nonPlanes<shotcolor_uniform_2015-05-18_21-54-56.pcd 19.1236 0.000967993 0.0029875 6 317,304,171,151,133,97 49,60,43,37,19,20 1,0,0,0,0,1 420420 1497 3050 115 461 400 1800 64 402 418923,944,264,107,53,35,19,13,17,14,9,8,2,2,3,1,1,2,0,0,0,1,1,0,0,1 0,43,18,10,12,5,4,2,3,7,4,0,1,1,1,0,1,2,0,0,0,0,0,0,0,1 0,0,111,107,53,35,19,13,17,14,9,8,2,2,3,1,1,2,0,0,0,1,1,0,0,1 0,0,10,10,12,5,4,2,3,7,4,0,1,1,1,0,1,2,0,0,0,0,0,0,0,1
/media/michal/Pauli/masterdata/processed/paramtest/ds0_02mp_4500/annotated/rares/20140908/patrol_run_38/room_2/features/nonPlanes<shotcolor_uniform_2015-05-18_21-54-58.pcd 19.7337 0.00139171 0.00324232 8 291,270,242,159,123,87,84,52 74,34,49,35,28,16,16,12 0,0,1,0,0,0,0,0 433356 1490 3050 115 352 400 1791 57 284 431866,921,267,103,52,50,29,20,20,4,9,2,2,2,1,4,0,1,0,0,0,2,0,1 0,48,19,9,11,8,6,5,5,1,2,0,0,0,0,1,0,0,0,0,0,0,0,0 0,0,98,103,52,50,29,20,20,4,9,2,2,2,1,4,0,1,0,0,0,2,0,1 0,0,9,9,11,8,6,5,5,1,2,0,0,0,0,1,0,0,0,0,0,0,0,0
/media/michal/Pauli/masterdata/processed/paramtest/ds0_02mp_4500/annotated/rares/20140908/patrol_run_39/room_3/features/nonPlanes<shotcolor_uniform_2015-05-18_21-54-59.pcd 17.2611 0.00101759 0.00254183 8 509,362,193,106,73,51,50,49 55,56,38,24,17,15,13,15 0,0,0,0,1,0,0,0 414678 1308 3050 52 113 400 2011 19 78 413370,777,242,102,56,26,20,9,19,14,6,7,6,6,1,3,2,3,2,1,1,1,0,0,0,0,1,0,0,0,0,1,0,0,0,0,0,0,0,0,0,1,0,0,0,1 0,31,11,3,0,3,1,0,2,0,0,0,0,0,1,0,0,0,0,0,0,0,0,0,0,0,0,0,0,0,0,0,0,0,0,0,0,0,0,0,0,0,0,0,0,0 0,0,111,102,56,26,20,9,19,14,6,7,6,6,1,3,2,3,2,1,1,1,0,0,0,0,1,0,0,0,0,1,0,0,0,0,0,0,0,0,0,1,0,0,0,1 0,0,9,3,0,3,1,0,2,0,0,0,0,0,1,0,0,0,0,0,0,0,0,0,0,0,0,0,0,0,0,0,0,0,0,0,0,0,0,0,0,0,0,0,0,0
/media/michal/Pauli/masterdata/processed/paramtest/ds0_02mp_4500/annotated/rares/20140908/patrol_run_41/room_3/features/nonPlanes<shotcolor_uniform_2015-05-18_21-55-00.pcd 17.824 0.00115182 0.00279218 6 512,227,201,159,83,67 89,50,35,32,20,13 1,0,0,0,0,0 455400 1432 3050 116 482 400 1859 69 426 453968,873,234,118,67,43,30,20,10,6,7,6,3,3,3,2,2,1,1,0,0,0,1,2 0,38,17,16,7,5,11,6,1,1,4,2,2,0,2,1,2,0,0,0,0,0,0,1 0,0,75,118,67,43,30,20,10,6,7,6,3,3,3,2,2,1,1,0,0,0,1,2 0,0,8,16,7,5,11,6,1,1,4,2,2,0,2,1,2,0,0,0,0,0,0,1
/media/michal/Pauli/masterdata/processed/paramtest/ds0_02mp_4500/annotated/rares/20140908/patrol_run_43/room_3/features/nonPlanes<shotcolor_uniform_2015-05-18_21-55-01.pcd 16.6541 0.000950481 0.0025743 9 285,218,166,138,106,104,98,94,40 26,42,16,24,33,19,16,16,12 0,0,0,0,0,0,0,0,0 418077 1376 3050 41 89 400 1961 15 60 416701,863,248,101,50,30,16,20,10,5,4,3,1,4,1,0,2,3,3,1,0,0,0,0,0,0,2,2,0,1,0,0,1,0,0,1,1,0,0,0,0,1,1,0,0,0,0,0,0,1 0,23,5,5,3,3,0,2,0,0,0,0,0,0,0,0,0,0,0,0,0,0,0,0,0,0,0,0,0,0,0,0,0,0,0,0,0,0,0,0,0,0,0,0,0,0,0,0,0,0 0,0,135,101,50,30,16,20,10,5,4,3,1,4,1,0,2,3,3,1,0,0,0,0,0,0,2,2,0,1,0,0,1,0,0,1,1,0,0,0,0,1,1,0,0,0,0,0,0,1 0,0,2,5,3,3,0,2,0,0,0,0,0,0,0,0,0,0,0,0,0,0,0,0,0,0,0,0,0,0,0,0,0,0,0,0,0,0,0,0,0,0,0,0,0,0,0,0,0,0
/media/michal/Pauli/masterdata/processed/paramtest/ds0_02mp_4500/annotated/rares/20140908/patrol_run_45/room_2/features/nonPlanes<shotcolor_uniform_2015-05-18_21-55-02.pcd 22.7647 0.00146488 0.00313617 7 284,245,228,205,153,125,99 56,47,42,30,37,29,18 0,0,0,1,0,0,0 442200 1436 3050 112 416 400 1825 57 351 440764,847,273,108,74,38,21,19,12,15,7,8,5,4,1,1,2,0,0,0,0,0,0,0,0,0,1 0,45,21,12,6,5,2,1,3,7,1,3,1,2,0,1,1,0,0,0,0,0,0,0,0,0,1 0,0,84,108,74,38,21,19,12,15,7,8,5,4,1,1,2,0,0,0,0,0,0,0,0,0,1 0,0,11,12,6,5,2,1,3,7,1,3,1,2,0,1,1,0,0,0,0,0,0,0,0,0,1
/media/michal/Pauli/masterdata/processed/paramtest/ds0_02mp_4500/annotated/rares/20140908/patrol_run_47/room_3/features/nonPlanes<shotcolor_uniform_2015-05-18_21-55-03.pcd 22.7262 0.000856517 0.00268267 7 647,220,90,83,66,60,57 110,43,30,16,14,19,12 1,0,0,0,0,0,0 465300 1509 3050 145 633 400 1783 93 573 463791,951,269,112,42,39,29,14,14,8,6,9,3,5,3,2,0,0,1,0,0,1,0,0,0,0,0,0,0,0,0,0,0,0,0,1 0,44,21,20,9,11,8,5,8,3,1,6,2,2,2,1,0,0,1,0,0,0,0,0,0,0,0,0,0,0,0,0,0,0,0,1 0,0,111,112,42,39,29,14,14,8,6,9,3,5,3,2,0,0,1,0,0,1,0,0,0,0,0,0,0,0,0,0,0,0,0,1 0,0,13,20,9,11,8,5,8,3,1,6,2,2,2,1,0,0,1,0,0,0,0,0,0,0,0,0,0,0,0,0,0,0,0,1
/media/michal/Pauli/masterdata/processed/paramtest/ds0_02mp_4500/annotated/rares/20140909/patrol_run_49/room_3/features/nonPlanes<shotcolor_uniform_2015-05-18_21-55-05.pcd 19.4305 0.000954577 0.00270763 8 188,183,179,165,138,102,96,83 32,30,46,36,22,20,21,25 0,0,0,0,0,0,0,1 437778 1545 3050 54 115 400 1712 28 89 436233,952,275,131,75,29,27,17,10,7,7,5,1,1,3,1,0,0,2,0,0,1,1 0,26,10,12,3,0,2,0,0,1,0,0,0,0,0,0,0,0,0,0,0,0,0 0,0,82,131,75,29,27,17,10,7,7,5,1,1,3,1,0,0,2,0,0,1,1 0,0,10,12,3,0,2,0,0,1,0,0,0,0,0,0,0,0,0,0,0,0,0
/media/michal/Pauli/masterdata/processed/paramtest/ds0_02mp_4500/annotated/rares/20140909/patrol_run_51/room_3/features/nonPlanes<shotcolor_uniform_2015-05-18_21-55-05.pcd 23.5887 0.00129882 0.00223284 5 475,250,250,237,63 73,63,42,47,16 1,0,0,0,1 816816 1484 3050 136 566 400 1799 81 504 815332,917,259,112,62,43,26,17,9,8,8,7,3,2,3,3,1,2,0,1,0,0,1 0,48,17,17,13,7,7,4,5,2,3,2,3,0,2,2,1,2,0,0,0,0,1 0,0,92,112,62,43,26,17,9,8,8,7,3,2,3,3,1,2,0,1,0,0,1 0,0,10,17,13,7,7,4,5,2,3,2,3,0,2,2,1,2,0,0,0,0,1
/media/michal/Pauli/masterdata/processed/paramtest/ds0_02mp_4500/annotated/rares/20140909/patrol_run_53/room_3/features/nonPlanes<shotcolor_uniform_2015-05-18_21-55-07.pcd 17.0846 0.001047 0.00334046 10 262,241,219,138,92,81,68,63,58,45 52,47,44,29,22,16,16,19,15,14 0,0,1,0,0,0,0,0,0,0 456456 1546 3050 100 293 400 1702 47 227 454910,944,273,136,64,42,27,24,13,8,7,1,3,0,2,1,0,0,0,0,1 0,40,18,12,9,8,3,3,3,2,1,0,0,0,1,0,0,0,0,0,0 0,0,71,136,64,42,27,24,13,8,7,1,3,0,2,1,0,0,0,0,1 0,0,5,12,9,8,3,3,3,2,1,0,0,0,1,0,0,0,0,0,0
/media/michal/Pauli/masterdata/processed/paramtest/ds0_02mp_4500/annotated/rares/20140909/patrol_run_55/room_3/features/nonPlanes<shotcolor_uniform_2015-05-18_21-55-08.pcd 19.0717 0.00134251 0.0034204 8 368,287,133,118,99,93,39,31 72,57,27,17,21,21,12,12 0,0,0,0,0,0,0,0 446622 1548 3050 35 59 400 1735 9 28 445074,981,272,98,62,41,31,23,6,10,9,5,0,1,5,1,2,0,1 0,21,10,1,1,1,1,0,0,0,0,0,0,0,0,0,0,0,0 0,0,105,98,62,41,31,23,6,10,9,5,0,1,5,1,2,0,1 0,0,5,1,1,1,1,0,0,0,0,0,0,0,0,0,0,0,0
/media/michal/Pauli/masterdata/processed/paramtest/ds0_02mp_4500/annotated/rares/20140909/patrol_run_59/room_3/features/nonPlanes<shotcolor_uniform_2015-05-18_21-55-09.pcd 18.0257 0.00147239 0.00271695 11 185,171,137,100,96,92,85,77,52,43,34 32,38,27,29,18,17,14,17,12,12,13 1,0,1,0,0,0,0,0,0,0,0 446622 1574 3050 113 384 400 1693 57 318 445048,991,285,109,70,47,31,7,6,5,7,0,4,3,0,1,3,1,0,2,1,0,0,0,1 0,46,23,13,5,9,4,1,0,2,2,0,3,0,0,1,2,1,0,1,0,0,0,0,0 0,0,102,109,70,47,31,7,6,5,7,0,4,3,0,1,3,1,0,2,1,0,0,0,1 0,0,13,13,5,9,4,1,0,2,2,0,3,0,0,1,2,1,0,1,0,0,0,0,0
/media/michal/Pauli/masterdata/processed/paramtest/ds0_02mp_4500/annotated/rares/20140909/patrol_run_61/room_3/features/nonPlanes<shotcolor_uniform_2015-05-18_21-55-10.pcd 16.7428 0.000987894 0.00192049 11 306,290,204,174,118,99,92,71,67,37,37 62,49,34,16,21,20,17,19,16,13,12 0,0,0,0,0,0,1,0,0,1,0 447579 1391 3050 66 139 400 1899 23 87 446188,831,234,122,74,37,22,18,12,10,5,6,3,2,2,2,2,1,2,1,0,0,0,2,1,2 0,34,20,6,4,0,0,0,1,0,0,0,0,0,0,0,0,0,0,0,0,0,0,1,0,0 0,0,74,122,74,37,22,18,12,10,5,6,3,2,2,2,2,1,2,1,0,0,0,2,1,2 0,0,11,6,4,0,0,0,1,0,0,0,0,0,0,0,0,0,0,0,0,0,0,1,0,0
/media/michal/Pauli/masterdata/processed/paramtest/ds0_02mp_4500/annotated/rares/20140909/patrol_run_63/room_3/features/nonPlanes<shotcolor_uniform_2015-05-18_21-55-11.pcd 18.0433 0.00133381 0.00196354 7 309,207,126,117,109,89,63 53,49,35,29,31,24,14 0,1,0,0,0,0,0 420420 1662 3050 111 296 400 1569 50 212 418758,1043,321,135,60,37,22,10,13,6,5,4,2,1,2,0,1 0,38,34,13,8,5,9,0,3,0,0,0,0,0,0,0,1 0,0,102,135,60,37,22,10,13,6,5,4,2,1,2,0,1 0,0,11,13,8,5,9,0,3,0,0,0,0,0,0,0,1
/media/michal/Pauli/masterdata/processed/paramtest/ds0_02mp_4500/annotated/rares/20140910/patrol_run_67/room_3/features/nonPlanes<shotcolor_uniform_2015-05-18_21-55-12.pcd 18.3618 0.00100556 0.00186414 9 263,194,181,155,148,105,74,54,46 45,42,26,22,36,24,17,13,13 1,0,0,0,0,0,0,1,0 473286 1507 3050 127 387 400 1782 51 297 471779,946,271,106,63,29,24,13,11,13,7,8,3,1,2,4,1,2,0,1,1,0,0,1 0,62,21,4,14,5,6,0,2,5,2,2,2,1,1,0,0,0,0,0,0,0,0,0 0,0,110,106,63,29,24,13,11,13,7,8,3,1,2,4,1,2,0,1,1,0,0,1 0,0,7,4,14,5,6,0,2,5,2,2,2,1,1,0,0,0,0,0,0,0,0,0
/media/michal/Pauli/masterdata/processed/paramtest/ds0_02mp_4500/annotated/rares/20140910/patrol_run_69/room_3/features/nonPlanes<shotcolor_uniform_2015-05-18_21-55-13.pcd 18.4445 0.00105697 0.0019946 10 386,193,128,96,85,83,78,74,65,55 54,24,33,25,20,19,15,14,16,16 0,0,0,0,0,1,0,0,0,0 443289 1493 3050 98 186 400 1819 25 104 441796,955,238,110,60,41,22,12,13,13,5,9,3,2,0,0,1,3,1,2,1,0,0,0,1,0,0,0,0,1 0,64,14,6,5,5,3,0,0,0,0,0,0,1,0,0,0,0,0,0,0,0,0,0,0,0,0,0,0,0 0,0,100,110,60,41,22,12,13,13,5,9,3,2,0,0,1,3,1,2,1,0,0,0,1,0,0,0,0,1 0,0,5,6,5,5,3,0,0,0,0,0,0,1,0,0,0,0,0,0,0,0,0,0,0,0,0,0,0,0
/media/michal/Pauli/masterdata/processed/paramtest/ds0_02mp_4500/annotated/rares/20140910/patrol_run_71/room_3/features/nonPlanes<shotcolor_uniform_2015-05-18_21-55-14.pcd 17.519 0.00100259 0.00275599 9 344,217,178,138,133,90,60,58,43 45,47,39,31,20,21,14,12,14 0,0,0,0,0,0,0,0,0 477048 1431 3050 39 70 400 1865 9 37 475617,877,252,108,47,38,32,19,15,15,6,3,5,1,2,4,2,3,1,0,0,0,0,0,0,0,0,0,0,0,0,0,1 0,27,5,3,0,2,1,0,1,0,0,0,0,0,0,0,0,0,0,0,0,0,0,0,0,0,0,0,0,0,0,0,0 0,0,98,108,47,38,32,19,15,15,6,3,5,1,2,4,2,3,1,0,0,0,0,0,0,0,0,0,0,0,0,0,1 0,0,2,3,0,2,1,0,1,0,0,0,0,0,0,0,0,0,0,0,0,0,0,0,0,0,0,0,0,0,0,0,0
/media/michal/Pauli/masterdata/processed/paramtest/ds0_02mp_4500/annotated/rares/20140910/patrol_run_74/room_3/features/nonPlanes<shotcolor_uniform_2015-05-18_21-55-15.pcd 15.2286 0.00102014 0.00238808 8 505,291,178,133,121,88,63,39 61,49,32,26,27,22,13,12 0,1,0,0,0,0,0,0 442200 1404 3050 68 305 400 1899 48 282 440796,857,246,112,60,31,21,12,15,12,7,6,4,3,3,5,3,1,2,1,1,0,1,0,0,0,0,0,0,0,1 0,17,8,10,9,2,4,2,5,3,3,3,0,1,0,1,0,0,0,0,0,0,0,0,0,0,0,0,0,0,0 0,0,99,112,60,31,21,12,15,12,7,6,4,3,3,5,3,1,2,1,1,0,1,0,0,0,0,0,0,0,1 0,0,5,10,9,2,4,2,5,3,3,3,0,1,0,1,0,0,0,0,0,0,0,0,0,0,0,0,0,0,0
/media/michal/Pauli/masterdata/processed/paramtest/ds0_02mp_4500/annotated/rares/20140910/patrol_run_77/room_4/features/nonPlanes<shotcolor_uniform_2015-05-18_21-55-16.pcd 16.3557 0.00113031 0.00176328 11 249,171,171,159,144,143,128,126,74,43,40 34,34,25,23,32,27,16,16,17,13,13 1,0,0,0,0,0,0,0,0,0,0 449955 1340 3050 37 193 400 1973 25 177 448615,803,238,88,62,41,26,19,10,15,10,7,2,2,4,2,2,2,1,0,1,0,1,0,1,0,0,1,1,0,0,0,1 0,8,6,2,5,4,1,1,1,1,4,1,0,0,1,0,2,0,0,0,0,0,0,0,0,0,0,0,0,0,0,0,0 0,0,101,88,62,41,26,19,10,15,10,7,2,2,4,2,2,2,1,0,1,0,1,0,1,0,0,1,1,0,0,0,1 0,0,2,2,5,4,1,1,1,1,4,1,0,0,1,0,2,0,0,0,0,0,0,0,0,0,0,0,0,0,0,0,0
/media/michal/Pauli/masterdata/processed/paramtest/ds0_02mp_4500/annotated/rares/20140910/patrol_run_79/room_2/features/nonPlanes<shotcolor_uniform_2015-05-18_21-55-17.pcd 15.6638 0.000832419 0.00193017 10 430,329,271,127,106,96,89,71,64,60 49,48,59,15,23,29,20,18,19,13 1,0,0,0,1,0,0,0,0,0 396627 1342 3050 91 518 400 1966 64 485 395285,800,229,124,57,34,28,10,5,7,9,8,8,3,1,5,2,1,2,3,3,1,1,0,0,0,0,0,0,0,0,0,0,0,1 0,21,16,11,4,7,7,2,1,4,4,2,2,0,0,2,1,0,1,3,2,0,0,0,0,0,0,0,0,0,0,0,0,0,1 0,0,87,124,57,34,28,10,5,7,9,8,8,3,1,5,2,1,2,3,3,1,1,0,0,0,0,0,0,0,0,0,0,0,1 0,0,10,11,4,7,7,2,1,4,4,2,2,0,0,2,1,0,1,3,2,0,0,0,0,0,0,0,0,0,0,0,0,0,1
/media/michal/Pauli/masterdata/processed/paramtest/ds0_02mp_4500/annotated/rares/20140910/patrol_run_81/room_2/features/nonPlanes<shotcolor_uniform_2015-05-18_21-55-18.pcd 16.6102 0.0010891 0.00302394 4 398,279,127,106 105,86,35,29 0,0,1,0 432300 1807 3050 83 191 400 1357 35 127 430493,1121,411,131,75,35,16,9,4,3,1,1 0,32,30,10,2,4,2,0,1,0,1,1 0,0,125,131,75,35,16,9,4,3,1,1 0,0,14,10,2,4,2,0,1,0,1,1
/media/michal/Pauli/masterdata/processed/paramtest/ds0_02mp_4500/annotated/rares/20140911/patrol_run_82/room_3/features/nonPlanes<shotcolor_uniform_2015-05-18_21-55-19.pcd 16.7058 0.000968835 0.00364382 9 322,312,305,133,87,74,52,50,40 45,49,50,28,18,17,13,20,12 0,1,1,0,0,0,0,0,0 473154 1480 3050 117 601 400 1844 88 570 471674,954,249,92,48,39,20,19,12,14,8,6,4,1,3,1,1,3,1,1,1,2,0,0,0,0,0,0,0,0,1 0,27,19,15,7,11,5,4,5,9,2,3,1,1,2,0,1,1,1,0,0,2,0,0,0,0,0,0,0,0,1 0,0,123,92,48,39,20,19,12,14,8,6,4,1,3,1,1,3,1,1,1,2,0,0,0,0,0,0,0,0,1 0,0,17,15,7,11,5,4,5,9,2,3,1,1,2,0,1,1,1,0,0,2,0,0,0,0,0,0,0,0,1
/media/michal/Pauli/masterdata/processed/paramtest/ds0_02mp_4500/annotated/rares/20140911/patrol_run_84/room_3/features/nonPlanes<shotcolor_uniform_2015-05-18_21-55-20.pcd 16.5477 0.00108421 0.00194464 9 378,148,147,135,131,129,112,86,76 67,29,25,31,32,22,13,18,13 1,0,0,0,0,0,0,1,0 452100 1484 3050 149 503 400 1853 74 416 450616,971,233,94,51,35,29,14,9,10,10,8,3,3,3,1,2,1,2,0,1,2,0,0,1,0,0,1 0,63,32,12,12,4,2,6,3,3,3,2,1,2,1,0,0,0,2,0,0,0,0,0,0,0,0,1 0,0,120,94,51,35,29,14,9,10,10,8,3,3,3,1,2,1,2,0,1,2,0,0,1,0,0,1 0,0,20,12,12,4,2,6,3,3,3,2,1,2,1,0,0,0,2,0,0,0,0,0,0,0,0,1
/media/michal/Pauli/masterdata/processed/paramtest/ds0_02mp_4500/annotated/rares/20140911/patrol_run_88/room_3/features/nonPlanes<shotcolor_uniform_2015-05-18_21-55-21.pcd 16.2707 0.00106292 0.00201438 6 466,325,170,108,98,82 71,47,25,27,18,18 1,0,0,0,0,0 474606 1444 3050 135 541 400 1893 75 475 473162,931,231,112,39,38,22,18,11,9,3,6,3,1,5,3,1,1,2,1,1,0,0,2,1,0,0,0,0,0,0,0,0,0,0,1,1,0,0,1 0,54,23,17,4,10,7,3,1,4,1,1,1,0,1,0,1,1,2,1,0,0,0,1,1,0,0,0,0,0,0,0,0,0,0,1,0,0,0,0 0,0,118,112,39,38,22,18,11,9,3,6,3,1,5,3,1,1,2,1,1,0,0,2,1,0,0,0,0,0,0,0,0,0,0,1,1,0,0,1 0,0,17,17,4,10,7,3,1,4,1,1,1,0,1,0,1,1,2,1,0,0,0,1,1,0,0,0,0,0,0,0,0,0,0,1,0,0,0,0
/media/michal/Pauli/masterdata/processed/paramtest/ds0_02mp_4500/annotated/rares/20140911/patrol_run_90/room_3/features/nonPlanes<shotcolor_uniform_2015-05-18_21-55-22.pcd 17.5159 0.000876967 0.00327686 9 373,226,224,140,133,95,92,71,44 46,52,48,32,30,25,18,15,14 0,0,0,0,1,0,0,0,0 408408 1497 3050 110 269 400 1782 45 191 406911,926,263,116,61,42,21,16,18,7,9,5,2,2,1,2,2,2,0,0,0,1,0,0,0,1 0,52,25,10,8,6,2,0,4,1,1,0,1,0,0,0,0,0,0,0,0,0,0,0,0,0 0,0,92,116,61,42,21,16,18,7,9,5,2,2,1,2,2,2,0,0,0,1,0,0,0,1 0,0,12,10,8,6,2,0,4,1,1,0,1,0,0,0,0,0,0,0,0,0,0,0,0,0
/media/michal/Pauli/masterdata/processed/paramtest/ds0_02mp_4500/annotated/rares/20140911/patrol_run_92/room_3/features/nonPlanes<shotcolor_uniform_2015-05-18_21-55-23.pcd 13.3593 0.000899735 0.00339559 10 611,192,173,147,132,116,88,81,69,54 58,38,29,30,25,22,25,15,14,13 0,1,0,0,0,0,0,0,0,0 454740 1257 3050 90 266 400 2073 42 212 453483,737,230,100,53,32,23,13,11,8,7,9,5,5,3,3,2,2,1,3,1,1,2,1,2,0,0,0,0,0,0,1,0,0,0,0,0,0,0,0,0,1,1 0,42,18,6,5,8,3,1,0,2,2,0,1,1,0,0,0,0,0,0,0,0,1,0,0,0,0,0,0,0,0,0,0,0,0,0,0,0,0,0,0,0,0 0,0,110,100,53,32,23,13,11,8,7,9,5,5,3,3,2,2,1,3,1,1,2,1,2,0,0,0,0,0,0,1,0,0,0,0,0,0,0,0,0,1,1 0,0,12,6,5,8,3,1,0,2,2,0,1,1,0,0,0,0,0,0,0,0,1,0,0,0,0,0,0,0,0,0,0,0,0,0,0,0,0,0,0,0,0
/media/michal/Pauli/masterdata/processed/paramtest/ds0_02mp_4500/annotated/rares/20140912/patrol_run_100/room_3/features/nonPlanes<shotcolor_uniform_2015-05-18_21-55-24.pcd 17.1615 0.000985576 0.00252367 9 369,324,161,121,110,74,55,52,44 53,72,32,27,21,19,13,14,12 0,1,0,0,0,0,0,0,0 437778 1477 3050 133 399 400 1789 69 317 436301,893,264,105,80,39,30,29,9,9,3,6,1,2,1,1,1,1,0,1,0,0,0,0,2 0,46,29,14,17,9,7,6,1,2,0,1,0,0,0,0,0,0,0,1,0,0,0,0,0 0,0,80,105,80,39,30,29,9,9,3,6,1,2,1,1,1,1,0,1,0,0,0,0,2 0,0,11,14,17,9,7,6,1,2,0,1,0,0,0,0,0,0,0,1,0,0,0,0,0
/media/michal/Pauli/masterdata/processed/paramtest/ds0_02mp_4500/annotated/rares/20140912/patrol_run_102/room_3/features/nonPlanes<shotcolor_uniform_2015-05-18_21-55-24.pcd 20.459 0.00130469 0.00195152 7 439,360,202,81,78,69,50 59,52,51,18,20,19,14 0,1,0,0,1,0,0 459888 1457 3050 118 462 400 1830 63 398 458431,894,252,119,58,39,23,21,8,14,6,3,7,6,0,0,3,0,2,0,1,0,0,0,0,0,0,0,0,0,0,0,0,0,1 0,46,14,13,9,6,4,9,3,5,0,1,3,2,0,0,1,0,1,0,1,0,0,0,0,0,0,0,0,0,0,0,0,0,0 0,0,89,119,58,39,23,21,8,14,6,3,7,6,0,0,3,0,2,0,1,0,0,0,0,0,0,0,0,0,0,0,0,0,1 0,0,5,13,9,6,4,9,3,5,0,1,3,2,0,0,1,0,1,0,1,0,0,0,0,0,0,0,0,0,0,0,0,0,0
/media/michal/Pauli/masterdata/processed/paramtest/ds0_02mp_4500/annotated/rares/20140912/patrol_run_104/room_3/features/nonPlanes<shotcolor_uniform_2015-05-18_21-55-25.pcd 15.5327 0.000582962 0.0014247 7 487,306,220,87,67,58,56 95,62,37,29,12,17,14 1,0,0,0,0,0,0 445500 1522 3050 153 542 400 1749 87 461 443978,943,288,97,61,43,22,16,15,11,7,5,5,3,5,0,0,0,0,0,0,0,0,0,1 0,51,29,14,15,12,10,7,3,4,1,0,2,2,3,0,0,0,0,0,0,0,0,0,0 0,0,109,97,61,43,22,16,15,11,7,5,5,3,5,0,0,0,0,0,0,0,0,0,1 0,0,14,14,15,12,10,7,3,4,1,0,2,2,3,0,0,0,0,0,0,0,0,0,0
/media/michal/Pauli/masterdata/processed/paramtest/ds0_02mp_4500/annotated/rares/20140912/patrol_run_94/room_3/features/nonPlanes<shotcolor_uniform_2015-05-18_21-55-26.pcd 15.6394 0.00119403 0.00196231 7 294,276,123,83,81,74,46 45,52,29,12,19,14,12 0,1,0,0,0,0,0 445500 1531 3050 118 397 400 1742 62 327 443969,954,259,130,65,39,30,15,9,2,11,2,4,3,1,2,0,0,2,1,2 0,42,25,15,12,4,6,0,3,0,4,1,2,1,1,2,0,0,0,0,0 0,0,82,130,65,39,30,15,9,2,11,2,4,3,1,2,0,0,2,1,2 0,0,11,15,12,4,6,0,3,0,4,1,2,1,1,2,0,0,0,0,0
/media/michal/Pauli/masterdata/processed/paramtest/ds0_02mp_4500/annotated/rares/20140912/patrol_run_96/room_2/features/nonPlanes<shotcolor_uniform_2015-05-18_21-55-27.pcd 16.2606 0.00138098 0.00321482 7 307,269,250,125,73,68,42 52,46,48,24,19,13,12 1,0,0,0,0,0,0 431244 1492 3050 91 365 400 1816 59 331 429752,950,231,111,64,36,24,26,18,7,4,6,4,2,2,2,0,2,0,1,0,0,1,1 0,30,11,12,8,6,2,5,7,2,1,3,2,1,1,0,0,0,0,0,0,0,0,0 0,0,89,111,64,36,24,26,18,7,4,6,4,2,2,2,0,2,0,1,0,0,1,1 0,0,9,12,8,6,2,5,7,2,1,3,2,1,1,0,0,0,0,0,0,0,0,0
/media/michal/Pauli/masterdata/processed/paramtest/ds0_02mp_4500/annotated/rares/20140912/patrol_run_98/room_3/features/nonPlanes<shotcolor_uniform_2015-05-18_21-55-28.pcd 17.2351 0.000951426 0.00305612 11 434,179,164,160,151,124,81,80,59,48,40 85,33,24,26,34,19,26,12,15,13,14 1,0,0,0,0,0,0,0,0,0,0 446622 1445 3050 167 531 400 1841 84 430 445177,881,269,102,62,39,24,12,15,7,6,12,2,3,2,0,4,0,2,0,0,0,1,0,0,0,0,0,0,0,1,0,0,0,0,0,1 0,65,35,11,24,7,7,3,4,2,2,3,1,0,1,0,0,0,1,0,0,0,1,0,0,0,0,0,0,0,0,0,0,0,0,0,0 0,0,105,102,62,39,24,12,15,7,6,12,2,3,2,0,4,0,2,0,0,0,1,0,0,0,0,0,0,0,1,0,0,0,0,0,1 0,0,17,11,24,7,7,3,4,2,2,3,1,0,1,0,0,0,1,0,0,0,1,0,0,0,0,0,0,0,0,0,0,0,0,0,0
/media/michal/Pauli/masterdata/processed/paramtest/ds0_02mp_4500/annotated/rares/20140921/patrol_run_110/room_2/features/nonPlanes<shotcolor_uniform_2015-05-18_21-55-29.pcd 15.2807 0.000950413 0.00170961 8 314,128,80,71,71,62,44,35 101,38,21,22,21,19,14,12 0,0,0,1,0,0,0,0 411840 1895 3050 80 142 400 1280 22 72 409945,1220,388,173,59,37,14,2,2 0,46,16,11,5,1,1,0,0 0,0,113,173,59,37,14,2,2 0,0,4,11,5,1,1,0,0
/media/michal/Pauli/masterdata/processed/paramtest/ds0_02mp_4500/annotated/rares/20140921/patrol_run_112/room_2/features/nonPlanes<shotcolor_uniform_2015-05-18_21-55-30.pcd 20.5674 0.000951452 0.00311621 9 456,169,161,129,117,103,98,68,31 64,26,34,29,28,15,28,16,12 1,0,0,0,0,0,0,0,1 419265 1450 3050 107 502 400 1837 69 460 417815,887,244,124,61,40,30,17,15,8,5,2,3,4,0,1,2,0,1,0,1,1,2,0,1,0,0,0,0,0,0,0,0,0,1 0,34,10,11,13,12,7,3,5,3,1,0,1,0,0,0,2,0,0,0,1,1,2,0,0,0,0,0,0,0,0,0,0,0,1 0,0,81,124,61,40,30,17,15,8,5,2,3,4,0,1,2,0,1,0,1,1,2,0,1,0,0,0,0,0,0,0,0,0,1 0,0,6,11,13,12,7,3,5,3,1,0,1,0,0,0,2,0,0,0,1,1,2,0,0,0,0,0,0,0,0,0,0,0,1
/media/michal/Pauli/masterdata/processed/paramtest/ds0_02mp_4500/annotated/rares/20140921/patrol_run_114/room_1/features/nonPlanes<shotcolor_uniform_2015-05-18_21-55-31.pcd 15.2446 0.000694453 0.00189324 8 420,204,137,111,100,93,78,42 57,23,25,22,21,26,16,12 1,0,0,0,0,0,0,0 417384 1415 3050 82 462 400 1885 61 436 415969,865,233,123,61,43,24,20,6,6,5,4,1,5,6,2,1,6,0,0,0,0,0,0,1,0,3 0,16,7,12,9,8,5,7,3,1,2,3,1,1,2,0,1,2,0,0,0,0,0,0,0,0,2 0,0,83,123,61,43,24,20,6,6,5,4,1,5,6,2,1,6,0,0,0,0,0,0,1,0,3 0,0,2,12,9,8,5,7,3,1,2,3,1,1,2,0,1,2,0,0,0,0,0,0,0,0,2
/media/michal/Pauli/masterdata/processed/paramtest/ds0_02mp_4500/annotated/rares/20140922/patrol_run_116/room_2/features/nonPlanes<shotcolor_uniform_2015-05-18_21-55-32.pcd 14.9003 0.00108334 0.00194701 9 270,249,178,162,131,94,78,74,59 54,53,28,35,25,18,17,18,13 1,0,0,0,0,0,0,0,1 424116 1530 3050 98 349 400 1761 62 311 422586,971,249,117,64,41,19,15,20,10,6,4,6,4,0,1,0,0,1,1,1 0,34,10,13,14,8,3,3,5,5,1,1,0,0,0,1,0,0,0,0,0 0,0,90,117,64,41,19,15,20,10,6,4,6,4,0,1,0,0,1,1,1 0,0,8,13,14,8,3,3,5,5,1,1,0,0,0,1,0,0,0,0,0
/media/michal/Pauli/masterdata/processed/paramtest/ds0_02mp_4500/annotated/rares/20140922/patrol_run_118/room_2/features/nonPlanes<shotcolor_uniform_2015-05-18_21-55-33.pcd 17.7677 0.00101797 0.0019509 8 302,229,139,119,118,88,65,57 63,50,35,25,12,21,14,13 1,0,0,0,0,0,0,0 451044 1550 3050 120 358 400 1734 58 285 449494,984,271,105,60,43,21,19,10,13,8,4,4,2,1,0,2,2,0,0,1 0,51,21,14,8,7,5,6,2,0,2,1,2,1,0,0,0,0,0,0,0 0,0,105,105,60,43,21,19,10,13,8,4,4,2,1,0,2,2,0,0,1 0,0,10,14,8,7,5,6,2,0,2,1,2,1,0,0,0,0,0,0,0
/media/michal/Pauli/masterdata/processed/paramtest/ds0_02mp_4500/annotated/rares/20140922/patrol_run_120/room_1/features/nonPlanes<shotcolor_uniform_2015-05-18_21-55-34.pcd 17.6034 0.00103856 0.0020553 8 326,324,185,109,105,92,87,45 50,71,52,29,30,20,18,14 0,1,0,0,0,0,0,0 478401 1582 3050 96 300 400 1669 52 243 476819,983,298,112,66,48,28,14,6,10,3,5,3,0,2,1,1,0,0,0,1,0,0,0,0,0,0,1 0,31,25,13,3,7,8,3,1,2,0,1,1,0,0,1,0,0,0,0,0,0,0,0,0,0,0,0 0,0,99,112,66,48,28,14,6,10,3,5,3,0,2,1,1,0,0,0,1,0,0,0,0,0,0,1 0,0,12,13,3,7,8,3,1,2,0,1,1,0,0,1,0,0,0,0,0,0,0,0,0,0,0,0
/media/michal/Pauli/masterdata/processed/paramtest/ds0_02mp_4500/annotated/rares/20140922/patrol_run_124/room_2/features/nonPlanes<shotcolor_uniform_2015-05-18_21-55-35.pcd 25.1598 0.00145252 0.00188896 10 174,161,145,79,77,75,62,54,53,48 37,32,28,24,12,18,14,13,16,13 0,0,0,0,0,0,0,0,0,1 483516 1643 3050 67 120 400 1628 18 66 481873,1064,279,135,57,36,20,13,8,12,5,4,3,2,1,2,2 0,44,10,8,1,0,3,0,0,0,1,0,0,0,0,0,0 0,0,100,135,57,36,20,13,8,12,5,4,3,2,1,2,2 0,0,5,8,1,0,3,0,0,0,1,0,0,0,0,0,0
/media/michal/Pauli/masterdata/processed/paramtest/ds0_02mp_4500/annotated/rares/20140922/patrol_run_126/room_2/features/nonPlanes<shotcolor_uniform_2015-05-18_21-55-36.pcd 17.8319 0.00119115 0.00190661 10 238,210,178,88,87,76,76,65,59,41 43,47,21,25,19,17,16,12,12,12 0,1,0,0,0,0,0,0,0,0 459756 1519 3050 118 299 400 1746 47 210 458237,934,282,122,68,30,30,16,5,7,6,2,2,2,4,2,1,0,1,2,0,0,1,0,0,0,1,0,0,0,0,1 0,53,26,11,8,8,6,2,2,1,0,0,0,0,1,0,0,0,0,0,0,0,0,0,0,0,0,0,0,0,0,0 0,0,97,122,68,30,30,16,5,7,6,2,2,2,4,2,1,0,1,2,0,0,1,0,0,0,1,0,0,0,0,1 0,0,8,11,8,8,6,2,2,1,0,0,0,0,1,0,0,0,0,0,0,0,0,0,0,0,0,0,0,0,0,0
/media/michal/Pauli/masterdata/processed/paramtest/ds0_02mp_4500/annotated/rares/20140922/patrol_run_128/room_2/features/nonPlanes<shotcolor_uniform_2015-05-18_21-55-38.pcd 18.6754 0.00101803 0.00319111 10 291,219,139,131,130,88,83,64,54,51 52,47,21,37,29,21,19,17,14,16 0,1,0,0,0,0,0,0,0,0 454410 1587 3050 126 326 400 1680 51 233 452823,1004,279,128,59,40,24,14,12,8,6,1,1,3,0,3,3,0,0,1,0,0,0,0,1 0,57,24,18,6,10,2,3,1,3,1,0,0,0,0,1,0,0,0,0,0,0,0,0,0 0,0,96,128,59,40,24,14,12,8,6,1,1,3,0,3,3,0,0,1,0,0,0,0,1 0,0,6,18,6,10,2,3,1,3,1,0,0,0,0,1,0,0,0,0,0,0,0,0,0
/media/michal/Pauli/masterdata/processed/paramtest/ds0_02mp_4500/annotated/rares/20140922/patrol_run_130/room_2/features/nonPlanes<shotcolor_uniform_2015-05-18_21-55-38.pcd 18.1075 0.00146355 0.00310006 9 420,228,147,140,113,102,68,68,59 83,29,25,27,24,24,24,12,13 1,0,0,0,0,0,0,0,0 443289 1457 3050 136 467 400 1821 77 396 441832,885,279,107,48,36,26,25,10,13,6,6,3,2,1,2,3,1,0,0,1,1,0,1,0,1 0,47,25,15,15,6,6,6,3,5,3,3,1,1,0,0,0,0,0,0,0,0,0,0,0,0 0,0,107,107,48,36,26,25,10,13,6,6,3,2,1,2,3,1,0,0,1,1,0,1,0,1 0,0,13,15,15,6,6,6,3,5,3,3,1,1,0,0,0,0,0,0,0,0,0,0,0,0
/media/michal/Pauli/masterdata/processed/paramtest/ds0_02mp_4500/annotated/rares/20140922/patrol_run_132/room_1/features/nonPlanes<shotcolor_uniform_2015-05-18_21-55-40.pcd 17.5344 0.000622941 0.00101932 8 324,266,165,153,110,63,62,61 70,39,41,32,27,18,15,14 0,0,0,0,0,0,0,0 454740 1486 3050 19 52 400 1770 7 34 453254,892,278,116,76,43,21,20,11,5,4,4,2,4,2,2,0,2,1,1,0,1,0,0,0,0,1 0,6,6,2,2,1,0,1,1,0,0,0,0,0,0,0,0,0,0,0,0,0,0,0,0,0,0 0,0,84,116,76,43,21,20,11,5,4,4,2,4,2,2,0,2,1,1,0,1,0,0,0,0,1 0,0,0,2,2,1,0,1,1,0,0,0,0,0,0,0,0,0,0,0,0,0,0,0,0,0,0
/media/michal/Pauli/masterdata/processed/paramtest/ds0_02mp_4500/annotated/rares/20140922/patrol_run_134/room_2/features/nonPlanes<shotcolor_uniform_2015-05-18_21-55-41.pcd 18.3023 0.00118536 0.00351364 8 415,310,163,113,87,86,80,64 86,65,30,18,26,26,17,14 0,1,0,0,0,0,0,0 411840 1553 3050 110 348 400 1723 60 287 410287,979,264,110,70,39,31,15,17,9,6,0,6,3,2,1,1 0,39,17,14,17,5,4,4,7,2,0,0,0,0,1,0,0 0,0,90,110,70,39,31,15,17,9,6,0,6,3,2,1,1 0,0,6,14,17,5,4,4,7,2,0,0,0,0,1,0,0
/media/michal/Pauli/masterdata/processed/paramtest/ds0_02mp_4500/annotated/rares/20140922/patrol_run_138/room_2/features/nonPlanes<shotcolor_uniform_2015-05-18_21-55-42.pcd 15.9208 0.000935827 0.00187015 9 335,221,192,143,142,139,70,59,56 60,28,45,30,18,28,17,15,15 1,0,0,0,0,0,0,0,0 443223 1436 3050 115 406 400 1842 60 335 441787,864,261,113,61,40,28,14,9,11,9,4,6,3,5,5,1,0,1,0,1 0,39,23,13,13,4,7,3,2,4,1,2,0,0,1,1,1,0,1,0,0 0,0,89,113,61,40,28,14,9,11,9,4,6,3,5,5,1,0,1,0,1 0,0,7,13,13,4,7,3,2,4,1,2,0,0,1,1,1,0,1,0,0
/media/michal/Pauli/masterdata/processed/paramtest/ds0_02mp_4500/annotated/rares/20140923/patrol_run_139/room_2/features/nonPlanes<shotcolor_uniform_2015-05-18_21-55-43.pcd 19.4821 0.00101664 0.00206133 7 733,200,174,109,77,64,51 134,40,27,16,14,16,13 1,0,0,0,0,0,0 430782 1449 3050 182 735 400 1873 116 658 429333,921,242,96,54,32,20,24,14,9,10,5,7,4,0,2,1,0,3,1,1,1,1,0,0,0,0,1 0,55,33,24,15,11,6,7,8,7,6,3,0,2,0,0,0,0,3,0,1,0,1,0,0,0,0,0 0,0,114,96,54,32,20,24,14,9,10,5,7,4,0,2,1,0,3,1,1,1,1,0,0,0,0,1 0,0,22,24,15,11,6,7,8,7,6,3,0,2,0,0,0,0,3,0,1,0,1,0,0,0,0,0
/media/michal/Pauli/masterdata/processed/paramtest/ds0_02mp_4500/annotated/rares/20140923/patrol_run_141/room_2/features/nonPlanes<shotcolor_uniform_2015-05-18_21-55-43.pcd 18.2473 0.000863924 0.00199357 9 336,233,136,108,75,75,70,66,46 56,60,27,17,16,12,14,15,12 1,0,0,0,0,0,0,0,0 407286 1486 3050 118 447 400 1806 64 379 405800,928,262,107,57,32,28,20,11,9,8,3,8,1,2,3,4,2,0,1 0,40,23,13,9,4,6,8,1,2,3,1,4,1,1,1,0,1,0,0 0,0,104,107,57,32,28,20,11,9,8,3,8,1,2,3,4,2,0,1 0,0,9,13,9,4,6,8,1,2,3,1,4,1,1,1,0,1,0,0
/media/michal/Pauli/masterdata/processed/paramtest/ds0_02mp_4500/annotated/rares/20140923/patrol_run_144/room_2/features/nonPlanes<shotcolor_uniform_2015-05-18_21-55-45.pcd 16.2922 0.000935599 0.00198743 9 464,173,163,154,142,63,57,48,48 87,26,33,26,29,13,16,16,12 1,0,0,0,0,0,0,0,0 438471 1497 3050 153 542 400 1803 89 470 436974,947,246,99,61,47,31,19,13,6,9,7,3,2,1,1,1,0,1,1,0,0,1,0,0,1 0,56,20,18,15,16,7,8,2,2,3,2,1,1,0,0,0,0,1,0,0,0,0,0,0,1 0,0,96,99,61,47,31,19,13,6,9,7,3,2,1,1,1,0,1,1,0,0,1,0,0,1 0,0,12,18,15,16,7,8,2,2,3,2,1,1,0,0,0,0,1,0,0,0,0,0,0,1
/media/michal/Pauli/masterdata/processed/paramtest/ds0_02mp_4500/annotated/rares/20140923/patrol_run_146/room_2/features/nonPlanes<shotcolor_uniform_2015-05-18_21-55-45.pcd 13.7884 0.000668029 0.00199367 9 402,266,192,135,134,109,97,59,53 61,50,37,24,28,25,29,14,13 1,0,0,0,0,0,0,0,0 391248 1420 3050 133 508 400 1851 65 425 389828,841,257,126,73,24,27,17,15,10,6,8,1,5,4,0,1,0,1,0,1,1,0,0,0,1,0,0,0,0,0,0,0,1 0,53,21,16,10,2,6,7,4,2,1,2,0,2,3,0,1,0,1,0,0,1,0,0,0,1,0,0,0,0,0,0,0,0 0,0,78,126,73,24,27,17,15,10,6,8,1,5,4,0,1,0,1,0,1,1,0,0,0,1,0,0,0,0,0,0,0,1 0,0,6,16,10,2,6,7,4,2,1,2,0,2,3,0,1,0,1,0,0,1,0,0,0,1,0,0,0,0,0,0,0,0
/media/michal/Pauli/masterdata/processed/paramtest/ds0_02mp_4500/annotated/rares/20140923/patrol_run_148/room_2/features/nonPlanes<shotcolor_uniform_2015-05-18_21-55-46.pcd 15.9757 0.00146001 0.00279937 9 334,233,208,150,139,111,85,79,55 45,47,40,24,31,29,20,16,15 0,1,0,0,0,0,1,0,0 444246 1446 3050 117 355 400 1844 61 283 442800,886,257,107,60,34,20,23,15,16,6,5,5,1,2,1,1,4,0,2,0,1 0,40,34,12,11,5,2,3,2,2,3,0,1,0,1,0,0,0,0,1,0,0 0,0,97,107,60,34,20,23,15,16,6,5,5,1,2,1,1,4,0,2,0,1 0,0,18,12,11,5,2,3,2,2,3,0,1,0,1,0,0,0,0,1,0,0
/media/michal/Pauli/masterdata/processed/paramtest/ds0_02mp_4500/annotated/rares/20140923/patrol_run_150/room_2/features/nonPlanes<shotcolor_uniform_2015-05-18_21-55-47.pcd 17.7419 0.00230129 0.00321275 10 335,163,144,133,126,120,114,91,72,58 58,37,23,37,28,26,18,20,18,13 1,0,0,0,0,0,1,0,0,0 454740 1496 3050 104 407 400 1795 62 359 453244,937,240,127,53,50,30,11,10,10,8,5,2,4,3,0,3,0,1,0,0,0,2 0,36,18,10,6,10,5,4,1,4,3,2,1,1,1,0,1,0,0,0,0,0,1 0,0,81,127,53,50,30,11,10,10,8,5,2,4,3,0,3,0,1,0,0,0,2 0,0,12,10,6,10,5,4,1,4,3,2,1,1,1,0,1,0,0,0,0,0,1
/media/michal/Pauli/masterdata/processed/paramtest/ds0_02mp_4500/annotated/rares/20140924/patrol_run_152/room_2/features/nonPlanes<shotcolor_uniform_2015-05-18_21-55-49.pcd 15.0715 0.00112733 0.00298887 9 517,237,135,94,91,78,74,58,40 96,55,19,12,20,15,16,16,13 1,0,0,0,0,0,0,0,0 384087 1457 3050 120 518 400 1830 88 480 382630,894,241,116,73,42,21,14,18,7,9,6,3,4,2,1,2,0,2,2 0,26,19,14,15,12,7,5,8,5,5,1,0,2,0,0,0,0,0,1 0,0,78,116,73,42,21,14,18,7,9,6,3,4,2,1,2,0,2,2 0,0,13,14,15,12,7,5,8,5,5,1,0,2,0,0,0,0,0,1
/media/michal/Pauli/masterdata/processed/paramtest/ds0_02mp_4500/annotated/rares/20140924/patrol_run_156/room_2/features/nonPlanes<shotcolor_uniform_2015-05-18_21-55-49.pcd 17.8913 0.00138399 0.00208692 11 610,227,176,97,81,74,73,65,56,41,37 96,42,21,21,14,12,18,20,16,14,13 1,0,0,0,0,0,0,0,0,0,0 395010 1418 3050 114 594 400 1897 87 559 393592,883,247,94,53,39,28,19,10,10,6,4,6,5,2,2,0,2,2,2,1,1,0,0,0,0,0,0,0,0,0,0,1,1 0,19,25,12,9,12,9,5,6,4,2,1,0,4,0,1,0,0,1,1,1,0,0,0,0,0,0,0,0,0,0,0,1,1 0,0,112,94,53,39,28,19,10,10,6,4,6,5,2,2,0,2,2,2,1,1,0,0,0,0,0,0,0,0,0,0,1,1 0,0,17,12,9,12,9,5,6,4,2,1,0,4,0,1,0,0,1,1,1,0,0,0,0,0,0,0,0,0,0,0,1,1
/media/michal/Pauli/masterdata/processed/paramtest/ds0_02mp_4500/annotated/rares/20140924/patrol_run_158/room_1/features/nonPlanes<shotcolor_uniform_2015-05-18_21-55-50.pcd 13.2524 0.000892192 0.00201716 12 526,178,151,119,111,85,84,75,63,50,48,43 71,27,37,19,23,17,25,16,14,16,12,14 1,0,0,0,0,0,0,0,0,0,0,0 434214 1403 3050 102 555 400 1918 74 521 432811,874,234,108,50,31,23,22,11,14,7,5,3,4,4,2,3,0,0,1,2,2,0,0,2,0,0,1 0,22,18,16,6,6,3,5,4,4,2,3,0,3,3,1,0,0,0,1,2,2,0,0,1,0,0,0 0,0,105,108,50,31,23,22,11,14,7,5,3,4,4,2,3,0,0,1,2,2,0,0,2,0,0,1 0,0,12,16,6,6,3,5,4,4,2,3,0,3,3,1,0,0,0,1,2,2,0,0,1,0,0,0
/media/michal/Pauli/masterdata/processed/paramtest/ds0_02mp_4500/annotated/rares/20140924/patrol_run_162/room_2/features/nonPlanes<shotcolor_uniform_2015-05-18_21-55-51.pcd 19.3241 0.00136253 0.00307833 9 284,151,151,146,115,91,81,73,66 49,26,22,22,19,24,26,19,14 1,0,0,0,0,0,0,0,0 435600 1453 3050 66 292 400 1846 45 267 434147,902,251,105,56,42,18,22,13,7,11,5,5,3,4,4,3,0,0,1,0,1 0,17,9,8,9,4,3,3,4,1,2,3,1,0,0,0,2,0,0,0,0,0 0,0,100,105,56,42,18,22,13,7,11,5,5,3,4,4,3,0,0,1,0,1 0,0,5,8,9,4,3,3,4,1,2,3,1,0,0,0,2,0,0,0,0,0
/media/michal/Pauli/masterdata/processed/paramtest/ds0_02mp_4500/annotated/rares/20140924/patrol_run_164/room_1/features/nonPlanes<shotcolor_uniform_2015-05-18_21-55-52.pcd 16.2581 0.00200183 0.00187655 8 274,225,161,143,138,118,112,108 40,31,33,34,25,15,22,18 1,0,0,0,0,0,0,0 425568 1410 3050 63 298 400 1908 40 274 424158,878,241,100,49,34,23,14,20,11,7,9,8,2,2,2,2,3,2,1,1,0,1 0,22,7,5,4,4,6,2,2,2,0,2,4,0,0,0,0,1,1,0,0,0,1 0,0,109,100,49,34,23,14,20,11,7,9,8,2,2,2,2,3,2,1,1,0,1 0,0,6,5,4,4,6,2,2,2,0,2,4,0,0,0,0,1,1,0,0,0,1
/media/michal/Pauli/masterdata/processed/paramtest/ds0_02mp_4500/annotated/rares/20140924/patrol_run_166/room_2/features/nonPlanes<shotcolor_uniform_2015-05-18_21-55-53.pcd 18.1102 0.00126872 0.00182063 8 313,235,168,112,102,83,80,51 52,29,35,19,14,13,18,13 1,0,0,0,0,0,0,0 411642 1424 3050 61 278 400 1896 41 258 410218,894,234,103,54,34,30,25,9,7,5,7,2,1,2,2,2,1,4,4,2,0,2 0,20,5,6,7,6,3,3,2,2,1,1,1,1,0,1,0,0,1,0,1,0,0 0,0,104,103,54,34,30,25,9,7,5,7,2,1,2,2,2,1,4,4,2,0,2 0,0,5,6,7,6,3,3,2,2,1,1,1,1,0,1,0,0,1,0,1,0,0
