obj_search:
  camera_z: 1.7
  ceiling_z: 2.27
  floor_z: 0
  object_query: {K: 5}
  processed_data_dir: /home/michal/Downloads/pcddata/processed/
  raw_data_dir: /media/michal/Pauli/masterdata/raw/
object_query: {K: 10, cluster_maxsize: 500, cluster_minsize: 12, cluster_tolerance: 0.25,
  clusters_to_results: true, extract_mult: 1.3, match: nonPlanes<pfhrgb_uniform, n_max_points: 400,
  output_dir: 'NULL', query_features: '/home/michal/Downloads/pcddata/processed/query/queryobjects/0,01/pillow/features/rgb_0003_label_pillow<pfhrgb_uniform_2015-05-26_14-51-38.pcd',
  results_out: '/home/michal/Downloads/pcddata/processed/query/k10_mx400_t0,25/rares',
  subdirs: 4, target_features: /media/michal/Pauli/masterdata/processed/annotated/rares,
  x_step_hough: 0.05, y_step_hough: 0.05, z_step_hough: 0.05}
rosdistro: 'indigo

  '
roslaunch:
  uris: {host_tycho__35219: 'http://tycho:35219/', host_tycho__39420: 'http://tycho:39420/'}
rosversion: '1.11.10

  '
run_id: da818954-089f-11e5-bc8f-3c970e77227e
BEGIN_DATA
# fname t_query t_hough t_cluster cluster_n cluster_scores cluster_points cluster_inobb n_hough_tot nonzero_hough hough_votes boxpts boxvotes maxpts maxvotes maxboxpts maxboxvotes hough_hist box_hist max_hist boxmax_hist
/media/michal/Pauli/masterdata/processed/annotated/rares/20140820/patrol_run_2/room_1/features/nonPlanes<pfhrgb_uniform_2015-05-17_13-41-17.pcd 0.306641 0.0014046 0.00327381 9 294,190,137,102,82,49,48,37,32 59,31,56,27,15,16,13,14,26 -1 449955 404 1380 -1 -1 400 1376 -1 -1 449551,205,74,35,21,10,9,4,5,5,2,3,4,3,5,3,2,1,0,1,3,2,1,1,0,0,2,0,0,0,0,1,0,1,0,1 -1 0,201,74,35,21,10,9,4,5,5,2,3,4,3,5,3,2,1,0,1,3,2,1,1,0,0,2,0,0,0,0,1,0,1,0,1 -1
/media/michal/Pauli/masterdata/processed/annotated/rares/20140820/patrol_run_4/room_0/features/nonPlanes<pfhrgb_uniform_2015-05-17_13-43-03.pcd 0.2845 0.00114221 0.0033431 8 312,223,175,170,50,42,42,25 63,62,24,26,15,20,20,16 -1 424446 431 1380 -1 -1 400 1349 -1 -1 424015,193,90,37,30,18,11,7,8,8,1,5,5,5,2,4,2,0,0,0,0,2,0,0,1,0,0,0,0,1,1 -1 0,162,90,37,30,18,11,7,8,8,1,5,5,5,2,4,2,0,0,0,0,2,0,0,1,0,0,0,0,1,1 -1
/media/michal/Pauli/masterdata/processed/annotated/rares/20140828/patrol_run_19/room_3/features/nonPlanes<pfhrgb_uniform_2015-05-17_13-45-09.pcd 0.225306 0.000863413 0.00320708 6 288,175,156,121,71,67 54,66,34,43,13,22 -1 445269 410 1380 -1 -1 400 1370 -1 -1 444859,188,85,30,25,17,9,12,7,11,3,5,0,2,1,2,2,1,1,1,3,1,0,0,0,0,2,0,0,0,0,0,0,0,0,0,0,0,0,0,2 -1 0,178,85,30,25,17,9,12,7,11,3,5,0,2,1,2,2,1,1,1,3,1,0,0,0,0,2,0,0,0,0,0,0,0,0,0,0,0,0,0,2 -1
/media/michal/Pauli/masterdata/processed/annotated/rares/20140829/patrol_run_20/room_3/features/nonPlanes<pfhrgb_uniform_2015-05-17_13-46-34.pcd 0.311703 0.00169542 0.00308451 10 142,136,114,105,86,75,53,52,45,23 31,21,23,36,27,23,14,23,19,12 -1 461736 412 1380 -1 -1 400 1368 -1 -1 461324,179,92,35,28,19,11,13,3,4,2,3,2,3,3,1,1,2,1,4,1,1,0,2,0,0,0,0,0,0,0,0,0,0,0,0,0,1,0,0,0,0,0,0,0,0,0,1 -1 0,167,92,35,28,19,11,13,3,4,2,3,2,3,3,1,1,2,1,4,1,1,0,2,0,0,0,0,0,0,0,0,0,0,0,0,0,1,0,0,0,0,0,0,0,0,0,1 -1
/media/michal/Pauli/masterdata/processed/annotated/rares/20140829/patrol_run_26/room_2/features/nonPlanes<pfhrgb_uniform_2015-05-17_13-47-56.pcd 0.254554 0.000889946 0.00312623 9 359,113,105,103,90,62,47,45,24 54,50,33,27,28,21,13,17,18 1,0,0,0,0,0,0,0,0 404481 483 1380 44 281 400 1297 37 274 403998,235,90,54,23,17,19,10,9,2,3,3,4,5,0,0,2,1,1,1,0,1,0,3 0,7,3,8,4,2,7,2,1,1,1,1,2,0,0,0,0,1,1,1,0,0,0,2 0,152,90,54,23,17,19,10,9,2,3,3,4,5,0,0,2,1,1,1,0,1,0,3 0,0,3,8,4,2,7,2,1,1,1,1,2,0,0,0,0,1,1,1,0,0,0,2
/media/michal/Pauli/masterdata/processed/annotated/rares/20140901/patrol_run_27/room_2/features/nonPlanes<pfhrgb_uniform_2015-05-17_13-49-01.pcd 0.224429 0.000845947 0.00314619 8 244,191,190,110,94,82,41,31 38,50,41,13,34,29,31,18 -1 424710 423 1380 -1 -1 400 1357 -1 -1 424287,199,75,42,28,12,13,8,7,3,6,7,3,5,2,2,2,2,2,1,0,0,1,1,0,1,0,0,0,1 -1 0,176,75,42,28,12,13,8,7,3,6,7,3,5,2,2,2,2,2,1,0,0,1,1,0,1,0,0,0,1 -1
/media/michal/Pauli/masterdata/processed/annotated/rares/20140901/patrol_run_31/room_2/features/nonPlanes<pfhrgb_uniform_2015-05-17_13-50-02.pcd 0.226246 0.00125073 0.00294466 7 281,271,132,86,44,38,27 38,40,29,33,19,19,16 -1 456456 367 1380 -1 -1 367 1380 -1 -1 456089,161,59,28,35,17,10,9,10,11,5,2,2,3,2,3,0,1,0,1,0,0,0,0,0,1,1,3,0,0,0,0,1,0,1,0,0,0,0,0,0,0,0,0,0,0,0,0,1 -1 0,161,59,28,35,17,10,9,10,11,5,2,2,3,2,3,0,1,0,1,0,0,0,0,0,1,1,3,0,0,0,0,1,0,1,0,0,0,0,0,0,0,0,0,0,0,0,0,1 -1
/media/michal/Pauli/masterdata/processed/annotated/rares/20140901/patrol_run_32/room_2/features/nonPlanes<pfhrgb_uniform_2015-05-17_13-51-06.pcd 0.210086 0.000826763 0.00231349 7 302,157,90,72,71,38,32 57,31,27,30,20,16,13 -1 449592 484 1380 -1 -1 400 1296 -1 -1 449108,223,107,51,28,14,10,12,9,4,2,5,5,3,5,0,0,1,2,2,0,1 -1 0,139,107,51,28,14,10,12,9,4,2,5,5,3,5,0,0,1,2,2,0,1 -1
/media/michal/Pauli/masterdata/processed/annotated/rares/20140901/patrol_run_33/room_1/features/nonPlanes<pfhrgb_uniform_2015-05-17_13-52-24.pcd 0.174777 0.0012264 0.00252932 7 497,203,122,85,82,78,33 126,30,19,18,32,14,24 -1 451044 325 1380 -1 -1 325 1380 -1 -1 450719,147,52,47,11,11,11,2,6,6,5,3,0,4,2,0,0,0,1,1,1,1,0,0,2,2,1,1,1,0,0,0,0,2,0,1,0,0,0,0,1,0,0,1,0,0,1,0,0,0,0,0,0,0,0,0,0,1 -1 0,147,52,47,11,11,11,2,6,6,5,3,0,4,2,0,0,0,1,1,1,1,0,0,2,2,1,1,1,0,0,0,0,2,0,1,0,0,0,0,1,0,0,1,0,0,1,0,0,0,0,0,0,0,0,0,0,1 -1
/media/michal/Pauli/masterdata/processed/annotated/rares/20140902/patrol_run_35/room_2/features/nonPlanes<pfhrgb_uniform_2015-05-17_13-54-19.pcd 0.233806 0.000896097 0.00212616 9 328,164,133,91,67,57,56,49,36 86,15,35,12,32,18,20,17,22 -1 451044 400 1380 -1 -1 400 1380 -1 -1 450644,169,80,56,16,18,8,4,8,10,8,1,3,4,1,2,0,3,2,1,1,0,1,0,0,0,1,1,0,1,0,0,0,0,0,0,0,0,0,0,0,0,0,0,0,0,1 -1 0,169,80,56,16,18,8,4,8,10,8,1,3,4,1,2,0,3,2,1,1,0,1,0,0,0,1,1,0,1,0,0,0,0,0,0,0,0,0,0,0,0,0,0,0,0,1 -1
/media/michal/Pauli/masterdata/processed/annotated/rares/20140902/patrol_run_38/room_0/features/nonPlanes<pfhrgb_uniform_2015-05-17_13-55-33.pcd 0.278902 0.00132867 0.00316069 10 155,143,134,79,77,77,57,43,39,19 35,23,37,35,23,20,18,14,12,12 0,0,1,0,0,0,0,0,0,0 427977 427 1380 23 106 400 1353 22 105 427550,214,72,46,26,14,8,6,6,3,6,3,2,2,3,2,1,2,2,1,0,1,0,1,0,0,1,0,1,0,1,2,0,0,0,1 0,5,5,2,3,2,0,0,2,1,1,1,0,0,0,0,0,1,0,0,0,0,0,0,0,0,0,0,0,0,0,0,0,0,0,0 0,187,72,46,26,14,8,6,6,3,6,3,2,2,3,2,1,2,2,1,0,1,0,1,0,0,1,0,1,0,1,2,0,0,0,1 0,4,5,2,3,2,0,0,2,1,1,1,0,0,0,0,0,1,0,0,0,0,0,0,0,0,0,0,0,0,0,0,0,0,0,0
/media/michal/Pauli/masterdata/processed/annotated/rares/20140903/patrol_run_1/room_4/features/nonPlanes<pfhrgb_uniform_2015-05-17_13-56-27.pcd 0.282036 0.000881928 0.00286605 6 378,92,88,49,33,26 57,25,30,24,19,13 0,0,0,0,0,0 470184 438 1380 21 70 400 1342 19 68 469746,217,80,35,30,15,11,11,4,7,1,5,4,2,2,0,1,2,1,1,0,2,1,2,2,0,1,1 0,7,4,3,2,1,2,0,1,0,0,0,0,1,0,0,0,0,0,0,0,0,0,0,0,0,0,0 0,179,80,35,30,15,11,11,4,7,1,5,4,2,2,0,1,2,1,1,0,2,1,2,2,0,1,1 0,5,4,3,2,1,2,0,1,0,0,0,0,1,0,0,0,0,0,0,0,0,0,0,0,0,0,0
/media/michal/Pauli/masterdata/processed/annotated/rares/20140903/patrol_run_10/room_2/features/nonPlanes<pfhrgb_uniform_2015-05-17_13-58-04.pcd 0.250924 0.00101985 0.00296682 9 302,195,73,72,72,67,62,37,36 40,47,14,31,14,17,21,23,13 -1 453024 420 1380 -1 -1 400 1360 -1 -1 452604,197,76,38,27,21,12,8,4,8,4,3,3,6,4,0,3,0,0,0,0,0,0,0,1,1,1,0,1,0,0,1,0,0,0,0,0,0,0,0,0,0,0,0,0,0,0,1 -1 0,177,76,38,27,21,12,8,4,8,4,3,3,6,4,0,3,0,0,0,0,0,0,0,1,1,1,0,1,0,0,1,0,0,0,0,0,0,0,0,0,0,0,0,0,0,0,1 -1
/media/michal/Pauli/masterdata/processed/annotated/rares/20140903/patrol_run_12/room_2/features/nonPlanes<pfhrgb_uniform_2015-05-17_13-59-01.pcd 0.274513 0.00102283 0.00281048 6 208,138,135,91,84,61 56,46,23,27,27,14 -1 434214 456 1380 -1 -1 400 1324 -1 -1 433758,210,94,41,29,23,14,8,6,4,5,4,4,3,2,1,0,2,1,1,1,1,0,0,0,0,0,0,0,0,0,0,0,0,2 -1 0,154,94,41,29,23,14,8,6,4,5,4,4,3,2,1,0,2,1,1,1,1,0,0,0,0,0,0,0,0,0,0,0,0,2 -1
/media/michal/Pauli/masterdata/processed/annotated/rares/20140903/patrol_run_14/room_1/features/nonPlanes<pfhrgb_uniform_2015-05-17_14-00-47.pcd 0.226888 0.00128273 0.00318537 8 244,211,154,88,62,36,32,16 50,35,32,42,14,13,16,13 -1 434313 462 1380 -1 -1 400 1318 -1 -1 433851,225,70,44,35,23,13,11,8,9,4,3,2,5,1,3,2,1,1,1,0,1 -1 0,163,70,44,35,23,13,11,8,9,4,3,2,5,1,3,2,1,1,1,0,1 -1
/media/michal/Pauli/masterdata/processed/annotated/rares/20140903/patrol_run_2/room_4/features/nonPlanes<pfhrgb_uniform_2015-05-17_14-02-43.pcd 0.272317 0.000934303 0.00316129 7 544,156,142,116,78,24,17 86,25,49,28,27,15,12 0,1,0,0,0,0,0 462264 425 1380 17 123 400 1355 17 123 461839,207,76,37,21,17,18,6,8,4,7,3,2,1,2,3,1,3,1,0,2,1,1,0,1,1,0,0,0,0,1,1 0,4,3,2,1,1,0,1,0,0,2,0,0,0,0,1,0,0,0,0,0,0,0,0,0,1,0,0,0,0,0,1 0,182,76,37,21,17,18,6,8,4,7,3,2,1,2,3,1,3,1,0,2,1,1,0,1,1,0,0,0,0,1,1 0,4,3,2,1,1,0,1,0,0,2,0,0,0,0,1,0,0,0,0,0,0,0,0,0,1,0,0,0,0,0,1
/media/michal/Pauli/masterdata/processed/annotated/rares/20140903/patrol_run_9/room_2/features/nonPlanes<pfhrgb_uniform_2015-05-17_14-04-25.pcd 0.280174 0.00131361 0.00291388 9 311,169,83,74,71,66,64,52,47 39,41,30,26,19,20,12,30,21 -1 491568 446 1380 -1 -1 400 1334 -1 -1 491122,210,86,49,22,22,11,4,11,3,5,3,2,3,2,2,0,2,1,1,1,2,0,1,1,0,0,0,0,1,0,1 -1 0,164,86,49,22,22,11,4,11,3,5,3,2,3,2,2,0,2,1,1,1,2,0,1,1,0,0,0,0,1,0,1 -1
/media/michal/Pauli/masterdata/processed/annotated/rares/20140904/patrol_run_15/room_2/features/nonPlanes<pfhrgb_uniform_2015-05-17_14-06-04.pcd 0.365854 0.00173594 0.00332912 8 258,229,180,98,71,53,30,30 39,53,57,45,18,26,17,12 -1 517902 496 1380 -1 -1 400 1284 -1 -1 517406,237,103,44,31,23,13,6,10,8,3,4,5,2,1,1,0,0,1,1,0,0,2,0,1 -1 0,141,103,44,31,23,13,6,10,8,3,4,5,2,1,1,0,0,1,1,0,0,2,0,1 -1
/media/michal/Pauli/masterdata/processed/annotated/rares/20140905/patrol_run_17/room_2/features/nonPlanes<pfhrgb_uniform_2015-05-17_14-08-12.pcd 0.251977 0.000857914 0.00273908 9 144,101,97,95,86,78,68,49,34 18,53,20,18,36,14,18,22,14 -1 446160 381 1380 -1 -1 381 1380 -1 -1 445779,181,71,28,27,19,4,7,5,6,6,0,8,1,1,2,1,1,2,1,0,0,0,1,1,0,1,0,1,2,2,0,0,0,0,0,0,0,0,0,1,0,0,1 -1 0,181,71,28,27,19,4,7,5,6,6,0,8,1,1,2,1,1,2,1,0,0,0,1,1,0,1,0,1,2,2,0,0,0,0,0,0,0,0,0,1,0,0,1 -1
/media/michal/Pauli/masterdata/processed/annotated/rares/20140905/patrol_run_19/room_1/features/nonPlanes<pfhrgb_uniform_2015-05-17_14-09-57.pcd 0.267981 0.000888727 0.00325608 9 315,169,158,132,85,73,57,38,26 74,27,52,35,26,24,18,20,14 -1 453024 423 1380 -1 -1 400 1357 -1 -1 452601,195,85,40,27,16,8,7,10,4,2,4,6,3,3,1,1,2,0,1,2,0,3,0,0,0,1,1,0,0,0,0,0,0,1 -1 0,172,85,40,27,16,8,7,10,4,2,4,6,3,3,1,1,2,0,1,2,0,3,0,0,0,1,1,0,0,0,0,0,0,1 -1
/media/michal/Pauli/masterdata/processed/annotated/rares/20140905/patrol_run_21/room_2/features/nonPlanes<pfhrgb_uniform_2015-05-17_14-11-14.pcd 0.276711 0.000830465 0.00276609 7 132,105,98,83,49,30,29 18,52,21,16,13,16,12 -1 419265 384 1380 -1 -1 384 1380 -1 -1 418881,171,77,32,26,16,15,6,7,4,7,2,2,2,3,1,0,1,2,1,1,0,0,0,0,0,0,2,2,1,0,0,1,0,0,0,0,0,0,0,0,0,0,1,0,0,1 -1 0,171,77,32,26,16,15,6,7,4,7,2,2,2,3,1,0,1,2,1,1,0,0,0,0,0,0,2,2,1,0,0,1,0,0,0,0,0,0,0,0,0,0,1,0,0,1 -1
/media/michal/Pauli/masterdata/processed/annotated/rares/20140905/patrol_run_23/room_2/features/nonPlanes<pfhrgb_uniform_2015-05-17_14-12-09.pcd 0.282644 0.000885452 0.00283009 9 207,179,98,86,55,52,44,35,27 41,35,22,36,19,12,27,19,12 -1 463320 390 1380 -1 -1 390 1380 -1 -1 462930,196,70,40,18,12,5,11,2,5,2,1,5,1,1,1,1,2,1,1,1,1,2,0,1,3,0,0,1,1,0,2,1,1,0,0,1 -1 0,196,70,40,18,12,5,11,2,5,2,1,5,1,1,1,1,2,1,1,1,1,2,0,1,3,0,0,1,1,0,2,1,1,0,0,1 -1
/media/michal/Pauli/masterdata/processed/annotated/rares/20140905/patrol_run_25/room_1/features/nonPlanes<pfhrgb_uniform_2015-05-17_14-13-21.pcd 0.298507 0.000785827 0.0026223 9 277,179,105,92,79,78,68,55,24 42,39,22,27,24,22,20,22,16 -1 410652 369 1380 -1 -1 369 1380 -1 -1 410283,162,83,31,29,9,4,5,6,3,4,3,3,2,4,5,4,2,1,0,0,0,0,1,2,1,0,1,1,0,1,0,0,0,0,0,0,0,0,0,0,0,0,0,0,0,0,0,0,0,1,1 -1 0,162,83,31,29,9,4,5,6,3,4,3,3,2,4,5,4,2,1,0,0,0,0,1,2,1,0,1,1,0,1,0,0,0,0,0,0,0,0,0,0,0,0,0,0,0,0,0,0,0,1,1 -1
/media/michal/Pauli/masterdata/processed/annotated/rares/20140905/patrol_run_27/room_2/features/nonPlanes<pfhrgb_uniform_2015-05-17_14-14-13.pcd 0.254906 0.000867936 0.00201199 9 173,161,74,70,63,54,40,31,23 37,27,32,13,12,20,16,12,20 -1 470448 375 1380 -1 -1 375 1380 -1 -1 470073,161,73,39,25,9,11,6,10,6,4,5,5,2,3,1,2,1,3,1,3,0,1,0,1,0,0,0,1,1,0,0,0,0,0,0,0,0,0,0,0,0,0,0,0,0,1 -1 0,161,73,39,25,9,11,6,10,6,4,5,5,2,3,1,2,1,3,1,3,0,1,0,1,0,0,0,1,1,0,0,0,0,0,0,0,0,0,0,0,0,0,0,0,0,1 -1
/media/michal/Pauli/masterdata/processed/annotated/rares/20140905/patrol_run_29/room_2/features/nonPlanes<pfhrgb_uniform_2015-05-17_14-15-48.pcd 0.2841 0.00160515 0.00305243 9 358,157,140,75,59,58,43,34,24 43,16,57,21,16,27,17,19,12 -1 437580 412 1380 -1 -1 400 1368 -1 -1 437168,204,77,46,23,13,5,7,3,5,3,1,2,6,3,1,2,0,1,1,0,0,1,1,1,1,1,0,0,0,0,0,0,0,0,0,0,0,0,0,0,1,0,0,0,0,1,0,0,1,0,0,0,0,1 -1 0,192,77,46,23,13,5,7,3,5,3,1,2,6,3,1,2,0,1,1,0,0,1,1,1,1,1,0,0,0,0,0,0,0,0,0,0,0,0,0,0,1,0,0,0,0,1,0,0,1,0,0,0,0,1 -1
/media/michal/Pauli/masterdata/processed/annotated/rares/20140905/patrol_run_30/room_1/features/nonPlanes<pfhrgb_uniform_2015-05-17_14-17-13.pcd 0.253191 0.000698356 0.00319323 9 151,125,124,78,77,73,71,55,49 13,24,39,15,20,27,27,21,24 -1 451044 401 1380 -1 -1 400 1379 -1 -1 450643,184,70,35,27,23,9,6,10,6,6,2,6,3,2,3,0,2,0,2,0,1,0,0,1,0,0,2,0,0,0,0,0,0,0,0,0,0,0,0,0,0,0,0,0,0,0,0,0,0,0,0,0,0,0,0,0,0,0,0,0,1 -1 0,183,70,35,27,23,9,6,10,6,6,2,6,3,2,3,0,2,0,2,0,1,0,0,1,0,0,2,0,0,0,0,0,0,0,0,0,0,0,0,0,0,0,0,0,0,0,0,0,0,0,0,0,0,0,0,0,0,0,0,0,1 -1
/media/michal/Pauli/masterdata/processed/annotated/rares/20140905/patrol_run_30/room_7/features/nonPlanes<pfhrgb_uniform_2015-05-17_14-18-32.pcd 0.260774 0.00135014 0.00292117 9 221,140,85,81,77,67,62,39,31 41,41,27,19,28,23,19,24,13 -1 458865 462 1380 -1 -1 400 1318 -1 -1 458403,233,90,38,25,13,13,7,4,5,4,4,3,6,5,3,1,3,1,0,1,1,1,1 -1 0,171,90,38,25,13,13,7,4,5,4,4,3,6,5,3,1,3,1,0,1,1,1,1 -1
/media/michal/Pauli/masterdata/processed/annotated/rares/20140908/patrol_run_32/room_2/features/nonPlanes<pfhrgb_uniform_2015-05-17_14-19-48.pcd 0.281544 0.00178119 0.00296426 7 362,141,112,94,80,46,45 44,24,46,27,24,29,16 -1 448668 386 1380 -1 -1 386 1380 -1 -1 448282,171,82,37,22,18,10,3,7,5,5,0,2,3,2,1,1,2,1,0,2,3,4,0,0,0,1,0,0,1,0,0,1,1,0,0,0,0,0,1 -1 0,171,82,37,22,18,10,3,7,5,5,0,2,3,2,1,1,2,1,0,2,3,4,0,0,0,1,0,0,1,0,0,1,1,0,0,0,0,0,1 -1
/media/michal/Pauli/masterdata/processed/annotated/rares/20140908/patrol_run_34/room_2/features/nonPlanes<pfhrgb_uniform_2015-05-17_14-21-36.pcd 0.284298 0.000825086 0.00294704 8 261,248,239,67,37,35,33,33 32,31,49,27,13,20,18,17 -1 423720 388 1380 -1 -1 388 1380 -1 -1 423332,168,80,28,24,18,13,7,8,8,7,4,3,3,2,4,1,0,1,2,0,2,1,2,0,1,0,0,0,0,0,0,0,0,0,1 -1 0,168,80,28,24,18,13,7,8,8,7,4,3,3,2,4,1,0,1,2,0,2,1,2,0,1,0,0,0,0,0,0,0,0,0,1 -1
/media/michal/Pauli/masterdata/processed/annotated/rares/20140908/patrol_run_36/room_3/features/nonPlanes<pfhrgb_uniform_2015-05-17_14-23-40.pcd 0.249246 0.00231305 0.00263036 6 337,200,179,138,73,54 60,26,50,34,26,13 -1 423654 358 1380 -1 -1 358 1380 -1 -1 423296,145,76,43,21,9,9,6,7,3,6,7,5,2,1,0,1,3,3,0,2,1,1,1,2,1,0,0,0,1,0,0,0,0,0,1,0,0,0,0,0,0,0,0,0,1 -1 0,145,76,43,21,9,9,6,7,3,6,7,5,2,1,0,1,3,3,0,2,1,1,1,2,1,0,0,0,1,0,0,0,0,0,1,0,0,0,0,0,0,0,0,0,1 -1
/media/michal/Pauli/masterdata/processed/annotated/rares/20140908/patrol_run_38/room_2/features/nonPlanes<pfhrgb_uniform_2015-05-17_14-24-51.pcd 0.274067 0.000849755 0.00305768 11 269,157,147,85,83,73,60,43,40,29,26 31,50,41,20,25,13,21,15,18,21,12 -1 433356 413 1380 -1 -1 400 1367 -1 -1 432943,197,75,38,29,24,8,5,7,3,0,1,3,2,1,3,2,1,1,0,0,2,2,2,2,1,1,0,0,3 -1 0,184,75,38,29,24,8,5,7,3,0,1,3,2,1,3,2,1,1,0,0,2,2,2,2,1,1,0,0,3 -1
/media/michal/Pauli/masterdata/processed/annotated/rares/20140908/patrol_run_39/room_3/features/nonPlanes<pfhrgb_uniform_2015-05-17_14-25-51.pcd 0.294315 0.000751853 0.0030014 9 321,181,107,76,66,54,32,29,22 45,58,16,13,14,21,17,21,18 -1 414678 392 1380 -1 -1 392 1380 -1 -1 414286,175,87,37,22,15,5,11,1,6,5,1,3,2,1,5,3,1,3,2,0,0,1,0,1,1,0,1,0,1,0,0,0,0,0,0,0,1,0,0,0,0,0,0,0,0,0,0,0,0,0,0,0,0,0,1 -1 0,175,87,37,22,15,5,11,1,6,5,1,3,2,1,5,3,1,3,2,0,0,1,0,1,1,0,1,0,1,0,0,0,0,0,0,0,1,0,0,0,0,0,0,0,0,0,0,0,0,0,0,0,0,0,1 -1
/media/michal/Pauli/masterdata/processed/annotated/rares/20140908/patrol_run_41/room_3/features/nonPlanes<pfhrgb_uniform_2015-05-17_14-27-03.pcd 0.27087 0.00177054 0.0029727 7 241,191,181,104,83,37,13 53,39,28,42,14,24,12 -1 455400 389 1380 -1 -1 389 1380 -1 -1 455011,194,66,26,19,15,12,17,3,4,6,6,1,1,2,2,4,0,0,1,1,1,0,2,0,1,1,1,0,0,0,0,0,0,1,0,0,0,0,0,1,0,0,1 -1 0,194,66,26,19,15,12,17,3,4,6,6,1,1,2,2,4,0,0,1,1,1,0,2,0,1,1,1,0,0,0,0,0,0,1,0,0,0,0,0,1,0,0,1 -1
/media/michal/Pauli/masterdata/processed/annotated/rares/20140908/patrol_run_43/room_3/features/nonPlanes<pfhrgb_uniform_2015-05-17_14-28-08.pcd 0.242795 0.000872627 0.00225748 5 167,142,49,28,16 31,17,18,14,13 -1 414018 329 1380 -1 -1 329 1380 -1 -1 413689,149,52,35,14,17,11,6,7,6,5,2,1,1,4,1,2,1,2,0,2,0,1,1,0,1,0,0,1,1,0,0,0,0,0,1,0,1,1,0,1,0,0,1,0,0,0,0,0,0,1 -1 0,149,52,35,14,17,11,6,7,6,5,2,1,1,4,1,2,1,2,0,2,0,1,1,0,1,0,0,1,1,0,0,0,0,0,1,0,1,1,0,1,0,0,1,0,0,0,0,0,0,1 -1
/media/michal/Pauli/masterdata/processed/annotated/rares/20140908/patrol_run_45/room_2/features/nonPlanes<pfhrgb_uniform_2015-05-17_14-29-40.pcd 0.281663 0.000869049 0.00302659 11 231,156,136,126,105,98,58,55,40,34,29 68,54,32,24,26,17,12,21,15,17,12 -1 442200 436 1380 -1 -1 400 1344 -1 -1 441764,213,79,46,21,16,10,11,3,7,4,4,5,3,2,2,0,0,0,0,1,1,2,1,1,0,1,1,1,1 -1 0,177,79,46,21,16,10,11,3,7,4,4,5,3,2,2,0,0,0,0,1,1,2,1,1,0,1,1,1,1 -1
/media/michal/Pauli/masterdata/processed/annotated/rares/20140908/patrol_run_47/room_3/features/nonPlanes<pfhrgb_uniform_2015-05-17_14-32-16.pcd 0.264257 0.000776519 0.00310735 10 374,143,111,110,75,59,42,28,28,25 88,23,37,29,17,22,13,15,14,16 -1 465300 487 1380 -1 -1 400 1293 -1 -1 464813,238,93,42,28,21,13,15,12,4,7,0,3,2,4,0,0,0,0,1,1,0,0,1,2 -1 0,151,93,42,28,21,13,15,12,4,7,0,3,2,4,0,0,0,0,1,1,0,0,1,2 -1
/media/michal/Pauli/masterdata/processed/annotated/rares/20140909/patrol_run_49/room_3/features/nonPlanes<pfhrgb_uniform_2015-05-17_14-34-26.pcd 0.322075 0.00253114 0.00313834 6 323,165,161,50,33,27 87,41,55,16,12,12 -1 437778 418 1380 -1 -1 400 1362 -1 -1 437360,187,86,43,26,14,15,7,5,5,1,1,8,3,3,2,3,3,0,0,0,0,2,1,0,1,0,1,0,0,0,0,0,0,0,0,0,0,0,0,0,0,0,0,0,0,0,0,1 -1 0,169,86,43,26,14,15,7,5,5,1,1,8,3,3,2,3,3,0,0,0,0,2,1,0,1,0,1,0,0,0,0,0,0,0,0,0,0,0,0,0,0,0,0,0,0,0,0,1 -1
/media/michal/Pauli/masterdata/processed/annotated/rares/20140909/patrol_run_51/room_3/features/nonPlanes<pfhrgb_uniform_2015-05-17_14-35-58.pcd 0.316624 0.00159142 0.00377209 8 143,112,85,79,70,66,55,50 30,17,18,28,16,29,18,15 -1 816816 420 1380 -1 -1 400 1360 -1 -1 816396,199,71,39,29,18,14,9,4,7,3,4,4,2,4,4,1,2,0,0,0,0,2,1,1,0,1,0,0,0,0,0,0,0,0,0,0,0,0,0,0,0,0,1 -1 0,179,71,39,29,18,14,9,4,7,3,4,4,2,4,4,1,2,0,0,0,0,2,1,1,0,1,0,0,0,0,0,0,0,0,0,0,0,0,0,0,0,0,1 -1
/media/michal/Pauli/masterdata/processed/annotated/rares/20140909/patrol_run_53/room_3/features/nonPlanes<pfhrgb_uniform_2015-05-17_14-37-13.pcd 0.286999 0.00165154 0.00290598 8 232,191,127,107,106,89,44,22 55,21,34,17,34,23,16,13 -1 456456 375 1380 -1 -1 375 1380 -1 -1 456081,163,78,26,17,21,10,15,9,0,5,5,5,3,4,4,2,1,1,0,0,0,0,0,1,0,1,0,0,0,0,1,1,0,0,0,1,1 -1 0,163,78,26,17,21,10,15,9,0,5,5,5,3,4,4,2,1,1,0,0,0,0,0,1,0,1,0,0,0,0,1,1,0,0,0,1,1 -1
/media/michal/Pauli/masterdata/processed/annotated/rares/20140909/patrol_run_55/room_3/features/nonPlanes<pfhrgb_uniform_2015-05-17_14-37-56.pcd 0.344133 0.00122632 0.00337198 9 160,153,114,107,67,62,34,25,24 20,46,42,24,24,22,16,12,14 -1 446622 484 1380 -1 -1 400 1296 -1 -1 446138,252,89,45,26,18,5,7,7,3,10,3,1,4,2,3,1,1,2,1,0,0,1,0,1,1,0,0,0,0,1 -1 0,168,89,45,26,18,5,7,7,3,10,3,1,4,2,3,1,1,2,1,0,0,1,0,1,1,0,0,0,0,1 -1
/media/michal/Pauli/masterdata/processed/annotated/rares/20140909/patrol_run_59/room_3/features/nonPlanes<pfhrgb_uniform_2015-05-17_22-54-28.pcd 0.36472 0.00143258 0.00226203 8 321,196,139,81,65,48,36,31 64,30,25,31,29,23,13,16 -1 1089992 486 1380 -1 -1 400 1294 -1 -1 1089506,253,80,48,32,11,14,9,10,6,4,0,4,1,4,2,1,0,2,1,0,2,0,1,0,0,0,0,0,0,0,0,0,0,0,0,1 -1 0,167,80,48,32,11,14,9,10,6,4,0,4,1,4,2,1,0,2,1,0,2,0,1,0,0,0,0,0,0,0,0,0,0,0,0,1 -1
/media/michal/Pauli/masterdata/processed/annotated/rares/20140909/patrol_run_61/room_3/features/nonPlanes<pfhrgb_uniform_2015-05-17_22-55-37.pcd 0.34454 0.00394484 0.00275554 9 209,154,122,100,89,63,57,36,34 52,30,49,17,23,13,18,12,13 -1 1053360 428 1380 -1 -1 400 1352 -1 -1 1052932,203,80,48,19,15,12,10,8,5,6,3,3,2,3,0,1,1,0,2,0,1,0,1,2,0,1,0,0,1,0,0,0,0,0,0,0,0,0,0,0,0,0,0,0,0,0,0,0,0,0,0,0,0,0,0,1 -1 0,175,80,48,19,15,12,10,8,5,6,3,3,2,3,0,1,1,0,2,0,1,0,1,2,0,1,0,0,1,0,0,0,0,0,0,0,0,0,0,0,0,0,0,0,0,0,0,0,0,0,0,0,0,0,0,1 -1
/media/michal/Pauli/masterdata/processed/annotated/rares/20140909/patrol_run_63/room_3/features/nonPlanes<pfhrgb_uniform_2015-05-17_22-56-50.pcd 0.250052 0.00141229 0.00328844 7 352,306,144,62,27,27,26 70,83,40,22,18,17,13 0,0,0,0,0,0,0 1102304 470 1380 0 0 400 1310 0 0 1101834,214,98,44,24,15,18,15,9,8,8,4,4,2,2,2,1,0,1,0,1 0,0,0,0,0,0,0,0,0,0,0,0,0,0,0,0,0,0,0,0,0 0,144,98,44,24,15,18,15,9,8,8,4,4,2,2,2,1,0,1,0,1 0,0,0,0,0,0,0,0,0,0,0,0,0,0,0,0,0,0,0,0,0
/media/michal/Pauli/masterdata/processed/annotated/rares/20140910/patrol_run_67/room_3/features/nonPlanes<pfhrgb_uniform_2015-05-17_22-57-53.pcd 0.33102 0.00136597 0.00297218 8 210,180,123,118,96,67,33,24 58,38,23,23,41,23,19,12 -1 1057571 463 1380 -1 -1 400 1317 -1 -1 1057108,213,106,42,28,13,14,9,5,9,3,4,2,4,0,4,1,0,1,1,0,0,0,0,0,0,1,0,0,0,1,0,1,1 -1 0,150,106,42,28,13,14,9,5,9,3,4,2,4,0,4,1,0,1,1,0,0,0,0,0,0,1,0,0,0,1,0,1,1 -1
/media/michal/Pauli/masterdata/processed/annotated/rares/20140910/patrol_run_69/room_3/features/nonPlanes<pfhrgb_uniform_2015-05-17_22-59-00.pcd 0.379758 0.00142926 0.00255637 9 357,105,85,51,51,44,35,30,24 79,24,34,20,13,20,18,12,12 -1 1078478 463 1380 -1 -1 400 1317 -1 -1 1078015,214,87,50,27,31,8,7,8,6,7,2,2,2,1,1,2,0,4,3,0,0,0,0,0,0,0,0,0,0,0,0,1 -1 0,151,87,50,27,31,8,7,8,6,7,2,2,2,1,1,2,0,4,3,0,0,0,0,0,0,0,0,0,0,0,0,1 -1
/media/michal/Pauli/masterdata/processed/annotated/rares/20140910/patrol_run_71/room_3/features/nonPlanes<pfhrgb_uniform_2015-05-17_23-00-09.pcd 0.332507 0.00148452 0.00303059 8 101,97,91,73,68,59,50,19 17,44,14,31,12,20,23,14 -1 1098656 423 1380 -1 -1 400 1357 -1 -1 1098233,226,72,30,23,11,7,7,5,5,9,7,1,3,2,1,0,4,1,0,2,0,1,0,0,2,0,0,0,0,1,0,2,0,0,0,0,0,0,0,0,0,0,0,1 -1 0,203,72,30,23,11,7,7,5,5,9,7,1,3,2,1,0,4,1,0,2,0,1,0,0,2,0,0,0,0,1,0,2,0,0,0,0,0,0,0,0,0,0,0,1 -1
/media/michal/Pauli/masterdata/processed/annotated/rares/20140910/patrol_run_74/room_3/features/nonPlanes<pfhrgb_uniform_2015-05-17_23-01-14.pcd 0.386319 0.00137725 0.00275295 7 191,174,86,85,67,46,38 24,30,18,35,15,17,27 -1 1048800 424 1380 -1 -1 400 1356 -1 -1 1048376,190,88,36,29,23,14,9,6,3,3,3,3,1,1,3,1,2,1,0,1,2,0,1,1,0,0,0,1,0,0,0,0,0,0,0,0,0,1,1 -1 0,166,88,36,29,23,14,9,6,3,3,3,3,1,1,3,1,2,1,0,1,2,0,1,1,0,0,0,1,0,0,0,0,0,0,0,0,0,1,1 -1
/media/michal/Pauli/masterdata/processed/annotated/rares/20140910/patrol_run_77/room_4/features/nonPlanes<pfhrgb_uniform_2015-05-17_23-02-16.pcd 0.36922 0.00143039 0.00252121 10 191,141,110,74,55,47,40,40,36,30 18,25,29,14,20,22,14,13,16,14 -1 1101506 395 1380 -1 -1 395 1380 -1 -1 1101111,195,62,39,17,18,10,6,10,10,4,7,0,0,0,1,1,0,1,2,2,2,1,0,1,0,1,1,1,1,0,0,0,0,0,0,2 -1 0,195,62,39,17,18,10,6,10,10,4,7,0,0,0,1,1,0,1,2,2,2,1,0,1,0,1,1,1,1,0,0,0,0,0,0,2 -1
/media/michal/Pauli/masterdata/processed/annotated/rares/20140910/patrol_run_79/room_2/features/nonPlanes<pfhrgb_uniform_2015-05-17_23-03-28.pcd 0.335529 0.00187918 0.00283566 8 146,136,132,79,78,40,34,33 17,35,48,17,15,16,12,13 -1 1097668 430 1380 -1 -1 400 1350 -1 -1 1097238,216,68,35,31,15,9,12,10,5,6,4,5,0,1,2,0,1,0,0,3,0,2,1,2,0,1,0,0,0,0,0,0,0,0,1 -1 0,186,68,35,31,15,9,12,10,5,6,4,5,0,1,2,0,1,0,0,3,0,2,1,2,0,1,0,0,0,0,0,0,0,0,1 -1
/media/michal/Pauli/masterdata/processed/annotated/rares/20140910/patrol_run_81/room_2/features/nonPlanes<pfhrgb_uniform_2015-05-17_23-04-25.pcd 0.230458 0.00139589 0.00264701 10 440,219,141,103,76,72,34,28,26,26 43,22,23,47,17,33,20,12,17,14 -1 1075400 349 1380 -1 -1 349 1380 -1 -1 1075051,169,54,35,17,16,11,4,8,0,1,0,5,1,5,2,2,2,1,1,1,4,2,1,1,2,0,1,0,0,0,0,0,0,0,0,0,1,0,0,0,0,0,0,1,0,0,0,0,0,0,0,0,1 -1 0,169,54,35,17,16,11,4,8,0,1,0,5,1,5,2,2,2,1,1,1,4,2,1,1,2,0,1,0,0,0,0,0,0,0,0,0,1,0,0,0,0,0,0,1,0,0,0,0,0,0,0,0,1 -1
/media/michal/Pauli/masterdata/processed/annotated/rares/20140911/patrol_run_82/room_3/features/nonPlanes<pfhrgb_uniform_2015-05-17_23-05-24.pcd 0.327067 0.00190391 0.00215021 8 176,172,118,67,60,51,47,25 39,37,24,16,12,12,16,12 -1 1146612 457 1380 -1 -1 400 1323 -1 -1 1146155,210,96,42,29,18,13,11,4,6,6,4,3,1,2,5,2,0,1,0,0,1,0,0,0,1,1,1 -1 0,153,96,42,29,18,13,11,4,6,6,4,3,1,2,5,2,0,1,0,0,1,0,0,0,1,1,1 -1
/media/michal/Pauli/masterdata/processed/annotated/rares/20140911/patrol_run_84/room_3/features/nonPlanes<pfhrgb_uniform_2015-05-17_23-06-29.pcd 0.340383 0.0013747 0.00314695 7 212,132,93,92,87,24,20 68,34,19,25,32,13,13 -1 1094400 504 1380 -1 -1 400 1276 -1 -1 1093896,259,103,39,27,17,16,11,6,3,4,3,2,0,0,2,5,1,1,1,1,0,2,0,0,0,0,0,0,0,0,0,1 -1 0,155,103,39,27,17,16,11,6,3,4,3,2,0,0,2,5,1,1,1,1,0,2,0,0,0,0,0,0,0,0,0,1 -1
/media/michal/Pauli/masterdata/processed/annotated/rares/20140911/patrol_run_88/room_3/features/nonPlanes<pfhrgb_uniform_2015-05-17_23-07-31.pcd 0.326175 0.00171967 0.00292766 4 220,183,109,58 74,47,34,13 -1 960636 476 1380 -1 -1 400 1304 -1 -1 960160,238,88,41,28,19,14,9,9,9,3,4,2,2,2,3,0,0,0,1,1,0,0,1,0,0,0,0,0,0,0,0,0,0,0,0,0,0,1,1 -1 0,162,88,41,28,19,14,9,9,9,3,4,2,2,2,3,0,0,0,1,1,0,0,1,0,0,0,0,0,0,0,0,0,0,0,0,0,0,1,1 -1
/media/michal/Pauli/masterdata/processed/annotated/rares/20140911/patrol_run_90/room_3/features/nonPlanes<pfhrgb_uniform_2015-05-17_23-08-31.pcd 0.389834 0.00221023 0.00289015 6 539,141,73,47,21,18 60,50,44,26,16,12 -1 1165840 460 1380 -1 -1 400 1320 -1 -1 1165380,255,86,34,19,8,9,7,7,4,5,4,3,4,1,1,1,1,2,1,1,2,1,0,0,0,0,0,0,1,0,0,0,1,0,0,0,0,1,0,0,0,0,0,0,0,0,0,0,0,0,0,0,0,0,0,0,1 -1 0,195,86,34,19,8,9,7,7,4,5,4,3,4,1,1,1,1,2,1,1,2,1,0,0,0,0,0,0,1,0,0,0,1,0,0,0,0,1,0,0,0,0,0,0,0,0,0,0,0,0,0,0,0,0,0,0,1 -1
/media/michal/Pauli/masterdata/processed/annotated/rares/20140911/patrol_run_92/room_3/features/nonPlanes<pfhrgb_uniform_2015-05-17_23-10-02.pcd 0.382432 0.00462645 0.0027378 8 206,137,134,134,99,60,51,25 23,47,50,29,12,27,17,15 -1 1127840 416 1380 -1 -1 400 1364 -1 -1 1127424,205,80,43,16,12,14,8,8,6,3,1,2,1,1,2,4,0,1,0,0,2,0,0,1,0,0,1,0,1,1,1,0,0,0,0,0,0,0,0,0,0,0,0,0,0,0,0,0,0,0,0,0,0,1,0,0,0,0,0,0,0,0,1 -1 0,189,80,43,16,12,14,8,8,6,3,1,2,1,1,2,4,0,1,0,0,2,0,0,1,0,0,1,0,1,1,1,0,0,0,0,0,0,0,0,0,0,0,0,0,0,0,0,0,0,0,0,0,0,1,0,0,0,0,0,0,0,0,1 -1
/media/michal/Pauli/masterdata/processed/annotated/rares/20140912/patrol_run_100/room_3/features/nonPlanes<pfhrgb_uniform_2015-05-17_23-11-10.pcd 0.32552 0.00182588 0.00383929 5 683,90,71,32,32 108,34,27,15,15 -1 1057122 437 1380 -1 -1 400 1343 -1 -1 1056685,205,80,39,23,22,14,8,13,5,5,4,4,4,0,3,3,0,3,0,0,0,0,0,0,0,0,0,0,0,0,0,1,0,1 -1 0,168,80,39,23,22,14,8,13,5,5,4,4,4,0,3,3,0,3,0,0,0,0,0,0,0,0,0,0,0,0,0,1,0,1 -1
/media/michal/Pauli/masterdata/processed/annotated/rares/20140912/patrol_run_102/room_3/features/nonPlanes<pfhrgb_uniform_2015-05-17_23-12-18.pcd 0.314829 0.00148588 0.00286251 6 394,185,129,51,50,34 54,48,31,17,16,20 -1 1110512 418 1380 -1 -1 400 1362 -1 -1 1110094,200,77,33,28,17,14,10,6,7,4,7,0,1,2,1,1,1,1,1,0,0,0,3,0,1,0,0,0,1,0,0,0,0,0,0,0,0,0,1,0,0,0,0,0,0,0,0,0,0,0,0,0,0,0,0,0,0,0,0,1 -1 0,182,77,33,28,17,14,10,6,7,4,7,0,1,2,1,1,1,1,1,0,0,0,3,0,1,0,0,0,1,0,0,0,0,0,0,0,0,0,1,0,0,0,0,0,0,0,0,0,0,0,0,0,0,0,0,0,0,0,0,1 -1
/media/michal/Pauli/masterdata/processed/annotated/rares/20140912/patrol_run_104/room_3/features/nonPlanes<pfhrgb_uniform_2015-05-17_23-13-23.pcd 0.341635 0.00145503 0.00283888 9 187,121,120,108,93,78,33,30,18 16,19,16,30,24,21,16,24,12 -1 1109600 409 1380 -1 -1 400 1371 -1 -1 1109191,205,65,38,22,17,11,11,8,3,3,2,4,3,3,0,1,1,2,1,1,3,0,0,1,1,0,1,0,0,0,0,0,1,0,0,0,0,0,0,0,0,0,0,0,0,0,0,0,0,0,0,0,0,0,0,0,0,0,0,0,0,0,1 -1 0,196,65,38,22,17,11,11,8,3,3,2,4,3,3,0,1,1,2,1,1,3,0,0,1,1,0,1,0,0,0,0,0,1,0,0,0,0,0,0,0,0,0,0,0,0,0,0,0,0,0,0,0,0,0,0,0,0,0,0,0,0,0,1 -1
/media/michal/Pauli/masterdata/processed/annotated/rares/20140912/patrol_run_94/room_3/features/nonPlanes<pfhrgb_uniform_2015-05-17_23-14-29.pcd 0.373514 0.00188412 0.00294534 8 150,129,95,84,43,37,29,22 33,16,19,25,17,12,15,12 -1 948600 453 1380 -1 -1 400 1327 -1 -1 948147,239,68,44,26,14,10,6,3,10,5,9,1,4,1,2,2,0,0,3,0,2,0,2,1,1 -1 0,186,68,44,26,14,10,6,3,10,5,9,1,4,1,2,2,0,0,3,0,2,0,2,1,1 -1
/media/michal/Pauli/masterdata/processed/annotated/rares/20140912/patrol_run_96/room_2/features/nonPlanes<pfhrgb_uniform_2015-05-17_23-15-39.pcd 0.345029 0.00139635 0.00273046 8 414,82,75,62,23,22,21,21 55,13,18,12,18,13,15,14 -1 1124838 405 1380 -1 -1 400 1375 -1 -1 1124433,199,78,37,19,12,11,5,5,5,4,1,4,4,1,4,2,2,1,2,2,2,0,0,1,1,0,1,0,0,0,0,0,0,1,0,0,0,0,0,0,0,0,0,0,0,0,0,0,0,0,0,0,1 -1 0,194,78,37,19,12,11,5,5,5,4,1,4,4,1,4,2,2,1,2,2,2,0,0,1,1,0,1,0,0,0,0,0,0,1,0,0,0,0,0,0,0,0,0,0,0,0,0,0,0,0,0,0,1 -1
/media/michal/Pauli/masterdata/processed/annotated/rares/20140912/patrol_run_98/room_3/features/nonPlanes<pfhrgb_uniform_2015-05-17_23-16-41.pcd 0.408619 0.0018523 0.00296593 8 230,195,108,99,45,28,26,22 40,55,22,19,17,12,17,12 -1 1043936 422 1380 -1 -1 400 1358 -1 -1 1043514,214,75,34,18,17,11,7,2,11,5,4,1,5,3,2,2,2,0,2,0,1,0,1,0,3,0,0,1,0,0,0,0,1 -1 0,192,75,34,18,17,11,7,2,11,5,4,1,5,3,2,2,2,0,2,0,1,0,1,0,3,0,0,1,0,0,0,0,1 -1
/media/michal/Pauli/masterdata/processed/annotated/rares/20140921/patrol_run_110/room_2/features/nonPlanes<pfhrgb_uniform_2015-05-17_23-17-46.pcd 0.210063 0.00144528 0.0027559 7 492,487,105,64,46,30,17 137,24,21,21,17,18,12 -1 1150032 320 1380 -1 -1 320 1380 -1 -1 1149712,150,60,28,13,17,11,1,2,2,3,3,8,3,2,0,1,0,0,1,0,2,1,1,3,0,1,0,2,1,0,0,0,0,0,0,0,0,1,0,0,0,0,0,0,0,0,0,0,0,1,0,0,0,0,0,0,0,0,0,0,0,0,0,0,0,0,0,0,0,0,0,1,0,0,0,0,0,0,0,0,0,0,0,0,0,0,0,0,0,0,1 -1 0,150,60,28,13,17,11,1,2,2,3,3,8,3,2,0,1,0,0,1,0,2,1,1,3,0,1,0,2,1,0,0,0,0,0,0,0,0,1,0,0,0,0,0,0,0,0,0,0,0,1,0,0,0,0,0,0,0,0,0,0,0,0,0,0,0,0,0,0,0,0,0,1,0,0,0,0,0,0,0,0,0,0,0,0,0,0,0,0,0,0,1 -1
/media/michal/Pauli/masterdata/processed/annotated/rares/20140921/patrol_run_112/room_2/features/nonPlanes<pfhrgb_uniform_2015-05-17_23-18-52.pcd 0.275473 0.00206791 0.00349303 7 475,227,95,68,41,38,35 82,73,31,14,21,16,15 0,0,0,1,0,0,0 1137150 506 1380 16 66 400 1274 11 61 1136644,240,105,47,36,15,20,9,14,3,3,5,1,2,1,1,1,0,0,0,1,0,1,0,0,0,0,0,0,0,0,0,0,0,0,0,0,0,1 0,5,3,4,0,1,1,0,0,0,1,0,0,0,0,0,0,0,0,0,0,0,1,0,0,0,0,0,0,0,0,0,0,0,0,0,0,0,0 0,134,105,47,36,15,20,9,14,3,3,5,1,2,1,1,1,0,0,0,1,0,1,0,0,0,0,0,0,0,0,0,0,0,0,0,0,0,1 0,0,3,4,0,1,1,0,0,0,1,0,0,0,0,0,0,0,0,0,0,0,1,0,0,0,0,0,0,0,0,0,0,0,0,0,0,0,0
/media/michal/Pauli/masterdata/processed/annotated/rares/20140921/patrol_run_114/room_1/features/nonPlanes<pfhrgb_uniform_2015-05-17_23-19-59.pcd 0.278493 0.00149925 0.00281682 11 281,166,120,111,79,69,47,47,33,27,26 64,42,24,32,16,13,21,20,20,15,14 0,0,0,0,1,0,0,0,0,0,0 1135060 515 1380 15 64 400 1265 12 61 1134545,254,90,62,30,25,14,7,8,4,5,4,4,0,2,2,1,0,0,1,0,0,0,1,1 0,3,4,0,1,2,0,3,1,0,1,0,0,0,0,0,0,0,0,0,0,0,0,0,0 0,139,90,62,30,25,14,7,8,4,5,4,4,0,2,2,1,0,0,1,0,0,0,1,1 0,0,4,0,1,2,0,3,1,0,1,0,0,0,0,0,0,0,0,0,0,0,0,0,0
/media/michal/Pauli/masterdata/processed/annotated/rares/20140922/patrol_run_116/room_2/features/nonPlanes<pfhrgb_uniform_2015-05-17_23-21-02.pcd 0.30483 0.00254215 0.00309109 8 394,115,103,81,46,42,41,24 56,31,33,18,16,19,20,13 0,0,0,0,0,0,0,0 1135668 428 1380 0 0 400 1352 0 0 1135240,206,75,49,19,19,13,8,4,6,5,2,3,2,2,3,0,0,3,1,1,3,1,1,0,0,0,0,0,0,0,0,0,0,0,0,0,0,1,0,1 0,0,0,0,0,0,0,0,0,0,0,0,0,0,0,0,0,0,0,0,0,0,0,0,0,0,0,0,0,0,0,0,0,0,0,0,0,0,0,0,0 0,178,75,49,19,19,13,8,4,6,5,2,3,2,2,3,0,0,3,1,1,3,1,1,0,0,0,0,0,0,0,0,0,0,0,0,0,0,1,0,1 0,0,0,0,0,0,0,0,0,0,0,0,0,0,0,0,0,0,0,0,0,0,0,0,0,0,0,0,0,0,0,0,0,0,0,0,0,0,0,0,0
/media/michal/Pauli/masterdata/processed/annotated/rares/20140922/patrol_run_118/room_2/features/nonPlanes<pfhrgb_uniform_2015-05-17_23-22-13.pcd 0.308153 0.00146993 0.00302244 9 477,159,135,68,53,42,40,25,24 89,33,38,18,22,16,15,14,13 0,0,0,0,0,0,0,0,0 1197684 475 1380 1 1 400 1305 0 0 1197209,248,81,47,25,17,7,7,8,8,6,1,3,1,2,2,2,2,1,1,1,2,0,2,0,0,0,0,1 0,1,0,0,0,0,0,0,0,0,0,0,0,0,0,0,0,0,0,0,0,0,0,0,0,0,0,0,0 0,173,81,47,25,17,7,7,8,8,6,1,3,1,2,2,2,2,1,1,1,2,0,2,0,0,0,0,1 0,0,0,0,0,0,0,0,0,0,0,0,0,0,0,0,0,0,0,0,0,0,0,0,0,0,0,0,0
/media/michal/Pauli/masterdata/processed/annotated/rares/20140922/patrol_run_120/room_1/features/nonPlanes<pfhrgb_uniform_2015-05-17_23-23-22.pcd 0.335853 0.001563 0.0027843 6 503,67,64,48,44,28 73,29,29,20,19,14 0,0,0,0,0,0 1163902 446 1380 0 0 400 1334 0 0 1163456,240,74,48,18,11,8,7,6,5,2,4,4,0,2,5,2,1,1,2,0,0,2,0,0,0,0,1,0,0,0,0,0,0,1,0,0,0,0,0,0,0,0,0,1,0,0,0,0,0,0,0,0,0,0,0,0,0,0,0,0,0,1 0,0,0,0,0,0,0,0,0,0,0,0,0,0,0,0,0,0,0,0,0,0,0,0,0,0,0,0,0,0,0,0,0,0,0,0,0,0,0,0,0,0,0,0,0,0,0,0,0,0,0,0,0,0,0,0,0,0,0,0,0,0,0 0,194,74,48,18,11,8,7,6,5,2,4,4,0,2,5,2,1,1,2,0,0,2,0,0,0,0,1,0,0,0,0,0,0,1,0,0,0,0,0,0,0,0,0,1,0,0,0,0,0,0,0,0,0,0,0,0,0,0,0,0,0,1 0,0,0,0,0,0,0,0,0,0,0,0,0,0,0,0,0,0,0,0,0,0,0,0,0,0,0,0,0,0,0,0,0,0,0,0,0,0,0,0,0,0,0,0,0,0,0,0,0,0,0,0,0,0,0,0,0,0,0,0,0,0,0
/media/michal/Pauli/masterdata/processed/annotated/rares/20140922/patrol_run_124/room_2/features/nonPlanes<pfhrgb_uniform_2015-05-17_23-24-25.pcd 0.411128 0.00386889 0.00303424 9 235,211,122,102,82,58,50,39,38 51,47,33,48,29,18,12,14,15 0,0,0,0,0,0,0,0,0 1189476 492 1380 4 4 400 1288 0 0 1188984,250,95,41,26,17,17,11,8,3,4,5,3,2,1,0,2,1,1,0,2,1,0,0,0,0,0,1,0,0,0,0,1 0,4,0,0,0,0,0,0,0,0,0,0,0,0,0,0,0,0,0,0,0,0,0,0,0,0,0,0,0,0,0,0,0 0,158,95,41,26,17,17,11,8,3,4,5,3,2,1,0,2,1,1,0,2,1,0,0,0,0,0,1,0,0,0,0,1 0,0,0,0,0,0,0,0,0,0,0,0,0,0,0,0,0,0,0,0,0,0,0,0,0,0,0,0,0,0,0,0,0
/media/michal/Pauli/masterdata/processed/annotated/rares/20140922/patrol_run_126/room_2/features/nonPlanes<pfhrgb_uniform_2015-05-17_23-26-01.pcd 0.345479 0.00387434 0.00307405 9 165,164,97,81,77,75,72,42,41 36,46,27,25,26,12,19,14,16 0,0,0,0,0,0,0,0,0 1158810 437 1380 0 0 400 1343 0 0 1158373,207,92,41,15,24,7,11,7,1,4,3,4,2,1,2,4,0,3,2,3,0,1,0,2,1 0,0,0,0,0,0,0,0,0,0,0,0,0,0,0,0,0,0,0,0,0,0,0,0,0,0 0,170,92,41,15,24,7,11,7,1,4,3,4,2,1,2,4,0,3,2,3,0,1,0,2,1 0,0,0,0,0,0,0,0,0,0,0,0,0,0,0,0,0,0,0,0,0,0,0,0,0,0
/media/michal/Pauli/masterdata/processed/annotated/rares/20140922/patrol_run_128/room_2/features/nonPlanes<pfhrgb_uniform_2015-05-17_23-27-17.pcd 0.356983 0.00153867 0.00322471 9 255,144,121,95,74,66,33,27,21 33,48,16,15,36,19,17,14,13 0,0,0,0,0,0,0,0,0 1108536 433 1380 0 0 400 1347 0 0 1108103,227,73,48,17,12,8,8,2,2,5,0,2,2,2,4,4,2,4,3,1,1,2,1,1,2 0,0,0,0,0,0,0,0,0,0,0,0,0,0,0,0,0,0,0,0,0,0,0,0,0,0 0,194,73,48,17,12,8,8,2,2,5,0,2,2,2,4,4,2,4,3,1,1,2,1,1,2 0,0,0,0,0,0,0,0,0,0,0,0,0,0,0,0,0,0,0,0,0,0,0,0,0,0
/media/michal/Pauli/masterdata/processed/annotated/rares/20140922/patrol_run_130/room_2/features/nonPlanes<pfhrgb_uniform_2015-05-17_23-28-23.pcd 0.360416 0.00214326 0.00301273 8 206,166,131,105,68,54,47,41 21,52,30,14,21,23,12,12 0,0,0,0,0,0,0,0 1066964 394 1380 0 0 394 1380 0 0 1066570,189,63,44,18,13,12,8,4,9,6,4,1,4,5,2,1,1,1,2,0,3,0,1,0,0,0,0,0,0,0,1,0,0,0,0,0,0,1,0,0,0,0,1 0,0,0,0,0,0,0,0,0,0,0,0,0,0,0,0,0,0,0,0,0,0,0,0,0,0,0,0,0,0,0,0,0,0,0,0,0,0,0,0,0,0,0,0 0,189,63,44,18,13,12,8,4,9,6,4,1,4,5,2,1,1,1,2,0,3,0,1,0,0,0,0,0,0,0,1,0,0,0,0,0,0,1,0,0,0,0,1 0,0,0,0,0,0,0,0,0,0,0,0,0,0,0,0,0,0,0,0,0,0,0,0,0,0,0,0,0,0,0,0,0,0,0,0,0,0,0,0,0,0,0,0
/media/michal/Pauli/masterdata/processed/annotated/rares/20140922/patrol_run_132/room_1/features/nonPlanes<pfhrgb_uniform_2015-05-17_23-29-32.pcd 0.396617 0.00152659 0.00291415 8 394,127,87,85,60,46,36,14 77,29,22,15,13,13,13,12 0,0,0,0,0,0,0,0 1156036 445 1380 11 28 400 1335 10 27 1155591,211,96,52,14,11,11,10,5,8,2,5,3,2,2,2,0,1,2,0,0,2,1,1,0,2,0,0,0,0,0,0,0,1,0,0,0,0,0,0,0,0,0,0,1 0,4,4,1,0,0,1,1,0,0,0,0,0,0,0,0,0,0,0,0,0,0,0,0,0,0,0,0,0,0,0,0,0,0,0,0,0,0,0,0,0,0,0,0,0 0,166,96,52,14,11,11,10,5,8,2,5,3,2,2,2,0,1,2,0,0,2,1,1,0,2,0,0,0,0,0,0,0,1,0,0,0,0,0,0,0,0,0,0,1 0,3,4,1,0,0,1,1,0,0,0,0,0,0,0,0,0,0,0,0,0,0,0,0,0,0,0,0,0,0,0,0,0,0,0,0,0,0,0,0,0,0,0,0,0
/media/michal/Pauli/masterdata/processed/annotated/rares/20140922/patrol_run_134/room_2/features/nonPlanes<pfhrgb_uniform_2015-05-17_23-30-57.pcd 0.370411 0.00187365 0.00295419 9 246,162,110,81,70,51,47,35,27 69,30,28,19,30,13,18,22,12 0,0,0,0,0,0,0,0,0 1114464 465 1380 0 0 400 1315 0 0 1113999,243,79,43,25,17,12,4,5,7,7,5,5,1,3,0,0,1,1,1,2,0,1,0,0,0,0,2,0,0,0,0,0,0,0,0,0,0,0,0,0,0,0,0,0,0,0,0,0,0,0,0,1 0,0,0,0,0,0,0,0,0,0,0,0,0,0,0,0,0,0,0,0,0,0,0,0,0,0,0,0,0,0,0,0,0,0,0,0,0,0,0,0,0,0,0,0,0,0,0,0,0,0,0,0,0 0,178,79,43,25,17,12,4,5,7,7,5,5,1,3,0,0,1,1,1,2,0,1,0,0,0,0,2,0,0,0,0,0,0,0,0,0,0,0,0,0,0,0,0,0,0,0,0,0,0,0,0,1 0,0,0,0,0,0,0,0,0,0,0,0,0,0,0,0,0,0,0,0,0,0,0,0,0,0,0,0,0,0,0,0,0,0,0,0,0,0,0,0,0,0,0,0,0,0,0,0,0,0,0,0,0
/media/michal/Pauli/masterdata/processed/annotated/rares/20140922/patrol_run_138/room_2/features/nonPlanes<pfhrgb_uniform_2015-05-17_23-32-04.pcd 0.328415 0.00210853 0.00291472 6 416,177,151,54,38,22 91,31,31,22,15,14 0,0,1,0,0,0 1197912 460 1380 20 95 400 1320 20 95 1197452,226,77,37,28,22,13,18,11,2,5,6,3,3,2,1,1,1,0,1,0,2,0,0,0,0,0,0,0,1 0,3,4,0,3,4,2,0,2,0,1,0,0,0,1,0,0,0,0,0,0,0,0,0,0,0,0,0,0,0 0,166,77,37,28,22,13,18,11,2,5,6,3,3,2,1,1,1,0,1,0,2,0,0,0,0,0,0,0,1 0,3,4,0,3,4,2,0,2,0,1,0,0,0,1,0,0,0,0,0,0,0,0,0,0,0,0,0,0,0
/media/michal/Pauli/masterdata/processed/annotated/rares/20140923/patrol_run_139/room_2/features/nonPlanes<pfhrgb_uniform_2015-05-17_23-33-06.pcd 0.362285 0.00132906 0.00293205 8 205,114,103,86,69,45,27,24 22,27,38,16,15,27,13,13 0,0,0,0,0,0,0,1 996812 431 1380 11 18 400 1349 9 16 996381,209,79,50,28,9,10,11,3,6,2,3,0,2,0,1,0,0,4,2,2,3,1,0,2,2,0,1,0,0,0,0,0,0,0,0,0,1 0,5,5,1,0,0,0,0,0,0,0,0,0,0,0,0,0,0,0,0,0,0,0,0,0,0,0,0,0,0,0,0,0,0,0,0,0,0 0,178,79,50,28,9,10,11,3,6,2,3,0,2,0,1,0,0,4,2,2,3,1,0,2,2,0,1,0,0,0,0,0,0,0,0,0,1 0,3,5,1,0,0,0,0,0,0,0,0,0,0,0,0,0,0,0,0,0,0,0,0,0,0,0,0,0,0,0,0,0,0,0,0,0,0
/media/michal/Pauli/masterdata/processed/annotated/rares/20140923/patrol_run_141/room_2/features/nonPlanes<pfhrgb_uniform_2015-05-17_23-34-12.pcd 0.340259 0.00147312 0.00266785 8 171,142,94,92,70,62,46,24 24,17,18,39,14,16,21,15 0,0,0,0,0,0,0,0 1166676 390 1380 4 4 390 1380 4 4 1166286,173,82,49,20,9,7,7,6,5,3,2,2,0,3,3,1,4,3,0,2,1,1,0,2,1,0,1,0,0,1,0,0,0,1,0,0,0,0,1 0,4,0,0,0,0,0,0,0,0,0,0,0,0,0,0,0,0,0,0,0,0,0,0,0,0,0,0,0,0,0,0,0,0,0,0,0,0,0,0 0,173,82,49,20,9,7,7,6,5,3,2,2,0,3,3,1,4,3,0,2,1,1,0,2,1,0,1,0,0,1,0,0,0,1,0,0,0,0,1 0,4,0,0,0,0,0,0,0,0,0,0,0,0,0,0,0,0,0,0,0,0,0,0,0,0,0,0,0,0,0,0,0,0,0,0,0,0,0,0
/media/michal/Pauli/masterdata/processed/annotated/rares/20140923/patrol_run_144/room_2/features/nonPlanes<pfhrgb_uniform_2015-05-17_23-35-11.pcd 0.31541 0.00170652 0.00314074 5 573,120,64,33,19 76,33,29,13,13 0,0,0,0,0 1021554 427 1380 5 5 400 1353 3 3 1021127,211,82,45,17,12,8,6,7,4,6,3,4,3,2,3,2,4,2,0,1,1,1,0,0,0,0,0,0,0,0,2,0,0,0,0,0,0,0,0,0,0,0,0,0,0,1 0,5,0,0,0,0,0,0,0,0,0,0,0,0,0,0,0,0,0,0,0,0,0,0,0,0,0,0,0,0,0,0,0,0,0,0,0,0,0,0,0,0,0,0,0,0,0 0,184,82,45,17,12,8,6,7,4,6,3,4,3,2,3,2,4,2,0,1,1,1,0,0,0,0,0,0,0,0,2,0,0,0,0,0,0,0,0,0,0,0,0,0,0,1 0,3,0,0,0,0,0,0,0,0,0,0,0,0,0,0,0,0,0,0,0,0,0,0,0,0,0,0,0,0,0,0,0,0,0,0,0,0,0,0,0,0,0,0,0,0,0
/media/michal/Pauli/masterdata/processed/annotated/rares/20140923/patrol_run_146/room_2/features/nonPlanes<pfhrgb_uniform_2015-05-17_23-36-19.pcd 0.350903 0.00135082 0.00217665 6 379,176,152,129,64,26 42,82,13,38,14,17 0,0,0,0,0,0 961792 418 1380 2 4 400 1362 2 4 961374,211,68,50,17,15,11,4,7,6,4,4,2,3,1,1,4,0,0,0,2,1,0,1,2,0,1,0,1,0,0,0,0,1,0,0,0,0,0,0,0,0,0,0,0,0,0,0,0,0,0,0,0,0,0,0,0,0,0,0,0,0,0,0,0,0,0,0,0,0,0,0,0,0,0,0,0,1 0,0,2,0,0,0,0,0,0,0,0,0,0,0,0,0,0,0,0,0,0,0,0,0,0,0,0,0,0,0,0,0,0,0,0,0,0,0,0,0,0,0,0,0,0,0,0,0,0,0,0,0,0,0,0,0,0,0,0,0,0,0,0,0,0,0,0,0,0,0,0,0,0,0,0,0,0,0 0,193,68,50,17,15,11,4,7,6,4,4,2,3,1,1,4,0,0,0,2,1,0,1,2,0,1,0,1,0,0,0,0,1,0,0,0,0,0,0,0,0,0,0,0,0,0,0,0,0,0,0,0,0,0,0,0,0,0,0,0,0,0,0,0,0,0,0,0,0,0,0,0,0,0,0,0,1 0,0,2,0,0,0,0,0,0,0,0,0,0,0,0,0,0,0,0,0,0,0,0,0,0,0,0,0,0,0,0,0,0,0,0,0,0,0,0,0,0,0,0,0,0,0,0,0,0,0,0,0,0,0,0,0,0,0,0,0,0,0,0,0,0,0,0,0,0,0,0,0,0,0,0,0,0,0
/media/michal/Pauli/masterdata/processed/annotated/rares/20140923/patrol_run_148/room_2/features/nonPlanes<pfhrgb_uniform_2015-05-17_23-37-23.pcd 0.270678 0.00144329 0.00333918 10 372,182,102,74,70,54,44,40,38,31 62,31,39,30,23,14,12,25,23,12 0,0,0,0,0,0,0,0,0,0 1143952 465 1380 0 0 400 1315 0 0 1143487,222,88,44,26,14,24,8,4,9,5,4,3,5,3,0,0,1,0,2,0,0,1,0,1,1 0,0,0,0,0,0,0,0,0,0,0,0,0,0,0,0,0,0,0,0,0,0,0,0,0,0 0,157,88,44,26,14,24,8,4,9,5,4,3,5,3,0,0,1,0,2,0,0,1,0,1,1 0,0,0,0,0,0,0,0,0,0,0,0,0,0,0,0,0,0,0,0,0,0,0,0,0,0
/media/michal/Pauli/masterdata/processed/annotated/rares/20140923/patrol_run_150/room_2/features/nonPlanes<pfhrgb_uniform_2015-05-17_23-38-31.pcd 0.2963 0.00146115 0.00292744 7 411,116,104,84,82,49,47 68,28,38,15,41,21,17 0,0,0,0,0,0,0 1115756 479 1380 6 15 400 1301 3 12 1115277,249,80,26,37,25,11,10,10,2,5,8,3,5,2,0,2,0,0,0,2,0,1,0,0,1 0,3,1,1,0,0,0,1,0,0,0,0,0,0,0,0,0,0,0,0,0,0,0,0,0,0 0,170,80,26,37,25,11,10,10,2,5,8,3,5,2,0,2,0,0,0,2,0,1,0,0,1 0,0,1,1,0,0,0,1,0,0,0,0,0,0,0,0,0,0,0,0,0,0,0,0,0,0
/media/michal/Pauli/masterdata/processed/annotated/rares/20140924/patrol_run_152/room_2/features/nonPlanes<pfhrgb_uniform_2015-05-17_23-39-37.pcd 0.252922 0.00135354 0.00311301 9 236,182,159,100,97,73,56,35,33 30,39,62,32,24,32,12,12,13 1,0,0,0,0,0,0,0,0 1068522 472 1380 17 116 400 1308 16 115 1068050,227,88,38,34,23,19,9,6,6,6,2,2,2,2,2,1,1,0,0,0,1,0,1,0,1,0,0,0,0,0,0,0,0,0,0,0,0,0,0,0,1 0,2,4,1,1,1,0,2,1,0,2,0,0,0,0,1,1,0,0,0,0,1,0,0,0,0,0,0,0,0,0,0,0,0,0,0,0,0,0,0,0,0 0,155,88,38,34,23,19,9,6,6,6,2,2,2,2,2,1,1,0,0,0,1,0,1,0,1,0,0,0,0,0,0,0,0,0,0,0,0,0,0,0,1 0,1,4,1,1,1,0,2,1,0,2,0,0,0,0,1,1,0,0,0,0,1,0,0,0,0,0,0,0,0,0,0,0,0,0,0,0,0,0,0,0,0
/media/michal/Pauli/masterdata/processed/annotated/rares/20140924/patrol_run_156/room_2/features/nonPlanes<pfhrgb_uniform_2015-05-17_23-40-27.pcd 0.310132 0.00192256 0.00316929 9 420,165,139,110,61,28,26,24,22 73,28,38,44,15,19,17,14,13 0,1,0,0,0,0,0,0,0 1129170 502 1380 18 104 400 1278 17 103 1128668,281,86,36,24,22,7,7,3,6,2,4,5,2,3,3,1,5,1,2,0,0,1,0,0,0,0,0,1 0,7,1,1,3,1,0,0,0,1,1,0,0,0,0,1,0,0,0,1,0,0,1,0,0,0,0,0,0 0,179,86,36,24,22,7,7,3,6,2,4,5,2,3,3,1,5,1,2,0,0,1,0,0,0,0,0,1 0,6,1,1,3,1,0,0,0,1,1,0,0,0,0,1,0,0,0,1,0,0,1,0,0,0,0,0,0
/media/michal/Pauli/masterdata/processed/annotated/rares/20140924/patrol_run_158/room_1/features/nonPlanes<pfhrgb_uniform_2015-05-17_23-41-20.pcd 0.325956 0.00235843 0.0047189 9 236,201,164,140,117,42,33,27,18 62,43,24,41,48,21,12,12,14 0,0,1,0,0,0,0,0,0 1068522 528 1380 26 112 400 1252 19 105 1067994,272,93,56,39,14,9,15,5,2,7,2,1,3,3,1,1,1,2,0,1,0,1 0,7,4,5,3,1,0,2,0,1,2,0,0,0,0,0,0,0,0,0,0,0,1 0,144,93,56,39,14,9,15,5,2,7,2,1,3,3,1,1,1,2,0,1,0,1 0,0,4,5,3,1,0,2,0,1,2,0,0,0,0,0,0,0,0,0,0,0,1
/media/michal/Pauli/masterdata/processed/annotated/rares/20140924/patrol_run_162/room_2/features/nonPlanes<pfhrgb_uniform_2015-05-17_23-42-20.pcd 0.363993 0.00142054 0.00283094 7 266,179,172,109,108,65,27 39,69,17,38,39,24,16 -1 1090600 488 1380 -1 -1 400 1292 -1 -1 1090112,258,88,47,27,11,16,6,6,1,5,6,3,1,1,2,2,1,1,0,1,0,0,1,1,0,1,0,0,1,0,0,0,0,0,0,0,0,0,0,0,0,0,0,0,0,0,0,0,1 -1 0,170,88,47,27,11,16,6,6,1,5,6,3,1,1,2,2,1,1,0,1,0,0,1,1,0,1,0,0,1,0,0,0,0,0,0,0,0,0,0,0,0,0,0,0,0,0,0,0,1 -1
/media/michal/Pauli/masterdata/processed/annotated/rares/20140924/patrol_run_164/room_1/features/nonPlanes<pfhrgb_uniform_2015-05-17_23-43-22.pcd 0.291424 0.00219865 0.00232245 9 466,126,76,68,50,43,36,24,16 86,31,37,20,22,20,22,14,12 -1 975936 549 1380 -1 -1 400 1231 -1 -1 975387,310,88,46,32,17,9,12,11,6,1,4,1,2,1,1,4,0,2,1,0,0,0,1 -1 0,161,88,46,32,17,9,12,11,6,1,4,1,2,1,1,4,0,2,1,0,0,0,1 -1
/media/michal/Pauli/masterdata/processed/annotated/rares/20140924/patrol_run_166/room_2/features/nonPlanes<pfhrgb_uniform_2015-05-17_23-44-26.pcd 0.335863 0.00153846 0.00302658 9 243,107,96,89,59,58,43,41,37 51,39,35,13,17,12,20,15,14 -1 1121076 542 1380 -1 -1 400 1238 -1 -1 1120534,286,106,50,33,18,12,8,3,4,2,6,0,4,2,2,1,1,2,0,0,0,0,0,0,0,0,1,0,0,1 -1 0,144,106,50,33,18,12,8,3,4,2,6,0,4,2,2,1,1,2,0,0,0,0,0,0,0,0,1,0,0,1 -1
