obj_search:
  camera_z: 1.7
  ceiling_z: 2.27
  floor_z: 0
  object_query: {K: 5}
  processed_data_dir: /home/michal/Downloads/pcddata/processed/
  raw_data_dir: /media/michal/Pauli/masterdata/raw/
object_query: {K: 10, cluster_maxsize: 500, cluster_minsize: 12, cluster_tolerance: 0.2,
  clusters_to_results: true, extract_mult: 1.3, match: nonPlanes<pfhrgb_uniform, n_max_points: 400,
  output_dir: 'NULL', query_features: '/home/michal/Downloads/pcddata/processed/query/queryobjects/0,015/backpack2/features/rgb_0003_label_backpack2<pfhrgb_uniform_2015-05-28_10-50-36.pcd',
  results_out: '/home/michal/Downloads/pcddata/processed/query/k10_mx400_t0,2/ds0,015_mp9000',
  subdirs: 4, target_features: '/home/michal/Downloads/pcddata/processed/paramtest/ds0,015_mp9000',
  x_step_hough: 0.05, y_step_hough: 0.05, z_step_hough: 0.05}
rosdistro: 'indigo

  '
roslaunch:
  uris: {host_tycho__38542: 'http://tycho:38542/', host_tycho__47754: 'http://tycho:47754/',
    host_tycho__49239: 'http://tycho:49239/'}
rosversion: '1.11.10

  '
run_id: 1146ce7c-0738-11e5-a9aa-3c970e77227e
BEGIN_DATA
# fname t_query t_hough t_cluster cluster_n cluster_scores cluster_points cluster_inobb n_hough_tot nonzero_hough hough_votes boxpts boxvotes maxpts maxvotes maxboxpts maxboxvotes hough_hist box_hist max_hist boxmax_hist
/home/michal/Downloads/pcddata/processed/paramtest/ds0,015_mp9000/annotated/rares/20140820/patrol_run_2/room_1/features/nonPlanes<pfhrgb_uniform_2015-05-29_09-15-27.pcd 0.165171 0.00107029 0.00230377 9 340,97,81,68,58,49,34,32,31 69,24,53,23,23,20,16,18,12 -1 449955 485 1220 -1 -1 400 1135 -1 -1 449470,231,102,57,34,13,13,10,7,6,4,1,3,1,0,1,0,0,0,1,0,1 -1 0,146,102,57,34,13,13,10,7,6,4,1,3,1,0,1,0,0,0,1,0,1 -1
/home/michal/Downloads/pcddata/processed/paramtest/ds0,015_mp9000/annotated/rares/20140820/patrol_run_4/room_0/features/nonPlanes<pfhrgb_uniform_2015-05-29_09-15-52.pcd 0.14415 0.000868077 0.00273832 9 371,158,104,56,56,48,45,44,24 72,63,37,21,19,15,22,20,13 -1 424446 423 1220 -1 -1 400 1197 -1 -1 424023,191,82,39,29,28,12,11,12,3,2,3,2,1,2,0,3,1,1,1 -1 0,168,82,39,29,28,12,11,12,3,2,3,2,1,2,0,3,1,1,1 -1
/home/michal/Downloads/pcddata/processed/paramtest/ds0,015_mp9000/annotated/rares/20140828/patrol_run_19/room_3/features/nonPlanes<pfhrgb_uniform_2015-05-29_09-16-18.pcd 0.139182 0.000832219 0.00181991 9 176,173,87,67,59,58,57,49,33 37,64,26,27,20,20,24,12,14 -1 441870 445 1220 -1 -1 400 1175 -1 -1 441425,204,78,56,35,24,17,10,7,1,3,1,1,1,1,1,0,0,2,0,0,2,1 -1 0,159,78,56,35,24,17,10,7,1,3,1,1,1,1,1,0,0,2,0,0,2,1 -1
/home/michal/Downloads/pcddata/processed/paramtest/ds0,015_mp9000/annotated/rares/20140829/patrol_run_20/room_3/features/nonPlanes<pfhrgb_uniform_2015-05-29_09-16-42.pcd 0.170209 0.000857432 0.00284884 8 398,214,128,81,51,47,35,26 76,54,14,31,18,18,16,14 -1 461736 363 1220 -1 -1 363 1220 -1 -1 461373,145,62,43,36,21,13,11,7,1,6,4,2,1,2,0,2,2,1,0,1,2,0,0,0,0,0,0,0,0,0,0,0,0,0,0,0,0,1 -1 0,145,62,43,36,21,13,11,7,1,6,4,2,1,2,0,2,2,1,0,1,2,0,0,0,0,0,0,0,0,0,0,0,0,0,0,0,0,1 -1
/home/michal/Downloads/pcddata/processed/paramtest/ds0,015_mp9000/annotated/rares/20140829/patrol_run_26/room_2/features/nonPlanes<pfhrgb_uniform_2015-05-29_09-17-06.pcd 0.164258 0.000809965 0.00272791 8 275,264,112,65,51,39,38,29 104,57,36,18,16,16,13,16 -1 404481 456 1220 -1 -1 400 1164 -1 -1 404025,201,92,51,40,25,11,13,4,4,4,5,3,2,0,1 -1 0,145,92,51,40,25,11,13,4,4,4,5,3,2,0,1 -1
/home/michal/Downloads/pcddata/processed/paramtest/ds0,015_mp9000/annotated/rares/20140901/patrol_run_27/room_2/features/nonPlanes<pfhrgb_uniform_2015-05-29_09-17-31.pcd 0.143281 0.00132362 0.00221498 8 331,226,174,120,66,36,34,14 81,83,49,48,15,16,13,13 -1 424710 444 1220 -1 -1 400 1176 -1 -1 424266,215,67,51,29,27,17,8,9,5,4,4,3,1,2,1,1 -1 0,171,67,51,29,27,17,8,9,5,4,4,3,1,2,1,1 -1
/home/michal/Downloads/pcddata/processed/paramtest/ds0,015_mp9000/annotated/rares/20140901/patrol_run_31/room_2/features/nonPlanes<pfhrgb_uniform_2015-05-29_09-17-57.pcd 0.164141 0.000848055 0.00254183 10 164,140,128,104,99,85,84,47,45,39 34,24,32,34,36,22,19,14,13,13 -1 456456 359 1220 -1 -1 359 1220 -1 -1 456097,156,61,28,20,19,19,15,10,8,4,2,6,4,2,1,0,1,0,1,0,0,1,0,0,1 -1 0,156,61,28,20,19,19,15,10,8,4,2,6,4,2,1,0,1,0,1,0,0,1,0,0,1 -1
/home/michal/Downloads/pcddata/processed/paramtest/ds0,015_mp9000/annotated/rares/20140901/patrol_run_32/room_2/features/nonPlanes<pfhrgb_uniform_2015-05-29_09-18-18.pcd 0.152459 0.000811746 0.00267049 9 201,171,82,68,65,53,47,39,37 58,49,31,17,26,19,17,24,14 -1 449592 481 1220 -1 -1 400 1139 -1 -1 449111,240,88,50,32,24,15,6,9,6,2,1,3,1,1,0,1,0,1,0,1 -1 0,159,88,50,32,24,15,6,9,6,2,1,3,1,1,0,1,0,1,0,1 -1
/home/michal/Downloads/pcddata/processed/paramtest/ds0,015_mp9000/annotated/rares/20140901/patrol_run_33/room_1/features/nonPlanes<pfhrgb_uniform_2015-05-29_09-18-38.pcd 0.146521 0.000837485 0.00239046 7 177,113,113,98,54,19,18 48,35,21,39,19,12,12 -1 451044 436 1220 -1 -1 400 1184 -1 -1 450608,212,87,42,25,15,15,7,7,6,6,2,2,2,2,0,0,1,1,1,1,1,0,0,0,0,0,0,0,1 -1 0,176,87,42,25,15,15,7,7,6,6,2,2,2,2,0,0,1,1,1,1,1,0,0,0,0,0,0,0,1 -1
/home/michal/Downloads/pcddata/processed/paramtest/ds0,015_mp9000/annotated/rares/20140902/patrol_run_35/room_2/features/nonPlanes<pfhrgb_uniform_2015-05-29_09-18-59.pcd 0.131229 0.000816871 0.0029437 7 462,172,85,64,50,49,33 111,65,41,33,13,12,14 -1 451044 466 1220 -1 -1 400 1154 -1 -1 450578,202,98,60,36,23,20,9,8,2,2,1,2,0,0,0,1,0,0,0,0,1,0,0,0,0,1 -1 0,136,98,60,36,23,20,9,8,2,2,1,2,0,0,0,1,0,0,0,0,1,0,0,0,0,1 -1
/home/michal/Downloads/pcddata/processed/paramtest/ds0,015_mp9000/annotated/rares/20140902/patrol_run_38/room_0/features/nonPlanes<pfhrgb_uniform_2015-05-29_09-19-19.pcd 0.165826 0.00106092 0.00180744 7 273,145,86,83,76,68,36 62,30,28,40,15,16,12 -1 427977 363 1220 -1 -1 363 1220 -1 -1 427614,145,68,45,25,12,19,11,6,6,6,4,2,4,5,0,0,0,1,1,1,1,0,1 -1 0,145,68,45,25,12,19,11,6,6,6,4,2,4,5,0,0,0,1,1,1,1,0,1 -1
/home/michal/Downloads/pcddata/processed/paramtest/ds0,015_mp9000/annotated/rares/20140903/patrol_run_1/room_4/features/nonPlanes<pfhrgb_uniform_2015-05-29_09-19-38.pcd 0.197786 0.000820756 0.00197788 6 495,149,61,57,46,32 116,38,20,31,14,13 -1 470184 432 1220 -1 -1 400 1188 -1 -1 469752,194,88,41,33,21,11,12,11,2,3,3,5,4,2,1,1 -1 0,162,88,41,33,21,11,12,11,2,3,3,5,4,2,1,1 -1
/home/michal/Downloads/pcddata/processed/paramtest/ds0,015_mp9000/annotated/rares/20140903/patrol_run_10/room_2/features/nonPlanes<pfhrgb_uniform_2015-05-29_09-20-12.pcd 0.185769 0.000858191 0.00226906 8 156,102,98,93,93,93,85,69 28,33,17,38,21,13,16,30 -1 453024 347 1220 -1 -1 347 1220 -1 -1 452677,145,59,38,24,13,10,12,7,10,8,7,3,3,2,1,0,0,0,1,1,0,2,0,0,0,0,0,0,0,0,0,0,0,1 -1 0,145,59,38,24,13,10,12,7,10,8,7,3,3,2,1,0,0,0,1,1,0,2,0,0,0,0,0,0,0,0,0,0,0,1 -1
/home/michal/Downloads/pcddata/processed/paramtest/ds0,015_mp9000/annotated/rares/20140903/patrol_run_12/room_2/features/nonPlanes<pfhrgb_uniform_2015-05-29_09-20-32.pcd 0.192011 0.00135483 0.00329403 7 496,124,78,66,52,52,25 153,26,21,27,17,16,14 -1 434214 431 1220 -1 -1 400 1189 -1 -1 433783,190,81,45,27,28,17,17,11,7,1,2,0,1,0,0,2,1,0,1 -1 0,159,81,45,27,28,17,17,11,7,1,2,0,1,0,0,2,1,0,1 -1
/home/michal/Downloads/pcddata/processed/paramtest/ds0,015_mp9000/annotated/rares/20140903/patrol_run_14/room_1/features/nonPlanes<pfhrgb_uniform_2015-05-29_09-20-57.pcd 0.150235 0.00101896 0.00256769 8 181,163,122,110,81,51,48,37 70,49,34,33,25,12,12,18 -1 434313 454 1220 -1 -1 400 1166 -1 -1 433859,196,101,44,37,29,12,10,10,5,3,1,1,1,1,0,1,2 -1 0,142,101,44,37,29,12,10,10,5,3,1,1,1,1,0,1,2 -1
/home/michal/Downloads/pcddata/processed/paramtest/ds0,015_mp9000/annotated/rares/20140903/patrol_run_2/room_4/features/nonPlanes<pfhrgb_uniform_2015-05-29_09-21-24.pcd 0.170805 0.000889595 0.00201463 14 422,80,75,67,53,41,37,36,34,33,25,23,22,20 92,18,25,24,24,18,12,13,15,15,12,15,14,13 -1 462264 431 1220 -1 -1 400 1189 -1 -1 461833,181,105,45,31,20,13,8,6,3,5,2,2,4,1,0,1,0,1,1,0,1,0,0,0,1 -1 0,150,105,45,31,20,13,8,6,3,5,2,2,4,1,0,1,0,1,1,0,1,0,0,0,1 -1
/home/michal/Downloads/pcddata/processed/paramtest/ds0,015_mp9000/annotated/rares/20140903/patrol_run_9/room_2/features/nonPlanes<pfhrgb_uniform_2015-05-29_09-21-55.pcd 0.147839 0.0010041 0.0033506 7 473,131,93,83,64,44,31 119,54,30,24,22,23,16 -1 491568 425 1220 -1 -1 400 1195 -1 -1 491143,181,90,51,32,18,11,6,8,9,8,3,1,1,3,0,0,1,0,2 -1 0,156,90,51,32,18,11,6,8,9,8,3,1,1,3,0,0,1,0,2 -1
/home/michal/Downloads/pcddata/processed/paramtest/ds0,015_mp9000/annotated/rares/20140904/patrol_run_15/room_2/features/nonPlanes<pfhrgb_uniform_2015-05-29_09-22-17.pcd 0.139668 0.000897881 0.00334932 6 386,374,107,62,51,51 84,157,29,25,23,13 -1 517902 459 1220 -1 -1 400 1161 -1 -1 517443,229,78,44,37,19,11,9,13,5,5,0,2,0,1,4,1,0,1 -1 0,170,78,44,37,19,11,9,13,5,5,0,2,0,1,4,1,0,1 -1
/home/michal/Downloads/pcddata/processed/paramtest/ds0,015_mp9000/annotated/rares/20140905/patrol_run_17/room_2/features/nonPlanes<pfhrgb_uniform_2015-05-29_09-22-41.pcd 0.147478 0.00131652 0.00186266 6 445,141,85,72,60,55 129,38,25,29,31,22 -1 446160 443 1220 -1 -1 400 1177 -1 -1 445717,197,86,43,37,25,18,7,10,6,8,0,4,1,0,0,0,1 -1 0,154,86,43,37,25,18,7,10,6,8,0,4,1,0,0,0,1 -1
/home/michal/Downloads/pcddata/processed/paramtest/ds0,015_mp9000/annotated/rares/20140905/patrol_run_19/room_1/features/nonPlanes<pfhrgb_uniform_2015-05-29_09-23-06.pcd 0.137645 0.00121204 0.00232254 8 351,166,163,90,61,59,47,20 123,34,51,28,22,19,16,12 -1 453024 438 1220 -1 -1 400 1182 -1 -1 452586,187,93,49,27,18,18,23,9,2,1,5,2,3,0,1 -1 0,149,93,49,27,18,18,23,9,2,1,5,2,3,0,1 -1
/home/michal/Downloads/pcddata/processed/paramtest/ds0,015_mp9000/annotated/rares/20140905/patrol_run_21/room_2/features/nonPlanes<pfhrgb_uniform_2015-05-29_09-23-30.pcd 0.153258 0.00105843 0.00300685 8 241,175,139,133,107,104,36,19 66,63,43,24,31,50,13,13 -1 419265 442 1220 -1 -1 400 1178 -1 -1 418823,197,79,59,31,20,15,12,11,4,4,5,2,0,1,1,0,0,1 -1 0,155,79,59,31,20,15,12,11,4,4,5,2,0,1,1,0,0,1 -1
/home/michal/Downloads/pcddata/processed/paramtest/ds0,015_mp9000/annotated/rares/20140905/patrol_run_23/room_2/features/nonPlanes<pfhrgb_uniform_2015-05-29_09-23-50.pcd 0.166007 0.000918554 0.00301849 4 593,160,112,110 165,50,30,43 -1 463320 438 1220 -1 -1 400 1182 -1 -1 462882,198,93,40,29,17,16,12,8,11,6,2,1,0,2,1,1,0,0,1 -1 0,160,93,40,29,17,16,12,8,11,6,2,1,0,2,1,1,0,0,1 -1
/home/michal/Downloads/pcddata/processed/paramtest/ds0,015_mp9000/annotated/rares/20140905/patrol_run_25/room_1/features/nonPlanes<pfhrgb_uniform_2015-05-29_09-24-16.pcd 0.15365 0.00101978 0.0031483 9 341,187,121,75,63,58,56,48,26 74,27,44,13,18,30,29,23,13 -1 407286 395 1220 -1 -1 395 1220 -1 -1 406891,159,87,47,28,11,18,12,9,3,5,6,2,1,0,0,0,1,2,1,2,0,0,1 -1 0,159,87,47,28,11,18,12,9,3,5,6,2,1,0,0,0,1,2,1,2,0,0,1 -1
/home/michal/Downloads/pcddata/processed/paramtest/ds0,015_mp9000/annotated/rares/20140905/patrol_run_27/room_2/features/nonPlanes<pfhrgb_uniform_2015-05-29_09-24-37.pcd 0.171461 0.00117002 0.00305006 6 479,110,88,86,57,20 130,37,41,24,15,12 -1 470448 462 1220 -1 -1 400 1158 -1 -1 469986,209,91,48,44,23,13,11,8,4,4,3,0,0,1,1,0,0,1,1 -1 0,147,91,48,44,23,13,11,8,4,4,3,0,0,1,1,0,0,1,1 -1
/home/michal/Downloads/pcddata/processed/paramtest/ds0,015_mp9000/annotated/rares/20140905/patrol_run_29/room_2/features/nonPlanes<pfhrgb_uniform_2015-05-29_09-24-58.pcd 0.177365 0.00102611 0.00188262 9 288,98,95,74,68,67,64,35,26 73,28,31,32,12,19,26,16,13 -1 433290 422 1220 -1 -1 400 1198 -1 -1 432868,181,82,48,32,27,13,9,4,8,5,2,4,3,1,1,0,1,1 -1 0,159,82,48,32,27,13,9,4,8,5,2,4,3,1,1,0,1,1 -1
/home/michal/Downloads/pcddata/processed/paramtest/ds0,015_mp9000/annotated/rares/20140905/patrol_run_30/room_1/features/nonPlanes<pfhrgb_uniform_2015-05-29_09-25-20.pcd 0.161688 0.00087851 0.00222993 9 186,176,160,114,71,53,46,33,26 46,48,39,17,22,17,23,15,15 -1 446622 387 1220 -1 -1 387 1220 -1 -1 446235,159,65,51,29,19,26,10,6,5,0,5,2,3,1,0,1,1,0,1,1,0,2 -1 0,159,65,51,29,19,26,10,6,5,0,5,2,3,1,0,1,1,0,1,1,0,2 -1
/home/michal/Downloads/pcddata/processed/paramtest/ds0,015_mp9000/annotated/rares/20140905/patrol_run_30/room_7/features/nonPlanes<pfhrgb_uniform_2015-05-29_09-25-44.pcd 0.1394 0.000845851 0.00205061 10 195,102,97,89,83,77,56,39,38,34 66,47,33,35,21,24,13,13,17,13 -1 458865 533 1220 -1 -1 400 1087 -1 -1 458332,283,91,64,32,22,12,11,5,5,5,0,0,2,0,1 -1 0,150,91,64,32,22,12,11,5,5,5,0,0,2,0,1 -1
/home/michal/Downloads/pcddata/processed/paramtest/ds0,015_mp9000/annotated/rares/20140908/patrol_run_32/room_2/features/nonPlanes<pfhrgb_uniform_2015-05-29_09-26-07.pcd 0.123818 0.00101284 0.00240226 8 292,152,137,101,73,58,55,38 82,38,39,36,33,28,17,16 -1 453024 468 1220 -1 -1 400 1152 -1 -1 452556,216,90,60,29,22,12,18,6,3,5,3,1,0,0,0,1,2 -1 0,148,90,60,29,22,12,18,6,3,5,3,1,0,0,0,1,2 -1
/home/michal/Downloads/pcddata/processed/paramtest/ds0,015_mp9000/annotated/rares/20140908/patrol_run_34/room_2/features/nonPlanes<pfhrgb_uniform_2015-05-29_09-26-34.pcd 0.144616 0.00101608 0.00286735 7 347,188,83,70,68,41,35 81,56,38,22,20,19,13 -1 423720 456 1220 -1 -1 400 1164 -1 -1 423264,196,102,50,32,22,16,13,12,4,2,3,1,0,0,2,0,0,1 -1 0,140,102,50,32,22,16,13,12,4,2,3,1,0,0,2,0,0,1 -1
/home/michal/Downloads/pcddata/processed/paramtest/ds0,015_mp9000/annotated/rares/20140908/patrol_run_36/room_3/features/nonPlanes<pfhrgb_uniform_2015-05-29_09-27-02.pcd 0.1483 0.00085938 0.00280899 7 337,184,115,102,96,47,38 93,60,39,39,35,20,13 -1 423654 461 1220 -1 -1 400 1159 -1 -1 423193,206,102,47,33,21,15,14,3,8,2,4,1,2,2,0,0,0,1 -1 0,145,102,47,33,21,15,14,3,8,2,4,1,2,2,0,0,0,1 -1
/home/michal/Downloads/pcddata/processed/paramtest/ds0,015_mp9000/annotated/rares/20140908/patrol_run_38/room_2/features/nonPlanes<pfhrgb_uniform_2015-05-29_09-27-29.pcd 0.155763 0.000831784 0.00278238 8 421,101,87,86,80,58,54,19 100,28,20,26,37,25,21,12 -1 433356 441 1220 -1 -1 400 1179 -1 -1 432915,186,97,46,44,18,15,11,9,5,2,1,2,1,1,0,0,0,0,1,0,0,0,0,1,0,0,1 -1 0,145,97,46,44,18,15,11,9,5,2,1,2,1,1,0,0,0,0,1,0,0,0,0,1,0,0,1 -1
/home/michal/Downloads/pcddata/processed/paramtest/ds0,015_mp9000/annotated/rares/20140908/patrol_run_39/room_3/features/nonPlanes<pfhrgb_uniform_2015-05-29_09-27-53.pcd 0.145926 0.00132673 0.00290268 9 300,85,85,74,55,49,42,33,29 87,31,27,20,16,15,22,19,16 -1 414678 487 1220 -1 -1 400 1133 -1 -1 414191,223,115,50,38,19,14,11,5,2,1,2,2,1,0,1,1,0,0,0,0,0,0,0,0,1,1 -1 0,136,115,50,38,19,14,11,5,2,1,2,2,1,0,1,1,0,0,0,0,0,0,0,0,1,1 -1
/home/michal/Downloads/pcddata/processed/paramtest/ds0,015_mp9000/annotated/rares/20140908/patrol_run_41/room_3/features/nonPlanes<pfhrgb_uniform_2015-05-29_09-28-20.pcd 0.141784 0.00121028 0.00211945 8 349,252,101,67,40,40,29,20 80,82,32,25,15,13,13,15 -1 455400 414 1220 -1 -1 400 1206 -1 -1 454986,179,84,48,26,19,13,9,8,4,7,6,2,5,1,2,0,0,0,0,1 -1 0,165,84,48,26,19,13,9,8,4,7,6,2,5,1,2,0,0,0,0,1 -1
/home/michal/Downloads/pcddata/processed/paramtest/ds0,015_mp9000/annotated/rares/20140908/patrol_run_43/room_3/features/nonPlanes<pfhrgb_uniform_2015-05-29_09-28-45.pcd 0.158613 0.00085053 0.00296579 7 350,152,106,70,60,49,25 85,27,37,29,23,24,12 -1 414018 439 1220 -1 -1 400 1181 -1 -1 413579,198,87,45,36,22,4,13,13,10,3,2,1,0,2,1,0,0,0,0,0,1,1 -1 0,159,87,45,36,22,4,13,13,10,3,2,1,0,2,1,0,0,0,0,0,1,1 -1
/home/michal/Downloads/pcddata/processed/paramtest/ds0,015_mp9000/annotated/rares/20140908/patrol_run_45/room_2/features/nonPlanes<pfhrgb_uniform_2015-05-29_09-29-11.pcd 0.156767 0.000878781 0.00293348 10 293,170,136,100,91,52,49,37,34,32 55,43,30,41,19,18,34,17,14,17 -1 442200 398 1220 -1 -1 398 1220 -1 -1 441802,174,63,53,23,24,17,9,8,11,5,3,2,1,1,0,0,0,1,0,1,0,0,1,0,0,1 -1 0,174,63,53,23,24,17,9,8,11,5,3,2,1,1,0,0,0,1,0,1,0,0,1,0,0,1 -1
/home/michal/Downloads/pcddata/processed/paramtest/ds0,015_mp9000/annotated/rares/20140908/patrol_run_47/room_3/features/nonPlanes<pfhrgb_uniform_2015-05-29_09-29-40.pcd 0.15402 0.00141817 0.00250676 5 298,243,162,87,18 101,66,62,34,13 -1 465300 484 1220 -1 -1 400 1136 -1 -1 464816,209,113,52,41,21,22,6,11,1,3,3,1,0,1 -1 0,125,113,52,41,21,22,6,11,1,3,3,1,0,1 -1
/home/michal/Downloads/pcddata/processed/paramtest/ds0,015_mp9000/annotated/rares/20140909/patrol_run_49/room_3/features/nonPlanes<pfhrgb_uniform_2015-05-29_09-30-08.pcd 0.146492 0.000858077 0.00231193 8 287,156,94,85,76,58,56,37 59,67,32,35,36,20,17,12 -1 437778 460 1220 -1 -1 400 1160 -1 -1 437318,217,89,58,31,17,12,7,9,3,5,3,1,1,2,1,2,1,0,0,0,0,1 -1 0,157,89,58,31,17,12,7,9,3,5,3,1,1,2,1,2,1,0,0,0,0,1 -1
/home/michal/Downloads/pcddata/processed/paramtest/ds0,015_mp9000/annotated/rares/20140909/patrol_run_51/room_3/features/nonPlanes<pfhrgb_uniform_2015-05-29_09-30-37.pcd 0.153174 0.00162414 0.00319034 9 459,111,100,93,70,59,37,32,24 91,36,50,25,34,16,12,16,12 -1 816816 418 1220 -1 -1 400 1202 -1 -1 816398,188,78,52,32,16,9,9,8,7,2,4,4,0,0,3,1,1,1,1,1,1 -1 0,170,78,52,32,16,9,9,8,7,2,4,4,0,0,3,1,1,1,1,1,1 -1
/home/michal/Downloads/pcddata/processed/paramtest/ds0,015_mp9000/annotated/rares/20140909/patrol_run_53/room_3/features/nonPlanes<pfhrgb_uniform_2015-05-29_09-31-01.pcd 0.137518 0.00104068 0.00223343 11 454,92,83,66,56,55,51,44,31,28,23 122,33,36,18,16,23,14,22,17,13,14 -1 456456 470 1220 -1 -1 400 1150 -1 -1 455986,210,100,62,33,19,15,7,10,2,3,2,2,3,1,0,0,0,0,0,0,0,0,0,0,0,0,0,0,0,0,1 -1 0,140,100,62,33,19,15,7,10,2,3,2,2,3,1,0,0,0,0,0,0,0,0,0,0,0,0,0,0,0,0,1 -1
/home/michal/Downloads/pcddata/processed/paramtest/ds0,015_mp9000/annotated/rares/20140909/patrol_run_55/room_3/features/nonPlanes<pfhrgb_uniform_2015-05-29_09-31-24.pcd 0.141345 0.000903531 0.00278715 9 362,102,85,67,63,60,46,44,38 94,36,35,30,22,19,19,23,12 -1 446622 537 1220 -1 -1 400 1083 -1 -1 446085,269,108,65,32,19,17,18,2,3,2,0,1,0,1 -1 0,132,108,65,32,19,17,18,2,3,2,0,1,0,1 -1
/home/michal/Downloads/pcddata/processed/paramtest/ds0,015_mp9000/annotated/rares/20140909/patrol_run_59/room_3/features/nonPlanes<pfhrgb_uniform_2015-05-29_09-31-48.pcd 0.157866 0.000823967 0.00239448 10 229,166,91,88,71,58,40,36,23,20 79,48,42,24,35,18,12,13,16,12 -1 442200 512 1220 -1 -1 400 1108 -1 -1 441688,238,111,66,37,22,14,7,5,2,4,2,3,0,0,1 -1 0,126,111,66,37,22,14,7,5,2,4,2,3,0,0,1 -1
/home/michal/Downloads/pcddata/processed/paramtest/ds0,015_mp9000/annotated/rares/20140909/patrol_run_61/room_3/features/nonPlanes<pfhrgb_uniform_2015-05-29_09-32-12.pcd 0.144754 0.000750294 0.00202695 8 342,138,119,79,64,60,55,47 100,30,36,21,24,16,20,20 -1 447579 424 1220 -1 -1 400 1196 -1 -1 447155,168,98,51,27,25,23,6,9,3,2,2,1,3,3,0,0,1,0,1,1 -1 0,144,98,51,27,25,23,6,9,3,2,2,1,3,3,0,0,1,0,1,1 -1
/home/michal/Downloads/pcddata/processed/paramtest/ds0,015_mp9000/annotated/rares/20140909/patrol_run_63/room_3/features/nonPlanes<pfhrgb_uniform_2015-05-29_09-32-46.pcd 0.145258 0.000428147 0.00307203 10 107,90,77,73,62,39,38,33,33,33 25,27,28,26,29,12,14,22,14,13 -1 424710 489 1220 -1 -1 400 1131 -1 -1 424221,223,105,64,30,22,21,4,7,5,1,0,2,1,2,1,0,0,0,0,1 -1 0,134,105,64,30,22,21,4,7,5,1,0,2,1,2,1,0,0,0,0,1 -1
/home/michal/Downloads/pcddata/processed/paramtest/ds0,015_mp9000/annotated/rares/20140910/patrol_run_67/room_3/features/nonPlanes<pfhrgb_uniform_2015-05-29_09-33-11.pcd 0.146091 0.00155134 0.00297106 8 326,137,119,98,90,71,70,69 77,51,36,49,34,23,23,19 -1 468600 473 1220 -1 -1 400 1147 -1 -1 468127,209,113,50,37,20,14,9,6,5,2,1,3,1,0,0,0,0,1,0,0,1,0,0,0,0,0,0,1 -1 0,136,113,50,37,20,14,9,6,5,2,1,3,1,0,0,0,0,1,0,0,1,0,0,0,0,0,0,1 -1
/home/michal/Downloads/pcddata/processed/paramtest/ds0,015_mp9000/annotated/rares/20140910/patrol_run_69/room_3/features/nonPlanes<pfhrgb_uniform_2015-05-29_09-33-35.pcd 0.135587 0.00113936 0.00223827 10 301,132,97,83,81,73,52,39,28,22 71,39,28,23,22,38,20,17,15,14 -1 446622 494 1220 -1 -1 400 1126 -1 -1 446128,236,98,58,32,26,16,6,9,2,6,1,1,1,0,1,0,1 -1 0,142,98,58,32,26,16,6,9,2,6,1,1,1,0,1,0,1 -1
/home/michal/Downloads/pcddata/processed/paramtest/ds0,015_mp9000/annotated/rares/20140910/patrol_run_71/room_3/features/nonPlanes<pfhrgb_uniform_2015-05-29_09-33-59.pcd 0.138894 0.00184273 0.00286995 6 341,155,108,103,61,41 74,41,52,28,17,14 -1 477048 436 1220 -1 -1 400 1184 -1 -1 476612,194,80,55,43,17,9,14,7,2,1,2,2,2,2,1,3,0,0,0,1,0,0,0,0,1 -1 0,158,80,55,43,17,9,14,7,2,1,2,2,2,2,1,3,0,0,0,1,0,0,0,0,1 -1
/home/michal/Downloads/pcddata/processed/paramtest/ds0,015_mp9000/annotated/rares/20140910/patrol_run_74/room_3/features/nonPlanes<pfhrgb_uniform_2015-05-29_09-34-24.pcd 0.126094 0.000662627 0.00208997 9 295,146,96,92,87,79,69,64,21 77,20,43,30,20,27,31,31,13 -1 442200 455 1220 -1 -1 400 1165 -1 -1 441745,189,98,64,44,18,12,9,6,0,5,2,1,1,2,1,1,0,1,0,1 -1 0,134,98,64,44,18,12,9,6,0,5,2,1,1,2,1,1,0,1,0,1 -1
/home/michal/Downloads/pcddata/processed/paramtest/ds0,015_mp9000/annotated/rares/20140910/patrol_run_77/room_4/features/nonPlanes<pfhrgb_uniform_2015-05-29_09-34-48.pcd 0.170898 0.00073564 0.00310153 8 457,166,69,48,36,35,27,25 111,62,26,22,19,12,14,12 -1 446622 450 1220 -1 -1 400 1170 -1 -1 446172,204,93,44,25,23,18,15,10,5,6,2,2,3 -1 0,154,93,44,25,23,18,15,10,5,6,2,2,3 -1
/home/michal/Downloads/pcddata/processed/paramtest/ds0,015_mp9000/annotated/rares/20140910/patrol_run_79/room_2/features/nonPlanes<pfhrgb_uniform_2015-05-29_09-35-16.pcd 0.16482 0.000594333 0.00234266 8 206,161,120,91,73,63,59,51 53,53,34,16,14,18,14,15 -1 396627 376 1220 -1 -1 376 1220 -1 -1 396251,158,70,38,26,18,11,16,9,10,6,2,1,1,2,2,3,1,0,1,0,0,0,0,0,1 -1 0,158,70,38,26,18,11,16,9,10,6,2,1,1,2,2,3,1,0,1,0,0,0,0,0,1 -1
/home/michal/Downloads/pcddata/processed/paramtest/ds0,015_mp9000/annotated/rares/20140910/patrol_run_81/room_2/features/nonPlanes<pfhrgb_uniform_2015-05-29_09-35-39.pcd 0.130586 0.000911441 0.00248901 7 214,107,93,78,62,43,33 50,15,22,25,33,12,16 -1 432300 429 1220 -1 -1 400 1191 -1 -1 431871,189,98,44,24,19,13,7,10,9,3,2,1,2,2,2,1,1,0,0,0,1,1 -1 0,160,98,44,24,19,13,7,10,9,3,2,1,2,2,2,1,1,0,0,0,1,1 -1
/home/michal/Downloads/pcddata/processed/paramtest/ds0,015_mp9000/annotated/rares/20140911/patrol_run_82/room_3/features/nonPlanes<pfhrgb_uniform_2015-05-29_09-36-04.pcd 0.1642 0.000761278 0.00284907 5 342,176,70,69,48 81,73,25,17,19 -1 473154 477 1220 -1 -1 400 1143 -1 -1 472677,220,96,50,43,24,14,10,5,4,2,3,3,0,1,1,0,0,1 -1 0,143,96,50,43,24,14,10,5,4,2,3,3,0,1,1,0,0,1 -1
/home/michal/Downloads/pcddata/processed/paramtest/ds0,015_mp9000/annotated/rares/20140911/patrol_run_84/room_3/features/nonPlanes<pfhrgb_uniform_2015-05-29_09-36-33.pcd 0.18608 0.0008875 0.00269257 7 332,164,58,56,54,51,16 89,21,31,28,26,18,12 -1 455400 444 1220 -1 -1 400 1176 -1 -1 454956,210,80,56,29,18,16,1,8,6,6,3,2,1,4,0,1,2,0,1 -1 0,166,80,56,29,18,16,1,8,6,6,3,2,1,4,0,1,2,0,1 -1
/home/michal/Downloads/pcddata/processed/paramtest/ds0,015_mp9000/annotated/rares/20140911/patrol_run_88/room_3/features/nonPlanes<pfhrgb_uniform_2015-05-29_09-37-00.pcd 0.140269 0.00103445 0.00263351 8 357,179,85,72,57,49,42,36 99,53,34,28,19,17,17,13 -1 474606 513 1220 -1 -1 400 1107 -1 -1 474093,264,104,44,37,24,14,6,3,3,5,4,2,0,1,0,0,1,0,0,0,0,1 -1 0,151,104,44,37,24,14,6,3,3,5,4,2,0,1,0,0,1,0,0,0,0,1 -1
/home/michal/Downloads/pcddata/processed/paramtest/ds0,015_mp9000/annotated/rares/20140911/patrol_run_90/room_3/features/nonPlanes<pfhrgb_uniform_2015-05-29_09-37-23.pcd 0.134414 0.000779212 0.00278345 11 205,110,85,77,75,66,48,46,38,25,24 50,37,28,15,38,27,22,16,15,18,14 -1 408408 529 1220 -1 -1 400 1091 -1 -1 407879,259,114,56,38,18,14,14,9,4,1,1,1 -1 0,130,114,56,38,18,14,14,9,4,1,1,1 -1
/home/michal/Downloads/pcddata/processed/paramtest/ds0,015_mp9000/annotated/rares/20140911/patrol_run_92/room_3/features/nonPlanes<pfhrgb_uniform_2015-05-29_09-37-49.pcd 0.145282 0.000788838 0.00188294 9 334,118,85,65,61,51,32,27,22 87,58,25,21,22,14,14,12,14 -1 454740 451 1220 -1 -1 400 1169 -1 -1 454289,202,82,64,30,18,16,13,6,7,4,1,4,2,1,1 -1 0,151,82,64,30,18,16,13,6,7,4,1,4,2,1,1 -1
/home/michal/Downloads/pcddata/processed/paramtest/ds0,015_mp9000/annotated/rares/20140912/patrol_run_100/room_3/features/nonPlanes<pfhrgb_uniform_2015-05-29_09-38-11.pcd 0.14802 0.00116688 0.00267842 7 333,143,137,87,50,29,25 85,38,59,33,15,16,14 -1 437778 491 1220 -1 -1 400 1129 -1 -1 437287,231,108,54,30,18,15,11,7,5,3,5,4 -1 0,140,108,54,30,18,15,11,7,5,3,5,4 -1
/home/michal/Downloads/pcddata/processed/paramtest/ds0,015_mp9000/annotated/rares/20140912/patrol_run_102/room_3/features/nonPlanes<pfhrgb_uniform_2015-05-29_09-38-38.pcd 0.128946 0.000757318 0.00207942 9 389,187,77,65,60,57,47,32,24 94,44,22,27,18,24,19,12,16 -1 463320 421 1220 -1 -1 400 1199 -1 -1 462899,180,86,52,33,15,17,6,5,7,7,1,0,3,3,3,0,3 -1 0,159,86,52,33,15,17,6,5,7,7,1,0,3,3,3,0,3 -1
/home/michal/Downloads/pcddata/processed/paramtest/ds0,015_mp9000/annotated/rares/20140912/patrol_run_104/room_3/features/nonPlanes<pfhrgb_uniform_2015-05-29_09-39-06.pcd 0.145443 0.000733171 0.00227208 9 277,124,119,87,50,49,47,43,32 65,46,51,30,13,23,18,13,13 -1 445500 527 1220 -1 -1 400 1093 -1 -1 444973,265,105,67,38,13,14,8,5,3,3,2,1,0,0,1,1,0,0,0,0,0,0,0,0,1 -1 0,138,105,67,38,13,14,8,5,3,3,2,1,0,0,1,1,0,0,0,0,0,0,0,0,1 -1
/home/michal/Downloads/pcddata/processed/paramtest/ds0,015_mp9000/annotated/rares/20140912/patrol_run_94/room_3/features/nonPlanes<pfhrgb_uniform_2015-05-29_09-39-36.pcd 0.148233 0.000749077 0.00251696 9 341,140,97,92,74,66,66,42,29 81,49,26,31,36,21,17,15,18 -1 445500 460 1220 -1 -1 400 1160 -1 -1 445040,202,98,60,28,26,13,7,5,6,3,5,3,2,1,0,0,0,1 -1 0,142,98,60,28,26,13,7,5,6,3,5,3,2,1,0,0,0,1 -1
/home/michal/Downloads/pcddata/processed/paramtest/ds0,015_mp9000/annotated/rares/20140912/patrol_run_96/room_2/features/nonPlanes<pfhrgb_uniform_2015-05-29_09-40-04.pcd 0.140203 0.000812057 0.00250944 9 371,106,73,73,64,63,55,40,33 66,42,30,28,19,27,18,18,13 -1 431244 415 1220 -1 -1 400 1205 -1 -1 430829,171,77,55,37,20,21,6,6,6,7,3,0,0,1,1,2,0,0,0,1,0,0,0,0,0,0,0,1 -1 0,156,77,55,37,20,21,6,6,6,7,3,0,0,1,1,2,0,0,0,1,0,0,0,0,0,0,0,1 -1
/home/michal/Downloads/pcddata/processed/paramtest/ds0,015_mp9000/annotated/rares/20140912/patrol_run_98/room_3/features/nonPlanes<pfhrgb_uniform_2015-05-29_09-40-32.pcd 0.14402 0.000952324 0.00227291 10 353,100,100,94,53,44,41,37,36,29 78,41,33,28,27,16,19,18,16,15 -1 446622 480 1220 -1 -1 400 1140 -1 -1 446142,227,99,57,22,17,22,9,12,4,3,3,4,1 -1 0,147,99,57,22,17,22,9,12,4,3,3,4,1 -1
/home/michal/Downloads/pcddata/processed/paramtest/ds0,015_mp9000/annotated/rares/20140921/patrol_run_110/room_2/features/nonPlanes<pfhrgb_uniform_2015-05-29_09-41-05.pcd 0.128498 0.00116904 0.00256049 8 451,109,105,64,60,43,36,35 79,55,20,27,22,17,13,13 -1 411840 382 1220 -1 -1 382 1220 -1 -1 411458,169,69,47,22,21,14,8,8,4,3,1,2,2,0,1,2,2,2,0,2,1,0,0,0,0,0,0,0,0,0,0,0,0,0,2 -1 0,169,69,47,22,21,14,8,8,4,3,1,2,2,0,1,2,2,2,0,2,1,0,0,0,0,0,0,0,0,0,0,0,0,0,2 -1
/home/michal/Downloads/pcddata/processed/paramtest/ds0,015_mp9000/annotated/rares/20140921/patrol_run_112/room_2/features/nonPlanes<pfhrgb_uniform_2015-05-29_09-41-34.pcd 0.164326 0.000810259 0.00284641 9 310,128,110,91,57,44,41,38,17 97,51,37,17,13,15,14,12,12 -1 419265 510 1220 -1 -1 400 1110 -1 -1 418755,250,106,52,35,24,13,13,3,5,2,4,2,0,0,0,1 -1 0,140,106,52,35,24,13,13,3,5,2,4,2,0,0,0,1 -1
/home/michal/Downloads/pcddata/processed/paramtest/ds0,015_mp9000/annotated/rares/20140921/patrol_run_114/room_1/features/nonPlanes<pfhrgb_uniform_2015-05-29_09-42-01.pcd 0.151113 0.000574087 0.00253263 9 223,159,93,51,48,45,45,28,24 70,51,28,13,17,18,13,14,12 -1 417384 456 1220 -1 -1 400 1164 -1 -1 416928,199,98,46,32,29,17,11,8,3,5,4,2,2 -1 0,143,98,46,32,29,17,11,8,3,5,4,2,2 -1
/home/michal/Downloads/pcddata/processed/paramtest/ds0,015_mp9000/annotated/rares/20140922/patrol_run_116/room_2/features/nonPlanes<pfhrgb_uniform_2015-05-29_09-42-29.pcd 0.119296 0.000766383 0.0026642 9 256,164,122,107,59,46,44,36,33 67,51,38,35,16,26,13,13,16 -1 424116 459 1220 -1 -1 400 1161 -1 -1 423657,222,94,43,24,23,15,12,9,4,2,1,2,0,5,1,0,0,0,0,1,0,0,0,0,0,0,0,1 -1 0,163,94,43,24,23,15,12,9,4,2,1,2,0,5,1,0,0,0,0,1,0,0,0,0,0,0,0,1 -1
/home/michal/Downloads/pcddata/processed/paramtest/ds0,015_mp9000/annotated/rares/20140922/patrol_run_118/room_2/features/nonPlanes<pfhrgb_uniform_2015-05-29_09-42-58.pcd 0.140138 0.00084457 0.0018644 8 203,161,117,69,69,54,48,43 42,57,37,28,27,12,20,32 -1 451044 538 1220 -1 -1 400 1082 -1 -1 450506,289,99,54,33,16,22,10,3,3,1,3,4,0,0,1 -1 0,151,99,54,33,16,22,10,3,3,1,3,4,0,0,1 -1
/home/michal/Downloads/pcddata/processed/paramtest/ds0,015_mp9000/annotated/rares/20140922/patrol_run_120/room_1/features/nonPlanes<pfhrgb_uniform_2015-05-29_09-43-29.pcd 0.142575 0.000892061 0.00191994 7 237,168,149,126,121,52,35 76,60,43,38,42,26,13 -1 478401 488 1220 -1 -1 400 1132 -1 -1 477913,243,92,59,21,19,15,8,8,11,6,4,2 -1 0,155,92,59,21,19,15,8,8,11,6,4,2 -1
/home/michal/Downloads/pcddata/processed/paramtest/ds0,015_mp9000/annotated/rares/20140922/patrol_run_124/room_2/features/nonPlanes<pfhrgb_uniform_2015-05-29_09-44-02.pcd 0.158429 0.00186271 0.0018668 9 200,157,85,55,53,53,43,32,15 50,55,41,13,20,12,23,13,12 -1 483516 560 1220 -1 -1 400 1060 -1 -1 482956,294,118,61,33,22,15,5,3,0,2,2,1,1,0,0,2,1 -1 0,134,118,61,33,22,15,5,3,0,2,2,1,1,0,0,2,1 -1
/home/michal/Downloads/pcddata/processed/paramtest/ds0,015_mp9000/annotated/rares/20140922/patrol_run_126/room_2/features/nonPlanes<pfhrgb_uniform_2015-05-29_09-44-34.pcd 0.124197 0.00150987 0.00210371 11 133,118,89,77,73,64,62,55,52,49,35 50,39,27,18,23,37,20,23,19,12,13 -1 455499 506 1220 -1 -1 400 1114 -1 -1 454993,243,95,65,36,25,16,9,1,9,4,1,2 -1 0,137,95,65,36,25,16,9,1,9,4,1,2 -1
/home/michal/Downloads/pcddata/processed/paramtest/ds0,015_mp9000/annotated/rares/20140922/patrol_run_128/room_2/features/nonPlanes<pfhrgb_uniform_2015-05-29_09-45-05.pcd 0.125715 0.000781787 0.00292774 7 288,143,138,88,64,57,29 89,61,41,26,27,26,16 -1 454410 513 1220 -1 -1 400 1107 -1 -1 453897,245,106,64,31,25,16,6,10,4,3,2,0,0,0,0,1 -1 0,132,106,64,31,25,16,6,10,4,3,2,0,0,0,0,1 -1
/home/michal/Downloads/pcddata/processed/paramtest/ds0,015_mp9000/annotated/rares/20140922/patrol_run_130/room_2/features/nonPlanes<pfhrgb_uniform_2015-05-29_09-45-31.pcd 0.13474 0.000858128 0.00286202 9 379,176,169,86,71,42,26,21,18 108,33,56,27,27,20,20,14,14 -1 439956 464 1220 -1 -1 400 1156 -1 -1 439492,233,77,47,43,19,13,6,6,1,4,3,3,1,0,5,1,1,1 -1 0,169,77,47,43,19,13,6,6,1,4,3,3,1,0,5,1,1,1 -1
/home/michal/Downloads/pcddata/processed/paramtest/ds0,015_mp9000/annotated/rares/20140922/patrol_run_132/room_1/features/nonPlanes<pfhrgb_uniform_2015-05-29_09-45-59.pcd 0.138485 0.000845108 0.00283827 6 319,169,136,70,67,63 98,52,41,22,29,20 -1 454740 473 1220 -1 -1 400 1147 -1 -1 454267,210,97,55,38,16,28,10,5,10,0,2,0,0,1,1 -1 0,137,97,55,38,16,28,10,5,10,0,2,0,0,1,1 -1
/home/michal/Downloads/pcddata/processed/paramtest/ds0,015_mp9000/annotated/rares/20140922/patrol_run_134/room_2/features/nonPlanes<pfhrgb_uniform_2015-05-29_09-46-29.pcd 0.178781 0.00166756 0.00296801 9 151,149,103,86,85,62,50,49,40 43,54,39,30,18,23,16,18,19 -1 411840 528 1220 -1 -1 400 1092 -1 -1 411312,259,119,57,28,25,16,8,4,3,4,2,1,0,1,0,1 -1 0,131,119,57,28,25,16,8,4,3,4,2,1,0,1,0,1 -1
/home/michal/Downloads/pcddata/processed/paramtest/ds0,015_mp9000/annotated/rares/20140922/patrol_run_138/room_2/features/nonPlanes<pfhrgb_uniform_2015-05-29_09-47-00.pcd 0.163123 0.000806734 0.00246428 7 245,141,104,84,53,50,25 64,46,47,24,14,19,13 -1 443223 469 1220 -1 -1 400 1151 -1 -1 442754,217,95,56,29,22,19,11,1,7,1,3,2,2,0,1,2,1 -1 0,148,95,56,29,22,19,11,1,7,1,3,2,2,0,1,2,1 -1
/home/michal/Downloads/pcddata/processed/paramtest/ds0,015_mp9000/annotated/rares/20140923/patrol_run_139/room_2/features/nonPlanes<pfhrgb_uniform_2015-05-29_09-47-30.pcd 0.120761 0.00073115 0.00267312 8 261,230,133,79,66,38,28,21 58,65,46,32,22,16,13,14 -1 430782 469 1220 -1 -1 400 1151 -1 -1 430313,206,94,65,37,18,11,18,3,6,5,1,3,2 -1 0,137,94,65,37,18,11,18,3,6,5,1,3,2 -1
/home/michal/Downloads/pcddata/processed/paramtest/ds0,015_mp9000/annotated/rares/20140923/patrol_run_141/room_2/features/nonPlanes<pfhrgb_uniform_2015-05-29_09-48-01.pcd 0.120649 0.000738496 0.00300372 10 322,139,108,104,95,70,69,27,24,22 61,45,42,47,38,25,17,14,13,14 -1 410652 437 1220 -1 -1 400 1183 -1 -1 410215,190,97,47,28,21,15,9,9,6,2,4,0,4,2,0,1,0,0,1,1 -1 0,153,97,47,28,21,15,9,9,6,2,4,0,4,2,0,1,0,0,1,1 -1
/home/michal/Downloads/pcddata/processed/paramtest/ds0,015_mp9000/annotated/rares/20140923/patrol_run_144/room_2/features/nonPlanes<pfhrgb_uniform_2015-05-29_09-48-29.pcd 0.135192 0.000845819 0.00201817 7 430,119,64,50,48,48,44 114,27,25,17,23,20,22 -1 438471 477 1220 -1 -1 400 1143 -1 -1 437994,231,96,53,31,17,10,14,6,5,3,3,2,1,1,2,0,2 -1 0,154,96,53,31,17,10,14,6,5,3,3,2,1,1,2,0,2 -1
/home/michal/Downloads/pcddata/processed/paramtest/ds0,015_mp9000/annotated/rares/20140923/patrol_run_146/room_2/features/nonPlanes<pfhrgb_uniform_2015-05-29_09-48-55.pcd 0.124924 0.000784006 0.00200637 7 424,230,91,84,74,51,47 117,80,25,18,21,14,20 -1 391248 397 1220 -1 -1 397 1220 -1 -1 390851,155,78,51,27,28,15,10,9,9,3,0,6,1,2,1,1,0,0,0,0,1 -1 0,155,78,51,27,28,15,10,9,9,3,0,6,1,2,1,1,0,0,0,0,1 -1
/home/michal/Downloads/pcddata/processed/paramtest/ds0,015_mp9000/annotated/rares/20140923/patrol_run_148/room_2/features/nonPlanes<pfhrgb_uniform_2015-05-29_09-49-16.pcd 0.13306 0.000828424 0.00279645 8 253,146,130,112,111,69,59,56 86,64,13,34,36,24,25,13 -1 444246 453 1220 -1 -1 400 1167 -1 -1 443793,222,74,46,38,19,13,19,6,4,2,1,3,2,1,0,0,1,1,0,0,0,0,0,0,0,0,0,1 -1 0,169,74,46,38,19,13,19,6,4,2,1,3,2,1,0,0,1,1,0,0,0,0,0,0,0,0,0,1 -1
/home/michal/Downloads/pcddata/processed/paramtest/ds0,015_mp9000/annotated/rares/20140923/patrol_run_150/room_2/features/nonPlanes<pfhrgb_uniform_2015-05-29_09-49-43.pcd 0.150584 0.000796739 0.00199171 8 267,217,192,98,53,49,40,37 105,54,50,38,14,23,12,16 -1 454740 468 1220 -1 -1 400 1152 -1 -1 454272,193,115,53,40,20,19,7,7,6,1,1,0,2,2,2 -1 0,125,115,53,40,20,19,7,7,6,1,1,0,2,2,2 -1
/home/michal/Downloads/pcddata/processed/paramtest/ds0,015_mp9000/annotated/rares/20140924/patrol_run_152/room_2/features/nonPlanes<pfhrgb_uniform_2015-05-29_09-50-06.pcd 0.149379 0.0012818 0.00302651 12 252,184,63,57,56,52,45,41,37,31,29,19 52,68,17,17,23,17,12,14,17,12,13,12 -1 384087 457 1220 -1 -1 400 1163 -1 -1 383630,197,103,54,37,16,13,11,4,7,5,3,3,1,1,1,1 -1 0,140,103,54,37,16,13,11,4,7,5,3,3,1,1,1,1 -1
/home/michal/Downloads/pcddata/processed/paramtest/ds0,015_mp9000/annotated/rares/20140924/patrol_run_156/room_2/features/nonPlanes<pfhrgb_uniform_2015-05-29_09-50-30.pcd 0.147275 0.000791466 0.00194101 7 258,214,91,87,63,59,37 78,54,42,24,22,21,17 -1 395010 484 1220 -1 -1 400 1136 -1 -1 394526,215,118,55,33,21,13,10,4,2,1,3,2,2,2,0,3 -1 0,131,118,55,33,21,13,10,4,2,1,3,2,2,2,0,3 -1
/home/michal/Downloads/pcddata/processed/paramtest/ds0,015_mp9000/annotated/rares/20140924/patrol_run_158/room_1/features/nonPlanes<pfhrgb_uniform_2015-05-29_09-50-57.pcd 0.174812 0.000782282 0.00307097 9 210,168,139,120,102,81,55,33,33 72,51,41,36,28,29,14,15,15 -1 434214 460 1220 -1 -1 400 1160 -1 -1 433754,194,101,54,40,24,14,12,4,7,4,1,2,0,1,2 -1 0,134,101,54,40,24,14,12,4,7,4,1,2,0,1,2 -1
/home/michal/Downloads/pcddata/processed/paramtest/ds0,015_mp9000/annotated/rares/20140924/patrol_run_162/room_2/features/nonPlanes<pfhrgb_uniform_2015-05-29_09-51-23.pcd 0.183523 0.00101696 0.00195329 10 325,106,92,78,62,51,47,33,32,26 99,16,35,34,29,17,14,17,12,13 -1 435600 448 1220 -1 -1 400 1172 -1 -1 435152,212,79,49,38,26,13,9,3,4,3,1,2,0,4,1,0,0,0,0,1,2,1 -1 0,164,79,49,38,26,13,9,3,4,3,1,2,0,4,1,0,0,0,0,1,2,1 -1
/home/michal/Downloads/pcddata/processed/paramtest/ds0,015_mp9000/annotated/rares/20140924/patrol_run_164/room_1/features/nonPlanes<pfhrgb_uniform_2015-05-29_09-51-51.pcd 0.143145 0.00146376 0.00281221 8 274,129,108,79,77,41,33,30 80,28,32,23,25,16,13,17 -1 425568 423 1220 -1 -1 400 1197 -1 -1 425145,185,90,40,30,20,17,6,9,6,5,5,2,1,4,2,0,1 -1 0,162,90,40,30,20,17,6,9,6,5,5,2,1,4,2,0,1 -1
/home/michal/Downloads/pcddata/processed/paramtest/ds0,015_mp9000/annotated/rares/20140924/patrol_run_166/room_2/features/nonPlanes<pfhrgb_uniform_2015-05-29_09-52-14.pcd 0.147556 0.00078002 0.00178474 11 118,112,108,101,99,97,57,39,35,25,22 20,42,34,29,26,17,21,13,18,15,14 -1 411642 403 1220 -1 -1 400 1217 -1 -1 411239,165,74,56,25,26,12,11,9,6,3,0,8,5,2,1 -1 0,162,74,56,25,26,12,11,9,6,3,0,8,5,2,1 -1
