#/home/michal/Dropbox/study/university/kth/thesis/data/features/ds0,01/iter500/fixed_featuredata_shot_susan_2015-05-19_09-45-45.txt
382893 3197 13.1508 0.866238
403050 3357 13.7391 0.895179
360002 2946 12.3916 0.781533
417964 3414 14.2825 0.958787
465784 3845 16.752 1.06591
360875 2852 12.412 0.795855
368526 3327 13.8861 0.831943
349861 2830 11.7453 0.764166
424691 1564 11.1108 0.810129
339021 2792 12.08 0.742194
335978 3417 11.592 0.774747
433153 3402 15.83 0.954098
332962 3230 11.2778 0.760948
399528 3320 13.8781 0.897157
386666 3409 13.8982 0.867375
383856 3002 13.309 0.823225
357230 3142 12.4403 0.801926
449652 3675 15.9178 1.00404
444344 3282 15.6186 0.991338
414960 3061 14.6211 0.897194
352741 2738 11.6215 0.766323
394384 2920 13.3941 0.873108
307963 2666 10.2282 0.718283
351250 2898 12.139 0.785929
320682 2841 10.6505 0.704543
359026 3306 12.7234 0.788067
376223 2851 12.068 0.81256
438252 3498 15.6307 0.993981
465518 3725 16.5399 1.08459
406231 3050 14.4107 0.887172
408231 3267 14.4777 0.92532
372523 2996 13.0946 0.817023
393802 3120 13.8954 0.853771
413193 3521 14.4989 0.928361
439090 3470 16.5464 0.97979
463637 3739 17.2004 1.11722
426557 3324 15.2331 1.08861
407163 3217 14.4799 0.91824
374022 3013 13.2145 0.828447
378044 3224 13.9705 0.974628
415910 3515 14.9887 0.932219
399001 3248 14.483 0.990892
368803 2510 12.5777 0.797064
407700 3144 14.9382 0.947443
404929 3191 14.3614 0.709678
402553 3179 13.5752 0.854489
338813 2973 11.2551 0.457377
349335 3204 11.5248 0.631982
372085 3376 12.8347 0.818885
367917 2201 9.83431 0.732111
402297 3256 13.0606 0.844034
368286 2963 12.1267 0.648213
345603 2735 11.2636 0.569498
390601 3128 12.8609 0.85016
307277 2726 10.3277 0.496877
415685 3470 13.1156 0.745197
376478 3063 10.9427 0.619009
377404 3047 10.9948 0.792222
391320 2955 11.829 0.876772
394159 3146 13.6903 0.759244
398942 3227 12.1051 0.83846
329650 1138 7.40503 0.644185
431037 3778 14.6078 0.974637
327323 3102 9.94946 0.704743
412028 3292 13.6762 0.896117
475947 3317 15.8212 0.891658
447767 3359 13.9643 1.11321
486395 3735 16.2615 1.06176
414497 3086 14.3892 0.875039
367051 2965 12.3547 0.813672
442242 3450 15.8456 1.19482
387424 3071 16.062 1.09162
392263 3372 15.3485 0.885627
387718 3454 13.475 0.887822
365134 2780 12.3861 0.81962
335961 2710 11.2756 0.740662
398211 3049 13.4576 0.863723
334990 2898 11.5879 0.765998
393477 2989 13.3499 0.85722
337377 3028 11.7593 0.79041
387641 3194 12.8648 0.84058
308669 2929 10.0298 0.679142
360264 3075 12.1821 0.783096
382482 3307 12.6888 0.865752
344219 3015 11.4805 0.769892
374773 3337 12.4722 0.837956
#/home/michal/Dropbox/study/university/kth/thesis/data/features/ds0,01/iter50/fixed_featuredata_shot_susan_2015-05-20_09-40-37.txt
698683 4274 13.887 1.37262
724192 4568 14.0628 0.68575
630549 4213 20.4802 0.896915
649674 4249 16.436 1.25931
585903 3881 20.9686 1.03618
503828 3801 13.9765 0.444802
599071 3871 14.1678 0.539763
548863 1717 9.57584 0.992387
564007 3683 8.54425 1.08897
398179 3736 12.2439 0.331929
516411 3776 9.16212 0.414819
615224 4278 12.478 0.516501
410323 3551 5.03862 0.369562
593620 3998 7.8774 0.517308
454596 3382 15.534 0.904314
434680 3387 8.67859 0.366978
671489 4085 14.1783 0.531207
474366 3371 15.5609 0.836661
441074 3232 5.84856 0.783865
549980 3558 19.228 1.01504
592253 3739 22.7145 1.10713
349864 2812 11.388 0.644892
356296 3019 11.3633 0.612222
494784 3740 8.32505 0.429546
396940 2881 12.6284 0.774743
601786 4193 15.1442 0.482316
623808 4237 23.3335 1.16149
484986 3529 17.2557 0.89455
557892 3749 20.9094 1.03686
721122 4613 27.2442 1.3157
640144 4366 25.3281 1.19141
636015 4299 8.65587 0.54999
486991 3566 17.0987 0.881797
711745 4483 28.1173 1.29594
644991 4475 24.1349 1.19706
640591 4747 24.6871 1.54855
608359 4175 22.9359 0.920975
606619 3390 6.95405 0.501203
592340 3756 7.61931 0.465566
604826 3906 7.83755 0.68761
658365 4280 25.5727 1.49046
709232 4533 27.735 1.68093
607262 4364 24.2262 1.11874
540080 4269 14.4705 0.444475
609067 2556 18.4445 1.03778
452610 3539 5.16345 0.373648
448658 3437 14.7672 0.76076
619775 3860 11.2736 0.577799
667680 4359 24.3393 1.54995
547003 3869 19.6787 0.671999
630680 4175 8.63883 0.538292
411749 3074 4.68335 0.336565
475897 3547 9.97196 0.896354
549788 3450 12.8013 0.74137
567017 1379 15.0219 0.941697
543227 4271 19.3406 1.35527
493204 3783 17.6633 0.898156
492276 3598 16.3952 1.23466
545100 3743 19.3117 0.821899
600266 3733 10.9178 0.64112
648616 4233 16.5044 1.48725
753783 4449 29.1546 1.41408
770704 4641 31.3157 0.772486
577399 3988 11.6582 1.7948
443220 3356 9.16366 0.361856
542219 3927 19.2846 0.466155
510567 4057 16.8658 0.931426
561267 3622 20.7991 1.60262
416316 3278 13.8246 0.739435
412123 3205 13.4973 0.72522
500699 3663 9.98148 0.432759
779337 4818 31.6215 1.47271
365899 3140 12.2275 0.683498
451434 3564 14.945 0.782937
730435 4877 11.4055 0.803727
660899 4457 24.2182 0.568863
710252 4861 12.8666 0.657759
673969 4456 24.9907 1.32579
776858 5005 30.087 1.86595
#/home/michal/Dropbox/study/university/kth/thesis/data/features/ds0,01/nr0_04/fixed_featuredata_shot_susan_2015-05-20_19-27-10.txt
628409 4549 19.159 1.53992
536942 4247 17.5031 0.687877
555420 4198 14.7952 0.878428
554155 4417 19.5328 1.20576
526012 4851 14.2208 1.12821
545801 4178 15.1558 1.17719
504674 4381 20.2654 1.43354
523629 4032 18.7802 1.2696
523173 2313 13.4826 0.680481
616680 944 12.2508 0.812123
518494 4347 14.7396 1.09775
462484 4417 14.4953 1.00827
560430 4182 16.0068 0.972086
458473 4155 13.0253 0.765911
547806 4528 14.9717 1.16508
580150 4656 17.1262 1.28355
514036 3974 15.151 1.2395
502669 3880 14.7864 1.4036
535120 4258 17.5961 1.15514
535196 3847 15.7312 1.33045
572348 4154 17.7376 0.981084
506191 3871 12.5349 1.1253
511456 3798 14.0427 1.00943
442011 3986 13.5136 0.940961
466377 3690 12.8452 0.789497
484949 3916 15.1787 0.845518
472924 4045 15.7549 1.02355
512346 3913 15.8087 1.38681
574968 4508 17.6173 1.03145
570567 4457 17.9379 1.2462
530186 3972 14.5697 1.00772
568957 4234 18.2852 1.56797
560999 4160 16.9753 1.17999
572563 4242 20.4162 1.42909
510976 4196 17.2604 1.08802
659824 4513 23.0276 1.52826
555029 4627 15.4884 1.18724
541854 4105 16.8096 1.13402
535636 4317 15.2945 1.02013
510649 4086 14.3309 0.808986
550674 4283 16.4706 0.706176
325795 4443 7.08993 0.563566
462857 3827 13.5101 1.0012
562096 4226 20.0953 1.2067
499209 3079 13.6185 1.29578
502466 3850 15.7633 0.958933
567234 3932 18.0777 1.6684
466994 3860 16.8654 1.01664
430604 3615 16.4085 1.09543
465347 3992 17.8258 1.36284
437366 3998 17.0428 0.987912
518434 2666 15.7292 1.26514
509779 3775 19.7356 1.54297
476066 3547 20.5827 1.18183
442558 3302 16.1701 1.24321
415407 3455 14.8065 0.969137
415933 3579 15.9434 1.28926
576413 3978 20.3626 1.18902
481972 3643 14.2931 0.996728
528352 3950 17.7513 1.10077
499563 3722 15.7651 1.10538
488447 3569 16.1323 1.02531
501947 3803 16.2815 1.03983
457596 1353 11.2405 0.82123
468482 4303 14.5042 1.01137
485223 4183 15.7203 0.928346
485361 3639 14.3048 0.80393
507680 3876 15.8708 0.758713
480487 3779 14.7497 1.00003
571929 4022 18.0064 1.20606
522178 3639 16.272 1.0817
495607 3846 14.7057 1.03602
474582 3718 15.5274 1.01724
502605 3868 16.8893 1.05403
467594 3877 13.9534 1.00153
492110 4102 13.9799 1.06334
446818 3372 14.9224 0.953128
472148 3668 14.8245 1.00156
514395 3752 16.5933 1.20192
472286 3798 17.873 1.04014
500004 3957 15.0995 1.07667
452901 3928 14.2752 0.81641
561052 4088 18.8831 1.05741
413635 3886 12.7249 0.89475
476782 3793 13.3346 1.25295
453507 3739 16.3623 0.849287
446360 3783 16.9091 1.22364
459467 4061 15.6617 1.05006
#/home/michal/Dropbox/study/university/kth/thesis/data/features/ds0,01/iter100/fixed_featuredata_shot_susan_2015-05-21_15-09-26.txt
631220 3975 11.5877 0.791137
689862 4768 11.3474 0.727525
471208 3952 6.78094 0.491808
756021 5106 13.4364 0.781982
520946 3958 8.1307 0.556035
394377 3637 6.61854 0.436437
529281 3727 8.80203 0.536034
781078 2586 10.7604 0.752966
588086 4114 9.89165 0.608915
559676 4273 10.0079 0.593648
538153 3932 8.81184 0.56529
489696 3798 7.95953 0.501943
484734 4171 7.46693 0.541776
572295 4340 9.39273 0.60251
506993 3789 7.98963 0.506895
517393 3810 8.25743 0.581487
495059 3900 7.91516 0.611703
562785 3843 9.55562 0.66545
522551 3615 8.81158 0.61738
540330 3802 10.031 0.712723
644654 3857 12.291 0.795536
502831 3816 8.69238 0.594701
388085 3094 5.67898 0.403887
398135 3381 6.01017 0.434692
687786 4840 13.5486 0.724107
453986 3419 7.08651 0.524383
749388 4862 13.614 0.86408
525683 4004 8.67198 0.604724
596541 4048 10.5444 0.704202
584697 4021 10.1486 0.595591
425328 3404 6.82978 0.432576
695984 4704 12.1047 0.71152
535098 4113 8.70069 0.646011
532938 3727 9.27155 0.556042
567120 4352 9.62876 0.741402
618759 4054 11.5612 0.721377
756571 4647 14.2083 0.916859
531480 3785 9.43689 0.673464
604618 4062 10.8785 0.736122
342689 4925 4.17484 0.388046
461636 3602 7.39579 0.476492
453589 3787 7.30016 0.474156
428687 2865 6.08424 0.428403
503250 3629 8.32876 0.529283
553410 3717 9.42589 0.577047
426734 3365 6.768 0.465564
608528 4110 11.0397 0.632479
393581 3515 6.46484 0.401716
396450 3659 6.39064 0.424959
474955 2522 6.25871 0.458289
506301 3584 8.11619 0.503276
410479 2985 6.37927 0.422502
393952 2953 6.20522 0.385149
410924 3337 6.48662 0.434465
426365 3345 7.09453 0.428833
542280 3727 9.22261 0.573059
387760 3106 5.8146 0.383433
562437 3756 9.47741 0.575749
430441 3120 6.72493 0.422456
393951 3140 6.07901 0.40487
580243 3900 10.1479 0.595089
567017 1379 6.95091 0.503425
575823 4287 10.2611 0.627615
398650 3481 6.05442 0.44731
395736 3234 6.01056 0.432418
680739 4075 12.4819 0.749056
751493 4534 13.5136 0.856291
588531 4180 9.73292 0.616561
477520 3275 8.08945 0.476952
441831 3211 6.98567 0.464547
542825 3734 9.90024 0.632596
533653 3854 9.09375 0.554507
642888 4204 10.8927 0.70595
523470 4004 9.09505 0.551129
434472 3087 6.70343 0.435122
416316 3278 6.71326 0.438148
445228 3303 6.89035 0.460491
445087 3308 7.73498 0.465163
419359 3133 6.37587 0.429435
332057 3023 5.09085 0.35589
574002 3926 10.1159 0.618191
392606 3304 6.03084 0.415373
514713 3629 8.90197 0.540914
423724 3470 6.62496 0.44255
388893 3228 5.85074 0.458912
570755 4274 9.80812 0.624831
#/home/michal/Dropbox/study/university/kth/thesis/data/features/ds0,01/dt0,02_mp8000_pp0,001/fixed_featuredata_shot_susan_2015-05-22_05-05-11.txt
624843 4280 12.8746 1.0863
597049 4165 19.1234 1.03765
623732 4161 19.3885 1.03504
665888 4529 22.2221 1.14189
631087 4436 21.4814 1.02698
623891 4061 13.5563 0.527504
575704 4437 8.11178 1.02207
628377 4285 8.3178 0.560199
625499 1917 16.9604 1.01607
556466 3972 7.4296 0.505808
528274 4622 18.5668 0.933572
627892 4483 8.4682 0.620284
519527 4339 18.1837 0.934534
625863 4573 15.4222 1.04274
621813 4729 20.7834 1.03339
634491 4320 20.6719 0.975813
555852 4161 17.2057 0.929361
604856 4490 13.5613 0.54787
644458 4115 20.4816 1.03331
623286 4227 21.0016 1.06658
626994 4198 21.7335 1.07965
616925 4131 19.7346 1.00985
573563 4057 18.5625 0.840093
568451 4024 7.59056 0.510923
577007 4197 18.4897 0.994319
552968 4438 19.6116 0.941485
612063 4100 18.715 0.566668
620128 4676 9.74364 0.590703
637419 4348 21.0962 1.05603
613045 4204 8.21208 0.542795
585150 4233 7.95122 0.521991
573336 4052 19.7113 0.938084
601522 4215 15.385 1.12693
655501 4663 24.8032 1.21823
668833 4545 12.7091 0.555748
661480 4705 15.4962 1.24569
610495 3994 9.15448 1.02513
664310 4398 18.8805 0.53673
584658 4138 8.64382 0.452802
629863 4697 17.2928 1.17409
637062 4492 11.7772 0.490902
606072 4376 7.86872 0.950771
625867 3573 17.7843 0.484896
612590 4270 16.1706 0.461802
595720 4124 21.5613 0.461517
619192 4271 17.4074 1.02901
584905 4239 21.006 1.0589
558634 4291 20.0929 1.02426
547713 4374 19.9744 1.05736
649131 3079 19.604 1.14114
679504 4325 25.1026 1.28794
645683 3878 23.5143 1.20722
586301 3826 18.4058 0.473622
567939 4029 20.3639 1.04311
537450 3947 16.468 0.972574
643058 4430 22.9195 1.18453
710388 4104 16.6757 0.935347
641141 4043 15.7684 1.1878
629354 3893 18.5263 1.15249
658739 4174 16.1235 1.22067
678682 4347 22.4487 1.26136
634741 1519 12.141 0.441854
698869 4891 25.6207 1.31267
631658 4640 9.8121 0.502246
642762 4091 13.5016 0.502468
611702 4076 15.9055 1.12841
702650 4200 23.7939 1.30612
655453 4555 7.99884 0.500488
671697 4279 12.7135 1.2576
667400 4442 22.6185 0.672933
586928 4290 19.8555 1.06333
644420 4307 23.4826 1.16393
621952 4588 20.0074 0.501471
612750 4612 10.0524 1.14796
621328 3956 13.0942 0.474859
678053 4196 8.81865 0.504272
622769 4119 12.4094 1.15345
521530 3935 18.6288 0.961619
601585 3974 15.6021 0.942411
566444 4397 6.55446 0.522647
600123 4136 20.5362 1.10119
582108 4316 7.08504 0.475109
611062 4303 19.8817 1.12877
559678 4283 19.4318 1.02896
607643 4307 20.2503 1.10865
625329 4557 21.1331 1.19518
#/home/michal/Dropbox/study/university/kth/thesis/data/features/ds0,02/ds0_02mp_4500/fixed_featuredata_shotcolor_susan_2015-05-18_22-50-02.txt
102010 3025 1.80361 0.330436
109835 3267 1.92729 0.35252
123127 3146 2.09299 0.375086
116483 3178 1.97361 0.387006
108121 3210 1.9394 0.359941
111945 2924 1.92589 0.341459
105553 3191 1.93348 0.346867
109855 3032 1.84377 0.340859
112963 1333 1.47873 0.264188
110103 2980 1.93046 0.342363
88312 2959 1.5553 0.297884
116662 3302 2.05074 0.368042
87263 2852 1.45091 0.293665
104637 2927 1.85315 0.329368
121259 3629 2.1403 0.391038
111477 3076 1.91156 0.335531
103656 3081 1.78175 0.335973
111450 3187 1.9264 0.350983
114952 2957 1.96125 0.338202
111378 2889 1.9061 0.332815
116796 2970 2.00306 0.349966
110757 2783 1.88914 0.327173
97363 2743 1.61733 0.308273
103657 2988 1.76272 0.337126
99437 2856 1.66583 0.313434
100116 3107 1.80829 0.324184
108918 2820 1.79229 0.328144
121625 3239 2.15144 0.373579
120407 3378 2.07796 0.375295
138698 3429 2.47109 0.414045
125876 3185 2.24833 0.380589
113307 3000 2.05205 0.340295
119699 3189 2.10179 0.354701
107409 3103 1.94958 0.355097
134418 3632 2.53223 0.409285
128076 3701 2.34609 0.402063
116804 3091 2.02458 0.346786
113660 3202 1.96706 0.354008
112820 3105 1.91452 0.342912
111055 3275 1.93243 0.358611
111470 3213 1.91423 0.368953
100306 2875 1.84006 0.357503
113638 2567 1.80882 0.326974
123943 3082 2.20658 0.383121
112465 3077 1.93211 0.338961
107682 3123 1.85232 0.329694
98357 2930 1.71763 0.304867
100804 2953 1.76019 0.322566
98687 3158 1.73866 0.373053
105390 1900 1.52967 0.280107
100233 2658 1.649 0.302855
108940 3180 1.91689 0.334988
114703 3011 2.0229 0.349809
103692 2856 1.74784 0.318718
86723 2610 1.48961 0.28803
103871 2955 1.78767 0.336318
106758 2873 1.77673 0.323298
112226 3008 1.95462 0.337292
108412 2837 1.85657 0.326587
109985 2828 1.86453 0.329551
104222 2865 1.80746 0.322077
109381 1087 1.40884 0.237876
103816 3157 1.7881 0.341048
107534 3075 1.93621 0.404657
103972 2979 1.70321 0.348916
119683 3115 2.30124 0.479365
131499 3314 2.63906 0.460569
165842 4184 3.10017 0.526193
114414 2959 1.93593 0.354536
123957 3259 2.11789 0.366193
131647 3442 2.3566 0.402762
123074 3256 2.16107 0.383735
124325 3297 2.16848 0.374571
106203 3156 1.88837 0.348502
104634 2726 1.8263 0.310224
131024 3214 2.29942 0.385857
109154 2989 1.79022 0.341718
97805 2894 1.67367 0.302911
101365 2664 1.70495 0.306808
102928 2940 1.79031 0.3288
97259 2858 1.64135 0.30802
90244 2809 1.55975 0.288896
92543 2705 1.56211 0.301527
108519 2931 1.83534 0.321909
94057 2643 1.60752 0.300708
97442 2985 1.6495 0.32437
#/home/michal/Dropbox/study/university/kth/thesis/data/features/ds0,02/ds0_02/fixed_featuredata_shot_susan_2015-05-19_00-36-12.txt
179969 4165 2.97731 0.29059
179282 4021 3.38694 0.458594
173730 3864 3.05155 0.208584
165436 4237 3.39307 0.368124
180856 3873 3.14828 0.430025
155260 3720 2.56147 0.183636
156493 4311 2.60744 0.416278
181244 4259 2.85279 0.472894
154201 4001 2.41885 0.392095
180969 4030 3.12868 0.443979
181125 4248 3.12099 0.338715
163464 3799 2.80899 0.236083
176977 4212 3.12113 0.262932
180957 3928 3.16496 0.341368
166202 3544 2.60475 0.370565
154682 3577 2.68416 0.304755
156894 3736 2.38387 0.200098
154769 3787 2.56927 0.256491
180100 4229 2.96315 0.258668
172683 3865 2.93382 0.308094
172669 3820 2.94155 0.236556
169346 3856 2.62697 0.407074
174389 4086 3.02728 0.417945
181428 4349 2.98595 0.273257
175098 4169 3.11319 0.422345
182305 4358 3.06838 0.430239
180496 3990 3.24344 0.295626
168815 3853 2.92652 0.388497
169998 3813 2.71182 0.450228
183763 4275 3.23596 0.337404
179659 4155 2.9852 0.42801
177383 4157 3.09106 0.305321
182294 3137 2.57888 0.391912
180307 4004 3.0977 0.25189
168079 4030 2.67646 0.411152
168971 4201 3.13711 0.314074
161335 4322 2.84157 0.205757
182781 2445 2.46259 0.382032
177748 3752 3.06793 0.272149
162211 3776 3.07386 0.384251
154963 3749 2.56514 0.371525
181881 4031 3.25615 0.413522
176886 3736 3.20502 0.414447
172355 3576 2.8568 0.400233
177767 3838 3.23765 0.28744
186877 1241 2.32252 0.339862
180372 4118 3.12099 0.260837
179332 3806 3.15702 0.297203
180983 3873 3.06919 0.429356
191333 4132 3.31911 0.452639
179947 3808 3.18612 0.418052
176945 3852 3.04742 0.239425
178782 3949 2.97862 0.239901
175827 4157 2.97462 0.42294
184913 4476 3.17084 0.460222
179065 3796 2.90755 0.427156
179432 3898 3.13283 0.360141
183873 3935 2.90515 0.411734
175824 3895 2.70972 0.205212
149921 3866 2.19701 0.362298
157530 4125 2.54011 0.402856
153307 3775 2.24116 0.186393
153230 3972 2.47458 0.274643
156474 3810 2.37893 0.369414
159357 4096 2.17897 0.208754
#/home/michal/Dropbox/study/university/kth/thesis/data/features/ds0,015/ds0,015_mp9000/fixed_featuredata_shot_susan_2015-05-29_10-23-30.txt
195245 3341 3.19148 0.491202
206023 3434 3.59672 0.391076
201937 3213 3.34889 0.218246
193207 3170 3.67638 0.42251
214752 3614 3.32253 0.50221
197834 3262 4.02143 0.550376
174133 3181 3.81366 0.406887
173410 2799 3.22351 0.173388
183635 1407 2.70531 0.344865
180250 3011 3.8073 0.402142
167608 3417 3.50978 0.388984
234922 3714 5.01973 0.536116
172918 3282 2.93724 0.196637
207363 3386 4.55944 0.467432
195928 3524 3.81869 0.453806
209008 3276 4.25415 0.45965
179371 3086 2.92403 0.265119
181927 3183 3.75768 0.460379
212391 3086 4.04987 0.469797
194858 2978 3.73305 0.423659
172448 2775 2.40063 0.411491
189971 2936 4.55102 0.445924
161774 2798 2.67931 0.364454
165901 2877 3.1661 0.200266
180093 3069 2.90673 0.378515
187166 3310 4.11007 0.429282
187706 2683 3.74443 0.401169
190610 3241 4.13833 0.431977
217467 3433 4.71951 0.424399
215065 3224 4.53627 0.500219
198864 3208 3.78878 0.561556
201001 3186 3.22166 0.313739
190706 3061 3.2716 0.28691
214284 3332 4.64837 0.46827
215450 3380 4.73207 0.343229
210531 3667 3.90417 0.23262
207769 3157 3.66742 0.376928
188106 3089 3.75218 0.435013
201065 3221 4.27482 0.446203
187846 3113 4.00709 0.418342
192107 3368 3.99645 0.431034
227570 3672 5.16209 0.506099
188130 2509 3.44982 0.417293
195123 3143 4.12985 0.441846
205674 3267 3.79269 0.45131
200690 3326 3.57112 0.444367
178568 3035 3.88205 0.39386
170606 3141 2.68677 0.393488
158412 3051 2.85629 0.277045
173525 1997 2.94584 0.16987
197488 3131 3.96592 0.437644
185159 3035 6.25554 0.536806
167329 2757 3.79922 0.425109
180836 2972 3.89871 0.527065
151168 2697 2.50523 0.394988
191017 3100 2.99623 0.427065
186596 3012 3.80825 0.480824
198846 3197 4.08267 0.449698
189831 2882 4.25388 0.422528
194429 3002 3.41381 0.438873
211701 3269 4.39523 0.467315
203729 1149 3.03032 0.376934
178878 3277 3.89529 0.408066
188232 3339 3.78505 0.432977
194548 3125 3.94529 0.339899
212816 3325 4.61579 0.676923
222932 3325 4.8081 0.5913
215536 3526 5.11884 0.488371
208007 3133 4.63466 0.513645
177050 2947 4.33555 0.341487
193878 3124 4.25046 0.321513
196478 3180 4.23322 0.494349
210447 3435 4.89288 0.33388
205077 3556 4.11961 0.466994
207248 3173 5.03083 0.541031
191957 3155 3.72797 0.281689
176805 2901 3.21268 0.457601
144732 2759 3.03261 0.387684
184382 2825 3.7952 0.57408
156327 2849 4.46172 0.482388
158568 2929 3.64727 0.544666
187909 3268 4.59497 0.487791
173422 3010 4.2308 0.556692
184077 3244 4.67853 0.40341
166099 2879 3.41089 0.338578
172338 3165 4.25216 0.582395
#/home/michal/Dropbox/study/university/kth/thesis/data/features/ds0,015/ds0_015/fixed_featuredata_shot_susan_2015-05-21_18-48-50.txt
228745 3507 4.48921 0.248217
232248 3524 1.70852 0.182383
209814 3092 1.44994 0.160131
218177 3577 1.61342 0.169144
254562 3770 1.96647 0.201162
208815 3653 1.57575 0.189498
276046 3881 2.16323 0.223164
247696 1708 3.59298 0.495968
206078 3264 3.49967 0.386787
173613 3454 1.27024 0.150559
242021 3681 4.7744 0.449156
273917 4151 2.80633 0.241478
221026 3442 1.61673 0.187033
325980 4428 6.97531 0.59846
286321 4031 5.91436 0.424903
256995 3704 5.38253 0.277967
272279 4153 6.09563 0.493804
265982 3427 5.70615 0.475528
208894 3115 3.50619 0.416789
242932 3451 4.81201 0.243621
223740 3181 3.61716 0.414996
201009 3240 3.57049 0.236829
179322 3056 2.90691 0.343952
194654 3208 4.08333 0.405215
207481 3616 4.12016 0.374198
236736 3354 4.0399 0.425183
216224 3505 4.71797 0.355834
316455 4238 7.10787 0.595159
310514 3937 4.84907 0.344357
255360 3793 2.61308 0.304782
248766 3607 3.68796 0.327507
313832 4080 2.80326 0.252963
247024 3764 3.47897 0.206854
315718 4288 5.06361 0.312547
289423 4201 6.87142 0.52531
289112 3832 2.68886 0.243191
268484 3784 4.74609 0.493088
269225 3717 3.4831 0.24885
300024 4276 2.47129 0.243242
242735 3968 1.83463 0.457144
217353 3673 4.51358 0.46857
270039 2963 5.31139 0.526763
274894 3837 2.85393 0.222303
304123 3928 3.31203 0.246478
248504 3926 2.1843 0.522413
302871 4370 5.80991 0.555857
286933 4326 5.79555 0.2665
276847 2513 1.92249 0.250879
360015 4728 5.64545 0.355647
204094 3216 1.94608 0.187815
256669 3519 6.04078 0.495649
214195 3327 4.71181 0.382093
203775 3279 4.48224 0.375439
299966 4119 6.81129 0.548635
247258 3661 5.31314 0.468594
260375 3585 5.27706 0.519822
249627 3453 3.68701 0.423969
282871 3590 3.50454 0.353584
307320 4084 4.76504 0.41672
219987 1171 2.43386 0.350894
222835 3813 2.22161 0.202776
237610 3658 4.65468 0.433152
280171 3957 5.60657 0.393506
299285 4103 6.11549 0.560003
235284 3354 3.73909 0.46188
240647 3660 2.47487 0.221579
273465 3701 5.43898 0.45091
219110 3397 1.80024 0.410369
211482 3317 4.23037 0.395387
214959 3229 4.67092 0.202502
211942 3510 4.28056 0.427443
251332 3855 5.22955 0.452892
205951 3123 2.96629 0.175668
203227 3117 3.64754 0.291251
265381 3754 4.61478 0.449142
177840 3105 2.80406 0.357073
197349 2918 3.858 0.289053
191488 3178 3.95519 0.350988
183425 3115 1.90247 0.250335
220487 3508 3.9743 0.45246
194771 3161 2.8688 0.183737
189585 3141 3.75817 0.389876
190949 3203 3.17701 0.358092
194056 3453 3.49576 0.396711
