#/home/michal/Dropbox/study/university/kth/thesis/data/features/ds0,01/iter500/fixed_featuredata_shot_uniform_2015-05-19_00-51-38.txt
382893 17892 0.0783932 1.66452
403050 18773 0.0457903 1.38629
360002 16744 0.0374849 1.2262
417964 18878 0.0438163 1.46649
465784 19905 0.0471438 1.41931
360875 16812 0.0800822 1.40285
368526 16865 0.0424088 1.34014
349861 16973 0.037376 1.26134
424691 18424 0.0424587 1.52121
339021 15942 0.0343487 1.16668
335978 16122 0.039435 1.19612
433153 18729 0.0527481 1.52076
332962 15744 0.0342517 1.14559
399528 17929 0.0401519 1.4311
386666 17801 0.0378411 1.48063
383856 17434 0.0401763 1.22954
357230 17157 0.0667776 1.64494
449652 19438 0.0490842 1.48614
444344 18802 0.0501614 1.6441
414960 17834 0.0429621 1.51899
352741 16874 0.0403827 1.16308
394384 17520 0.0431811 1.50846
307963 15008 0.0327866 1.13753
351250 16202 0.0736435 1.43734
320682 16077 0.033513 1.16296
359026 16532 0.0368379 1.28666
376223 17652 0.0402822 1.51495
438252 19055 0.0464587 1.58619
465518 20196 0.0527019 1.72983
406231 18067 0.048102 1.5096
408231 18502 0.0466043 1.33718
372523 17320 0.0397344 1.3681
393802 18273 0.0395486 1.36853
413193 18659 0.0421643 1.46952
439090 19201 0.0438991 1.65314
463637 19690 0.0988055 1.77268
426557 18934 0.0432418 1.52015
407163 18561 0.0429089 1.29773
374022 17192 0.0457222 1.55353
378044 17772 0.0388229 1.46181
415910 18891 0.0439895 1.40799
399001 17860 0.0404823 1.47765
368803 17554 0.0352325 1.24421
407700 18549 0.0412765 1.52788
404929 18443 0.0404682 1.49875
402553 18941 0.0393579 1.34997
338813 16229 0.0329703 1.21087
349335 16699 0.0348558 1.20618
372085 16827 0.0814428 1.38986
367917 17414 0.0378971 1.34678
402297 19246 0.0409184 1.43435
368286 17421 0.0399933 1.39049
345603 16918 0.0327235 1.20693
390601 17426 0.0392167 1.41032
307277 15036 0.0292635 1.20302
415685 18361 0.0880516 1.69966
376478 18216 0.0383766 1.35768
377404 17993 0.0375351 1.23522
391320 17831 0.0813076 1.47933
394159 17493 0.0442134 1.46123
398942 18202 0.038879 1.40041
329650 16377 0.0315866 1.20996
431037 18983 0.043919 1.71738
327323 16141 0.034482 1.14239
412028 18123 0.0728091 1.52353
475947 19998 0.0596371 1.86946
447767 19323 0.091652 1.59982
486395 21602 0.053971 1.79166
414497 18202 0.0419947 1.65742
367051 17299 0.0730109 1.33239
442242 19023 0.0453208 1.67086
387424 17417 0.0388702 1.40509
392263 17793 0.0395203 1.42038
387718 17840 0.0425634 1.54742
365134 16666 0.0365873 1.19954
335961 15895 0.0741402 1.34209
398211 18303 0.0427893 1.51489
334990 15493 0.0344516 1.16197
393477 17166 0.041513 1.42504
337377 15762 0.0342612 1.199
387641 17023 0.0416257 1.5337
308669 15439 0.0301881 1.02152
360264 16559 0.0358209 1.41607
382482 17105 0.0393889 1.3862
344219 16211 0.0731984 1.42737
374773 17093 0.0387628 1.42922
#/home/michal/Dropbox/study/university/kth/thesis/data/features/ds0,01/iter50/fixed_featuredata_shot_uniform_2015-05-19_20-38-20.txt
698683 23879 0.0883626 2.67013
724192 24775 0.150589 3.15012
630549 22663 0.135458 2.71652
649674 23153 0.0671516 2.88291
585903 21710 0.127652 3.10951
503828 19430 0.114183 3.26628
599071 22032 0.143602 3.60943
548863 20678 0.114145 2.89674
564007 20345 0.167957 2.93397
398179 17784 0.0853841 2.01396
516411 20321 0.118524 2.28815
615224 22686 0.131027 2.74638
410323 18041 0.0567602 1.24064
593620 22011 0.0999622 2.52093
454596 19253 0.0958642 1.90538
434680 18324 0.0909973 1.80268
671489 23416 0.100896 3.1877
474366 19471 0.0971124 1.94534
441074 18503 0.092418 1.86561
549980 20886 0.12447 2.27059
592253 20729 0.130441 2.34078
349864 16284 0.0739145 1.43331
356296 16857 0.0815368 1.69084
494784 18756 0.100988 2.321
396940 18238 0.0821028 1.88303
601786 22218 0.0732637 2.79103
623808 23256 0.0686033 2.86461
484986 19684 0.100718 2.29306
557892 21088 0.115737 2.6356
721122 24970 0.15027 3.01022
640144 23159 0.068793 2.5212
636015 23390 0.132101 2.08234
486991 20617 0.104341 2.22225
711745 24535 0.085929 2.85084
644991 24057 0.140464 2.64289
640591 23491 0.074454 2.48515
608359 22571 0.129683 2.49368
606619 22419 0.165769 2.83103
592340 22396 0.124155 2.92943
604826 22700 0.125288 2.6452
658365 24055 0.137751 2.48572
709232 24251 0.148326 2.86355
607262 21781 0.0589533 2.37882
540080 20628 0.109066 2.04496
609067 22578 0.128947 2.29389
452610 20590 0.103617 2.22181
448658 19298 0.0943241 2.07834
619775 22753 0.0948417 3.3317
667680 23431 0.149476 3.19764
547003 20165 0.164153 3.00838
630680 23005 0.133779 2.878
411749 19097 0.0862148 1.9029
475897 20608 0.101623 2.08419
549788 21125 0.123755 2.37749
567017 22061 0.121093 2.19775
543227 21668 0.114101 2.69038
493204 19819 0.102061 2.93169
492276 20331 0.101309 2.78491
545100 21289 0.0645107 2.27568
600266 22131 0.0704875 2.22438
648616 24767 0.142139 3.03496
753783 25076 0.217038 3.51123
770704 25378 0.213994 3.87222
577399 21393 0.0680348 2.75961
443220 18397 0.0910242 1.84618
542219 21432 0.0587694 2.07607
510567 20773 0.0584846 2.08997
561267 20456 0.117835 2.26317
416316 18018 0.0882007 1.7457
412123 18644 0.0886849 1.97038
500699 19140 0.0667728 2.34336
779337 25038 0.164739 3.52887
365899 16860 0.0772768 1.3588
451434 18858 0.088311 1.71117
730435 24104 0.154984 3.29147
660899 23190 0.145802 2.94469
710252 23999 0.149697 3.16764
673969 23653 0.143674 3.08498
776858 25427 0.177345 3.4437
#/home/michal/Dropbox/study/university/kth/thesis/data/features/ds0,01/nr0_04/fixed_featuredata_shot_uniform_2015-05-20_11-30-25.txt
628409 30310 0.139365 2.20644
536942 28369 0.121538 1.54107
555420 32551 0.0480949 1.7511
554155 31118 0.126347 1.3797
526012 31954 0.0449584 1.39686
545801 31436 0.126853 1.40975
504674 28974 0.0962409 1.48823
523629 30854 0.0611218 1.45219
523173 31894 0.0487375 1.80969
616680 33449 0.108689 2.06134
518494 28578 0.111316 1.83191
462484 26593 0.107837 1.54192
560430 29087 0.0575695 1.60319
458473 26232 0.0868256 1.54293
547806 29505 0.054769 1.63667
580150 31097 0.0538915 1.79538
514036 29356 0.077974 1.764
502669 29970 0.103767 1.57227
535120 27869 0.111176 1.78649
535196 29805 0.123074 1.65862
572348 27225 0.121287 1.95692
506191 29815 0.105459 1.53936
511456 26539 0.122716 1.29364
442011 26022 0.0950379 1.47913
466377 24664 0.0901244 1.40327
484949 24398 0.100531 1.4797
472924 23385 0.0983653 1.49197
512346 27050 0.109245 1.63074
574968 30711 0.130051 1.28921
570567 27996 0.130922 1.72622
530186 26331 0.0474867 1.89106
568957 28317 0.128584 1.65689
560999 26321 0.122733 1.90665
572563 26332 0.125482 1.71455
510976 25950 0.112218 1.58307
659824 28259 0.143459 2.06242
555029 28419 0.109544 1.73816
541854 30215 0.117926 1.89077
535636 30476 0.127878 1.82754
510649 29145 0.1185 1.24283
550674 29221 0.125967 1.76255
325795 30039 0.0302852 0.849033
462857 21641 0.10028 1.48137
562096 23216 0.119901 1.74107
499209 22449 0.0958507 1.63053
502466 22841 0.108398 1.54886
567234 23583 0.123095 1.81593
466994 22854 0.0406929 1.47361
430604 20441 0.101162 1.32532
465347 21162 0.0938416 1.37282
437366 20194 0.0382074 1.40129
518434 23023 0.0466933 1.22233
509779 23808 0.113759 1.63859
476066 22255 0.108372 1.02743
442558 21542 0.0374174 0.928435
415407 20076 0.0962866 1.27437
415933 19788 0.0964148 0.851624
576413 23293 0.127307 1.69496
481972 22891 0.0982663 1.55974
528352 23172 0.118007 1.64076
499563 22641 0.114639 1.53128
488447 21968 0.0898522 1.41372
501947 22746 0.0441881 1.46164
457596 21741 0.0388099 1.64727
468482 22139 0.0970774 1.10848
485223 22110 0.108806 1.56185
485361 21957 0.101354 1.57839
507680 22880 0.0447255 1.36156
480487 22259 0.104785 1.63084
571929 25295 0.124541 1.79691
522178 22323 0.10954 1.8165
495607 22680 0.101568 1.47544
474582 21684 0.0923603 1.50731
502605 22031 0.102707 1.46814
467594 21806 0.102427 1.55693
492110 22288 0.105494 1.56907
446818 20671 0.0978988 1.37297
472148 21805 0.100272 1.50215
514395 23197 0.104951 1.63568
472286 20465 0.0952868 1.40649
500004 22148 0.093109 1.25506
452901 21174 0.10292 0.881302
561052 22305 0.0477583 1.89154
413635 20893 0.096533 1.28172
476782 21491 0.0417503 1.18442
453507 21007 0.107825 1.07446
446360 21524 0.101462 1.56264
459467 22017 0.090432 1.20519
#/home/michal/Dropbox/study/university/kth/thesis/data/features/ds0,01/iter100/fixed_featuredata_shot_uniform_2015-05-20_21-31-52.txt
631220 27617 0.130556 3.33759
689862 33495 0.148241 3.49906
471208 27438 0.0994768 2.58396
756021 33479 0.16239 3.62285
520946 28655 0.113833 2.61147
394377 24264 0.0841249 2.00598
529281 28873 0.115494 2.19215
781078 34429 0.1815 3.92475
588086 28361 0.124094 2.88831
559676 26191 0.118656 2.32808
538153 26102 0.0811796 2.28187
489696 24378 0.05296 2.01392
484734 25858 0.125299 2.31404
572295 28892 0.123805 2.41839
506993 27618 0.0617597 2.18498
517393 28439 0.110184 2.60617
495059 24780 0.103644 2.43192
562785 28493 0.12221 2.74546
522551 24967 0.11109 2.94872
540330 27807 0.114774 2.9998
644654 26682 0.135936 3.05705
502831 25519 0.106302 3.6184
388085 20374 0.112273 3.16522
398135 20949 0.121441 2.82768
687786 26156 0.174646 3.75701
453986 24065 0.103794 2.49172
749388 32388 0.161187 4.08696
525683 25588 0.114668 2.8765
596541 25360 0.129118 3.31091
584697 26634 0.137345 3.85634
425328 21925 0.124744 2.40063
695984 27350 0.155145 3.73737
535098 25133 0.116138 2.96158
532938 24439 0.121461 2.8791
567120 26372 0.121923 2.96696
618759 29068 0.131551 3.4567
756571 32247 0.16619 4.27214
531480 27388 0.134835 3.58729
604618 28226 0.133102 3.46415
342689 29561 0.0794759 2.26244
461636 19742 0.0993797 2.48934
453589 19710 0.114978 2.91683
428687 19420 0.11589 2.86581
503250 20729 0.123614 3.4776
553410 21801 0.206856 3.33794
426734 19888 0.0910772 2.22221
608528 22158 0.138583 3.22093
393581 17918 0.0844428 2.10408
396450 17790 0.0851014 2.2051
474955 19875 0.100687 2.40347
506301 21465 0.114165 2.99739
410479 18589 0.109096 2.22117
393952 18043 0.0847168 2.13133
410924 18249 0.0969241 2.94733
426365 17811 0.111976 3.11311
542280 21370 0.159041 3.86986
387760 18592 0.104741 2.8019
562437 21870 0.154451 4.24772
430441 18990 0.108556 3.15448
393951 17912 0.0951591 2.58505
580243 21990 0.132665 3.6332
567017 22061 0.142904 3.59644
575823 22356 0.146298 3.79985
398650 18355 0.0948185 2.62306
395736 18144 0.0994069 2.66184
680739 23949 0.158635 4.30232
751493 25212 0.172118 4.48258
588531 24234 0.143341 4.28886
477520 19450 0.111702 3.5302
441831 18875 0.116791 4.03387
542825 20417 0.13297 4.45036
533653 21077 0.170303 4.58566
642888 23540 0.180129 5.28562
523470 20452 0.163361 3.3747
434472 18464 0.0952789 3.09067
416316 18018 0.111516 2.93654
445228 19790 0.111486 3.0316
445087 18070 0.114133 3.03184
419359 18294 0.104845 2.77709
332057 15655 0.0792824 2.17663
574002 21334 0.136987 4.13185
392606 17656 0.0933517 2.45729
514713 19990 0.131748 3.18503
423724 18425 0.10357 2.28253
388893 17577 0.0641327 2.30573
570755 21651 0.150198 2.76613
#/home/michal/Dropbox/study/university/kth/thesis/data/features/ds0,01/dt0,02_mp8000_pp0,001/fixed_featuredata_shot_uniform_2015-05-21_19-12-48.txt
624843 24635 0.11516 1.53191
597049 24417 0.126101 1.75279
623732 24699 0.133425 1.89523
665888 25061 0.118329 1.91082
631087 24299 0.125927 2.01856
623891 24348 0.125876 1.97197
575704 22790 0.117287 1.72184
628377 24514 0.136687 1.83117
625499 24316 0.128254 1.72394
556466 22345 0.121709 1.84006
528274 22013 0.106524 1.59049
627892 25255 0.116139 2.22238
519527 21548 0.104077 1.5537
625863 24760 0.131576 1.88557
621813 24745 0.128532 1.95332
634491 24379 0.136293 1.85635
555852 23618 0.107553 1.78453
604856 24439 0.0944079 1.87432
644458 24690 0.145402 1.81865
623286 24768 0.130787 1.86972
626994 24162 0.121207 1.87388
616925 23794 0.128481 1.78817
573563 22368 0.107981 1.62962
568451 22761 0.120989 1.67479
577007 22580 0.120312 1.77415
552968 22451 0.117073 1.69166
612063 24250 0.11915 1.8527
620128 24946 0.122839 1.66218
637419 25138 0.0600248 1.97978
613045 24304 0.120418 1.8074
585150 23921 0.11569 1.76421
573336 23212 0.104706 1.62347
601522 24569 0.0636333 2.11409
655501 25016 0.149204 1.45639
668833 25117 0.134134 2.0491
661480 25614 0.150078 2.10344
610495 24487 0.0552399 2.07628
664310 24963 0.0595921 1.94717
584658 23542 0.122581 1.93592
629863 25257 0.134257 2.03174
637062 25026 0.057106 2.14665
606072 24615 0.108973 1.76016
625867 24937 0.0747621 1.86377
612590 24950 0.110936 1.89214
595720 24085 0.117046 1.78765
619192 25426 0.112519 1.90414
584905 23546 0.128038 1.99042
558634 22811 0.0481615 1.80375
547713 22647 0.116794 1.44678
649131 25185 0.137519 2.06432
679504 26461 0.0827357 1.97543
645683 24884 0.129708 1.91105
586301 24335 0.114854 1.79828
567939 22968 0.050777 1.70351
537450 22190 0.10058 1.59423
643058 24625 0.133003 1.91308
710388 25718 0.114858 2.31527
641141 24666 0.11378 1.77599
629354 24732 0.108942 1.86972
658739 25046 0.128609 1.92144
678682 25060 0.0624224 2.20396
634741 25128 0.145948 2.04682
698869 26205 0.146376 2.19791
631658 24632 0.128584 1.588
642762 24570 0.137277 1.82979
611702 24862 0.119828 1.81515
702650 25197 0.129941 1.96369
655453 27065 0.140157 2.18364
671697 25071 0.144441 1.8617
667400 25711 0.139347 1.94363
586928 24350 0.125206 1.74242
644420 24531 0.134902 1.86936
621952 25233 0.131369 1.79485
612750 24499 0.128887 1.72059
621328 24019 0.0499744 1.73371
678053 24647 0.144522 1.22641
622769 25460 0.134687 1.88254
521530 22047 0.111292 1.60152
601585 24008 0.0502211 1.06458
566444 23823 0.0462346 1.62786
600123 23346 0.12713 1.9288
582108 24036 0.124506 1.69707
611062 24232 0.129859 1.80186
559678 23404 0.0456636 1.63789
607643 24710 0.0506879 1.52591
625329 25048 0.136929 1.12527
#/home/michal/Dropbox/study/university/kth/thesis/data/features/ds0,02/ds0_02mp_4500/fixed_featuredata_shot_uniform_2015-05-18_21-53-23.txt
102010 15887 0.013702 0.586668
109835 16684 0.0143026 0.574927
123127 18191 0.0170316 0.659338
116483 17450 0.0149338 0.654932
108121 16305 0.0273406 0.661418
111945 17091 0.0268844 0.630867
105553 15905 0.0132783 0.594308
109855 16718 0.0292407 0.605771
112963 16875 0.016118 0.620937
110103 16229 0.0143312 0.580398
88312 13817 0.0234959 0.53281
116662 17364 0.0319794 0.678172
87263 13989 0.0133173 0.438086
104637 15780 0.0263818 0.596545
121259 17873 0.0173694 0.58393
111477 16602 0.0251199 0.638096
103656 16007 0.0162301 0.46182
111450 16823 0.016416 0.625926
114952 16961 0.0174116 0.527903
111378 16333 0.0243964 0.702271
116796 17222 0.0307112 0.729839
110757 16509 0.0273661 0.692571
97363 14588 0.0260601 0.60794
103657 15509 0.0277607 0.610469
99437 15611 0.0167987 0.473442
100116 15099 0.027158 0.628039
108918 16462 0.028722 0.694427
121625 17578 0.0299614 0.724129
120407 18213 0.0320802 1.00795
138698 19093 0.0196019 0.620119
125876 17873 0.0146915 0.495948
113307 16747 0.0274321 0.642321
119699 17624 0.0292048 0.793967
107409 16227 0.0271908 0.608212
134418 19202 0.0186742 0.746358
128076 18887 0.0313924 0.715064
116804 17592 0.0162326 0.663207
113660 17341 0.0296196 0.733122
112820 17079 0.0280619 0.70832
111055 16966 0.0274587 0.718692
111470 16793 0.0289138 0.688984
100306 15599 0.0281384 0.589566
113638 17265 0.0172534 0.583268
123943 17842 0.0219239 0.645102
112465 16965 0.0286434 0.746214
107682 17042 0.0286512 0.88641
98357 15258 0.0238095 0.626891
100804 15419 0.0258394 0.632145
98687 15231 0.0251464 0.575662
105390 16046 0.0270966 0.59773
100233 16081 0.0247748 0.598371
108940 16897 0.0280528 1.0023
114703 17365 0.0151036 0.366858
103692 15855 0.011662 0.511434
86723 13784 0.0126663 0.544527
103871 15818 0.011285 0.487598
106758 16975 0.0159413 0.622359
112226 16870 0.0142255 0.538788
108412 16739 0.0279431 0.597269
109985 16259 0.0274143 0.608086
104222 16035 0.0284781 0.634957
109381 16719 0.0294938 0.637388
103816 15870 0.0151007 0.553595
107534 16251 0.0263336 0.64025
103972 15932 0.0139748 0.517864
119683 17741 0.0273688 0.659226
131499 18795 0.0316126 0.705414
165842 22818 0.0238148 0.900409
114414 17183 0.0141167 0.477628
123957 18109 0.03222 0.683426
131647 18106 0.0331647 0.711482
123074 17488 0.0159611 0.556709
124325 18025 0.0178348 0.637923
106203 15641 0.0133543 0.450685
104634 15676 0.0159933 0.89853
131024 18336 0.0186183 0.446603
109154 17037 0.034694 0.67289
97805 14784 0.0120006 0.527234
101365 15624 0.026161 0.617305
102928 15725 0.0165765 0.499893
97259 14660 0.0263302 0.861044
90244 14042 0.0120492 0.370679
92543 14835 0.0124186 0.470769
108519 16007 0.0261467 0.668343
94057 14650 0.0232426 0.605558
97442 15296 0.0243706 0.595684
#/home/michal/Dropbox/study/university/kth/thesis/data/features/ds0,02/ds0_02/fixed_featuredata_shot_uniform_2015-05-18_23-48-59.txt
179969 22456 0.0244408 0.964786
179282 22251 0.0436692 1.13047
173730 21890 0.0416907 0.99434
165436 20929 0.0445082 0.947161
180856 21927 0.0438006 1.02696
155260 19593 0.0375492 0.969932
156493 19573 0.0388787 1.00327
181244 22237 0.0458603 1.02135
154201 19535 0.0379306 1.01427
180969 22072 0.0447215 1.15329
181125 22144 0.0449906 1.24242
163464 20827 0.0399655 1.21611
176977 21988 0.062113 1.27371
180957 22221 0.0491676 1.32976
166202 20955 0.0427171 1.23435
154682 19426 0.0421631 1.15118
156894 19674 0.0416742 1.20061
154769 19990 0.0428669 1.11162
180100 22186 0.0443702 0.977362
172683 21475 0.0458417 1.04803
172669 21504 0.0577133 1.02403
169346 21392 0.0227103 1.57824
174389 21994 0.0485698 1.21395
181428 22503 0.0265297 1.15978
175098 22051 0.0439865 1.54794
182305 22959 0.0589079 1.74364
180496 22462 0.0709274 1.68732
168815 21411 0.062739 1.84693
169998 21466 0.0571376 1.73233
183763 22762 0.060427 1.1985
179659 22437 0.0238482 1.64656
177383 21883 0.057321 1.53833
182294 22776 0.0598484 1.6574
180307 22507 0.0499595 1.65329
168079 20961 0.0566991 1.47511
168971 21009 0.0572615 1.61108
161335 20209 0.0249206 0.608732
182781 22111 0.0258562 1.41001
177748 22124 0.0662759 1.83496
162211 20507 0.0451674 1.64271
154963 19620 0.0533293 1.29206
181881 22230 0.0492582 1.11645
176886 21893 0.0489939 1.25829
172355 21504 0.0417146 0.891772
177767 22055 0.0224524 1.12169
186877 22601 0.0496665 1.04823
180372 21966 0.0344507 1.20459
179332 22220 0.0469616 1.01154
180983 22542 0.0446933 1.01326
191333 24383 0.0375846 1.17022
179947 22109 0.0197491 0.933252
176945 21615 0.0217473 1.02248
178782 21738 0.024105 1.04137
175827 22273 0.0239255 0.921833
184913 22307 0.0507367 1.0238
179065 22021 0.0256296 1.02705
179432 21810 0.0343218 0.998681
183873 23072 0.0350971 1.04702
175824 21461 0.0216488 0.87597
149921 19672 0.0216036 0.84849
157530 20558 0.0227693 0.972593
153307 20362 0.0205642 0.836717
153230 20156 0.0212373 0.812237
156474 20793 0.0421693 1.17441
159357 21010 0.0388834 0.998307
#/home/michal/Dropbox/study/university/kth/thesis/data/features/ds0,015/ds0,015_mp9000/fixed_featuredata_shot_uniform_2015-05-29_08-42-29.txt
195245 17816 0.0444062 0.878218
206023 18746 0.0267405 0.766529
201937 18362 0.0265023 0.927289
193207 17676 0.0240772 0.884812
214752 19002 0.0241374 0.881077
197834 17374 0.0460426 0.914674
174133 16137 0.0200955 0.764376
173410 16319 0.0224314 0.782491
183635 16706 0.0418336 1.00642
180250 16401 0.0491628 0.955995
167608 15419 0.0384815 0.889191
234922 19783 0.0603042 1.22631
172918 15662 0.0396927 0.987455
207363 17866 0.046895 1.03654
195928 17060 0.0438712 1.07045
209008 18249 0.0480528 0.952481
179371 16798 0.0213413 0.802269
181927 16957 0.0205731 0.854615
212391 18119 0.0483705 1.10642
194858 17303 0.044012 1.02836
172448 16260 0.0402734 0.950907
189971 16843 0.0440465 0.878034
161774 14714 0.0226964 0.814369
165901 15458 0.0375196 0.906971
180093 16771 0.0405806 0.97316
187166 16446 0.0426458 0.998697
187706 16859 0.0447185 1.27546
190610 17141 0.0429275 0.979957
217467 19293 0.0255138 0.998742
215065 18381 0.05116 0.957739
198864 17666 0.0449634 0.935299
201001 17657 0.0223234 0.914477
190706 17250 0.059176 1.3782
214284 18338 0.0579229 1.38391
215450 18567 0.0514167 1.43174
210531 18776 0.047532 1.14322
207769 18070 0.0468373 1.1054
188106 17529 0.0427897 1.04436
201065 17575 0.0460713 1.05309
187846 17452 0.043354 1.0311
192107 17501 0.0440432 1.01367
227570 18859 0.0516134 1.1832
188130 17320 0.0430407 1.07481
195123 17721 0.0444378 1.04069
205674 18538 0.0462928 1.09965
200690 18916 0.0459633 1.11254
178568 16416 0.0404947 0.971025
170606 16056 0.0390301 0.928808
158412 14882 0.0364838 0.88682
173525 16202 0.0394483 0.927937
197488 18688 0.0464972 1.08339
185159 17483 0.0436825 1.04051
167329 16098 0.0383484 0.97879
180836 16481 0.046275 0.913445
151168 14555 0.0355917 0.856159
191017 17199 0.0423365 1.01234
186596 17680 0.0427981 1.32563
198846 17661 0.0636701 1.19213
189831 17535 0.0428809 1.02082
194429 17400 0.0449362 1.06462
211701 18505 0.0474764 1.11156
203729 18084 0.0452956 1.07519
178878 16398 0.0410853 0.982567
188232 17040 0.0425376 1.02715
194548 17230 0.0448849 1.03354
212816 18748 0.0478819 1.14684
222932 19126 0.0507825 1.18154
215536 20163 0.049267 1.18883
208007 18302 0.0458396 1.11308
177050 16247 0.0399344 0.948054
193878 16942 0.04902 1.32538
196478 17247 0.0438628 1.0458
210447 18483 0.0473674 1.38444
205077 17773 0.0653177 1.50745
207248 17696 0.0651085 1.2514
191957 16913 0.0497069 1.02218
176805 16691 0.0193235 1.02169
144732 13831 0.0351384 0.73596
184382 16479 0.0250993 1.00625
156327 14989 0.0362802 0.938634
158568 14987 0.0483613 0.925064
187909 16804 0.0428327 0.882723
173422 15693 0.021019 0.982323
184077 16373 0.0415392 0.959317
166099 15642 0.0380613 0.913338
172338 16260 0.0397177 0.939199
#/home/michal/Dropbox/study/university/kth/thesis/data/features/ds0,015/ds0_015/fixed_featuredata_shot_uniform_2015-05-21_17-20-01.txt
228745 19290 0.0219612 0.51865
232248 19673 0.0218974 0.461268
209814 18423 0.0197191 0.429174
218177 18592 0.0264574 0.49188
254562 20114 0.0215879 0.494231
208815 18096 0.0181794 0.4334
276046 21149 0.0317534 0.549299
247696 20170 0.0314871 0.473726
206078 17250 0.018418 0.410345
173613 15536 0.0157024 0.360543
242021 19770 0.0224718 0.521696
273917 19962 0.0237122 0.573438
221026 18549 0.0195244 0.449071
325980 22937 0.0410093 0.700757
286321 21387 0.0246312 0.521547
256995 20047 0.022882 0.545391
272279 21023 0.0242453 0.537198
265982 20160 0.0285291 0.503449
208894 17887 0.018311 0.643912
242932 19625 0.0292323 0.510938
223740 18465 0.0199362 0.450318
201009 17144 0.0176861 0.392762
179322 16154 0.0149995 0.431844
194654 17211 0.0310811 0.808845
207481 17332 0.0205372 0.393105
236736 19353 0.0207956 0.498936
216224 18519 0.0197272 0.429469
316455 23203 0.0271339 0.654525
310514 22488 0.0275549 0.634923
255360 20275 0.0224743 0.756823
248766 19378 0.021416 0.482893
313832 22799 0.0281021 0.587982
247024 19688 0.0219754 0.545041
315718 22727 0.0270301 0.606127
289423 21759 0.0250179 0.580277
289112 21536 0.0256967 0.653243
268484 20868 0.0226475 0.605062
269225 20303 0.0227088 0.536785
300024 22380 0.0651177 0.576332
242735 20145 0.0216118 0.513876
217353 18661 0.0493515 0.790114
270039 20606 0.0230694 0.580002
274894 21068 0.0241381 0.604279
304123 22830 0.0267362 0.622269
248504 19749 0.0221798 0.534045
302871 21740 0.0260143 0.646934
286933 20780 0.0278578 0.921331
276847 21236 0.0248617 0.512062
360015 25911 0.030798 0.713424
204094 18212 0.0179011 0.444231
256669 20547 0.0224851 0.547021
214195 18166 0.0477735 0.465719
203775 17306 0.0184145 0.423248
299966 22384 0.025368 0.578741
247258 20537 0.0213563 0.536215
260375 20554 0.0235455 0.545195
249627 20077 0.0233643 0.52549
282871 20781 0.0247059 0.550176
307320 23034 0.0711359 0.625254
219987 19261 0.0203336 0.460626
222835 18816 0.019603 0.462664
237610 19488 0.0208869 0.488718
280171 21705 0.0243876 0.619739
299285 22790 0.0257999 0.568464
235284 19521 0.021512 0.493447
240647 21360 0.0539778 0.558535
273465 20956 0.0627913 0.710936
219110 18624 0.0213563 0.487667
211482 18010 0.0197484 0.439636
214959 17967 0.0192117 0.441201
211942 18426 0.0203398 0.433153
251332 20069 0.0226574 0.540335
205951 17711 0.0192515 0.422709
203227 17316 0.0188595 0.441208
265381 21403 0.0232756 0.502228
177840 15817 0.0162177 0.371229
197349 17193 0.0187633 0.830601
191488 16936 0.0191866 0.42616
183425 16189 0.0186346 0.419386
220487 18145 0.0205481 0.46867
194771 17113 0.0413064 0.441745
189585 16531 0.0179258 0.345871
190949 17387 0.0183732 0.421053
194056 17714 0.0182352 0.420485
