102010 1639 4.05193 0.711903
109835 1807 4.42614 0.794874
123127 1963 5.03523 0.90732
116483 1834 4.72873 0.89839
108121 1694 4.41338 0.862125
111945 1659 4.92 0.968668
105553 1668 4.43799 0.837526
109855 1730 3.69097 0.918627
112963 1587 4.75323 0.855977
110103 1664 4.47692 0.848418
88312 1419 3.83875 0.67881
116662 1766 5.00695 0.960956
87263 1546 3.40213 0.682158
104637 1571 4.61657 0.832988
121259 1939 5.20485 1.00471
111477 1792 4.50917 0.906135
103656 1780 4.51716 0.823422
111450 1753 5.04006 0.884624
114952 1830 5.43072 0.900828
111378 1690 3.84716 1.02907
116796 1791 4.82766 0.992744
110757 1759 4.24406 0.889665
97363 1620 4.43363 0.786157
103657 1698 4.92064 0.864894
99437 1628 4.61704 0.746395
100116 1547 4.46146 0.812943
108918 1645 4.51564 0.857487
121625 1852 5.17311 1.02128
120407 1948 4.89096 0.957542
138698 2049 6.1525 1.16641
125876 1891 5.57786 1.06672
113307 1657 4.95774 0.904175
119699 1793 5.1919 0.979202
107409 1732 4.87985 0.815059
134418 2025 7.10753 1.1379
128076 1900 5.94392 1.01505
116804 1791 5.14313 0.896436
113660 1773 4.66628 0.867363
112820 1799 4.66398 0.860072
111055 1722 4.62 0.866087
111470 1765 5.55943 0.88459
100306 1499 4.5162 0.776679
113638 1660 4.82197 0.862188
123943 1781 5.24938 0.956999
112465 1714 4.71051 0.872163
107682 1703 4.39143 0.790437
98357 1579 3.97567 0.781814
100804 1522 4.22376 0.790303
98687 1587 3.95967 0.766638
105390 1664 4.23515 0.817066
100233 1571 4.05774 0.733376
108940 1754 4.38309 0.849532
114703 1732 4.75242 0.870997
103692 1721 4.05544 0.838978
86723 1360 3.40192 0.694053
103871 1584 4.26949 0.807782
106758 1743 4.22827 0.83335
112226 1764 4.60825 0.899033
108412 1745 4.34962 0.86648
109985 1775 4.61679 0.907491
104222 1571 4.31195 0.815474
109381 1665 4.53053 0.809528
103816 1618 4.27958 0.806206
107534 1618 4.35792 0.820436
103972 1697 4.17699 0.827496
119683 1818 4.93965 0.963879
131499 1999 5.76916 1.05993
165842 2582 6.40895 1.46622
114414 1805 4.78776 0.952482
123957 1939 5.22104 0.993553
131647 2065 6.28136 1.14176
123074 1938 5.36426 1.0475
124325 1915 5.15077 1.02534
106203 1628 4.47043 0.826559
104634 1541 4.3505 0.781656
131024 2066 5.68294 1.09734
109154 1825 3.58125 0.84653
97805 1634 3.08619 0.798778
101365 1583 4.08837 0.765122
102928 1691 4.22345 0.822557
97259 1664 3.98945 0.827848
90244 1445 3.72251 0.699816
92543 1539 3.10785 0.719927
108519 1767 4.41662 0.868585
94057 1507 3.87329 0.729104
97442 1522 3.88847 0.800326
102010 1639 4.05193 0.540745
109835 1807 4.42614 0.594909
123127 1963 5.03523 0.681261
116483 1834 4.72873 0.456
108121 1694 4.41338 0.570167
111945 1659 4.92 0.566971
105553 1668 4.43799 0.554109
109855 1730 3.69097 0.266665
112963 1587 4.75323 0.530894
110103 1664 4.47692 0.591487
88312 1419 3.83875 0.45177
116662 1766 5.00695 0.610106
87263 1546 3.40213 0.457158
104637 1571 4.61657 0.399733
121259 1939 5.20485 0.68168
111477 1792 4.50917 0.616747
103656 1780 4.51716 0.588761
111450 1753 5.04006 0.599736
114952 1830 5.43072 0.633827
111378 1690 3.84716 0.597165
116796 1791 4.82766 0.63727
110757 1759 4.24406 0.43343
97363 1620 4.43363 0.533807
103657 1698 4.92064 0.588752
99437 1628 4.61704 0.530173
100116 1547 4.46146 0.374134
108918 1645 4.51564 0.565762
121625 1852 5.17311 0.675413
120407 1948 4.89096 0.648964
138698 2049 6.1525 0.798028
125876 1891 5.57786 0.722068
113307 1657 4.95774 0.602377
119699 1793 5.1919 0.480272
107409 1732 4.87985 0.391662
134418 2025 7.10753 0.748569
128076 1900 5.94392 0.701528
116804 1791 5.14313 0.615648
113660 1773 4.66628 0.602535
112820 1799 4.66398 0.606607
111055 1722 4.62 0.576194
111470 1765 5.55943 0.591098
100306 1499 4.5162 0.536299
113638 1660 4.82197 0.399932
123943 1781 5.24938 0.492455
112465 1714 4.71051 0.581241
107682 1703 4.39143 0.536069
98357 1579 3.97567 0.427983
100804 1522 4.22376 0.432124
98687 1587 3.95967 0.379706
105390 1664 4.23515 0.553113
100233 1571 4.05774 0.498522
108940 1754 4.38309 0.581398
114703 1732 4.75242 0.602409
103692 1721 4.05544 0.564796
86723 1360 3.40192 0.443522
103871 1584 4.26949 0.538165
106758 1743 4.22827 0.383475
112226 1764 4.60825 0.586364
108412 1745 4.34962 0.587776
109985 1775 4.61679 0.605159
104222 1571 4.31195 0.53799
109381 1665 4.53053 0.562872
103816 1618 4.27958 0.532299
107534 1618 4.35792 0.551627
103972 1697 4.17699 0.562999
119683 1818 4.93965 0.643357
131499 1999 5.76916 0.732921
165842 2582 6.40895 0.987194
114414 1805 4.78776 0.595885
123957 1939 5.22104 0.389715
131647 2065 6.28136 0.450796
123074 1938 5.36426 0.736885
124325 1915 5.15077 0.774215
106203 1628 4.47043 0.632738
104634 1541 4.3505 0.613653
131024 2066 5.68294 0.835222
109154 1825 3.58125 0.627037
97805 1634 3.08619 0.645972
101365 1583 4.08837 0.619904
102928 1691 4.22345 0.665568
97259 1664 3.98945 0.591323
90244 1445 3.72251 0.499749
92543 1539 3.10785 0.532413
108519 1767 4.41662 0.629148
94057 1507 3.87329 0.553094
97442 1522 3.88847 0.563908
102010 1639 4.05193 0.256843
109835 1807 4.42614 0.25257
123127 1963 5.03523 0.270535
116483 1834 4.72873 0.268796
108121 1694 4.41338 0.244475
111945 1659 4.92 0.23942
105553 1668 4.43799 0.251535
109855 1730 3.69097 0.237726
112963 1587 4.75323 0.300826
110103 1664 4.47692 0.139257
88312 1419 3.83875 0.224414
116662 1766 5.00695 0.249465
87263 1546 3.40213 0.196631
104637 1571 4.61657 0.231427
121259 1939 5.20485 0.272205
111477 1792 4.50917 0.248033
103656 1780 4.51716 0.263049
111450 1753 5.04006 0.285833
114952 1830 5.43072 0.189145
111378 1690 3.84716 0.240048
116796 1791 4.82766 0.276099
110757 1759 4.24406 0.250357
97363 1620 4.43363 0.221961
103657 1698 4.92064 0.292389
99437 1628 4.61704 0.266268
100116 1547 4.46146 0.215392
108918 1645 4.51564 0.2374
121625 1852 5.17311 0.263572
120407 1948 4.89096 0.272446
138698 2049 6.1525 0.28886
125876 1891 5.57786 0.275467
113307 1657 4.95774 0.276291
119699 1793 5.1919 0.287034
107409 1732 4.87985 0.296732
134418 2025 7.10753 0.359473
128076 1900 5.94392 0.289724
116804 1791 5.14313 0.249972
113660 1773 4.66628 0.244004
112820 1799 4.66398 0.263319
111055 1722 4.62 0.255624
111470 1765 5.55943 0.285443
100306 1499 4.5162 0.211971
113638 1660 4.82197 0.238248
123943 1781 5.24938 0.257309
112465 1714 4.71051 0.240857
107682 1703 4.39143 0.232582
98357 1579 3.97567 0.211524
100804 1522 4.22376 0.211453
98687 1587 3.95967 0.215686
105390 1664 4.23515 0.231698
100233 1571 4.05774 0.212442
108940 1754 4.38309 0.239195
114703 1732 4.75242 0.248666
103692 1721 4.05544 0.22738
86723 1360 3.40192 0.194229
103871 1584 4.26949 0.219801
106758 1743 4.22827 0.2284
112226 1764 4.60825 0.240704
108412 1745 4.34962 0.235281
109985 1775 4.61679 0.24151
104222 1571 4.31195 0.288718
109381 1665 4.53053 0.226299
103816 1618 4.27958 0.22195
107534 1618 4.35792 0.222974
103972 1697 4.17699 0.22445
119683 1818 4.93965 0.259629
131499 1999 5.76916 0.306095
165842 2582 6.40895 0.35996
114414 1805 4.78776 0.338909
123957 1939 5.22104 0.272615
131647 2065 6.28136 0.287143
123074 1938 5.36426 0.302819
124325 1915 5.15077 0.271589
106203 1628 4.47043 0.226256
104634 1541 4.3505 0.226714
131024 2066 5.68294 0.309424
109154 1825 3.58125 0.264577
97805 1634 3.08619 0.101852
101365 1583 4.08837 0.214492
102928 1691 4.22345 0.224927
97259 1664 3.98945 0.210134
90244 1445 3.72251 0.212199
92543 1539 3.10785 0.199619
108519 1767 4.41662 0.241792
94057 1507 3.87329 0.205246
97442 1522 3.88847 0.202895
102010 1639 4.05193 0.845088
109835 1807 4.42614 0.927151
123127 1963 5.03523 1.06512
116483 1834 4.72873 0.960945
108121 1694 4.41338 0.891037
111945 1659 4.92 0.868534
105553 1668 4.43799 0.880486
109855 1730 3.69097 0.876612
112963 1587 4.75323 0.843276
110103 1664 4.47692 0.9096
88312 1419 3.83875 0.710594
116662 1766 5.00695 0.963495
87263 1546 3.40213 0.72926
104637 1571 4.61657 0.866617
121259 1939 5.20485 1.06266
111477 1792 4.50917 0.965999
103656 1780 4.51716 0.911591
111450 1753 5.04006 0.931737
114952 1830 5.43072 0.996694
111378 1690 3.84716 0.938831
116796 1791 4.82766 0.97813
110757 1759 4.24406 0.933247
97363 1620 4.43363 0.826861
103657 1698 4.92064 0.891892
99437 1628 4.61704 0.81293
100116 1547 4.46146 0.863733
108918 1645 4.51564 0.878917
121625 1852 5.17311 1.04717
120407 1948 4.89096 1.01271
138698 2049 6.1525 1.25332
125876 1891 5.57786 1.12792
113307 1657 4.95774 0.939396
119699 1793 5.1919 1.00389
107409 1732 4.87985 0.891279
134418 2025 7.10753 1.18277
128076 1900 5.94392 1.08447
116804 1791 5.14313 0.970189
113660 1773 4.66628 0.936037
112820 1799 4.66398 0.915465
111055 1722 4.62 0.896306
111470 1765 5.55943 0.89568
100306 1499 4.5162 0.78678
113638 1660 4.82197 0.876698
123943 1781 5.24938 1.03382
112465 1714 4.71051 0.913967
107682 1703 4.39143 0.839473
98357 1579 3.97567 0.809786
100804 1522 4.22376 0.819103
98687 1587 3.95967 0.808919
105390 1664 4.23515 0.831974
100233 1571 4.05774 0.752675
108940 1754 4.38309 0.90403
114703 1732 4.75242 0.910847
103692 1721 4.05544 0.895292
86723 1360 3.40192 0.679752
103871 1584 4.26949 0.821253
106758 1743 4.22827 0.884071
112226 1764 4.60825 0.927495
108412 1745 4.34962 0.900342
109985 1775 4.61679 0.942123
104222 1571 4.31195 0.822063
109381 1665 4.53053 0.822583
103816 1618 4.27958 0.837529
107534 1618 4.35792 0.852459
103972 1697 4.17699 0.864928
119683 1818 4.93965 0.989674
131499 1999 5.76916 1.1343
165842 2582 6.40895 1.52149
114414 1805 4.78776 0.971374
123957 1939 5.22104 1.0464
131647 2065 6.28136 1.21318
123074 1938 5.36426 1.08603
124325 1915 5.15077 1.06015
106203 1628 4.47043 0.882573
104634 1541 4.3505 0.851627
131024 2066 5.68294 1.18696
109154 1825 3.58125 0.874239
97805 1634 3.08619 0.819384
101365 1583 4.08837 0.79344
102928 1691 4.22345 0.86748
97259 1664 3.98945 0.851615
90244 1445 3.72251 0.73273
92543 1539 3.10785 0.751693
108519 1767 4.41662 0.928099
94057 1507 3.87329 0.788244
97442 1522 3.88847 0.768936
102010 1639 4.05193 0.1297
109835 1807 4.42614 0.117132
123127 1963 5.03523 0.132058
116483 1834 4.72873 0.141635
108121 1694 4.41338 0.259654
111945 1659 4.92 0.257955
105553 1668 4.43799 0.246913
109855 1730 3.69097 0.132592
112963 1587 4.75323 0.242357
110103 1664 4.47692 0.252353
88312 1419 3.83875 0.212158
116662 1766 5.00695 0.276354
87263 1546 3.40213 0.104125
104637 1571 4.61657 0.183034
121259 1939 5.20485 0.285686
111477 1792 4.50917 0.266612
103656 1780 4.51716 0.256701
111450 1753 5.04006 0.264494
114952 1830 5.43072 0.263453
111378 1690 3.84716 0.137653
116796 1791 4.82766 0.27244
110757 1759 4.24406 0.258594
97363 1620 4.43363 0.226415
103657 1698 4.92064 0.122058
99437 1628 4.61704 0.138365
100116 1547 4.46146 0.235397
108918 1645 4.51564 0.250413
121625 1852 5.17311 0.281898
120407 1948 4.89096 0.28859
138698 2049 6.1525 0.32251
125876 1891 5.57786 0.292908
113307 1657 4.95774 0.273759
119699 1793 5.1919 0.286402
107409 1732 4.87985 0.249722
134418 2025 7.10753 0.174281
128076 1900 5.94392 0.14426
116804 1791 5.14313 0.127399
113660 1773 4.66628 0.126793
112820 1799 4.66398 0.265225
111055 1722 4.62 0.262942
111470 1765 5.55943 0.254752
100306 1499 4.5162 0.113017
113638 1660 4.82197 0.239381
123943 1781 5.24938 0.283139
112465 1714 4.71051 0.264244
107682 1703 4.39143 0.254101
98357 1579 3.97567 0.234291
100804 1522 4.22376 0.237347
98687 1587 3.95967 0.243983
105390 1664 4.23515 0.251893
100233 1571 4.05774 0.23043
108940 1754 4.38309 0.216428
114703 1732 4.75242 0.260696
103692 1721 4.05544 0.244699
86723 1360 3.40192 0.205583
103871 1584 4.26949 0.231267
106758 1743 4.22827 0.16745
112226 1764 4.60825 0.267775
108412 1745 4.34962 0.262695
109985 1775 4.61679 0.26484
104222 1571 4.31195 0.24363
109381 1665 4.53053 0.257141
103816 1618 4.27958 0.237033
107534 1618 4.35792 0.179109
103972 1697 4.17699 0.254383
119683 1818 4.93965 0.283396
131499 1999 5.76916 0.309097
165842 2582 6.40895 0.389771
114414 1805 4.78776 0.16818
123957 1939 5.22104 0.147879
131647 2065 6.28136 0.159969
123074 1938 5.36426 0.302197
124325 1915 5.15077 0.292551
106203 1628 4.47043 0.252607
104634 1541 4.3505 0.238173
131024 2066 5.68294 0.289766
109154 1825 3.58125 0.238534
97805 1634 3.08619 0.224671
101365 1583 4.08837 0.228062
102928 1691 4.22345 0.235641
97259 1664 3.98945 0.23363
90244 1445 3.72251 0.205138
92543 1539 3.10785 0.098392
108519 1767 4.41662 0.149866
94057 1507 3.87329 0.224047
97442 1522 3.88847 0.220638
179969 2631 8.15239 1.72084
179282 2569 8.23796 1.64463
173730 2404 7.51503 1.5721
165436 2319 7.23353 1.37904
180856 2474 8.79121 1.50856
155260 2209 6.9746 1.43723
156493 2323 6.68266 1.53373
181244 2540 8.16537 1.76043
154201 2309 6.50621 1.51489
180969 2571 8.35238 1.57646
181125 2587 7.93793 1.81449
163464 2503 6.87987 1.634
176977 2499 8.04134 1.72612
180957 2478 8.241 1.70186
166202 2377 7.00394 1.43889
154682 2282 6.39584 1.15084
156894 2376 7.14271 1.3255
154769 2314 6.97976 1.45843
180100 2529 8.3596 1.70815
172683 2370 8.22511 1.44524
172669 2424 8.21826 1.7564
169346 2332 7.85304 1.60514
174389 2404 8.56319 1.46524
181428 2577 7.97253 1.59173
175098 2459 7.75328 1.50414
182305 2538 7.81382 1.73557
180496 2497 7.78919 1.5069
168815 2350 7.3801 1.52437
169998 2399 7.22383 1.46944
183763 2575 7.9136 1.82564
179659 2610 7.83316 1.82419
177383 2402 8.05434 1.74131
182294 2473 8.36194 1.73929
180307 2436 8.28767 1.77889
168079 2382 7.2357 1.51396
168971 2325 7.37357 1.69616
161335 2286 6.98676 1.575
182781 2534 9.00168 1.88891
177748 2505 7.72891 1.73911
162211 2308 7.26901 1.62671
154963 2252 7.03289 1.57751
181881 2453 8.63402 1.78102
176886 2458 7.58617 1.5733
172355 2450 7.83168 1.54836
177767 2382 8.21695 1.75217
186877 2591 8.24406 1.42612
180372 2473 8.14698 1.81522
179332 2464 8.29511 1.64538
180983 2414 8.61465 1.542
191333 2716 8.7479 1.53244
179947 2405 7.6324 1.66987
176945 2467 7.48077 1.65979
178782 2482 8.28806 1.45556
175827 2540 7.66369 1.58065
184913 2593 8.37939 1.68141
179065 2421 7.72061 1.60801
179432 2522 7.82568 1.61734
183873 2672 8.10269 1.56962
175824 2445 7.99294 1.53036
149921 2414 6.11965 1.28291
157530 2521 6.62635 1.57228
153307 2460 6.83439 1.37837
153230 2406 6.47442 1.31791
156474 2450 7.1749 1.40521
159357 2418 6.67661 1.28738
179969 2631 8.15239 0.349685
179282 2569 8.23796 0.489682
173730 2404 7.51503 0.346696
165436 2319 7.23353 0.419003
180856 2474 8.79121 0.481102
155260 2209 6.9746 0.41199
156493 2323 6.68266 0.420139
181244 2540 8.16537 0.380532
154201 2309 6.50621 0.422773
180969 2571 8.35238 0.343676
181125 2587 7.93793 0.318779
163464 2503 6.87987 0.442656
176977 2499 8.04134 0.313166
180957 2478 8.241 0.446539
166202 2377 7.00394 0.248355
154682 2282 6.39584 0.388204
156894 2376 7.14271 0.417479
154769 2314 6.97976 0.423325
180100 2529 8.3596 0.39674
172683 2370 8.22511 0.284226
172669 2424 8.21826 0.440158
169346 2332 7.85304 0.304069
174389 2404 8.56319 0.462904
181428 2577 7.97253 0.411805
175098 2459 7.75328 0.366677
182305 2538 7.81382 0.400867
180496 2497 7.78919 0.546197
168815 2350 7.3801 0.216294
169998 2399 7.22383 0.505691
183763 2575 7.9136 0.503735
179659 2610 7.83316 0.452151
177383 2402 8.05434 0.469548
182294 2473 8.36194 0.378225
180307 2436 8.28767 0.393591
168079 2382 7.2357 0.511316
168971 2325 7.37357 0.308297
161335 2286 6.98676 0.345612
182781 2534 9.00168 0.487472
177748 2505 7.72891 0.313479
162211 2308 7.26901 0.458423
154963 2252 7.03289 0.297891
181881 2453 8.63402 0.46387
176886 2458 7.58617 0.340368
172355 2450 7.83168 0.469462
177767 2382 8.21695 0.300872
186877 2591 8.24406 0.579735
180372 2473 8.14698 0.347537
179332 2464 8.29511 0.529216
180983 2414 8.61465 0.43876
191333 2716 8.7479 0.402597
179947 2405 7.6324 0.480122
176945 2467 7.48077 0.433383
178782 2482 8.28806 0.499965
175827 2540 7.66369 0.370641
184913 2593 8.37939 0.499678
179065 2421 7.72061 0.335925
179432 2522 7.82568 0.467259
183873 2672 8.10269 0.395334
175824 2445 7.99294 0.323647
149921 2414 6.11965 0.530281
157530 2521 6.62635 0.314119
153307 2460 6.83439 0.436434
153230 2406 6.47442 0.413055
156474 2450 7.1749 0.243108
159357 2418 6.67661 0.307175
179969 2631 8.15239 0.50031
179282 2569 8.23796 0.409969
173730 2404 7.51503 0.188744
165436 2319 7.23353 0.349022
180856 2474 8.79121 0.272629
155260 2209 6.9746 0.345641
156493 2323 6.68266 0.358843
181244 2540 8.16537 0.333092
154201 2309 6.50621 0.342694
180969 2571 8.35238 0.425905
181125 2587 7.93793 0.433799
163464 2503 6.87987 0.241585
176977 2499 8.04134 0.42008
180957 2478 8.241 0.235474
166202 2377 7.00394 0.390767
154682 2282 6.39584 0.358509
156894 2376 7.14271 0.37751
154769 2314 6.97976 0.191086
180100 2529 8.3596 0.294777
172683 2370 8.22511 0.216588
172669 2424 8.21826 0.275574
169346 2332 7.85304 0.421225
174389 2404 8.56319 0.355791
181428 2577 7.97253 0.204519
175098 2459 7.75328 0.226198
182305 2538 7.81382 0.198551
180496 2497 7.78919 0.254397
168815 2350 7.3801 0.38268
169998 2399 7.22383 0.379519
183763 2575 7.9136 0.419972
179659 2610 7.83316 0.415726
177383 2402 8.05434 0.257573
182294 2473 8.36194 0.366936
180307 2436 8.28767 0.303493
168079 2382 7.2357 0.388123
168971 2325 7.37357 0.234428
161335 2286 6.98676 0.385993
182781 2534 9.00168 0.309442
177748 2505 7.72891 0.322219
162211 2308 7.26901 0.375379
154963 2252 7.03289 0.278423
181881 2453 8.63402 0.435501
176886 2458 7.58617 0.423651
172355 2450 7.83168 0.227332
177767 2382 8.21695 0.37856
186877 2591 8.24406 0.277238
180372 2473 8.14698 0.424608
179332 2464 8.29511 0.407825
180983 2414 8.61465 0.530194
191333 2716 8.7479 0.302289
179947 2405 7.6324 0.319949
176945 2467 7.48077 0.400897
178782 2482 8.28806 0.535305
175827 2540 7.66369 0.42147
184913 2593 8.37939 0.419797
179065 2421 7.72061 0.421661
179432 2522 7.82568 0.287383
183873 2672 8.10269 0.434955
175824 2445 7.99294 0.318797
149921 2414 6.11965 0.356128
157530 2521 6.62635 0.378946
153307 2460 6.83439 0.258177
153230 2406 6.47442 0.382719
156474 2450 7.1749 0.280618
159357 2418 6.67661 0.40302
179969 2631 8.15239 1.00483
179282 2569 8.23796 0.979742
173730 2404 7.51503 0.920106
165436 2319 7.23353 1.00467
180856 2474 8.79121 0.968673
155260 2209 6.9746 0.878702
156493 2323 6.68266 0.9867
181244 2540 8.16537 1.14964
154201 2309 6.50621 0.819633
180969 2571 8.35238 1.16255
181125 2587 7.93793 0.818239
163464 2503 6.87987 1.08575
176977 2499 8.04134 0.974235
180957 2478 8.241 1.18971
166202 2377 7.00394 0.897771
154682 2282 6.39584 0.826979
156894 2376 7.14271 1.0334
154769 2314 6.97976 1.01218
180100 2529 8.3596 1.17445
172683 2370 8.22511 0.827946
172669 2424 8.21826 0.920962
169346 2332 7.85304 1.08075
174389 2404 8.56319 1.1271
181428 2577 7.97253 1.14736
175098 2459 7.75328 0.908696
182305 2538 7.81382 1.14738
180496 2497 7.78919 0.952602
168815 2350 7.3801 0.877482
169998 2399 7.22383 1.07064
183763 2575 7.9136 0.97007
179659 2610 7.83316 1.14915
177383 2402 8.05434 0.907266
182294 2473 8.36194 0.958166
180307 2436 8.28767 0.936686
168079 2382 7.2357 0.661711
168971 2325 7.37357 1.06548
161335 2286 6.98676 0.832066
182781 2534 9.00168 1.17143
177748 2505 7.72891 1.11172
162211 2308 7.26901 0.870343
154963 2252 7.03289 0.821231
181881 2453 8.63402 1.12383
176886 2458 7.58617 1.16574
172355 2450 7.83168 0.921163
177767 2382 8.21695 0.796035
186877 2591 8.24406 1.19896
180372 2473 8.14698 0.985816
179332 2464 8.29511 0.990095
180983 2414 8.61465 0.945824
191333 2716 8.7479 1.17453
179947 2405 7.6324 1.1482
176945 2467 7.48077 1.2171
178782 2482 8.28806 1.14402
175827 2540 7.66369 0.80838
184913 2593 8.37939 1.22193
179065 2421 7.72061 1.12346
179432 2522 7.82568 1.00184
183873 2672 8.10269 0.986263
175824 2445 7.99294 0.805099
149921 2414 6.11965 0.947431
157530 2521 6.62635 1.01124
153307 2460 6.83439 0.801482
153230 2406 6.47442 0.82542
156474 2450 7.1749 0.907335
159357 2418 6.67661 0.893692
179969 2631 8.15239 1.74861
179282 2569 8.23796 1.50588
173730 2404 7.51503 1.69696
165436 2319 7.23353 1.27941
180856 2474 8.79121 1.80907
155260 2209 6.9746 1.52235
156493 2323 6.68266 1.2667
181244 2540 8.16537 1.61035
154201 2309 6.50621 1.32594
180969 2571 8.35238 1.55975
181125 2587 7.93793 1.7986
163464 2503 6.87987 1.35149
176977 2499 8.04134 1.51079
180957 2478 8.241 1.57727
166202 2377 7.00394 1.50885
154682 2282 6.39584 1.4845
156894 2376 7.14271 1.18672
154769 2314 6.97976 1.39158
180100 2529 8.3596 1.48335
172683 2370 8.22511 1.42264
172669 2424 8.21826 1.89471
169346 2332 7.85304 1.61785
174389 2404 8.56319 1.61819
181428 2577 7.97253 1.46759
175098 2459 7.75328 1.66567
182305 2538 7.81382 1.52576
180496 2497 7.78919 1.75574
168815 2350 7.3801 1.5672
169998 2399 7.22383 1.44436
183763 2575 7.9136 1.8702
179659 2610 7.83316 1.4644
177383 2402 8.05434 1.59158
182294 2473 8.36194 1.69327
180307 2436 8.28767 1.47372
168079 2382 7.2357 1.67012
168971 2325 7.37357 1.11786
161335 2286 6.98676 1.56793
182781 2534 9.00168 1.59516
177748 2505 7.72891 1.56736
162211 2308 7.26901 1.40524
154963 2252 7.03289 1.56877
181881 2453 8.63402 1.67902
176886 2458 7.58617 1.58363
172355 2450 7.83168 1.56109
177767 2382 8.21695 1.41992
186877 2591 8.24406 1.60479
180372 2473 8.14698 1.65493
179332 2464 8.29511 1.51518
180983 2414 8.61465 1.55219
191333 2716 8.7479 1.88649
179947 2405 7.6324 1.84452
176945 2467 7.48077 1.54465
178782 2482 8.28806 1.67747
175827 2540 7.66369 1.68279
184913 2593 8.37939 1.66122
179065 2421 7.72061 1.7162
179432 2522 7.82568 1.55905
183873 2672 8.10269 1.73075
175824 2445 7.99294 1.85459
149921 2414 6.11965 1.16275
157530 2521 6.62635 1.3681
153307 2460 6.83439 1.4423
153230 2406 6.47442 1.2314
156474 2450 7.1749 1.35359
159357 2418 6.67661 1.40472
382893 6964 14.5947 1.1535
403050 7589 15.9663 1.12327
360002 6310 14.5011 1.06999
417964 7411 16.7017 1.00646
465784 7972 19.3531 1.52302
360875 5961 14.5236 1.08812
368526 6290 15.3047 0.926361
349861 6254 14.1012 1.00799
424691 7344 17.9789 1.19017
339021 5690 13.8413 0.943462
335978 6343 13.226 1.00868
433153 7137 17.9141 1.16342
332962 6326 12.6382 0.73656
399528 6940 15.6283 1.21841
386666 6637 16.2311 0.969686
383856 6595 16.1172 1.03701
357230 6567 14.0914 1.10072
449652 8008 18.1461 1.30794
444344 7679 18.0529 1.19291
414960 6979 17.2817 1.26001
352741 6542 13.7599 1.08418
394384 7066 16.6305 1.16487
307963 5790 12.4141 0.764199
351250 6205 13.7449 0.923432
320682 5824 11.8891 1.02887
359026 6534 14.3377 1.05498
376223 6608 14.6493 1.16879
438252 7986 17.8636 1.38749
465518 8144 19.0391 1.2284
406231 6936 16.7811 1.16655
408231 7398 16.1476 1.23512
372523 6478 14.6895 0.8777
393802 6786 16.0725 0.920712
413193 7351 16.9522 1.02079
439090 7129 18.3689 1.31697
463637 7821 19.2049 1.14734
426557 7462 17.3937 1.14107
407163 7202 16.268 0.919681
374022 6618 14.903 0.916226
378044 6568 14.998 0.873804
415910 7722 15.9499 1.04464
399001 7004 16.5275 1.00888
368803 6536 14.9885 0.977231
407700 7398 16.4737 1.11564
404929 7130 15.9732 1.21472
402553 7216 15.8223 1.21155
338813 6143 14.0135 1.01587
349335 6412 14.3689 0.848083
372085 6814 14.8287 0.93353
367917 6612 14.6597 0.913398
402297 7196 15.3374 0.926833
368286 6583 14.6438 0.862196
345603 6011 13.6992 1.00499
390601 7109 15.6562 1.06316
307277 5453 11.9936 0.72817
415685 7412 17.191 1.00439
376478 6710 15.026 1.17071
377404 6574 15.1617 1.14208
391320 6784 15.6828 1.07457
394159 6853 15.4992 0.958548
398942 7137 16.0638 1.17772
329650 5689 13.1549 0.910266
431037 7629 17.2055 1.01605
327323 5841 12.9727 0.77662
412028 7122 16.924 1.20848
475947 8063 19.2469 1.14124
447767 7856 17.7635 1.30343
486395 8819 20.0443 1.25411
414497 6905 17.6122 1.05467
367051 6540 14.5969 0.840139
442242 7788 17.9721 1.21629
387424 6721 15.7652 0.918889
392263 6959 15.8146 0.890307
387718 6839 15.5212 0.94233
365134 6223 15.1734 0.934369
335961 5951 13.1804 1.03334
398211 6911 16.509 1.20565
334990 5955 13.6205 0.93911
393477 6815 16.264 1.16328
337377 5937 13.9907 0.60134
387641 7122 15.697 1.13073
308669 5676 11.5476 0.770273
360264 6407 14.8373 0.909659
382482 7156 15.0421 1.24416
344219 6149 13.4891 0.789706
374773 6809 14.3799 1.17446
382893 6964 14.5947 37.9231
403050 7589 15.9663 39.6655
360002 6310 14.5011 35.3793
417964 7411 16.7017 41.7336
465784 7972 19.3531 49.8411
360875 5961 14.5236 34.7419
368526 6290 15.3047 38.8648
349861 6254 14.1012 33.0409
424691 7344 17.9789 43.1357
339021 5690 13.8413 33.0731
335978 6343 13.226 32.1632
433153 7137 17.9141 45.9269
332962 6326 12.6382 33.1558
399528 6940 15.6283 40.7702
386666 6637 16.2311 38.9023
383856 6595 16.1172 40.2152
357230 6567 14.0914 36.3508
449652 8008 18.1461 46.9266
444344 7679 18.0529 47.8118
414960 6979 17.2817 44.4815
352741 6542 13.7599 34.7938
394384 7066 16.6305 41.5137
307963 5790 12.4141 30.3266
351250 6205 13.7449 33.7819
320682 5824 11.8891 29.6229
359026 6534 14.3377 35.9517
376223 6608 14.6493 35.9481
438252 7986 17.8636 47.5306
465518 8144 19.0391 48.6702
406231 6936 16.7811 42.2885
408231 7398 16.1476 42.0488
372523 6478 14.6895 35.8429
393802 6786 16.0725 40.0657
413193 7351 16.9522 41.9265
439090 7129 18.3689 46.8134
463637 7821 19.2049 50.3958
426557 7462 17.3937 44.9004
407163 7202 16.268 42.5276
374022 6618 14.903 38.5339
378044 6568 14.998 36.7987
415910 7722 15.9499 40.6211
399001 7004 16.5275 41.7095
368803 6536 14.9885 36.5328
407700 7398 16.4737 42.2662
404929 7130 15.9732 39.6873
402553 7216 15.8223 40.8444
338813 6143 14.0135 34.4417
349335 6412 14.3689 33.6451
372085 6814 14.8287 37.4956
367917 6612 14.6597 34.9136
402297 7196 15.3374 37.1613
368286 6583 14.6438 36.3969
345603 6011 13.6992 32.9093
390601 7109 15.6562 40.6769
307277 5453 11.9936 30.3494
415685 7412 17.191 43.6324
376478 6710 15.026 37.1191
377404 6574 15.1617 35.8806
391320 6784 15.6828 40.7748
394159 6853 15.4992 41.9929
398942 7137 16.0638 40.0218
329650 5689 13.1549 30.4955
431037 7629 17.2055 44.5384
327323 5841 12.9727 31.1214
412028 7122 16.924 43.1179
475947 8063 19.2469 51.9004
447767 7856 17.7635 47.2297
486395 8819 20.0443 50.4966
414497 6905 17.6122 43.4496
367051 6540 14.5969 33.5813
442242 7788 17.9721 52.7141
387424 6721 15.7652 42.0405
392263 6959 15.8146 43.492
387718 6839 15.5212 39.4633
365134 6223 15.1734 38.1606
335961 5951 13.1804 34.0641
398211 6911 16.509 43.3566
334990 5955 13.6205 36.7395
393477 6815 16.264 42.9678
337377 5937 13.9907 35.9058
387641 7122 15.697 42.5212
308669 5676 11.5476 30.5426
360264 6407 14.8373 39.9869
382482 7156 15.0421 41.8061
344219 6149 13.4891 37.6437
374773 6809 14.3799 40.1728
382893 6964 14.5947 16.3716
403050 7589 15.9663 16.8788
360002 6310 14.5011 16.1614
417964 7411 16.7017 18.1236
465784 7972 19.3531 20.7707
360875 5961 14.5236 15.7597
368526 6290 15.3047 17.4577
349861 6254 14.1012 14.6702
424691 7344 17.9789 19.2154
339021 5690 13.8413 14.5187
335978 6343 13.226 13.6314
433153 7137 17.9141 20.0419
332962 6326 12.6382 14.1688
399528 6940 15.6283 17.3074
386666 6637 16.2311 16.707
383856 6595 16.1172 16.7631
357230 6567 14.0914 16.1093
449652 8008 18.1461 19.719
444344 7679 18.0529 20.0193
414960 6979 17.2817 19.5303
352741 6542 13.7599 14.4206
394384 7066 16.6305 17.5027
307963 5790 12.4141 13.0465
351250 6205 13.7449 15.6368
320682 5824 11.8891 13.3704
359026 6534 14.3377 15.6026
376223 6608 14.6493 16.0532
438252 7986 17.8636 19.4456
465518 8144 19.0391 21.2534
406231 6936 16.7811 19.1456
408231 7398 16.1476 19.1855
372523 6478 14.6895 18.92
393802 6786 16.0725 19.5107
413193 7351 16.9522 20.2168
439090 7129 18.3689 22.1956
463637 7821 19.2049 18.915
426557 7462 17.3937 16.8058
407163 7202 16.268 16.2763
374022 6618 14.903 14.8183
378044 6568 14.998 15.1914
415910 7722 15.9499 15.9404
399001 7004 16.5275 15.5624
368803 6536 14.9885 15.1466
407700 7398 16.4737 14.8093
404929 7130 15.9732 14.6619
402553 7216 15.8223 14.6958
338813 6143 14.0135 11.8467
349335 6412 14.3689 13.4768
372085 6814 14.8287 13.9927
367917 6612 14.6597 11.9081
402297 7196 15.3374 14.3683
368286 6583 14.6438 16.9474
345603 6011 13.6992 13.4949
390601 7109 15.6562 15.4573
307277 5453 11.9936 12.4372
415685 7412 17.191 17.4899
376478 6710 15.026 14.505
377404 6574 15.1617 14.9477
391320 6784 15.6828 16.2707
394159 6853 15.4992 16.4742
398942 7137 16.0638 15.5861
329650 5689 13.1549 13.2751
431037 7629 17.2055 17.9283
327323 5841 12.9727 13.321
412028 7122 16.924 17.2846
475947 8063 19.2469 19.744
447767 7856 17.7635 18.3751
486395 8819 20.0443 19.4386
414497 6905 17.6122 18.0406
367051 6540 14.5969 14.3208
442242 7788 17.9721 16.9501
387424 6721 15.7652 16.1364
392263 6959 15.8146 14.9932
387718 6839 15.5212 16.4939
365134 6223 15.1734 13.8947
335961 5951 13.1804 12.8537
398211 6911 16.509 15.6246
334990 5955 13.6205 15.1953
393477 6815 16.264 17.6418
337377 5937 13.9907 14.3274
387641 7122 15.697 15.6167
308669 5676 11.5476 11.8231
360264 6407 14.8373 15.7825
382482 7156 15.0421 15.3513
344219 6149 13.4891 14.2455
374773 6809 14.3799 15.0652
382893 6964 14.5947 1.40318
403050 7589 15.9663 1.27828
360002 6310 14.5011 0.857486
417964 7411 16.7017 0.965409
465784 7972 19.3531 1.36264
360875 5961 14.5236 0.973908
368526 6290 15.3047 0.931657
349861 6254 14.1012 0.960455
424691 7344 17.9789 1.24113
339021 5690 13.8413 0.795554
335978 6343 13.226 0.908038
433153 7137 17.9141 1.13812
332962 6326 12.6382 1.02204
399528 6940 15.6283 1.08716
386666 6637 16.2311 1.20937
383856 6595 16.1172 1.10366
357230 6567 14.0914 0.92859
449652 8008 18.1461 1.38426
444344 7679 18.0529 1.49613
414960 6979 17.2817 1.0705
352741 6542 13.7599 0.897593
394384 7066 16.6305 1.10759
307963 5790 12.4141 0.941668
351250 6205 13.7449 0.90063
320682 5824 11.8891 0.874256
359026 6534 14.3377 1.15774
376223 6608 14.6493 0.880733
438252 7986 17.8636 1.44466
465518 8144 19.0391 1.15589
406231 6936 16.7811 1.19016
408231 7398 16.1476 1.10999
372523 6478 14.6895 1.18319
393802 6786 16.0725 1.21233
413193 7351 16.9522 1.10952
439090 7129 18.3689 1.16372
463637 7821 19.2049 1.51487
426557 7462 17.3937 1.32079
407163 7202 16.268 0.969416
374022 6618 14.903 1.17328
378044 6568 14.998 1.20237
415910 7722 15.9499 1.23757
399001 7004 16.5275 1.08207
368803 6536 14.9885 0.939007
407700 7398 16.4737 1.447
404929 7130 15.9732 1.04591
402553 7216 15.8223 1.12055
338813 6143 14.0135 0.832367
349335 6412 14.3689 0.978326
372085 6814 14.8287 1.1597
367917 6612 14.6597 0.941302
402297 7196 15.3374 1.18322
368286 6583 14.6438 1.05105
345603 6011 13.6992 0.988467
390601 7109 15.6562 1.10635
307277 5453 11.9936 0.978707
415685 7412 17.191 1.34537
376478 6710 15.026 1.10874
377404 6574 15.1617 1.03278
391320 6784 15.6828 1.23141
394159 6853 15.4992 0.99364
398942 7137 16.0638 1.20849
329650 5689 13.1549 0.803632
431037 7629 17.2055 1.22155
327323 5841 12.9727 0.812962
412028 7122 16.924 1.35434
475947 8063 19.2469 1.46838
447767 7856 17.7635 1.28256
486395 8819 20.0443 1.47653
414497 6905 17.6122 1.08894
367051 6540 14.5969 0.955434
442242 7788 17.9721 1.46016
387424 6721 15.7652 1.29084
392263 6959 15.8146 1.153
387718 6839 15.5212 1.02379
365134 6223 15.1734 1.03515
335961 5951 13.1804 1.0122
398211 6911 16.509 1.12398
334990 5955 13.6205 0.831299
393477 6815 16.264 1.34126
337377 5937 13.9907 0.689567
387641 7122 15.697 1.3837
308669 5676 11.5476 0.711816
360264 6407 14.8373 1.14585
382482 7156 15.0421 1.24416
344219 6149 13.4891 1.04888
374773 6809 14.3799 1.05896
382893 6964 14.5947 59.4702
403050 7589 15.9663 55.724
360002 6310 14.5011 58.7646
417964 7411 16.7017 67.6392
465784 7972 19.3531 69.6563
360875 5961 14.5236 49.184
368526 6290 15.3047 61.5567
349861 6254 14.1012 50.3681
424691 7344 17.9789 63.2029
339021 5690 13.8413 50.7582
335978 6343 13.226 49.7778
433153 7137 17.9141 73.3889
332962 6326 12.6382 44.0847
399528 6940 15.6283 66.0919
386666 6637 16.2311 58.2313
383856 6595 16.1172 59.1142
357230 6567 14.0914 53.8553
449652 8008 18.1461 73.4069
444344 7679 18.0529 78.4165
414960 6979 17.2817 85.2204
352741 6542 13.7599 67.0776
394384 7066 16.6305 81.57
307963 5790 12.4141 56.538
351250 6205 13.7449 62.7415
320682 5824 11.8891 55.988
359026 6534 14.3377 66.6048
376223 6608 14.6493 65.5633
438252 7986 17.8636 87.1506
465518 8144 19.0391 91.002
406231 6936 16.7811 78.6045
408231 7398 16.1476 78.9126
372523 6478 14.6895 67.7553
393802 6786 16.0725 69.932
413193 7351 16.9522 71.1355
439090 7129 18.3689 79.9519
463637 7821 19.2049 84.6657
426557 7462 17.3937 75.6912
407163 7202 16.268 71.0315
374022 6618 14.903 56.0157
378044 6568 14.998 58.9001
415910 7722 15.9499 61.5068
399001 7004 16.5275 66.8789
368803 6536 14.9885 57.2227
407700 7398 16.4737 68.4584
404929 7130 15.9732 63.9518
402553 7216 15.8223 64.5272
338813 6143 14.0135 53.7244
349335 6412 14.3689 53.1055
372085 6814 14.8287 58.9271
367917 6612 14.6597 54.2356
402297 7196 15.3374 63.547
368286 6583 14.6438 60.4395
345603 6011 13.6992 54.8029
390601 7109 15.6562 67.4162
307277 5453 11.9936 50.3262
415685 7412 17.191 72.3964
376478 6710 15.026 62.9623
377404 6574 15.1617 59.1966
391320 6784 15.6828 69.2966
394159 6853 15.4992 69.1895
398942 7137 16.0638 66.9084
329650 5689 13.1549 48.9106
431037 7629 17.2055 74.5528
327323 5841 12.9727 52.0983
412028 7122 16.924 71.4107
475947 8063 19.2469 84.5972
447767 7856 17.7635 78.4177
486395 8819 20.0443 84.0274
414497 6905 17.6122 72.1484
367051 6540 14.5969 59.7181
442242 7788 17.9721 76.2091
387424 6721 15.7652 65.3976
392263 6959 15.8146 68.1761
387718 6839 15.5212 62.7995
365134 6223 15.1734 59.9267
335961 5951 13.1804 53.6878
398211 6911 16.509 68.3008
334990 5955 13.6205 57.9515
393477 6815 16.264 67.3872
337377 5937 13.9907 56.9834
387641 7122 15.697 67.6495
308669 5676 11.5476 48.3105
360264 6407 14.8373 63.5812
382482 7156 15.0421 66.3725
344219 6149 13.4891 59.4715
374773 6809 14.3799 63.7261
698683 10980 30.0582 2.17245
724192 11493 31.2358 2.54859
630549 10027 28.2033 2.04101
649674 10060 29.3096 1.96058
585903 9112 25.9331 1.70367
503828 7900 21.3506 1.55014
599071 9728 26.3286 1.73192
548863 8913 23.3411 1.72662
564007 8762 23.7738 1.80902
398179 7278 16.1906 1.38362
516411 8271 22.6916 1.7776
615224 10454 25.7175 2.26398
410323 7154 16.1792 1.42811
593620 9657 25.5729 2.11094
454596 8037 17.3763 1.57474
434680 7265 18.1733 1.36512
671489 10742 29.228 2.36924
474366 7951 18.9234 1.64148
441074 7931 17.9279 1.53371
549980 9305 23.261 1.70856
592253 9723 24.8945 1.94659
349864 6170 13.9529 1.02861
356296 6606 12.4743 1.19893
494784 8014 21.4076 1.49381
396940 7104 14.5318 1.3241
601786 10251 25.6955 1.89111
623808 10279 27.0161 2.03641
484986 8105 19.9029 1.5217
557892 9178 23.2444 2.00317
721122 11572 30.7839 2.61333
640144 10328 27.4306 2.44175
636015 10204 27.8664 2.27425
486991 8318 20.0545 1.74305
711745 11172 30.5158 2.76878
644991 10580 26.781 2.42369
640591 10977 27.0762 2.28762
608359 10123 26.312 2.05214
606619 10047 26.0382 2.1471
592340 9868 25.0341 1.92023
604826 9849 24.5979 1.89006
658365 10738 27.238 2.27792
709232 11433 29.8171 2.50023
607262 9857 26.3305 2.24956
540080 9132 23.5577 1.91548
609067 10229 24.7517 2.14318
452610 8164 17.2323 1.75633
448658 7744 18.6545 1.56515
619775 10096 26.1648 2.18253
667680 11115 26.7286 2.56184
547003 8920 23.6864 2.12143
630680 10496 27.1504 2.38136
411749 7341 15.6991 1.42296
475897 8319 20.1876 1.58332
549788 8981 23.6624 1.87109
567017 9352 23.5957 1.87461
543227 9031 21.8958 1.65289
493204 8383 20.8904 1.64431
492276 8419 19.2155 1.64376
545100 8852 22.549 1.75546
600266 9783 25.6117 1.79714
648616 10865 27.174 2.3943
753783 11635 32.5378 2.90745
770704 12199 34.2461 3.00202
577399 9649 24.3779 2.28648
443220 7458 17.6953 1.57897
542219 9282 22.8003 2.12384
510567 9149 19.2095 1.94748
561267 8742 24.1488 2.01153
416316 7369 16.7578 1.34576
412123 7241 15.9814 1.18501
500699 8347 21.7669 1.61634
779337 12039 34.2615 2.70359
365899 6466 14.4607 1.34634
451434 8078 17.3207 1.36914
730435 11512 31.6976 2.39832
660899 10876 28.4442 2.40882
710252 11736 30.8387 2.69219
673969 11394 28.8844 2.43463
776858 12306 34.4656 3.07461
698683 10980 30.0582 1.9048
724192 11493 31.2358 2.21116
630549 10027 28.2033 1.90814
649674 10060 29.3096 2.04074
585903 9112 25.9331 1.82443
503828 7900 21.3506 1.31044
599071 9728 26.3286 1.49155
548863 8913 23.3411 1.50971
564007 8762 23.7738 1.70621
398179 7278 16.1906 1.04364
516411 8271 22.6916 1.59418
615224 10454 25.7175 1.91501
410323 7154 16.1792 1.00813
593620 9657 25.5729 1.83893
454596 8037 17.3763 1.39871
434680 7265 18.1733 1.10362
671489 10742 29.228 2.07351
474366 7951 18.9234 1.40411
441074 7931 17.9279 1.19534
549980 9305 23.261 1.55425
592253 9723 24.8945 1.81486
349864 6170 13.9529 0.833178
356296 6606 12.4743 1.04252
494784 8014 21.4076 1.26225
396940 7104 14.5318 1.15299
601786 10251 25.6955 1.67994
623808 10279 27.0161 2.03875
484986 8105 19.9029 1.48114
557892 9178 23.2444 1.71711
721122 11572 30.7839 2.26696
640144 10328 27.4306 1.69505
636015 10204 27.8664 1.676
486991 8318 20.0545 1.4384
711745 11172 30.5158 2.20158
644991 10580 26.781 1.96559
640591 10977 27.0762 1.87398
608359 10123 26.312 1.66593
606619 10047 26.0382 1.72301
592340 9868 25.0341 1.66099
604826 9849 24.5979 1.80979
658365 10738 27.238 2.04218
709232 11433 29.8171 2.0647
607262 9857 26.3305 1.5138
540080 9132 23.5577 1.65137
609067 10229 24.7517 1.86364
452610 8164 17.2323 1.26543
448658 7744 18.6545 1.14783
619775 10096 26.1648 1.69098
667680 11115 26.7286 2.03736
547003 8920 23.6864 1.63236
630680 10496 27.1504 1.60494
411749 7341 15.6991 1.0585
475897 8319 20.1876 1.1156
549788 8981 23.6624 1.64423
567017 9352 23.5957 1.72559
543227 9031 21.8958 1.43398
493204 8383 20.8904 1.47079
492276 8419 19.2155 1.44644
545100 8852 22.549 1.32054
600266 9783 25.6117 1.51958
648616 10865 27.174 1.85195
753783 11635 32.5378 2.18023
770704 12199 34.2461 2.26366
577399 9649 24.3779 1.76568
443220 7458 17.6953 1.16411
542219 9282 22.8003 1.53909
510567 9149 19.2095 1.50968
561267 8742 24.1488 1.47781
416316 7369 16.7578 1.07681
412123 7241 15.9814 1.04071
500699 8347 21.7669 1.23939
779337 12039 34.2615 2.27806
365899 6466 14.4607 1.07083
451434 8078 17.3207 1.16006
730435 11512 31.6976 2.06772
660899 10876 28.4442 1.96036
710252 11736 30.8387 2.28991
673969 11394 28.8844 2.1595
776858 12306 34.4656 2.54387
698683 10980 30.0582 147.822
724192 11493 31.2358 146.967
630549 10027 28.2033 125.575
649674 10060 29.3096 125.426
585903 9112 25.9331 110.85
503828 7900 21.3506 92.043
599071 9728 26.3286 123.668
548863 8913 23.3411 107.009
564007 8762 23.7738 120.027
398179 7278 16.1906 69.716
516411 8271 22.6916 103.391
615224 10454 25.7175 136.627
410323 7154 16.1792 68.4182
593620 9657 25.5729 122.677
454596 8037 17.3763 80.9313
434680 7265 18.1733 73.3663
671489 10742 29.228 136.324
474366 7951 18.9234 82.6115
441074 7931 17.9279 75.3413
549980 9305 23.261 113.638
592253 9723 24.8945 121.11
349864 6170 13.9529 50.9384
356296 6606 12.4743 51.4891
494784 8014 21.4076 96.2042
396940 7104 14.5318 57.7704
601786 10251 25.6955 115.928
623808 10279 27.0161 119.934
484986 8105 19.9029 83.7563
557892 9178 23.2444 108.048
721122 11572 30.7839 155.502
640144 10328 27.4306 83.89
636015 10204 27.8664 67.2667
486991 8318 20.0545 74.6985
711745 11172 30.5158 144.072
644991 10580 26.781 59.9993
640591 10977 27.0762 102.463
608359 10123 26.312 84.8947
606619 10047 26.0382 119.949
592340 9868 25.0341 74.7315
604826 9849 24.5979 115.301
658365 10738 27.238 94.5806
709232 11433 29.8171 67.7418
607262 9857 26.3305 65.5176
540080 9132 23.5577 78.709
609067 10229 24.7517 58.3173
452610 8164 17.2323 67.4334
448658 7744 18.6545 53.0036
619775 10096 26.1648 71.1206
667680 11115 26.7286 58.5635
547003 8920 23.6864 60.204
630680 10496 27.1504 87.3257
411749 7341 15.6991 30.7417
475897 8319 20.1876 39.9278
549788 8981 23.6624 93.0421
567017 9352 23.5957 56.0014
543227 9031 21.8958 91.8968
493204 8383 20.8904 57.9279
492276 8419 19.2155 66.8359
545100 8852 22.549 48.9548
600266 9783 25.6117 72.2552
648616 10865 27.174 57.6453
753783 11635 32.5378 160.528
770704 12199 34.2461 111.224
577399 9649 24.3779 99.0289
443220 7458 17.6953 37.2174
542219 9282 22.8003 49.7484
510567 9149 19.2095 55.4223
561267 8742 24.1488 46.8429
416316 7369 16.7578 46.5609
412123 7241 15.9814 25.9095
500699 8347 21.7669 57.0803
779337 12039 34.2615 135.205
365899 6466 14.4607 33.57
451434 8078 17.3207 80.0548
730435 11512 31.6976 158.807
660899 10876 28.4442 75.0743
710252 11736 30.8387 74.4544
673969 11394 28.8844 80.0522
776858 12306 34.4656 133.661
698683 10980 30.0582 147.822
724192 11493 31.2358 146.967
630549 10027 28.2033 125.575
649674 10060 29.3096 125.426
585903 9112 25.9331 110.85
503828 7900 21.3506 92.043
599071 9728 26.3286 123.668
548863 8913 23.3411 107.009
564007 8762 23.7738 120.027
398179 7278 16.1906 69.716
516411 8271 22.6916 103.391
615224 10454 25.7175 136.627
410323 7154 16.1792 68.4182
593620 9657 25.5729 122.677
454596 8037 17.3763 80.9313
434680 7265 18.1733 73.3663
671489 10742 29.228 136.324
474366 7951 18.9234 82.6115
441074 7931 17.9279 75.3413
549980 9305 23.261 113.638
592253 9723 24.8945 121.11
349864 6170 13.9529 50.9384
356296 6606 12.4743 51.4891
494784 8014 21.4076 96.2042
396940 7104 14.5318 57.7704
601786 10251 25.6955 115.928
623808 10279 27.0161 119.934
484986 8105 19.9029 83.7563
557892 9178 23.2444 108.048
721122 11572 30.7839 155.502
640144 10328 27.4306 1515.89
636015 10204 27.8664 67.2667
698683 10980 30.0582 35.1123
724192 11493 31.2358 35.4878
630549 10027 28.2033 30.5004
649674 10060 29.3096 30.5767
585903 9112 25.9331 27.5429
503828 7900 21.3506 23.8656
599071 9728 26.3286 28.4321
548863 8913 23.3411 25.5533
564007 8762 23.7738 27.6244
398179 7278 16.1906 16.784
516411 8271 22.6916 24.997
615224 10454 25.7175 29.8974
410323 7154 16.1792 16.4468
593620 9657 25.5729 27.9177
454596 8037 17.3763 20.95
434680 7265 18.1733 18.646
671489 10742 29.228 32.6924
474366 7951 18.9234 20.8266
441074 7931 17.9279 18.8943
549980 9305 23.261 27.118
592253 9723 24.8945 29.2806
349864 6170 13.9529 13.8349
356296 6606 12.4743 14.4093
494784 8014 21.4076 23.4394
396940 7104 14.5318 15.4761
601786 10251 25.6955 28.481
623808 10279 27.0161 29.0102
484986 8105 19.9029 21.363
557892 9178 23.2444 25.6792
721122 11572 30.7839 35.2597
640144 10328 27.4306 30.9653
636015 10204 27.8664 30.9235
486991 8318 20.0545 21.0076
711745 11172 30.5158 35.2753
644991 10580 26.781 30.8222
640591 10977 27.0762 30.6996
608359 10123 26.312 29.1177
606619 10047 26.0382 30.2447
592340 9868 25.0341 27.552
604826 9849 24.5979 28.6562
658365 10738 27.238 33.2897
709232 11433 29.8171 34.9908
607262 9857 26.3305 29.9294
540080 9132 23.5577 25.9108
609067 10229 24.7517 28.3826
452610 8164 17.2323 18.8285
448658 7744 18.6545 19.695
619775 10096 26.1648 29.9438
667680 11115 26.7286 31.7221
547003 8920 23.6864 25.1404
630680 10496 27.1504 31.4169
411749 7341 15.6991 17.1035
475897 8319 20.1876 20.9664
549788 8981 23.6624 25.1341
567017 9352 23.5957 27.569
543227 9031 21.8958 24.1199
493204 8383 20.8904 22.5378
492276 8419 19.2155 20.786
545100 8852 22.549 25.7264
600266 9783 25.6117 28.3837
648616 10865 27.174 31.1068
753783 11635 32.5378 38.2377
770704 12199 34.2461 40.2827
577399 9649 24.3779 28.6763
443220 7458 17.6953 19.822
542219 9282 22.8003 24.6734
510567 9149 19.2095 21.8481
561267 8742 24.1488 26.2508
416316 7369 16.7578 17.5229
412123 7241 15.9814 17.9655
500699 8347 21.7669 23.9527
779337 12039 34.2615 40.5457
365899 6466 14.4607 15.716
451434 8078 17.3207 18.0395
730435 11512 31.6976 37.3363
660899 10876 28.4442 33.325
710252 11736 30.8387 36.6123
673969 11394 28.8844 34.1536
776858 12306 34.4656 41.3018
698683 10980 30.0582 94.4655
724192 11493 31.2358 95.0508
630549 10027 28.2033 80.7098
649674 10060 29.3096 83.0014
585903 9112 25.9331 71.8913
503828 7900 21.3506 56.9191
599071 9728 26.3286 72.651
548863 8913 23.3411 65.1415
564007 8762 23.7738 72.0582
398179 7278 16.1906 40.1734
516411 8271 22.6916 61.5109
615224 10454 25.7175 80.4336
410323 7154 16.1792 39.6538
593620 9657 25.5729 72.2165
454596 8037 17.3763 51.4833
434680 7265 18.1733 46.3387
671489 10742 29.228 86.4742
474366 7951 18.9234 50.1992
441074 7931 17.9279 46.663
549980 9305 23.261 67.9877
592253 9723 24.8945 76.995
349864 6170 13.9529 31.1905
356296 6606 12.4743 32.8055
494784 8014 21.4076 58.7842
396940 7104 14.5318 36.1568
601786 10251 25.6955 73.0796
623808 10279 27.0161 76.7589
484986 8105 19.9029 52.4536
557892 9178 23.2444 68.0458
721122 11572 30.7839 96.0225
640144 10328 27.4306 80.4756
636015 10204 27.8664 81.0704
486991 8318 20.0545 51.9184
711745 11172 30.5158 93.2578
644991 10580 26.781 76.8829
640591 10977 27.0762 78.9559
608359 10123 26.312 74.8309
606619 10047 26.0382 77.3129
592340 9868 25.0341 71.9574
604826 9849 24.5979 71.512
658365 10738 27.238 82.7911
709232 11433 29.8171 95.1365
607262 9857 26.3305 76.4905
540080 9132 23.5577 65.3878
609067 10229 24.7517 75.2641
452610 8164 17.2323 44.8091
448658 7744 18.6545 51.1762
619775 10096 26.1648 78.5682
667680 11115 26.7286 86.7425
547003 8920 23.6864 67.07
630680 10496 27.1504 79.4076
411749 7341 15.6991 40.7695
475897 8319 20.1876 51.5992
549788 8981 23.6624 65.5259
567017 9352 23.5957 65.9133
543227 9031 21.8958 58.6707
493204 8383 20.8904 55.942
492276 8419 19.2155 50.4422
545100 8852 22.549 62.3228
600266 9783 25.6117 73.6101
648616 10865 27.174 81.2598
753783 11635 32.5378 101.735
770704 12199 34.2461 107.511
577399 9649 24.3779 71.3396
443220 7458 17.6953 47.5802
542219 9282 22.8003 64.2295
510567 9149 19.2095 55.0416
561267 8742 24.1488 68.4475
416316 7369 16.7578 42.3916
412123 7241 15.9814 40.2567
500699 8347 21.7669 62.8894
779337 12039 34.2615 108.454
365899 6466 14.4607 34.3353
451434 8078 17.3207 45.6634
730435 11512 31.6976 99.8328
660899 10876 28.4442 84.5521
710252 11736 30.8387 94.7714
673969 11394 28.8844 86.2981
776858 12306 34.4656 107.514
628409 10956 14.857 0.919465
536942 10372 22.0118 1.1487
555420 10269 22.1146 1.32674
554155 10209 11.4782 0.684829
526012 9538 19.9617 0.674912
545801 9796 9.11599 0.583767
504674 9033 7.5106 0.521473
523629 9478 7.92131 1.24314
523173 9612 23.4191 1.10605
616680 10896 28.1871 1.52671
518494 9260 23.007 1.07662
462484 9046 17.2485 0.521896
560430 10195 8.27616 0.578026
458473 9287 8.36263 0.777467
547806 10353 9.64411 0.618964
580150 10604 9.16536 0.661764
514036 9596 8.0238 0.568703
502669 10297 10.7621 0.594711
535120 9820 8.1292 0.786539
535196 10211 8.50144 0.58874
572348 10308 8.67415 0.700665
506191 10130 7.36194 0.536519
511456 9641 7.59374 0.669983
442011 8791 11.9206 0.552362
466377 8688 7.75245 0.512516
484949 8826 6.99597 0.497008
472924 8380 7.03824 0.494114
512346 9811 7.50095 0.578414
574968 11041 9.93288 0.611994
570567 10250 8.59709 0.647519
530186 9770 14.311 0.595108
568957 10430 9.71464 1.13726
560999 9946 12.0748 0.615461
572563 9978 11.3385 0.607098
510976 9180 13.6139 0.557184
659824 11016 16.6162 0.82618
555029 10171 12.2166 0.606295
541854 10408 8.00374 0.557824
535636 10346 7.98096 0.580274
510649 10043 13.6144 0.622379
550674 10335 8.56424 0.631255
325795 5519 10.2019 0.398674
462857 8417 9.34846 0.606487
562096 9728 22.9282 1.22582
499209 8741 17.2704 0.971177
502466 9109 11.8671 0.775538
567234 9400 10.1622 0.699867
466994 8598 6.68141 0.493931
430604 7829 6.25893 0.517518
465347 8133 11.5658 0.979
437366 7939 15.3722 0.94326
518434 9259 18.713 0.856313
509779 9087 17.1779 1.08744
476066 8497 17.3167 1.19005
442558 7911 16.9899 1.03308
415407 7501 9.23078 0.516895
415933 7786 14.8013 0.548402
576413 9761 20.5968 1.225
481972 8743 6.90949 0.524245
528352 9028 9.07745 0.692332
499563 9080 9.88303 0.549774
488447 8551 8.88938 1.19275
501947 8903 8.09628 0.552719
457596 8011 6.6967 0.499782
468482 8451 6.83624 0.853367
485223 8815 15.83 0.899341
485361 8375 13.9822 0.540724
507680 8795 19.8139 0.806883
480487 8727 6.77706 0.543456
571929 10064 18.0213 0.683573
522178 8530 18.8567 0.895113
495607 9080 11.1369 0.572725
474582 8488 17.6727 1.05571
502605 8772 14.3644 1.08494
467594 8622 10.9532 0.999906
492110 8491 9.643 0.780516
446818 7885 8.79001 0.593681
472148 8496 16.2091 1.03567
514395 8980 9.19808 0.789175
472286 8202 14.2647 0.878035
500004 8910 20.5861 1.25046
452901 8360 19.0949 0.980696
561052 9448 24.9439 1.22186
413635 7797 17.1505 0.886754
476782 8406 17.8489 0.550494
453507 8371 6.50058 0.516822
446360 8326 15.3256 1.00442
459467 8665 6.66502 0.553753
628409 10956 14.857 34.1287
536942 10372 22.0118 17.8233
555420 10269 22.1146 23.484
554155 10209 11.4782 34.3871
526012 9538 19.9617 14.3912
545801 9796 9.11599 34.615
504674 9033 7.5106 14.5079
523629 9478 7.92131 37.5003
523173 9612 23.4191 23.4692
616680 10896 28.1871 25.3525
518494 9260 23.007 16.625
462484 9046 17.2485 14.1878
560430 10195 8.27616 35.0508
458473 9287 8.36263 28.9852
547806 10353 9.64411 21.4084
580150 10604 9.16536 18.8035
514036 9596 8.0238 16.7051
502669 10297 10.7621 33.8568
535120 9820 8.1292 41.8474
535196 10211 8.50144 22.4127
572348 10308 8.67415 29.6711
506191 10130 7.36194 15.7364
511456 9641 7.59374 18.7867
442011 8791 11.9206 21.6032
466377 8688 7.75245 34.1782
484949 8826 6.99597 45.7405
472924 8380 7.03824 46.2817
512346 9811 7.50095 45.5475
574968 11041 9.93288 52.6982
570567 10250 8.59709 57.885
530186 9770 14.311 49.0037
568957 10430 9.71464 56.8427
560999 9946 12.0748 54.2244
572563 9978 11.3385 57.6016
510976 9180 13.6139 17.6143
659824 11016 16.6162 74.5088
555029 10171 12.2166 46.3105
541854 10408 8.00374 37.8349
535636 10346 7.98096 35.9826
510649 10043 13.6144 39.1137
550674 10335 8.56424 50.3649
325795 5519 10.2019 6.15667
462857 8417 9.34846 47.9782
562096 9728 22.9282 65.7679
499209 8741 17.2704 46.1549
502466 9109 11.8671 40.3908
567234 9400 10.1622 51.5363
466994 8598 6.68141 36.407
430604 7829 6.25893 36.7971
465347 8133 11.5658 40.0587
437366 7939 15.3722 37.3745
518434 9259 18.713 43.3001
509779 9087 17.1779 47.3665
476066 8497 17.3167 46.8156
442558 7911 16.9899 40.4249
415407 7501 9.23078 41.8972
415933 7786 14.8013 40.9905
576413 9761 20.5968 68.2176
481972 8743 6.90949 48.22
528352 9028 9.07745 57.7036
499563 9080 9.88303 50.149
488447 8551 8.88938 44.8208
501947 8903 8.09628 33.4003
457596 8011 6.6967 19.7526
468482 8451 6.83624 21.2829
485223 8815 15.83 30.4532
485361 8375 13.9822 30.156
507680 8795 19.8139 44.3678
480487 8727 6.77706 40.511
571929 10064 18.0213 58.6064
522178 8530 18.8567 53.6556
495607 9080 11.1369 41.6428
474582 8488 17.6727 38.4009
502605 8772 14.3644 46.2547
467594 8622 10.9532 32.6878
492110 8491 9.643 19.1406
446818 7885 8.79001 16.9102
472148 8496 16.2091 28.3023
514395 8980 9.19808 23.4593
472286 8202 14.2647 33.9489
500004 8910 20.5861 26.9237
452901 8360 19.0949 20.7566
561052 9448 24.9439 24.685
413635 7797 17.1505 15.1551
476782 8406 17.8489 16.9458
453507 8371 6.50058 26.9842
446360 8326 15.3256 41.2665
459467 8665 6.66502 23.96
628409 10956 14.857 0.895621
536942 10372 22.0118 2.33907
555420 10269 22.1146 2.76171
554155 10209 11.4782 2.09733
526012 9538 19.9617 1.38465
545801 9796 9.11599 1.43946
504674 9033 7.5106 1.42764
523629 9478 7.92131 0.822028
523173 9612 23.4191 1.46867
616680 10896 28.1871 2.27045
518494 9260 23.007 1.34237
462484 9046 17.2485 1.13398
560430 10195 8.27616 1.96807
458473 9287 8.36263 0.977886
547806 10353 9.64411 0.663461
580150 10604 9.16536 0.844899
514036 9596 8.0238 0.606652
502669 10297 10.7621 0.591715
535120 9820 8.1292 1.84618
535196 10211 8.50144 1.62945
572348 10308 8.67415 0.838302
506191 10130 7.36194 0.610975
511456 9641 7.59374 0.63553
442011 8791 11.9206 0.627072
466377 8688 7.75245 1.04704
484949 8826 6.99597 0.739892
472924 8380 7.03824 1.08043
512346 9811 7.50095 0.721786
574968 11041 9.93288 0.713742
570567 10250 8.59709 0.777843
530186 9770 14.311 1.23911
568957 10430 9.71464 0.777531
560999 9946 12.0748 1.91575
572563 9978 11.3385 1.50852
510976 9180 13.6139 1.44101
659824 11016 16.6162 2.03068
555029 10171 12.2166 0.794782
541854 10408 8.00374 1.58607
535636 10346 7.98096 1.60122
510649 10043 13.6144 1.00509
550674 10335 8.56424 0.830078
325795 5519 10.2019 0.323409
462857 8417 9.34846 0.92357
562096 9728 22.9282 1.4026
499209 8741 17.2704 1.26202
502466 9109 11.8671 1.48133
567234 9400 10.1622 1.41993
466994 8598 6.68141 1.16306
430604 7829 6.25893 1.23141
465347 8133 11.5658 1.11232
437366 7939 15.3722 1.07677
518434 9259 18.713 1.2745
509779 9087 17.1779 1.38559
476066 8497 17.3167 1.18685
442558 7911 16.9899 1.2161
415407 7501 9.23078 1.02024
415933 7786 14.8013 1.03508
576413 9761 20.5968 1.62153
481972 8743 6.90949 1.19257
528352 9028 9.07745 1.43577
499563 9080 9.88303 1.2345
488447 8551 8.88938 0.722271
501947 8903 8.09628 0.721732
457596 8011 6.6967 1.10241
468482 8451 6.83624 1.30275
485223 8815 15.83 1.23301
485361 8375 13.9822 1.35301
507680 8795 19.8139 1.27188
480487 8727 6.77706 1.38154
571929 10064 18.0213 1.41642
522178 8530 18.8567 0.805016
495607 9080 11.1369 1.43863
474582 8488 17.6727 1.19234
502605 8772 14.3644 1.39312
467594 8622 10.9532 1.19518
492110 8491 9.643 1.3774
446818 7885 8.79001 1.06583
472148 8496 16.2091 1.35779
514395 8980 9.19808 1.4346
472286 8202 14.2647 1.16012
500004 8910 20.5861 1.46515
452901 8360 19.0949 1.15649
561052 9448 24.9439 1.63524
413635 7797 17.1505 1.17961
476782 8406 17.8489 1.24014
453507 8371 6.50058 1.26908
446360 8326 15.3256 1.22384
459467 8665 6.66502 1.12197
628409 10956 14.857 9.59741
536942 10372 22.0118 8.06497
555420 10269 22.1146 10.16
554155 10209 11.4782 8.31661
526012 9538 19.9617 7.88775
545801 9796 9.11599 8.11469
504674 9033 7.5106 9.43671
523629 9478 7.92131 11.6941
523173 9612 23.4191 8.1606
616680 10896 28.1871 11.5604
518494 9260 23.007 10.0263
462484 9046 17.2485 8.89823
560430 10195 8.27616 11.1874
458473 9287 8.36263 8.55921
547806 10353 9.64411 10.9781
580150 10604 9.16536 10.1432
514036 9596 8.0238 9.14401
502669 10297 10.7621 7.54992
535120 9820 8.1292 12.1182
535196 10211 8.50144 10.7812
572348 10308 8.67415 11.7679
506191 10130 7.36194 8.73195
511456 9641 7.59374 9.70218
442011 8791 11.9206 7.284
466377 8688 7.75245 6.06009
484949 8826 6.99597 6.6543
472924 8380 7.03824 6.87952
512346 9811 7.50095 6.79263
574968 11041 9.93288 8.05989
570567 10250 8.59709 8.78739
530186 9770 14.311 7.23126
568957 10430 9.71464 8.06245
560999 9946 12.0748 8.44877
572563 9978 11.3385 8.08682
510976 9180 13.6139 7.25703
659824 11016 16.6162 10.6369
555029 10171 12.2166 7.35455
541854 10408 8.00374 7.042
535636 10346 7.98096 7.25917
510649 10043 13.6144 6.74255
550674 10335 8.56424 7.94042
325795 5519 10.2019 2.17745
462857 8417 9.34846 6.65561
562096 9728 22.9282 9.05533
499209 8741 17.2704 7.6416
502466 9109 11.8671 7.14243
567234 9400 10.1622 9.38484
466994 8598 6.68141 6.80827
430604 7829 6.25893 7.97304
465347 8133 11.5658 9.08008
437366 7939 15.3722 8.28081
518434 9259 18.713 10.6154
509779 9087 17.1779 9.82953
476066 8497 17.3167 8.04793
442558 7911 16.9899 6.61568
415407 7501 9.23078 5.93038
415933 7786 14.8013 5.60696
576413 9761 20.5968 8.76303
481972 8743 6.90949 6.77284
528352 9028 9.07745 7.72154
499563 9080 9.88303 6.86085
488447 8551 8.88938 7.4572
501947 8903 8.09628 6.99932
457596 8011 6.6967 6.64609
468482 8451 6.83624 6.71132
485223 8815 15.83 6.71439
485361 8375 13.9822 7.09109
507680 8795 19.8139 7.123
480487 8727 6.77706 7.05707
571929 10064 18.0213 8.69598
522178 8530 18.8567 7.80558
495607 9080 11.1369 7.86111
474582 8488 17.6727 6.26794
502605 8772 14.3644 6.99733
467594 8622 10.9532 7.33378
492110 8491 9.643 6.83645
446818 7885 8.79001 821.6
472148 8496 16.2091 17.4605
514395 8980 9.19808 19.9299
472286 8202 14.2647 14.3898
500004 8910 20.5861 16.1786
452901 8360 19.0949 17.0893
561052 9448 24.9439 23.2745
413635 7797 17.1505 17.7229
476782 8406 17.8489 18.8054
453507 8371 6.50058 16.2503
446360 8326 15.3256 16.8028
459467 8665 6.66502 17.5775
628409 10956 14.857 9.59741
536942 10372 22.0118 8.06497
555420 10269 22.1146 10.16
554155 10209 11.4782 8.31661
526012 9538 19.9617 7.88775
545801 9796 9.11599 8.11469
504674 9033 7.5106 9.43671
523629 9478 7.92131 11.6941
523173 9612 23.4191 8.1606
616680 10896 28.1871 11.5604
518494 9260 23.007 10.0263
462484 9046 17.2485 8.89823
560430 10195 8.27616 11.1874
458473 9287 8.36263 8.55921
547806 10353 9.64411 10.9781
580150 10604 9.16536 10.1432
514036 9596 8.0238 9.14401
502669 10297 10.7621 7.54992
535120 9820 8.1292 12.1182
535196 10211 8.50144 10.7812
572348 10308 8.67415 11.7679
506191 10130 7.36194 8.73195
511456 9641 7.59374 9.70218
442011 8791 11.9206 7.284
466377 8688 7.75245 6.06009
484949 8826 6.99597 6.6543
472924 8380 7.03824 6.87952
512346 9811 7.50095 6.79263
574968 11041 9.93288 8.05989
570567 10250 8.59709 8.78739
530186 9770 14.311 7.23126
568957 10430 9.71464 8.06245
560999 9946 12.0748 8.44877
572563 9978 11.3385 8.08682
510976 9180 13.6139 7.25703
659824 11016 16.6162 10.6369
555029 10171 12.2166 7.35455
541854 10408 8.00374 7.042
535636 10346 7.98096 7.25917
510649 10043 13.6144 6.74255
550674 10335 8.56424 7.94042
325795 5519 10.2019 2.17745
462857 8417 9.34846 6.65561
562096 9728 22.9282 9.05533
499209 8741 17.2704 7.6416
502466 9109 11.8671 7.14243
567234 9400 10.1622 9.38484
466994 8598 6.68141 6.80827
430604 7829 6.25893 7.97304
465347 8133 11.5658 9.08008
437366 7939 15.3722 8.28081
518434 9259 18.713 10.6154
509779 9087 17.1779 9.82953
476066 8497 17.3167 8.04793
442558 7911 16.9899 6.61568
415407 7501 9.23078 5.93038
415933 7786 14.8013 5.60696
576413 9761 20.5968 8.76303
481972 8743 6.90949 6.77284
528352 9028 9.07745 7.72154
499563 9080 9.88303 6.86085
488447 8551 8.88938 7.4572
501947 8903 8.09628 6.99932
457596 8011 6.6967 6.64609
468482 8451 6.83624 6.71132
485223 8815 15.83 6.71439
485361 8375 13.9822 7.09109
507680 8795 19.8139 7.123
480487 8727 6.77706 7.05707
571929 10064 18.0213 8.69598
522178 8530 18.8567 7.80558
495607 9080 11.1369 7.86111
474582 8488 17.6727 6.26794
502605 8772 14.3644 6.99733
467594 8622 10.9532 7.33378
492110 8491 9.643 6.83645
446818 7885 8.79001 16.6833
472148 8496 16.2091 17.4605
514395 8980 9.19808 19.9299
472286 8202 14.2647 14.3898
500004 8910 20.5861 16.1786
452901 8360 19.0949 17.0893
561052 9448 24.9439 23.2745
413635 7797 17.1505 17.7229
476782 8406 17.8489 18.8054
453507 8371 6.50058 16.2503
446360 8326 15.3256 16.8028
459467 8665 6.66502 17.5775
628409 10956 14.857 99.2489
536942 10372 22.0118 83.9249
555420 10269 22.1146 77.1479
554155 10209 11.4782 81.9677
526012 9538 19.9617 68.7446
545801 9796 9.11599 84.398
504674 9033 7.5106 81.1865
523629 9478 7.92131 77.3794
523173 9612 23.4191 71.7358
616680 10896 28.1871 98.7182
518494 9260 23.007 80.5047
462484 9046 17.2485 70.272
560430 10195 8.27616 96.5471
458473 9287 8.36263 70.8475
547806 10353 9.64411 86.6973
580150 10604 9.16536 83.9561
514036 9596 8.0238 72.0327
502669 10297 10.7621 63.3867
535120 9820 8.1292 78.95
535196 10211 8.50144 72.8044
572348 10308 8.67415 98.1387
506191 10130 7.36194 65.9364
511456 9641 7.59374 80.7871
442011 8791 11.9206 62.3271
466377 8688 7.75245 68.9696
484949 8826 6.99597 79.4188
472924 8380 7.03824 80.4607
512346 9811 7.50095 75.8862
574968 11041 9.93288 84.382
570567 10250 8.59709 92.5077
530186 9770 14.311 80.7213
568957 10430 9.71464 93.9299
560999 9946 12.0748 90.0206
572563 9978 11.3385 92.7242
510976 9180 13.6139 79.4654
659824 11016 16.6162 123.644
555029 10171 12.2166 80.6547
541854 10408 8.00374 75.2986
535636 10346 7.98096 71.4345
510649 10043 13.6144 68.307
550674 10335 8.56424 81.3536
325795 5519 10.2019 9.68147
462857 8417 9.34846 77.1106
562096 9728 22.9282 105.182
499209 8741 17.2704 85.1461
502466 9109 11.8671 71.074
567234 9400 10.1622 93.8944
466994 8598 6.68141 70.4891
430604 7829 6.25893 69.1817
465347 8133 11.5658 67.722
437366 7939 15.3722 68.8143
518434 9259 18.713 73.1051
509779 9087 17.1779 72.8999
476066 8497 17.3167 72.9627
442558 7911 16.9899 67.7421
415407 7501 9.23078 66.2067
415933 7786 14.8013 61.3213
576413 9761 20.5968 107.437
481972 8743 6.90949 72.3152
528352 9028 9.07745 84.4733
499563 9080 9.88303 74.1837
488447 8551 8.88938 68.3329
501947 8903 8.09628 75.2297
457596 8011 6.6967 58.1707
468482 8451 6.83624 69.7933
485223 8815 15.83 72.041
485361 8375 13.9822 69.8053
507680 8795 19.8139 75.4828
480487 8727 6.77706 75.6603
571929 10064 18.0213 102.337
522178 8530 18.8567 96.5129
495607 9080 11.1369 87.9827
474582 8488 17.6727 77.8986
502605 8772 14.3644 91.2587
467594 8622 10.9532 82.3164
492110 8491 9.643 84.7218
446818 7885 8.79001 79.9949
472148 8496 16.2091 82.0447
514395 8980 9.19808 92.4916
472286 8202 14.2647 88.6652
500004 8910 20.5861 88.1804
452901 8360 19.0949 77.1787
561052 9448 24.9439 118.255
413635 7797 17.1505 64.0682
476782 8406 17.8489 86.6804
453507 8371 6.50058 78.5196
446360 8326 15.3256 71.6924
459467 8665 6.66502 70.0071
631220 0 0 2.03642
689862 0 0 2.25382
471208 0 0 0.940148
756021 0 0 1.8192
520946 0 0 1.26861
394377 0 0 0.720421
529281 0 0 1.50274
781078 0 0 2.23567
588086 0 0 1.64434
559676 0 0 1.55623
538153 0 0 1.7073
489696 0 0 1.65461
484734 0 0 1.14444
572295 0 0 1.66642
506993 0 0 1.22826
517393 0 0 1.54213
495059 0 0 1.03777
562785 0 0 1.552
522551 0 0 1.64307
540330 0 0 1.24956
644654 11106 15.3502 1.73964
502831 9710 10.4016 1.68389
388085 7235 7.45159 1.23335
398135 7432 7.81495 1.30743
687786 11491 14.8705 2.22261
453986 8860 8.63866 1.52829
749388 13279 15.4118 2.40769
525683 9495 11.3952 0.938668
596541 10150 13.4207 1.52268
584697 10455 19.6819 1.77924
425328 7868 17.771 1.38514
695984 11489 28.7531 2.22183
535098 9882 16.8085 1.13769
532938 8926 19.523 1.78054
567120 9756 14.5735 1.91755
618759 11091 19.6855 2.15038
756571 12711 24.7576 1.85883
531480 10151 11.3104 1.18083
604618 11038 13.1558 2.30021
342689 5685 7.62114 0.961895
461636 8279 9.23277 1.19231
453589 8178 9.13384 1.08063
428687 7627 8.61479 0.844952
503250 8867 10.2728 1.2829
553410 9165 11.495 2.5386
426734 7622 8.25275 1.31098
608528 9922 13.2509 2.18155
393581 6899 8.4204 1.06459
396450 7265 8.01001 0.768418
474955 8288 9.42449 0.905954
506301 8623 10.7491 0.989014
410479 7283 8.2145 0.68802
393952 6837 8.10497 0.626378
410924 7435 8.2216 0.664302
426365 7380 8.68252 0.688067
542280 9278 11.2837 0.929777
387760 6852 7.7289 0.606672
562437 9221 12.1564 0.971287
430441 7550 8.6859 0.692962
393951 6870 7.77224 0.636808
580243 9537 12.4527 0.993737
567017 9352 11.9957 0.924576
575823 9653 12.1514 1.05618
398650 7509 7.86981 0.628671
395736 6866 7.85369 0.611563
680739 10611 14.888 1.11977
751493 11956 16.2074 1.36863
588531 10326 12.1504 0.986607
477520 7756 9.97216 0.75978
441831 7904 9.91207 0.710826
542825 8933 17.4459 0.925657
533653 9085 17.5417 0.962613
642888 10858 21.0144 1.15964
523470 9018 22.9404 0.89025
434472 7425 15.5607 0.68233
416316 7369 12.9793 0.663435
445228 7858 11.5251 0.709562
445087 7694 17.2032 0.724127
419359 7446 17.1809 0.669835
332057 5938 12.9941 0.543601
574002 9791 23.019 1.05926
392606 7383 14.2733 0.656119
514713 8584 20.3778 0.864171
423724 7940 16.7275 0.680998
388893 7191 14.6464 0.633456
570755 9931 21.0164 1.0059
631220 0 0 55.2266
689862 0 0 54.5436
471208 0 0 29.5569
756021 0 0 69.1848
520946 0 0 36.0665
394377 0 0 24.2684
529281 0 0 36.9499
781078 0 0 68.045
588086 0 0 46.6806
559676 0 0 49.9033
538153 0 0 41.3809
489696 0 0 38.0569
484734 0 0 33.2607
572295 0 0 45.3216
506993 0 0 33.7063
517393 0 0 36.2193
495059 0 0 37.6285
562785 0 0 41.1607
522551 0 0 39.3272
540330 0 0 41.9679
644654 11106 15.3502 63.1567
502831 9710 10.4016 39.4291
388085 7235 7.45159 25.5855
398135 7432 7.81495 28.2775
687786 11491 14.8705 75.2897
453986 8860 8.63866 33.3414
749388 13279 15.4118 68.02
525683 9495 11.3952 38.1908
596541 10150 13.4207 52.8213
584697 10455 19.6819 51.0358
425328 7868 17.771 28.576
695984 11489 28.7531 68.035
535098 9882 16.8085 44.7209
532938 8926 19.523 47.3762
567120 9756 14.5735 45.1015
618759 11091 19.6855 51.1085
756571 12711 24.7576 69.4674
531480 10151 11.3104 39.255
604618 11038 13.1558 49.6173
342689 5685 7.62114 5.14449
461636 8279 9.23277 38.025
453589 8178 9.13384 37.1298
428687 7627 8.61479 32.8704
503250 8867 10.2728 43.5822
553410 9165 11.495 51.6299
426734 7622 8.25275 33.4938
608528 9922 13.2509 61.8552
393581 6899 8.4204 31.1561
396450 7265 8.01001 30.3866
474955 8288 9.42449 38.6862
506301 8623 10.7491 42.2968
410479 7283 8.2145 32.9636
393952 6837 8.10497 32.2
410924 7435 8.2216 32.681
426365 7380 8.68252 36.5199
542280 9278 11.2837 50.1275
387760 6852 7.7289 29.8173
562437 9221 12.1564 52.6379
430441 7550 8.6859 34.7162
393951 6870 7.77224 30.457
580243 9537 12.4527 57.5862
567017 9352 11.9957 50.1796
575823 9653 12.1514 54.0332
398650 7509 7.86981 29.9704
395736 6866 7.85369 28.8659
680739 10611 14.888 68.9773
751493 11956 16.2074 81.0751
588531 10326 12.1504 51.4144
477520 7756 9.97216 42.8524
441831 7904 9.91207 36.7761
542825 8933 17.4459 54.4847
533653 9085 17.5417 50.2175
642888 10858 21.0144 64.3984
523470 9018 22.9404 50.6586
434472 7425 15.5607 35.0341
416316 7369 12.9793 33.9577
445228 7858 11.5251 35.0943
445087 7694 17.2032 42.285
419359 7446 17.1809 34.7385
332057 5938 12.9941 26.7627
574002 9791 23.019 58.0971
392606 7383 14.2733 30.1622
514713 8584 20.3778 52.3369
423724 7940 16.7275 34.4459
388893 7191 14.6464 32.5633
570755 9931 21.0164 64.2703
631220 0 0 33.5206
689862 0 0 34.4799
471208 0 0 18.3847
756021 0 0 42.126
520946 0 0 22.5527
394377 0 0 15.5261
529281 0 0 23.0642
781078 0 0 44.2237
588086 0 0 29.8088
559676 0 0 31.2821
538153 0 0 26.3582
489696 0 0 23.9684
484734 0 0 21.0287
572295 0 0 28.2993
506993 0 0 23.2848
517393 0 0 25.3945
495059 0 0 27.7274
562785 0 0 31.2391
522551 0 0 29.2744
540330 0 0 30.2875
644654 11106 15.3502 40.5126
502831 9710 10.4016 29.1352
388085 7235 7.45159 20.1276
398135 7432 7.81495 24.7098
687786 11491 14.8705 48.9869
453986 8860 8.63866 18.8317
749388 13279 15.4118 43.272
525683 9495 11.3952 24.2646
596541 10150 13.4207 33.6135
584697 10455 19.6819 32.1777
425328 7868 17.771 17.9784
695984 11489 28.7531 42.8243
535098 9882 16.8085 26.028
532938 8926 19.523 28.3803
567120 9756 14.5735 29.362
618759 11091 19.6855 33.6852
756571 12711 24.7576 43.9505
531480 10151 11.3104 25.1033
604618 11038 13.1558 36.0039
342689 5685 7.62114 4.09877
461636 8279 9.23277 28.568
453589 8178 9.13384 25.8897
428687 7627 8.61479 21.062
503250 8867 10.2728 26.7944
553410 9165 11.495 32.7267
426734 7622 8.25275 21.2573
608528 9922 13.2509 37.3702
393581 6899 8.4204 19.8291
396450 7265 8.01001 27.4402
474955 8288 9.42449 31.1312
506301 8623 10.7491 27.0066
410479 7283 8.2145 19.1061
393952 6837 8.10497 25.4452
410924 7435 8.2216 34.2526
426365 7380 8.68252 22.6196
542280 9278 11.2837 61.0986
387760 6852 7.7289 25.6642
562437 9221 12.1564 51.6707
430441 7550 8.6859 47.2261
393951 6870 7.77224 41.7757
580243 9537 12.4527 72.5669
567017 9352 11.9957 56.9017
575823 9653 12.1514 49.7503
398650 7509 7.86981 31.3284
395736 6866 7.85369 33.5081
680739 10611 14.888 79.4732
751493 11956 16.2074 52.3552
588531 10326 12.1504 37.3946
477520 7756 9.97216 57.5703
441831 7904 9.91207 40.0119
542825 8933 17.4459 59.8361
533653 9085 17.5417 51.8023
642888 10858 21.0144 66.7504
523470 9018 22.9404 49.5625
434472 7425 15.5607 21.9904
416316 7369 12.9793 21.1422
445228 7858 11.5251 22.0798
445087 7694 17.2032 42.9071
419359 7446 17.1809 34.5228
332057 5938 12.9941 23.2218
574002 9791 23.019 69.9096
392606 7383 14.2733 43.5038
514713 8584 20.3778 45.0405
423724 7940 16.7275 34.4491
388893 7191 14.6464 31.6161
570755 9931 21.0164 57.0092
631220 0 0 15.5909
689862 0 0 14.8167
471208 0 0 9.26751
756021 0 0 17.1095
520946 0 0 9.68473
394377 0 0 6.8921
529281 0 0 11.2444
781078 0 0 17.1005
588086 0 0 11.9444
559676 0 0 12.0015
538153 0 0 11.0311
489696 0 0 9.50809
484734 0 0 9.54235
572295 0 0 13.0917
506993 0 0 9.09364
517393 0 0 10.7792
495059 0 0 9.25412
562785 0 0 10.8493
522551 0 0 10.1407
540330 0 0 11.5382
644654 11106 15.3502 14.1339
502831 9710 10.4016 21.5516
388085 7235 7.45159 19.6859
398135 7432 7.81495 21.9884
687786 11491 14.8705 31.0447
453986 8860 8.63866 10.5276
749388 13279 15.4118 16.9697
525683 9495 11.3952 10.0685
596541 10150 13.4207 12.8257
584697 10455 19.6819 12.6496
425328 7868 17.771 7.58503
695984 11489 28.7531 15.2578
535098 9882 16.8085 10.4654
532938 8926 19.523 11.0635
567120 9756 14.5735 11.6634
618759 11091 19.6855 13.2274
756571 12711 24.7576 16.4775
531480 10151 11.3104 10.2035
604618 11038 13.1558 12.6174
342689 5685 7.62114 2.78734
461636 8279 9.23277 8.94272
453589 8178 9.13384 8.90026
428687 7627 8.61479 8.03679
503250 8867 10.2728 9.85723
553410 9165 11.495 12.1127
426734 7622 8.25275 8.20661
608528 9922 13.2509 13.6328
393581 6899 8.4204 7.66366
396450 7265 8.01001 7.57294
474955 8288 9.42449 11.1283
506301 8623 10.7491 12.1471
410479 7283 8.2145 8.30043
393952 6837 8.10497 7.98144
410924 7435 8.2216 8.83151
426365 7380 8.68252 9.09839
542280 9278 11.2837 11.6353
387760 6852 7.7289 7.65265
562437 9221 12.1564 12.1554
430441 7550 8.6859 8.54566
393951 6870 7.77224 7.943
580243 9537 12.4527 12.916
567017 9352 11.9957 13.0057
575823 9653 12.1514 13.1166
398650 7509 7.86981 7.59683
395736 6866 7.85369 7.53596
680739 10611 14.888 15.6761
751493 11956 16.2074 18.0039
588531 10326 12.1504 12.2987
477520 7756 9.97216 10.1642
441831 7904 9.91207 9.19661
542825 8933 17.4459 12.2328
533653 9085 17.5417 11.6278
642888 10858 21.0144 14.1668
523470 9018 22.9404 11.3803
434472 7425 15.5607 8.85879
416316 7369 12.9793 9.44492
445228 7858 11.5251 8.60901
445087 7694 17.2032 10.0333
419359 7446 17.1809 9.03835
332057 5938 12.9941 8.22278
574002 9791 23.019 13.2662
392606 7383 14.2733 8.9361
514713 8584 20.3778 11.5084
423724 7940 16.7275 8.84496
388893 7191 14.6464 8.55761
570755 9931 21.0164 13.2741
631220 0 0 1.80937
689862 0 0 1.85536
471208 0 0 1.31205
756021 0 0 1.95968
520946 0 0 1.46117
394377 0 0 0.860093
529281 0 0 0.984083
781078 0 0 2.1426
588086 0 0 1.42605
559676 0 0 1.87044
538153 0 0 1.94869
489696 0 0 1.69447
484734 0 0 1.21978
572295 0 0 1.5942
506993 0 0 1.48912
517393 0 0 1.58023
495059 0 0 1.44817
562785 0 0 1.1888
522551 0 0 1.11608
540330 0 0 1.08401
644654 11106 15.3502 0.974153
502831 9710 10.4016 0.730851
388085 7235 7.45159 0.5266
398135 7432 7.81495 0.560279
687786 11491 14.8705 1.02272
453986 8860 8.63866 0.634047
749388 13279 15.4118 1.11027
525683 9495 11.3952 0.838152
596541 10150 13.4207 0.923295
584697 10455 19.6819 1.51408
425328 7868 17.771 1.17871
695984 11489 28.7531 1.09699
535098 9882 16.8085 1.67156
532938 8926 19.523 0.789371
567120 9756 14.5735 1.10974
618759 11091 19.6855 1.24936
756571 12711 24.7576 1.12708
531480 10151 11.3104 0.768134
604618 11038 13.1558 0.961585
342689 5685 7.62114 0.413524
461636 8279 9.23277 0.657414
453589 8178 9.13384 0.651927
428687 7627 8.61479 0.579538
503250 8867 10.2728 0.724375
553410 9165 11.495 0.797633
426734 7622 8.25275 0.602347
608528 9922 13.2509 0.863873
393581 6899 8.4204 0.756336
396450 7265 8.01001 0.57434
474955 8288 9.42449 0.725614
506301 8623 10.7491 0.735922
410479 7283 8.2145 0.563506
393952 6837 8.10497 0.553111
410924 7435 8.2216 0.569372
426365 7380 8.68252 0.59752
542280 9278 11.2837 0.816876
387760 6852 7.7289 0.53775
562437 9221 12.1564 0.850063
430441 7550 8.6859 0.605
393951 6870 7.77224 0.538492
580243 9537 12.4527 0.859484
567017 9352 11.9957 0.82873
575823 9653 12.1514 0.858466
398650 7509 7.86981 0.550184
395736 6866 7.85369 0.552264
680739 10611 14.888 0.993935
751493 11956 16.2074 1.14838
588531 10326 12.1504 0.936511
477520 7756 9.97216 0.702319
441831 7904 9.91207 0.88563
542825 8933 17.4459 1.38692
533653 9085 17.5417 1.3502
642888 10858 21.0144 1.26525
523470 9018 22.9404 1.54485
434472 7425 15.5607 0.899908
416316 7369 12.9793 0.689552
445228 7858 11.5251 1.08864
445087 7694 17.2032 1.32392
419359 7446 17.1809 0.865461
332057 5938 12.9941 0.951369
574002 9791 23.019 1.61586
392606 7383 14.2733 0.977028
514713 8584 20.3778 1.56416
423724 7940 16.7275 0.950755
388893 7191 14.6464 1.12636
570755 9931 21.0164 1.7608
624843 10892 26.3269 10.5206
597049 10497 17.247 10.3314
623732 10477 9.27273 11.6593
665888 10947 30.9748 10.8857
631087 9890 26.0828 11.252
623891 9921 27.1522 10.2582
575704 9314 25.3613 11.3799
628377 10389 27.0094 10.974
625499 10164 14.549 10.9185
556466 9041 15.4706 11.4551
528274 9333 19.8397 8.01085
627892 10510 27.0123 12.8056
519527 9115 21.7686 8.36382
625863 10569 26.9697 10.6277
621813 10891 26.2934 11.363
634491 10727 27.434 9.95101
555852 9995 23.2231 9.58169
604856 10736 17.6442 10.161
644458 10791 26.9114 11.3181
623286 10849 22.9991 13.3103
626994 10956 11.0867 12.2491
616925 10215 12.4673 12.2581
573563 10084 20.8342 10.3667
568451 9551 16.5386 10.564
577007 9659 23.502 9.33901
552968 9331 23.7848 10.4445
612063 10348 26.282 11.4307
620128 10723 26.1327 11.7612
637419 10726 27.2724 10.2535
613045 10372 25.8763 12.3762
585150 9955 24.7201 9.86804
573336 9581 24.0479 11.931
601522 10074 25.7494 10.8703
655501 10841 28.7073 11.7202
668833 10738 29.2829 12.1654
661480 10810 28.514 12.5979
610495 10238 25.8638 9.31346
664310 11451 28.7266 11.4258
584658 10204 24.8451 10.3351
629863 10797 26.5574 11.5975
637062 11161 9.34864 12.0183
606072 10664 15.4188 10.2011
625867 10659 9.30835 10.574
612590 10853 13.1216 11.9423
595720 9701 8.97268 11.6329
619192 10547 9.226 10.1731
584905 10275 24.7677 11.128
558634 9492 14.6569 10.077
547713 9746 22.9335 9.7075
649131 11279 27.3757 11.3732
679504 11070 17.8971 12.2124
645683 10708 27.4853 14.099
586301 10095 24.5809 10.0424
567939 9866 23.2422 10.6695
537450 9600 23.9582 9.3877
643058 11027 15.6176 11.4444
710388 11461 31.6277 15.3957
641141 10880 27.4443 11.3991
629354 10954 26.6314 11.4704
658739 11108 10.0462 12.508
678682 11091 26.4924 13.1812
634741 10966 27.0032 11.9129
698869 11934 29.9557 15.8856
631658 10790 26.8964 9.77487
642762 10550 9.8235 12.2121
611702 10352 21.3061 11.195
702650 11373 11.1669 13.5254
655453 11404 9.76036 11.7385
671697 11359 20.2553 11.9381
667400 11663 23.6684 11.5112
586928 10505 21.518 11.4598
644420 10984 12.7678 13.7823
621952 11156 9.60271 10.6831
612750 10746 25.6113 9.55522
621328 10317 26.1464 10.5942
678053 11185 29.4848 12.1703
622769 10724 26.2428 10.5531
521530 9487 7.69806 8.3779
601585 10179 25.3032 9.44588
566444 10120 23.5995 8.37023
600123 10507 25.1662 10.4834
582108 10342 23.6127 10.5868
611062 10930 25.0949 9.7721
559678 10104 22.2441 10.3058
607643 11043 24.6203 10.0408
625329 11371 25.714 12.6532
624843 10892 26.3269 25.7537
597049 10497 17.247 23.3755
623732 10477 9.27273 39.1886
665888 10947 30.9748 50.4062
631087 9890 26.0828 40.7004
623891 9921 27.1522 62.6786
575704 9314 25.3613 26.2334
628377 10389 27.0094 25.3612
625499 10164 14.549 51.0001
556466 9041 15.4706 21.8342
528274 9333 19.8397 20.643
627892 10510 27.0123 25.2562
519527 9115 21.7686 20.9747
625863 10569 26.9697 25.3465
621813 10891 26.2934 24.973
634491 10727 27.434 74.7776
555852 9995 23.2231 59.1449
604856 10736 17.6442 66.8484
644458 10791 26.9114 75.011
623286 10849 22.9991 69.508
626994 10956 11.0867 73.0645
616925 10215 12.4673 46.4306
573563 10084 20.8342 25.0507
568451 9551 16.5386 22.8436
577007 9659 23.502 25.3047
552968 9331 23.7848 22.5833
612063 10348 26.282 45.3393
620128 10723 26.1327 67.878
637419 10726 27.2724 70.1627
613045 10372 25.8763 67.0097
585150 9955 24.7201 63.7713
573336 9581 24.0479 59.6818
601522 10074 25.7494 65.4175
655501 10841 28.7073 75.4517
668833 10738 29.2829 76.4719
661480 10810 28.514 74.2966
610495 10238 25.8638 66.2713
664310 11451 28.7266 77.5753
584658 10204 24.8451 63.1931
629863 10797 26.5574 69.0713
637062 11161 9.34864 75.6
606072 10664 15.4188 69.7714
625867 10659 9.30835 72.4765
612590 10853 13.1216 68.9994
595720 9701 8.97268 68.968
619192 10547 9.226 71.0297
584905 10275 24.7677 67.5707
558634 9492 14.6569 62.5758
547713 9746 22.9335 60.7812
649131 11279 27.3757 77.7674
679504 11070 17.8971 42.0754
645683 10708 27.4853 62.783
586301 10095 24.5809 44.4307
567939 9866 23.2422 63.9877
537450 9600 23.9582 55.4962
643058 11027 15.6176 68.5281
710388 11461 31.6277 78.7924
641141 10880 27.4443 62.3163
629354 10954 26.6314 66.8254
658739 11108 10.0462 71.7208
678682 11091 26.4924 64.7742
634741 10966 27.0032 46.2524
698869 11934 29.9557 65.7994
631658 10790 26.8964 47.759
642762 10550 9.8235 52.2878
611702 10352 21.3061 56.0327
702650 11373 11.1669 48.7126
655453 11404 9.76036 37.0571
671697 11359 20.2553 76.6976
667400 11663 23.6684 78.9654
586928 10505 21.518 53.9493
644420 10984 12.7678 27.6742
621952 11156 9.60271 36.0687
612750 10746 25.6113 23.955
621328 10317 26.1464 48.3194
678053 11185 29.4848 30.1176
622769 10724 26.2428 24.0133
521530 9487 7.69806 19.2979
601585 10179 25.3032 42.2249
566444 10120 23.5995 24.3329
600123 10507 25.1662 43.1912
582108 10342 23.6127 23.8212
611062 10930 25.0949 24.273
559678 10104 22.2441 20.7488
607643 11043 24.6203 43.3837
625329 11371 25.714 41.5544
624843 10892 26.3269 112.378
597049 10497 17.247 102.963
623732 10477 9.27273 106.768
665888 10947 30.9748 53.7455
631087 9890 26.0828 47.9774
623891 9921 27.1522 40.9246
575704 9314 25.3613 86.0987
628377 10389 27.0094 76.3298
625499 10164 14.549 84.7548
556466 9041 15.4706 93.5527
528274 9333 19.8397 66.9156
627892 10510 27.0123 63.5207
519527 9115 21.7686 84.0163
625863 10569 26.9697 40.8043
621813 10891 26.2934 39.9675
634491 10727 27.434 100.79
555852 9995 23.2231 34.3155
604856 10736 17.6442 55.0328
644458 10791 26.9114 42.9838
623286 10849 22.9991 40.4056
626994 10956 11.0867 42.4075
616925 10215 12.4673 43.7256
573563 10084 20.8342 102.948
568451 9551 16.5386 93.7059
577007 9659 23.502 103.974
552968 9331 23.7848 92.7545
612063 10348 26.282 110.25
620128 10723 26.1327 112.568
637419 10726 27.2724 89.0834
613045 10372 25.8763 98.7163
585150 9955 24.7201 99.9735
573336 9581 24.0479 92.0967
601522 10074 25.7494 98.6287
655501 10841 28.7073 105.347
668833 10738 29.2829 93.4129
661480 10810 28.514 105.195
610495 10238 25.8638 91.9663
664310 11451 28.7266 129.4
584658 10204 24.8451 109.77
629863 10797 26.5574 113.112
637062 11161 9.34864 119.04
606072 10664 15.4188 97.1361
625867 10659 9.30835 112.557
612590 10853 13.1216 95.8766
595720 9701 8.97268 89.9486
619192 10547 9.226 82.2914
584905 10275 24.7677 79.4471
558634 9492 14.6569 80.9797
547713 9746 22.9335 33.3363
649131 11279 27.3757 78.8988
679504 11070 17.8971 49.6794
645683 10708 27.4853 42.8399
586301 10095 24.5809 35.5407
567939 9866 23.2422 35.8388
537450 9600 23.9582 33.4076
643058 11027 15.6176 62.1178
710388 11461 31.6277 52.4268
641141 10880 27.4443 41.4267
629354 10954 26.6314 40.9397
658739 11108 10.0462 52.113
678682 11091 26.4924 48.4262
634741 10966 27.0032 98.0066
698869 11934 29.9557 92.8774
631658 10790 26.8964 45.0403
642762 10550 9.8235 57.1435
611702 10352 21.3061 38.5869
702650 11373 11.1669 84.1689
655453 11404 9.76036 75.0029
671697 11359 20.2553 118.761
667400 11663 23.6684 51.2911
586928 10505 21.518 35.5769
644420 10984 12.7678 44.1996
621952 11156 9.60271 50.409
612750 10746 25.6113 86.9527
621328 10317 26.1464 40.2588
678053 11185 29.4848 90.366
622769 10724 26.2428 38.1798
521530 9487 7.69806 38.3802
601585 10179 25.3032 62.6223
566444 10120 23.5995 78.815
600123 10507 25.1662 42.4257
582108 10342 23.6127 97.6242
611062 10930 25.0949 50.0497
559678 10104 22.2441 47.0788
607643 11043 24.6203 53.8888
625329 11371 25.714 39.657
624843 10892 26.3269 1.50267
597049 10497 17.247 1.54297
623732 10477 9.27273 1.48632
665888 10947 30.9748 1.66154
631087 9890 26.0828 0.839297
623891 9921 27.1522 0.853152
575704 9314 25.3613 0.749761
628377 10389 27.0094 1.5247
625499 10164 14.549 1.47469
556466 9041 15.4706 1.32311
528274 9333 19.8397 1.22841
627892 10510 27.0123 1.45377
519527 9115 21.7686 0.739494
625863 10569 26.9697 1.42107
621813 10891 26.2934 1.45411
634491 10727 27.434 1.46608
555852 9995 23.2231 1.3554
604856 10736 17.6442 1.41901
644458 10791 26.9114 0.862475
623286 10849 22.9991 0.848536
626994 10956 11.0867 0.906503
616925 10215 12.4673 0.902256
573563 10084 20.8342 0.816267
568451 9551 16.5386 1.39701
577007 9659 23.502 1.43654
552968 9331 23.7848 1.32532
612063 10348 26.282 1.52726
620128 10723 26.1327 1.55663
637419 10726 27.2724 1.53278
613045 10372 25.8763 0.885202
585150 9955 24.7201 0.886685
573336 9581 24.0479 1.35143
601522 10074 25.7494 0.871344
655501 10841 28.7073 0.921266
668833 10738 29.2829 1.68738
661480 10810 28.514 1.63453
610495 10238 25.8638 0.802872
664310 11451 28.7266 1.08263
584658 10204 24.8451 0.897972
629863 10797 26.5574 1.68483
637062 11161 9.34864 1.7448
606072 10664 15.4188 1.60165
625867 10659 9.30835 1.57923
612590 10853 13.1216 1.49852
595720 9701 8.97268 1.36592
619192 10547 9.226 0.899546
584905 10275 24.7677 0.891316
558634 9492 14.6569 1.35511
547713 9746 22.9335 1.38276
649131 11279 27.3757 1.02827
679504 11070 17.8971 1.71805
645683 10708 27.4853 1.67489
586301 10095 24.5809 1.36484
567939 9866 23.2422 1.50396
537450 9600 23.9582 1.4562
643058 11027 15.6176 1.7066
710388 11461 31.6277 1.81087
641141 10880 27.4443 1.11768
629354 10954 26.6314 1.52715
658739 11108 10.0462 1.67879
678682 11091 26.4924 1.59187
634741 10966 27.0032 1.70425
698869 11934 29.9557 1.82229
631658 10790 26.8964 1.68929
642762 10550 9.8235 1.57554
611702 10352 21.3061 1.61569
702650 11373 11.1669 1.85168
655453 11404 9.76036 1.64982
671697 11359 20.2553 1.74247
667400 11663 23.6684 1.61803
586928 10505 21.518 1.47052
644420 10984 12.7678 1.61249
621952 11156 9.60271 1.01413
612750 10746 25.6113 1.61625
621328 10317 26.1464 1.52062
678053 11185 29.4848 1.66541
622769 10724 26.2428 1.47216
521530 9487 7.69806 1.41153
601585 10179 25.3032 1.60358
566444 10120 23.5995 1.60601
600123 10507 25.1662 1.57578
582108 10342 23.6127 1.50695
611062 10930 25.0949 1.53919
559678 10104 22.2441 1.48747
607643 11043 24.6203 1.53355
625329 11371 25.714 1.6935
624843 10892 26.3269 1.38044
597049 10497 17.247 0.707721
623732 10477 9.27273 0.707755
665888 10947 30.9748 1.50412
631087 9890 26.0828 0.719481
623891 9921 27.1522 1.30624
575704 9314 25.3613 1.21224
628377 10389 27.0094 1.4268
625499 10164 14.549 1.44509
556466 9041 15.4706 0.633726
528274 9333 19.8397 1.11863
627892 10510 27.0123 1.32852
519527 9115 21.7686 1.12862
625863 10569 26.9697 1.36645
621813 10891 26.2934 1.34641
634491 10727 27.434 1.38497
555852 9995 23.2231 1.17053
604856 10736 17.6442 0.721319
644458 10791 26.9114 1.27632
623286 10849 22.9991 1.37671
626994 10956 11.0867 0.77747
616925 10215 12.4673 0.717478
573563 10084 20.8342 1.28762
568451 9551 16.5386 1.26405
577007 9659 23.502 1.2499
552968 9331 23.7848 1.14575
612063 10348 26.282 1.26998
620128 10723 26.1327 1.36757
637419 10726 27.2724 1.44137
613045 10372 25.8763 1.28781
585150 9955 24.7201 1.216
573336 9581 24.0479 1.21553
601522 10074 25.7494 1.27277
655501 10841 28.7073 1.39215
668833 10738 29.2829 1.45522
661480 10810 28.514 1.47894
610495 10238 25.8638 1.2855
664310 11451 28.7266 1.42675
584658 10204 24.8451 1.14501
629863 10797 26.5574 1.32884
637062 11161 9.34864 0.780085
606072 10664 15.4188 0.717175
625867 10659 9.30835 0.775578
612590 10853 13.1216 0.742334
595720 9701 8.97268 0.650709
619192 10547 9.226 0.709228
584905 10275 24.7677 1.22487
558634 9492 14.6569 0.635427
547713 9746 22.9335 1.19487
649131 11279 27.3757 1.39135
679504 11070 17.8971 1.55695
645683 10708 27.4853 1.40651
586301 10095 24.5809 1.21569
567939 9866 23.2422 1.19879
537450 9600 23.9582 1.15889
643058 11027 15.6176 1.33312
710388 11461 31.6277 1.58292
641141 10880 27.4443 1.35807
629354 10954 26.6314 1.30784
658739 11108 10.0462 0.7342
678682 11091 26.4924 0.763834
634741 10966 27.0032 1.32286
698869 11934 29.9557 1.44668
631658 10790 26.8964 1.30471
642762 10550 9.8235 0.708925
611702 10352 21.3061 0.676172
702650 11373 11.1669 0.864508
655453 11404 9.76036 0.7574
671697 11359 20.2553 0.8236
667400 11663 23.6684 0.776372
586928 10505 21.518 1.33712
644420 10984 12.7678 1.42482
621952 11156 9.60271 0.776013
612750 10746 25.6113 1.33781
621328 10317 26.1464 1.32865
678053 11185 29.4848 1.42316
622769 10724 26.2428 1.28236
521530 9487 7.69806 0.612963
601585 10179 25.3032 1.26211
566444 10120 23.5995 1.0868
600123 10507 25.1662 1.2981
582108 10342 23.6127 1.23834
611062 10930 25.0949 1.31887
559678 10104 22.2441 1.20053
607643 11043 24.6203 1.35799
625329 11371 25.714 1.34213
228745 3723 3.73714 1.75444
232248 3871 8.79238 1.65386
209814 3431 8.06468 1.42654
218177 3418 7.81179 1.42401
254562 3773 5.28431 2.13735
208815 3350 8.80075 1.4486
276046 4035 8.23306 2.28384
247696 3748 5.52711 1.7953
206078 3124 2.98151 1.711
173613 2918 5.4551 1.66918
242021 3691 7.99473 1.67619
273917 4219 9.95806 2.18781
221026 3537 7.19443 1.80251
325980 4628 15.3927 2.59024
286321 4326 8.45428 2.06442
256995 3864 3.88587 1.86721
272279 4234 9.2032 1.82345
265982 3952 4.48999 2.06706
208894 3259 3.23396 1.40323
242932 3937 7.01208 1.64745
223740 3621 5.2402 1.51485
201009 3394 5.79371 1.42875
179322 3000 2.87312 0.97099
194654 3203 8.15203 1.27496
207481 3350 3.1855 1.57921
236736 3846 7.03687 1.51625
216224 3386 8.98235 1.59012
316455 4557 13.69 2.31089
228745 3723 3.73714 7.30686
232248 3871 8.79238 6.44933
209814 3431 8.06468 4.89862
218177 3418 7.81179 5.10212
254562 3773 5.28431 4.58286
208815 3350 8.80075 2.88762
276046 4035 8.23306 3.71993
247696 3748 5.52711 2.74116
206078 3124 2.98151 2.3631
173613 2918 5.4551 4.33657
242021 3691 7.99473 3.20971
273917 4219 9.95806 6.02689
221026 3537 7.19443 6.45946
325980 4628 15.3927 8.51967
286321 4326 8.45428 5.069
256995 3864 3.88587 8.20391
272279 4234 9.2032 5.61027
265982 3952 4.48999 3.63954
208894 3259 3.23396 3.10372
242932 3937 7.01208 3.49631
223740 3621 5.2402 4.80466
201009 3394 5.79371 3.38555
179322 3000 2.87312 3.48956
194654 3203 8.15203 3.13752
207481 3350 3.1855 5.47049
236736 3846 7.03687 3.48305
216224 3386 8.98235 3.06136
316455 4557 13.69 4.36332
310514 4237 13.9175 5.44122
255360 3888 9.58037 3.75226
248766 3446 8.49612 4.97379
313832 4446 10.5732 9.81644
247024 3556 10.4753 5.84676
315718 4382 14.0672 10.3686
289423 4166 10.9409 8.34221
289112 4045 9.28008 8.19555
268484 3975 6.77449 8.04152
269225 4014 8.12263 7.84475
300024 4413 7.00526 10.52
242735 3869 8.61328 4.78328
217353 3358 8.79899 2.29159
270039 3814 10.967 3.30293
274894 3957 12.0644 3.34729
304123 4433 5.24598 3.85194
248504 3838 3.74973 2.87214
302871 4285 8.27222 3.82369
286933 4276 7.02528 3.62365
276847 4201 6.64813 3.19669
360015 5540 9.23139 4.66657
204094 3258 7.39739 2.07842
256669 3931 8.00475 2.99946
214195 3450 4.29099 2.3045
203775 3354 3.15801 2.2558
299966 4527 11.4805 3.69528
247258 3952 8.03678 2.79954
260375 3956 9.09357 8.21189
249627 3942 10.6806 7.76139
282871 3969 12.6644 9.46392
307320 4544 12.8753 10.8755
219987 3534 7.809 6.22371
222835 3507 6.90342 6.94395
237610 3824 5.63479 7.60395
280171 4254 8.61284 8.40876
299285 4535 9.4759 4.28717
235284 3693 8.79019 2.53562
240647 3841 9.3269 2.4911
273465 3969 11.2856 8.74045
219110 3549 9.06835 6.63007
211482 3508 5.87002 2.27721
214959 3285 7.76299 2.3532
211942 3323 6.71198 5.74314
251332 3998 9.81776 7.68642
205951 3224 8.36641 5.13534
203227 3289 8.02057 2.35534
265381 4361 6.41299 3.26689
177840 2962 4.3922 1.83072
197349 3194 6.91622 1.99783
191488 3144 7.62844 2.00949
183425 3112 5.13455 1.94986
220487 3624 6.5024 2.92508
194771 3128 7.4607 2.04508
189585 3192 3.61173 2.81772
190949 3264 7.30885 5.52691
194056 3387 4.36165 5.42083
228745 3723 3.73714 0.26759
232248 3871 8.79238 0.508454
209814 3431 8.06468 0.445061
218177 3418 7.81179 0.473686
254562 3773 5.28431 0.528268
208815 3350 8.80075 0.225485
276046 4035 8.23306 0.585086
247696 3748 5.52711 0.491126
206078 3124 2.98151 0.398614
173613 2918 5.4551 0.165111
242021 3691 7.99473 0.235634
273917 4219 9.95806 0.295567
221026 3537 7.19443 0.221124
325980 4628 15.3927 0.32901
286321 4326 8.45428 0.291137
256995 3864 3.88587 0.577424
272279 4234 9.2032 0.59891
265982 3952 4.48999 0.547366
208894 3259 3.23396 0.429237
242932 3937 7.01208 0.521345
223740 3621 5.2402 0.52184
201009 3394 5.79371 0.431721
179322 3000 2.87312 0.364349
194654 3203 8.15203 0.4366
207481 3350 3.1855 0.424712
236736 3846 7.03687 0.508137
216224 3386 8.98235 0.463615
316455 4557 13.69 0.727445
310514 4237 13.9175 0.716403
255360 3888 9.58037 0.522363
248766 3446 8.49612 0.267995
313832 4446 10.5732 0.69459
247024 3556 10.4753 0.54238
315718 4382 14.0672 0.306046
289423 4166 10.9409 0.33241
289112 4045 9.28008 0.603355
268484 3975 6.77449 0.570657
269225 4014 8.12263 0.571059
300024 4413 7.00526 0.545245
242735 3869 8.61328 0.228042
217353 3358 8.79899 0.472954
270039 3814 10.967 0.555304
274894 3957 12.0644 0.592668
304123 4433 5.24598 0.617897
248504 3838 3.74973 0.590575
302871 4285 8.27222 0.652605
286933 4276 7.02528 0.6104
276847 4201 6.64813 0.577536
360015 5540 9.23139 0.760473
204094 3258 7.39739 0.442962
256669 3931 8.00475 0.515707
214195 3450 4.29099 0.475048
203775 3354 3.15801 0.416919
299966 4527 11.4805 0.335933
247258 3952 8.03678 0.380329
260375 3956 9.09357 0.490489
249627 3942 10.6806 0.514358
282871 3969 12.6644 0.626603
307320 4544 12.8753 0.391209
219987 3534 7.809 0.457256
222835 3507 6.90342 0.474292
237610 3824 5.63479 0.509991
280171 4254 8.61284 0.611662
299285 4535 9.4759 0.694316
235284 3693 8.79019 0.264808
240647 3841 9.3269 0.234022
273465 3969 11.2856 0.311425
219110 3549 9.06835 0.239168
211482 3508 5.87002 0.2233
214959 3285 7.76299 0.435193
211942 3323 6.71198 0.432478
251332 3998 9.81776 0.537475
205951 3224 8.36641 0.438874
203227 3289 8.02057 0.422146
265381 4361 6.41299 0.557586
177840 2962 4.3922 0.386505
197349 3194 6.91622 0.268875
191488 3144 7.62844 0.378255
183425 3112 5.13455 0.29035
220487 3624 6.5024 0.421159
194771 3128 7.4607 0.254335
189585 3192 3.61173 0.300959
190949 3264 7.30885 0.432482
194056 3387 4.36165 0.436565
228745 3723 3.73714 2.95113
232248 3871 8.79238 2.00378
209814 3431 8.06468 1.45247
218177 3418 7.81179 1.53771
254562 3773 5.28431 1.91496
208815 3350 8.80075 1.53335
276046 4035 8.23306 3.93676
247696 3748 5.52711 2.56398
206078 3124 2.98151 3.05904
173613 2918 5.4551 3.24997
242021 3691 7.99473 2.9388
273917 4219 9.95806 2.42537
221026 3537 7.19443 1.71387
325980 4628 15.3927 3.67654
286321 4326 8.45428 4.63382
256995 3864 3.88587 4.13647
272279 4234 9.2032 2.78724
265982 3952 4.48999 2.21844
208894 3259 3.23396 1.48402
242932 3937 7.01208 1.88551
223740 3621 5.2402 2.23776
201009 3394 5.79371 3.32394
179322 3000 2.87312 3.01921
194654 3203 8.15203 3.59955
207481 3350 3.1855 3.91961
236736 3846 7.03687 4.2525
216224 3386 8.98235 2.5468
316455 4557 13.69 5.01965
310514 4237 13.9175 6.60747
255360 3888 9.58037 5.5168
248766 3446 8.49612 4.78215
313832 4446 10.5732 6.58276
247024 3556 10.4753 1.84863
315718 4382 14.0672 2.92607
289423 4166 10.9409 6.3105
289112 4045 9.28008 4.15571
268484 3975 6.77449 5.12839
269225 4014 8.12263 4.14366
300024 4413 7.00526 2.71036
242735 3869 8.61328 2.0706
217353 3358 8.79899 1.74727
270039 3814 10.967 2.5045
274894 3957 12.0644 2.87383
304123 4433 5.24598 2.6886
248504 3838 3.74973 4.42181
302871 4285 8.27222 6.27385
286933 4276 7.02528 6.66406
276847 4201 6.64813 4.77489
360015 5540 9.23139 5.13732
204094 3258 7.39739 2.54361
256669 3931 8.00475 5.0879
214195 3450 4.29099 2.80698
203775 3354 3.15801 3.44084
299966 4527 11.4805 4.76871
247258 3952 8.03678 2.67559
260375 3956 9.09357 5.48806
249627 3942 10.6806 2.12652
282871 3969 12.6644 4.64897
307320 4544 12.8753 6.49706
219987 3534 7.809 1.5735
222835 3507 6.90342 1.57804
237610 3824 5.63479 1.98099
280171 4254 8.61284 3.56027
299285 4535 9.4759 5.28848
235284 3693 8.79019 4.86731
240647 3841 9.3269 3.23777
273465 3969 11.2856 2.41184
219110 3549 9.06835 3.78466
211482 3508 5.87002 4.15846
214959 3285 7.76299 4.28752
211942 3323 6.71198 2.17627
251332 3998 9.81776 3.87348
205951 3224 8.36641 2.95137
203227 3289 8.02057 1.54152
265381 4361 6.41299 2.20499
177840 2962 4.3922 1.22232
197349 3194 6.91622 1.34131
191488 3144 7.62844 1.29801
183425 3112 5.13455 1.27335
220487 3624 6.5024 1.68266
194771 3128 7.4607 1.42575
189585 3192 3.61173 2.58269
190949 3264 7.30885 3.6336
194056 3387 4.36165 2.89014
228745 3723 3.73714 0.429227
232248 3871 8.79238 0.403141
209814 3431 8.06468 0.386822
218177 3418 7.81179 0.412201
254562 3773 5.28431 0.209062
208815 3350 8.80075 0.389197
276046 4035 8.23306 0.523486
247696 3748 5.52711 0.259892
206078 3124 2.98151 0.167064
173613 2918 5.4551 0.318655
242021 3691 7.99473 0.503115
273917 4219 9.95806 0.514282
221026 3537 7.19443 0.215628
325980 4628 15.3927 0.429394
286321 4326 8.45428 0.241376
256995 3864 3.88587 0.202496
272279 4234 9.2032 0.264598
265982 3952 4.48999 0.242734
208894 3259 3.23396 0.194354
242932 3937 7.01208 0.45892
223740 3621 5.2402 0.194266
201009 3394 5.79371 0.173814
179322 3000 2.87312 0.166609
194654 3203 8.15203 0.374703
207481 3350 3.1855 0.184748
236736 3846 7.03687 0.398877
216224 3386 8.98235 0.389492
316455 4557 13.69 0.595198
310514 4237 13.9175 0.531208
255360 3888 9.58037 0.222463
248766 3446 8.49612 0.235725
313832 4446 10.5732 0.258828
247024 3556 10.4753 0.46377
315718 4382 14.0672 0.287965
289423 4166 10.9409 0.53429
289112 4045 9.28008 0.53867
268484 3975 6.77449 0.248082
269225 4014 8.12263 0.492124
300024 4413 7.00526 0.586583
242735 3869 8.61328 0.45688
217353 3358 8.79899 0.387971
270039 3814 10.967 0.226419
274894 3957 12.0644 0.389249
304123 4433 5.24598 0.25245
248504 3838 3.74973 0.214616
302871 4285 8.27222 0.385292
286933 4276 7.02528 0.291386
276847 4201 6.64813 0.253138
360015 5540 9.23139 0.320567
204094 3258 7.39739 0.382313
256669 3931 8.00475 0.217846
214195 3450 4.29099 0.192809
203775 3354 3.15801 0.191101
299966 4527 11.4805 0.571363
247258 3952 8.03678 0.465429
260375 3956 9.09357 0.237704
249627 3942 10.6806 0.474218
282871 3969 12.6644 0.519263
307320 4544 12.8753 0.517292
219987 3534 7.809 0.252227
222835 3507 6.90342 0.23558
237610 3824 5.63479 0.25568
280171 4254 8.61284 0.25173
299285 4535 9.4759 0.578261
235284 3693 8.79019 0.227478
240647 3841 9.3269 0.464461
273465 3969 11.2856 0.528506
219110 3549 9.06835 0.309099
211482 3508 5.87002 0.193656
214959 3285 7.76299 0.424971
211942 3323 6.71198 0.412437
251332 3998 9.81776 0.454257
205951 3224 8.36641 0.355615
203227 3289 8.02057 0.370875
265381 4361 6.41299 0.244657
177840 2962 4.3922 0.159959
197349 3194 6.91622 0.369555
191488 3144 7.62844 0.36032
183425 3112 5.13455 0.315182
220487 3624 6.5024 0.434654
194771 3128 7.4607 0.435595
189585 3192 3.61173 0.227853
190949 3264 7.30885 0.260083
194056 3387 4.36165 0.38668
