102010 606 2.17519 0.172604
109835 627 2.30168 0.196631
123127 618 2.49414 0.220532
116483 635 2.51116 0.205202
108121 612 2.24416 0.18788
111945 573 2.44981 0.183315
105553 582 2.20015 0.175628
109855 626 2.32894 0.194559
112963 461 2.3469 0.172604
110103 611 2.26257 0.197528
88312 559 1.89288 0.153978
116662 579 2.56991 0.197761
87263 543 1.82115 0.141414
104637 567 2.25717 0.183873
121259 598 2.57787 0.207187
111477 613 2.33824 0.204921
103656 599 2.19548 0.185547
111450 579 2.51315 0.185934
114952 590 2.77869 0.207127
111378 593 2.61692 0.207166
116796 588 2.77476 0.203387
110757 595 2.56182 0.196347
97363 548 2.08126 0.172783
103657 567 2.11791 0.173512
99437 528 2.21376 0.168413
100116 582 2.16985 0.175871
108918 598 2.48773 0.18748
121625 582 2.59768 0.206122
120407 635 2.6416 0.197915
138698 582 2.94742 0.236821
125876 582 2.7068 0.225186
113307 553 2.66167 0.18754
119699 613 2.70161 0.204405
107409 598 2.35322 0.182911
134418 615 2.88807 0.2335
128076 651 2.75769 0.224494
116804 595 2.50917 0.185471
113660 581 2.49936 0.185402
112820 569 2.39833 0.184178
111055 595 2.40374 0.173888
111470 596 2.3325 0.186385
100306 549 2.19573 0.163878
113638 547 2.51918 0.189379
123943 592 2.6101 0.199544
112465 590 2.45177 0.187112
107682 648 2.34261 0.188308
98357 555 2.11629 0.167584
100804 519 2.21676 0.164104
98687 535 2.07362 0.16368
105390 510 2.20514 0.164532
100233 583 2.12958 0.174625
108940 594 2.31583 0.189205
114703 559 2.42098 0.188089
103692 555 2.16722 0.177766
86723 478 1.80723 0.130865
103871 537 2.17766 0.181526
106758 625 2.37996 0.193636
112226 572 2.40144 0.184525
108412 642 2.32695 0.194245
109985 637 2.20975 0.207259
104222 575 2.24147 0.185802
109381 382 2.40291 0.145056
103816 605 2.2259 0.182546
107534 596 2.26779 0.1917
103972 607 2.20894 0.192306
119683 629 2.61776 0.21607
131499 654 2.88214 0.237857
165842 657 3.61241 0.283598
114414 601 2.45157 0.198025
123957 629 2.64793 0.223261
131647 611 2.72152 0.240399
123074 551 2.58497 0.210585
124325 603 2.68636 0.215015
106203 582 2.20993 0.19008
104634 573 2.19027 0.181659
131024 616 2.70397 0.229313
109154 627 2.33532 0.190984
97805 559 2.00704 0.164674
101365 586 2.187 0.17345
102928 577 2.21081 0.180122
97259 542 1.93843 0.180419
90244 572 1.86839 0.157355
92543 582 2.05695 0.157932
108519 591 2.19595 0.198707
94057 600 1.94685 0.169529
97442 604 2.08633 0.182172
102010 3025 1.80361 0.941652
109835 3267 1.92729 1.06401
123127 3146 2.09299 1.14055
116483 3178 1.97361 1.14034
108121 3210 1.9394 1.14624
111945 2924 1.92589 0.990377
105553 3191 1.93348 1.05115
109855 3032 1.84377 1.01029
112963 1333 1.47873 0.538594
110103 2980 1.93046 1.04285
88312 2959 1.5553 1.0474
116662 3302 2.05074 1.13019
87263 2852 1.45091 0.888563
104637 2927 1.85315 1.08642
121259 3629 2.1403 1.38917
111477 3076 1.91156 1.01846
103656 3081 1.78175 0.970344
111450 3187 1.9264 1.14795
114952 2957 1.96125 1.02121
111378 2889 1.9061 0.985064
116796 2970 2.00306 1.03587
110757 2783 1.88914 0.945197
97363 2743 1.61733 0.91864
103657 2988 1.76272 0.959903
99437 2856 1.66583 0.88664
100116 3107 1.80829 1.04238
108918 2820 1.79229 0.97065
121625 3239 2.15144 1.17687
120407 3378 2.07796 1.11351
138698 3429 2.47109 1.35967
125876 3185 2.24833 1.2597
113307 3000 2.05205 1.02892
119699 3189 2.10179 1.09919
107409 3103 1.94958 0.98737
134418 3632 2.53223 1.38906
128076 3701 2.34609 1.41694
116804 3091 2.02458 1.04208
113660 3202 1.96706 1.0335
112820 3105 1.91452 1.02956
111055 3275 1.93243 1.04558
111470 3213 1.91423 1.05793
100306 2875 1.84006 0.956473
113638 2567 1.80882 0.991658
123943 3082 2.20658 1.17605
112465 3077 1.93211 0.97262
107682 3123 1.85232 0.947044
98357 2930 1.71763 0.949312
100804 2953 1.76019 0.970694
98687 3158 1.73866 1.01976
105390 1900 1.52967 0.706865
100233 2658 1.649 0.852425
108940 3180 1.91689 1.01148
114703 3011 2.0229 1.02777
103692 2856 1.74784 0.937321
86723 2610 1.48961 0.747387
103871 2955 1.78767 0.951094
106758 2873 1.77673 0.929941
112226 3008 1.95462 1.00862
108412 2837 1.85657 0.889199
109985 2828 1.86453 0.981638
104222 2865 1.80746 0.907882
109381 1087 1.40884 0.449885
103816 3157 1.7881 1.09758
107534 3075 1.93621 1.05033
103972 2979 1.70321 0.977467
119683 3115 2.30124 1.12708
131499 3314 2.63906 1.32059
165842 4184 3.10017 1.73457
114414 2959 1.93593 1.06317
123957 3259 2.11789 1.17625
131647 3442 2.3566 1.34259
123074 3256 2.16107 1.23647
124325 3297 2.16848 1.15201
106203 3156 1.88837 1.12045
104634 2726 1.8263 0.947405
131024 3214 2.29942 1.22628
109154 2989 1.79022 0.924357
97805 2894 1.67367 0.910287
101365 2664 1.70495 0.887779
102928 2940 1.79031 1.00548
97259 2858 1.64135 0.988604
90244 2809 1.55975 0.930516
92543 2705 1.56211 0.887148
108519 2931 1.83534 1.01356
94057 2643 1.60752 0.925297
97442 2985 1.6495 1.00289
102010 1639 4.05193 0.540745
109835 1807 4.42614 0.594909
123127 1963 5.03523 0.681261
116483 1834 4.72873 0.456
108121 1694 4.41338 0.570167
111945 1659 4.92 0.566971
105553 1668 4.43799 0.554109
109855 1730 3.69097 0.266665
112963 1587 4.75323 0.530894
110103 1664 4.47692 0.591487
88312 1419 3.83875 0.45177
116662 1766 5.00695 0.610106
87263 1546 3.40213 0.457158
104637 1571 4.61657 0.399733
121259 1939 5.20485 0.68168
111477 1792 4.50917 0.616747
103656 1780 4.51716 0.588761
111450 1753 5.04006 0.599736
114952 1830 5.43072 0.633827
111378 1690 3.84716 0.597165
116796 1791 4.82766 0.63727
110757 1759 4.24406 0.43343
97363 1620 4.43363 0.533807
103657 1698 4.92064 0.588752
99437 1628 4.61704 0.530173
100116 1547 4.46146 0.374134
108918 1645 4.51564 0.565762
121625 1852 5.17311 0.675413
120407 1948 4.89096 0.648964
138698 2049 6.1525 0.798028
125876 1891 5.57786 0.722068
113307 1657 4.95774 0.602377
119699 1793 5.1919 0.480272
107409 1732 4.87985 0.391662
134418 2025 7.10753 0.748569
128076 1900 5.94392 0.701528
116804 1791 5.14313 0.615648
113660 1773 4.66628 0.602535
112820 1799 4.66398 0.606607
111055 1722 4.62 0.576194
111470 1765 5.55943 0.591098
100306 1499 4.5162 0.536299
113638 1660 4.82197 0.399932
123943 1781 5.24938 0.492455
112465 1714 4.71051 0.581241
107682 1703 4.39143 0.536069
98357 1579 3.97567 0.427983
100804 1522 4.22376 0.432124
98687 1587 3.95967 0.379706
105390 1664 4.23515 0.553113
100233 1571 4.05774 0.498522
108940 1754 4.38309 0.581398
114703 1732 4.75242 0.602409
103692 1721 4.05544 0.564796
86723 1360 3.40192 0.443522
103871 1584 4.26949 0.538165
106758 1743 4.22827 0.383475
112226 1764 4.60825 0.586364
108412 1745 4.34962 0.587776
109985 1775 4.61679 0.605159
104222 1571 4.31195 0.53799
109381 1665 4.53053 0.562872
103816 1618 4.27958 0.532299
107534 1618 4.35792 0.551627
103972 1697 4.17699 0.562999
119683 1818 4.93965 0.643357
131499 1999 5.76916 0.732921
165842 2582 6.40895 0.987194
114414 1805 4.78776 0.595885
123957 1939 5.22104 0.389715
131647 2065 6.28136 0.450796
123074 1938 5.36426 0.736885
124325 1915 5.15077 0.774215
106203 1628 4.47043 0.632738
104634 1541 4.3505 0.613653
131024 2066 5.68294 0.835222
109154 1825 3.58125 0.627037
97805 1634 3.08619 0.645972
101365 1583 4.08837 0.619904
102928 1691 4.22345 0.665568
97259 1664 3.98945 0.591323
90244 1445 3.72251 0.499749
92543 1539 3.10785 0.532413
108519 1767 4.41662 0.629148
94057 1507 3.87329 0.553094
97442 1522 3.88847 0.563908
102010 15887 0.013702 4.56423
109835 16684 0.0143026 5.02855
123127 18191 0.0170316 5.8768
116483 17450 0.0149338 5.36151
108121 16305 0.0273406 5.00316
111945 17091 0.0268844 5.20124
105553 15905 0.0132783 4.9129
109855 16718 0.0292407 5.01183
112963 16875 0.016118 5.256
110103 16229 0.0143312 5.32633
88312 13817 0.0234959 4.20432
116662 17364 0.0319794 5.6365
87263 13989 0.0133173 3.74248
104637 15780 0.0263818 5.11768
121259 17873 0.0173694 5.75875
111477 16602 0.0251199 5.25439
103656 16007 0.0162301 4.7311
111450 16823 0.016416 5.26107
114952 16961 0.0174116 5.42211
111378 16333 0.0243964 5.25932
116796 17222 0.0307112 6.19167
110757 16509 0.0273661 5.8854
97363 14588 0.0260601 4.96772
103657 15509 0.0277607 5.57737
99437 15611 0.0167987 5.41611
100116 15099 0.027158 4.92725
108918 16462 0.028722 5.05133
121625 17578 0.0299614 5.7788
120407 18213 0.0320802 5.87235
138698 19093 0.0196019 7.74288
125876 17873 0.0146915 6.90561
113307 16747 0.0274321 5.65833
119699 17624 0.0292048 5.90672
107409 16227 0.0271908 5.57544
134418 19202 0.0186742 7.12195
128076 18887 0.0313924 6.38128
116804 17592 0.0162326 5.90903
113660 17341 0.0296196 5.43283
112820 17079 0.0280619 5.65081
111055 16966 0.0274587 5.89446
111470 16793 0.0289138 5.62426
100306 15599 0.0281384 5.08717
113638 17265 0.0172534 6.23562
123943 17842 0.0219239 6.45519
112465 16965 0.0286434 5.91092
107682 17042 0.0286512 5.31432
98357 15258 0.0238095 5.12809
100804 15419 0.0258394 5.3859
98687 15231 0.0251464 4.9669
105390 16046 0.0270966 5.12486
100233 16081 0.0247748 5.12162
108940 16897 0.0280528 5.59815
114703 17365 0.0151036 6.00143
103692 15855 0.011662 5.20733
86723 13784 0.0126663 4.37447
103871 15818 0.011285 5.34691
106758 16975 0.0159413 5.39486
112226 16870 0.0142255 5.88321
108412 16739 0.0279431 5.45089
109985 16259 0.0274143 5.74628
104222 16035 0.0284781 5.43592
109381 16719 0.0294938 5.67536
103816 15870 0.0151007 5.39828
107534 16251 0.0263336 5.49601
103972 15932 0.0139748 5.22427
119683 17741 0.0273688 6.25818
131499 18795 0.0316126 7.0089
165842 22818 0.0238148 9.21853
114414 17183 0.0141167 5.9582
123957 18109 0.03222 6.45469
131647 18106 0.0331647 7.18303
123074 17488 0.0159611 6.60157
124325 18025 0.0178348 6.44115
106203 15641 0.0133543 5.55249
104634 15676 0.0159933 5.57101
131024 18336 0.0186183 7.46829
109154 17037 0.034694 5.50805
97805 14784 0.0120006 4.80737
101365 15624 0.026161 5.14828
102928 15725 0.0165765 5.10707
97259 14660 0.0263302 4.85838
90244 14042 0.0120492 4.55395
92543 14835 0.0124186 4.65335
108519 16007 0.0261467 5.43737
94057 14650 0.0232426 4.76421
97442 15296 0.0243706 4.87056
179969 601 3.20064 0.292377
179282 619 3.36184 0.291698
173730 596 3.16455 0.288853
165436 586 3.1673 0.262083
180856 637 3.13076 0.319286
155260 594 2.55707 0.253528
156493 601 2.50081 0.341667
181244 613 3.05154 0.302428
154201 573 2.66187 0.255542
180969 632 3.0574 0.308226
181125 582 3.25085 0.301557
163464 613 2.68591 0.301786
176977 609 3.23072 0.301946
180957 597 3.09415 0.242874
166202 578 2.79089 0.171361
154682 571 2.47569 0.122599
156894 577 2.61548 0.118868
154769 538 2.73244 0.111905
180100 601 3.19944 0.14173
172683 611 3.28663 0.132533
172669 604 3.29975 0.145466
169346 570 2.54399 0.260457
174389 648 3.21854 0.298077
181428 606 3.20632 0.294436
175098 603 3.3996 0.2817
182305 669 3.32688 0.303401
180496 581 3.42946 0.242975
168815 607 3.06444 0.167393
169998 572 3.00913 0.120271
183763 610 3.14446 0.136635
179659 608 3.20447 0.137032
177383 527 3.17325 0.127906
182294 588 3.50074 0.158156
180307 610 3.24126 0.298376
168079 593 3.00546 0.271471
168971 551 2.98739 0.261421
161335 555 2.85544 0.182741
182781 539 3.19746 0.139512
177748 603 3.22554 0.144353
162211 585 2.82805 0.132303
154963 532 2.88079 0.134936
181881 603 3.42353 0.310922
176886 575 3.1396 0.284858
172355 601 2.89057 0.290739
177767 640 3.20938 0.31275
186877 387 3.38173 0.178448
180372 602 3.03291 0.144333
179332 659 3.12312 0.158838
180983 671 3.45691 0.171133
191333 655 3.69699 0.163907
179947 642 3.21581 0.30588
176945 607 3.30737 0.306545
178782 595 3.13562 0.30044
175827 641 3.20509 0.20085
184913 621 3.241 0.154841
179065 671 3.27808 0.158991
179432 620 2.94624 0.145657
183873 684 3.46162 0.175853
175824 570 3.11453 0.286003
149921 614 2.40219 0.267586
157530 627 2.81336 0.285891
153307 610 2.7689 0.263332
153230 621 2.60428 0.265582
156474 650 2.94228 0.287408
159357 650 2.69824 0.28206
179969 22456 0.0244408 10.6681
179282 22251 0.0436692 10.2316
173730 21890 0.0416907 9.57497
165436 20929 0.0445082 9.09017
180856 21927 0.0438006 10.5593
155260 19593 0.0375492 8.63419
156493 19573 0.0388787 8.82501
181244 22237 0.0458603 10.4089
154201 19535 0.0379306 8.69117
180969 22072 0.0447215 10.5485
181125 22144 0.0449906 10.5773
163464 20827 0.0399655 9.19726
176977 21988 0.062113 10.0632
180957 22221 0.0491676 10.2581
166202 20955 0.0427171 9.14928
154682 19426 0.0421631 8.60105
156894 19674 0.0416742 8.71982
154769 19990 0.0428669 8.70932
180100 22186 0.0443702 10.2654
172683 21475 0.0458417 9.81098
172669 21504 0.0577133 9.56287
169346 21392 0.0227103 8.72818
174389 21994 0.0485698 9.69344
181428 22503 0.0265297 10.228
175098 22051 0.0439865 9.8608
182305 22959 0.0589079 9.93408
180496 22462 0.0709274 10.0286
168815 21411 0.062739 9.20142
169998 21466 0.0571376 9.15186
183763 22762 0.060427 10.273
179659 22437 0.0238482 9.74168
177383 21883 0.057321 10.2668
182294 22776 0.0598484 10.491
180307 22507 0.0499595 9.88332
168079 20961 0.0566991 9.60481
168971 21009 0.0572615 9.25147
161335 20209 0.0249206 8.53242
182781 22111 0.0258562 10.2789
177748 22124 0.0662759 9.89056
162211 20507 0.0451674 8.90486
154963 19620 0.0533293 8.55325
181881 22230 0.0492582 9.85402
176886 21893 0.0489939 9.90915
172355 21504 0.0417146 9.53206
177767 22055 0.0224524 9.80216
186877 22601 0.0496665 10.526
180372 21966 0.0344507 9.96955
179332 22220 0.0469616 9.96315
180983 22542 0.0446933 9.94655
191333 24383 0.0375846 10.3397
179947 22109 0.0197491 10.0216
176945 21615 0.0217473 9.27149
178782 21738 0.024105 9.17762
175827 22273 0.0239255 9.30104
184913 22307 0.0507367 9.74293
179065 22021 0.0256296 9.15699
179432 21810 0.0343218 9.33582
183873 23072 0.0350971 9.62723
175824 21461 0.0216488 9.75013
149921 19672 0.0216036 7.1643
157530 20558 0.0227693 8.03925
153307 20362 0.0205642 8.03522
153230 20156 0.0212373 7.92475
156474 20793 0.0421693 7.57759
159357 21010 0.0388834 8.51613
179969 2631 8.15239 1.00483
179282 2569 8.23796 0.979742
173730 2404 7.51503 0.920106
165436 2319 7.23353 1.00467
180856 2474 8.79121 0.968673
155260 2209 6.9746 0.878702
156493 2323 6.68266 0.9867
181244 2540 8.16537 1.14964
154201 2309 6.50621 0.819633
180969 2571 8.35238 1.16255
181125 2587 7.93793 0.818239
163464 2503 6.87987 1.08575
176977 2499 8.04134 0.974235
180957 2478 8.241 1.18971
166202 2377 7.00394 0.897771
154682 2282 6.39584 0.826979
156894 2376 7.14271 1.0334
154769 2314 6.97976 1.01218
180100 2529 8.3596 1.17445
172683 2370 8.22511 0.827946
172669 2424 8.21826 0.920962
169346 2332 7.85304 1.08075
174389 2404 8.56319 1.1271
181428 2577 7.97253 1.14736
175098 2459 7.75328 0.908696
182305 2538 7.81382 1.14738
180496 2497 7.78919 0.952602
168815 2350 7.3801 0.877482
169998 2399 7.22383 1.07064
183763 2575 7.9136 0.97007
179659 2610 7.83316 1.14915
177383 2402 8.05434 0.907266
182294 2473 8.36194 0.958166
180307 2436 8.28767 0.936686
168079 2382 7.2357 0.661711
168971 2325 7.37357 1.06548
161335 2286 6.98676 0.832066
182781 2534 9.00168 1.17143
177748 2505 7.72891 1.11172
162211 2308 7.26901 0.870343
154963 2252 7.03289 0.821231
181881 2453 8.63402 1.12383
176886 2458 7.58617 1.16574
172355 2450 7.83168 0.921163
177767 2382 8.21695 0.796035
186877 2591 8.24406 1.19896
180372 2473 8.14698 0.985816
179332 2464 8.29511 0.990095
180983 2414 8.61465 0.945824
191333 2716 8.7479 1.17453
179947 2405 7.6324 1.1482
176945 2467 7.48077 1.2171
178782 2482 8.28806 1.14402
175827 2540 7.66369 0.80838
184913 2593 8.37939 1.22193
179065 2421 7.72061 1.12346
179432 2522 7.82568 1.00184
183873 2672 8.10269 0.986263
175824 2445 7.99294 0.805099
149921 2414 6.11965 0.947431
157530 2521 6.62635 1.01124
153307 2460 6.83439 0.801482
153230 2406 6.47442 0.82542
156474 2450 7.1749 0.907335
159357 2418 6.67661 0.893692
179969 4165 2.97731 1.58483
179282 4021 3.38694 1.86029
173730 3864 3.05155 1.7662
165436 4237 3.39307 1.65283
180856 3873 3.14828 1.68788
155260 3720 2.56147 1.62799
156493 4311 2.60744 1.7766
181244 4259 2.85279 2.10978
154201 4001 2.41885 1.82274
180969 4030 3.12868 1.81103
181125 4248 3.12099 1.93069
163464 3799 2.80899 1.64246
176977 4212 3.12113 1.86897
180957 3928 3.16496 1.75575
166202 3544 2.60475 1.33093
154682 3577 2.68416 1.63682
156894 3736 2.38387 1.65831
154769 3787 2.56927 1.54324
180100 4229 2.96315 1.94679
172683 3865 2.93382 1.83758
172669 3820 2.94155 1.70786
169346 3856 2.62697 1.60933
174389 4086 3.02728 1.91721
181428 4349 2.98595 1.82963
175098 4169 3.11319 1.8365
182305 4358 3.06838 1.92115
180496 3990 3.24344 1.5508
168815 3853 2.92652 1.8064
169998 3813 2.71182 1.73644
183763 4275 3.23596 1.80915
179659 4155 2.9852 1.92435
177383 4157 3.09106 1.62695
182294 3137 2.57888 1.73661
180307 4004 3.0977 1.96689
168079 4030 2.67646 1.93637
168971 4201 3.13711 1.96469
161335 4322 2.84157 1.78871
182781 2445 2.46259 1.17472
177748 3752 3.06793 1.77218
162211 3776 3.07386 1.78529
154963 3749 2.56514 1.52226
181881 4031 3.25615 1.83992
176886 3736 3.20502 1.56239
172355 3576 2.8568 1.29549
177767 3838 3.23765 1.72076
186877 1241 2.32252 0.708017
180372 4118 3.12099 1.94946
179332 3806 3.15702 1.75674
180983 3873 3.06919 1.80912
191333 4132 3.31911 1.64717
179947 3808 3.18612 1.79951
176945 3852 3.04742 1.6514
178782 3949 2.97862 1.91171
175827 4157 2.97462 1.74667
184913 4476 3.17084 1.93842
179065 3796 2.90755 1.54383
179432 3898 3.13283 1.67086
183873 3935 2.90515 1.65687
175824 3895 2.70972 1.83534
149921 3866 2.19701 1.47492
157530 4125 2.54011 1.69537
153307 3775 2.24116 1.54326
153230 3972 2.47458 1.57124
156474 3810 2.37893 1.74602
159357 4096 2.17897 1.60524
382893 17892 0.0783932 73.0686
403050 18773 0.0457903 75.5668
360002 16744 0.0374849 74.2066
417964 18878 0.0438163 82.743
465784 19905 0.0471438 95.3232
360875 16812 0.0800822 71.5919
368526 16865 0.0424088 78.926
349861 16973 0.037376 66.82
424691 18424 0.0424587 86.3768
339021 15942 0.0343487 68.4782
335978 16122 0.039435 62.062
433153 18729 0.0527481 92.0824
332962 15744 0.0342517 61.9868
399528 17929 0.0401519 78.6931
386666 17801 0.0378411 76.4698
383856 17434 0.0401763 79.399
357230 17157 0.0667776 68.2731
449652 19438 0.0490842 89.0847
444344 18802 0.0501614 92.5159
414960 17834 0.0429621 86.7756
352741 16874 0.0403827 64.5828
394384 17520 0.0431811 77.9746
307963 15008 0.0327866 56.4409
351250 16202 0.0736435 68.173
320682 16077 0.033513 61.3748
359026 16532 0.0368379 70.7135
376223 17652 0.0402822 72.8946
438252 19055 0.0464587 88.5093
465518 20196 0.0527019 95.2544
406231 18067 0.048102 83.236
408231 18502 0.0466043 82.7805
372523 17320 0.0397344 74.5955
393802 18273 0.0395486 79.5512
413193 18659 0.0421643 81.9407
439090 19201 0.0438991 92.7988
463637 19690 0.0988055 92.5255
426557 18934 0.0432418 86.3722
407163 18561 0.0429089 78.7159
374022 17192 0.0457222 74.4718
378044 17772 0.0388229 76.1
415910 18891 0.0439895 78.3217
399001 17860 0.0404823 79.6219
368803 17554 0.0352325 72.2831
407700 18549 0.0412765 79.4351
404929 18443 0.0404682 78.1606
402553 18941 0.0393579 78.2969
338813 16229 0.0329703 65.885
349335 16699 0.0348558 67.3721
372085 16827 0.0814428 72.3755
367917 17414 0.0378971 67.6499
402297 19246 0.0409184 76.6081
368286 17421 0.0399933 71.3789
345603 16918 0.0327235 66.1877
390601 17426 0.0392167 75.5832
307277 15036 0.0292635 60.3144
415685 18361 0.0880516 84.7705
376478 18216 0.0383766 72.8862
377404 17993 0.0375351 75.1133
391320 17831 0.0813076 79.3884
394159 17493 0.0442134 79.6285
398942 18202 0.038879 77.7274
329650 16377 0.0315866 66.1806
431037 18983 0.043919 86.6176
327323 16141 0.034482 63.4378
412028 18123 0.0728091 85.1336
475947 19998 0.0596371 99.6813
447767 19323 0.091652 90.3464
486395 21602 0.053971 96.0064
414497 18202 0.0419947 89.1978
367051 17299 0.0730109 73.3198
442242 19023 0.0453208 88.5566
387424 17417 0.0388702 76.1884
392263 17793 0.0395203 77.4502
387718 17840 0.0425634 73.9955
365134 16666 0.0365873 74.2401
335961 15895 0.0741402 66.4552
398211 18303 0.0427893 83.5559
334990 15493 0.0344516 69.1401
393477 17166 0.041513 78.9369
337377 15762 0.0342612 69.1971
387641 17023 0.0416257 76.7037
308669 15439 0.0301881 59.6573
360264 16559 0.0358209 73.4686
382482 17105 0.0393889 74.4625
344219 16211 0.0731984 69.2555
374773 17093 0.0387628 73.4482
382893 607 2.38012 1.32009
403050 643 2.7218 1.48712
360002 624 2.26402 1.77391
417964 667 2.8 1.82057
465784 639 2.87555 2.01593
360875 602 2.33571 1.44692
368526 551 2.35878 1.17443
349861 615 2.31362 1.59584
424691 482 2.64082 1.48568
339021 576 2.1689 1.35087
335978 571 2.24265 1.34389
433153 585 2.80413 1.6985
332962 547 2.16675 1.16903
399528 613 2.57322 1.63479
386666 608 2.53741 1.55272
383856 573 2.5344 1.79966
357230 544 2.44367 1.20454
449652 594 2.92554 1.96187
444344 606 2.66012 2.08531
414960 623 2.56883 2.16766
352741 591 2.4076 1.72759
394384 618 2.45742 1.83526
307963 561 2.00732 1.26287
351250 553 2.1648 1.30713
320682 548 2.21916 1.09573
359026 620 2.32229 1.47645
376223 601 2.44032 1.72625
438252 609 2.85442 1.64009
465518 649 3.05294 1.80739
406231 570 2.77793 1.54806
408231 577 2.75292 1.65717
372523 549 2.55334 1.33987
393802 599 2.72948 1.63527
413193 575 2.7794 1.43598
439090 546 2.90536 1.69336
463637 634 2.82518 1.76428
426557 613 2.83836 1.48339
407163 583 2.71719 1.43336
374022 548 2.44821 1.27048
378044 598 2.57986 1.25707
415910 612 2.7631 1.59479
399001 568 2.64805 1.45889
368803 529 2.69464 1.23606
407700 568 2.71063 1.55149
404929 581 2.64344 1.49492
402553 640 2.70762 1.28593
338813 551 2.30854 1.25837
349335 562 2.43872 1.21331
372085 550 2.4119 1.25611
367917 525 2.42042 1.22981
402297 657 2.50662 1.48535
368286 574 2.46856 1.39457
345603 559 2.30782 1.32084
390601 569 2.51695 1.30711
307277 530 1.98424 1.24951
415685 603 2.65208 1.68383
376478 637 2.57381 1.59438
377404 583 2.54114 1.40459
391320 625 2.50094 1.44122
394159 656 2.47634 1.6749
398942 608 2.60538 1.5892
329650 423 2.2961 0.762755
431037 649 2.77412 1.69803
327323 564 2.23176 1.14278
412028 643 2.62804 1.74658
475947 634 3.06459 1.97419
447767 666 2.94067 2.03936
486395 716 3.25234 1.90992
414497 591 2.6984 1.68887
367051 592 2.50931 1.38351
442242 646 2.88675 1.96563
387424 575 2.35606 1.63952
392263 585 2.62476 1.46768
387718 670 2.51598 1.70626
365134 573 2.33633 1.39948
335961 590 2.0341 1.3959
398211 652 2.64619 1.74132
334990 538 2.15531 1.49758
393477 630 2.44864 1.78797
337377 548 2.24003 1.38535
387641 560 2.5494 1.67408
308669 557 2.10856 1.26679
360264 567 2.39554 1.57912
382482 580 2.25106 1.77203
344219 609 2.19058 1.59642
374773 630 2.31167 1.79514
382893 6964 14.5947 37.9231
403050 7589 15.9663 39.6655
360002 6310 14.5011 35.3793
417964 7411 16.7017 41.7336
465784 7972 19.3531 49.8411
360875 5961 14.5236 34.7419
368526 6290 15.3047 38.8648
349861 6254 14.1012 33.0409
424691 7344 17.9789 43.1357
339021 5690 13.8413 33.0731
335978 6343 13.226 32.1632
433153 7137 17.9141 45.9269
332962 6326 12.6382 33.1558
399528 6940 15.6283 40.7702
386666 6637 16.2311 38.9023
383856 6595 16.1172 40.2152
357230 6567 14.0914 36.3508
449652 8008 18.1461 46.9266
444344 7679 18.0529 47.8118
414960 6979 17.2817 44.4815
352741 6542 13.7599 34.7938
394384 7066 16.6305 41.5137
307963 5790 12.4141 30.3266
351250 6205 13.7449 33.7819
320682 5824 11.8891 29.6229
359026 6534 14.3377 35.9517
376223 6608 14.6493 35.9481
438252 7986 17.8636 47.5306
465518 8144 19.0391 48.6702
406231 6936 16.7811 42.2885
408231 7398 16.1476 42.0488
372523 6478 14.6895 35.8429
393802 6786 16.0725 40.0657
413193 7351 16.9522 41.9265
439090 7129 18.3689 46.8134
463637 7821 19.2049 50.3958
426557 7462 17.3937 44.9004
407163 7202 16.268 42.5276
374022 6618 14.903 38.5339
378044 6568 14.998 36.7987
415910 7722 15.9499 40.6211
399001 7004 16.5275 41.7095
368803 6536 14.9885 36.5328
407700 7398 16.4737 42.2662
404929 7130 15.9732 39.6873
402553 7216 15.8223 40.8444
338813 6143 14.0135 34.4417
349335 6412 14.3689 33.6451
372085 6814 14.8287 37.4956
367917 6612 14.6597 34.9136
402297 7196 15.3374 37.1613
368286 6583 14.6438 36.3969
345603 6011 13.6992 32.9093
390601 7109 15.6562 40.6769
307277 5453 11.9936 30.3494
415685 7412 17.191 43.6324
376478 6710 15.026 37.1191
377404 6574 15.1617 35.8806
391320 6784 15.6828 40.7748
394159 6853 15.4992 41.9929
398942 7137 16.0638 40.0218
329650 5689 13.1549 30.4955
431037 7629 17.2055 44.5384
327323 5841 12.9727 31.1214
412028 7122 16.924 43.1179
475947 8063 19.2469 51.9004
447767 7856 17.7635 47.2297
486395 8819 20.0443 50.4966
414497 6905 17.6122 43.4496
367051 6540 14.5969 33.5813
442242 7788 17.9721 52.7141
387424 6721 15.7652 42.0405
392263 6959 15.8146 43.492
387718 6839 15.5212 39.4633
365134 6223 15.1734 38.1606
335961 5951 13.1804 34.0641
398211 6911 16.509 43.3566
334990 5955 13.6205 36.7395
393477 6815 16.264 42.9678
337377 5937 13.9907 35.9058
387641 7122 15.697 42.5212
308669 5676 11.5476 30.5426
360264 6407 14.8373 39.9869
382482 7156 15.0421 41.8061
344219 6149 13.4891 37.6437
374773 6809 14.3799 40.1728
382893 3197 13.1508 12.9116
403050 3357 13.7391 13.4188
360002 2946 12.3916 12.5741
417964 3414 14.2825 16.2424
465784 3845 16.752 19.7749
360875 2852 12.412 12.8583
368526 3327 13.8861 15.2509
349861 2830 11.7453 13.2424
424691 1564 11.1108 7.72868
339021 2792 12.08 12.7054
335978 3417 11.592 14.0663
433153 3402 15.83 17.2929
332962 3230 11.2778 14.4912
399528 3320 13.8781 15.2934
386666 3409 13.8982 16.0093
383856 3002 13.309 12.916
357230 3142 12.4403 14.0404
449652 3675 15.9178 18.23
444344 3282 15.6186 17.0739
414960 3061 14.6211 16.0958
352741 2738 11.6215 11.1434
394384 2920 13.3941 13.0334
307963 2666 10.2282 12.6021
351250 2898 12.139 11.6043
320682 2841 10.6505 10.3747
359026 3306 12.7234 14.1501
376223 2851 12.068 10.545
438252 3498 15.6307 17.6468
465518 3725 16.5399 17.4473
406231 3050 14.4107 14.287
408231 3267 14.4777 16.2904
372523 2996 13.0946 12.3358
393802 3120 13.8954 13.0654
413193 3521 14.4989 14.3338
439090 3470 16.5464 16.2778
463637 3739 17.2004 17.095
426557 3324 15.2331 12.7201
407163 3217 14.4799 13.9678
374022 3013 13.2145 11.3861
378044 3224 13.9705 11.7328
415910 3515 14.9887 12.3885
399001 3248 14.483 13.3154
368803 2510 12.5777 8.68351
407700 3144 14.9382 12.9617
404929 3191 14.3614 11.8858
402553 3179 13.5752 13.6009
338813 2973 11.2551 12.192
349335 3204 11.5248 10.6057
372085 3376 12.8347 12.6989
367917 2201 9.83431 6.92711
402297 3256 13.0606 12.4996
368286 2963 12.1267 10.6437
345603 2735 11.2636 9.18292
390601 3128 12.8609 13.7384
307277 2726 10.3277 9.01562
415685 3470 13.1156 14.9213
376478 3063 10.9427 12.069
377404 3047 10.9948 11.5237
391320 2955 11.829 12.37
394159 3146 13.6903 13.3333
398942 3227 12.1051 11.8271
329650 1138 7.40503 4.61471
431037 3778 14.6078 16.5944
327323 3102 9.94946 10.188
412028 3292 13.6762 11.8953
475947 3317 15.8212 14.4941
447767 3359 13.9643 15.7526
486395 3735 16.2615 16.1111
414497 3086 14.3892 15.0863
367051 2965 12.3547 11.3423
442242 3450 15.8456 13.3327
387424 3071 16.062 13.6402
392263 3372 15.3485 12.3527
387718 3454 13.475 12.7409
365134 2780 12.3861 10.3287
335961 2710 11.2756 10.7785
398211 3049 13.4576 12.7309
334990 2898 11.5879 12.999
393477 2989 13.3499 11.2689
337377 3028 11.7593 12.6318
387641 3194 12.8648 13.0099
308669 2929 10.0298 12.3388
360264 3075 12.1821 14.6018
382482 3307 12.6888 15.2161
344219 3015 11.4805 15.028
374773 3337 12.4722 15.0519
698683 10980 30.0582 94.4655
724192 11493 31.2358 95.0508
630549 10027 28.2033 80.7098
649674 10060 29.3096 83.0014
585903 9112 25.9331 71.8913
503828 7900 21.3506 56.9191
599071 9728 26.3286 72.651
548863 8913 23.3411 65.1415
564007 8762 23.7738 72.0582
398179 7278 16.1906 40.1734
516411 8271 22.6916 61.5109
615224 10454 25.7175 80.4336
410323 7154 16.1792 39.6538
593620 9657 25.5729 72.2165
454596 8037 17.3763 51.4833
434680 7265 18.1733 46.3387
671489 10742 29.228 86.4742
474366 7951 18.9234 50.1992
441074 7931 17.9279 46.663
549980 9305 23.261 67.9877
592253 9723 24.8945 76.995
349864 6170 13.9529 31.1905
356296 6606 12.4743 32.8055
494784 8014 21.4076 58.7842
396940 7104 14.5318 36.1568
601786 10251 25.6955 73.0796
623808 10279 27.0161 76.7589
484986 8105 19.9029 52.4536
557892 9178 23.2444 68.0458
721122 11572 30.7839 96.0225
640144 10328 27.4306 80.4756
636015 10204 27.8664 81.0704
486991 8318 20.0545 51.9184
711745 11172 30.5158 93.2578
644991 10580 26.781 76.8829
640591 10977 27.0762 78.9559
608359 10123 26.312 74.8309
606619 10047 26.0382 77.3129
592340 9868 25.0341 71.9574
604826 9849 24.5979 71.512
658365 10738 27.238 82.7911
709232 11433 29.8171 95.1365
607262 9857 26.3305 76.4905
540080 9132 23.5577 65.3878
609067 10229 24.7517 75.2641
452610 8164 17.2323 44.8091
448658 7744 18.6545 51.1762
619775 10096 26.1648 78.5682
667680 11115 26.7286 86.7425
547003 8920 23.6864 67.07
630680 10496 27.1504 79.4076
411749 7341 15.6991 40.7695
475897 8319 20.1876 51.5992
549788 8981 23.6624 65.5259
567017 9352 23.5957 65.9133
543227 9031 21.8958 58.6707
493204 8383 20.8904 55.942
492276 8419 19.2155 50.4422
545100 8852 22.549 62.3228
600266 9783 25.6117 73.6101
648616 10865 27.174 81.2598
753783 11635 32.5378 101.735
770704 12199 34.2461 107.511
577399 9649 24.3779 71.3396
443220 7458 17.6953 47.5802
542219 9282 22.8003 64.2295
510567 9149 19.2095 55.0416
561267 8742 24.1488 68.4475
416316 7369 16.7578 42.3916
412123 7241 15.9814 40.2567
500699 8347 21.7669 62.8894
779337 12039 34.2615 108.454
365899 6466 14.4607 34.3353
451434 8078 17.3207 45.6634
730435 11512 31.6976 99.8328
660899 10876 28.4442 84.5521
710252 11736 30.8387 94.7714
673969 11394 28.8844 86.2981
776858 12306 34.4656 107.514
698683 4274 13.887 11.1927
724192 4568 14.0628 19.6572
630549 4213 20.4802 25.4922
649674 4249 16.436 30.9952
585903 3881 20.9686 10.8216
503828 3801 13.9765 15.8297
599071 3871 14.1678 8.53044
548863 1717 9.57584 11.9999
564007 3683 8.54425 22.8375
398179 3736 12.2439 16.8204
516411 3776 9.16212 21.9274
615224 4278 12.478 27.4545
410323 3551 5.03862 15.8609
593620 3998 7.8774 25.0778
454596 3382 15.534 19.0644
434680 3387 8.67859 17.1371
671489 4085 14.1783 27.4282
474366 3371 15.5609 16.4717
441074 3232 5.84856 15.9194
549980 3558 19.228 21.2041
592253 3739 22.7145 25.4983
349864 2812 11.388 10.3542
356296 3019 11.3633 11.1764
494784 3740 8.32505 22.2924
396940 2881 12.6284 10.2242
601786 4193 15.1442 26.5853
623808 4237 23.3335 27.9846
484986 3529 17.2557 18.165
557892 3749 20.9094 24.1207
721122 4613 27.2442 31.6099
640144 4366 25.3281 28.0999
636015 4299 8.65587 29.0328
486991 3566 17.0987 16.1327
711745 4483 28.1173 32.3339
644991 4475 24.1349 26.5543
640591 4747 24.6871 30.4391
608359 4175 22.9359 25.0491
606619 3390 6.95405 23.4852
592340 3756 7.61931 23.9576
604826 3906 7.83755 23.0939
658365 4280 25.5727 28.1177
709232 4533 27.735 31.7977
607262 4364 24.2262 26.1369
540080 4269 14.4705 22.1546
609067 2556 18.4445 17.4559
452610 3539 5.16345 16.3402
448658 3437 14.7672 15.5714
619775 3860 11.2736 25.6195
667680 4359 24.3393 29.778
547003 3869 19.6787 23.0481
630680 4175 8.63883 27.0232
411749 3074 4.68335 13.399
475897 3547 9.97196 16.1201
549788 3450 12.8013 19.4023
567017 1379 15.0219 7.5271
543227 4271 19.3406 24.3631
493204 3783 17.6633 18.7279
492276 3598 16.3952 15.2418
545100 3743 19.3117 20.6686
600266 3733 10.9178 22.4136
648616 4233 16.5044 23.127
753783 4449 29.1546 30.1375
770704 4641 31.3157 31.2761
577399 3988 11.6582 21.487
443220 3356 9.16366 15.9538
542219 3927 19.2846 20.6509
510567 4057 16.8658 18.0412
561267 3622 20.7991 21.0095
416316 3278 13.8246 14.8453
412123 3205 13.4973 11.9417
500699 3663 9.98148 20.6111
779337 4818 31.6215 37.174
365899 3140 12.2275 12.5207
451434 3564 14.945 14.8187
730435 4877 11.4055 35.4334
660899 4457 24.2182 29.8896
710252 4861 12.8666 13.1879
673969 4456 24.9907 12.2816
776858 5005 30.087 23.1033
698683 620 3.51367 2.75207
724192 690 3.18923 3.67062
630549 664 3.62567 2.85325
649674 657 2.3312 2.91619
585903 622 3.37044 2.66105
503828 572 2.98792 1.73947
599071 668 1.34658 2.705
548863 496 3.61379 0.733112
564007 600 3.05084 1.01984
398179 618 1.97546 0.652529
516411 630 2.73457 1.12575
615224 619 3.4942 1.70112
410323 620 2.30219 0.54892
593620 624 2.99725 2.36258
454596 557 2.41896 1.56228
434680 570 2.40593 1.65159
671489 623 1.37189 2.17664
474366 634 1.06717 0.889154
441074 605 1.00539 1.32076
549980 614 2.09707 2.13427
592253 581 1.77788 2.26109
349864 592 1.96239 1.07214
356296 571 2.10377 1.24123
494784 586 2.85627 1.28121
396940 577 2.66267 1.27759
601786 601 3.66341 2.01075
623808 664 3.53119 2.06571
484986 591 1.46676 1.48083
557892 608 2.50733 2.24612
721122 639 3.33822 2.91129
640144 631 1.5473 1.32375
636015 614 3.14463 1.10828
486991 604 3.16668 0.696421
711745 583 3.4558 1.35022
644991 602 2.02686 0.973461
640591 604 3.4898 2.65913
608359 590 3.09671 2.57805
606619 581 3.45122 2.52431
592340 622 3.01392 0.998106
604826 605 3.39693 0.99288
658365 631 3.24404 1.0361
709232 591 3.4336 1.0178
607262 599 2.55135 0.969356
540080 594 2.83257 0.739862
609067 562 3.04079 0.87368
452610 675 2.54595 0.741322
448658 591 2.36418 0.816057
619775 588 3.2436 0.995362
667680 611 3.24637 1.03668
547003 564 2.97395 0.848076
630680 640 3.26994 1.99112
411749 660 1.02373 1.82376
475897 636 1.4152 1.86777
549788 673 1.1767 2.10523
567017 462 2.98392 0.743167
543227 639 2.85221 1.85088
493204 597 2.8596 1.65638
492276 635 2.70136 1.57286
545100 683 2.87371 2.41757
600266 685 3.07458 2.90635
648616 735 1.47139 2.60015
753783 683 1.60331 2.92676
770704 671 1.54836 3.43805
577399 634 3.05864 2.38803
443220 591 2.34707 1.71448
542219 692 2.74926 2.34931
510567 651 2.68834 1.75583
561267 629 1.49076 2.79801
416316 620 0.953782 1.783
412123 685 2.36663 1.75735
500699 590 3.06949 2.54907
779337 647 3.13208 4.06549
365899 561 2.12996 1.43531
451434 594 2.39941 1.7929
730435 613 3.38545 3.25753
660899 638 2.5598 2.10241
710252 636 3.35646 1.22762
673969 670 1.37299 1.31773
776858 636 2.11521 1.23052
698683 23879 0.0883626 165.618
724192 24775 0.150589 157.905
630549 22663 0.135458 145.741
649674 23153 0.0671516 162.708
585903 21710 0.127652 150.089
503828 19430 0.114183 123.265
599071 22032 0.143602 150.436
548863 20678 0.114145 133.365
564007 20345 0.167957 144.757
398179 17784 0.0853841 85.6977
516411 20321 0.118524 128.981
615224 22686 0.131027 154.679
410323 18041 0.0567602 86.9566
593620 22011 0.0999622 146.629
454596 19253 0.0958642 102.919
434680 18324 0.0909973 99.9336
671489 23416 0.100896 172.595
474366 19471 0.0971124 104.85
441074 18503 0.092418 95.1157
549980 20886 0.12447 137.599
592253 20729 0.130441 151.292
349864 16284 0.0739145 72.5433
356296 16857 0.0815368 73.8162
494784 18756 0.100988 122.53
396940 18238 0.0821028 75.7546
601786 22218 0.0732637 133.843
623808 23256 0.0686033 136.112
484986 19684 0.100718 93.7199
557892 21088 0.115737 124.062
721122 24970 0.15027 170.689
640144 23159 0.068793 142.818
636015 23390 0.132101 155.644
486991 20617 0.104341 97.2659
711745 24535 0.085929 165.092
644991 24057 0.140464 139.747
640591 23491 0.074454 141.075
608359 22571 0.129683 124.747
606619 22419 0.165769 145.555
592340 22396 0.124155 128.491
604826 22700 0.125288 122.964
658365 24055 0.137751 146.725
709232 24251 0.148326 162.908
607262 21781 0.0589533 147.336
540080 20628 0.109066 131.646
609067 22578 0.128947 148.216
452610 20590 0.103617 97.9712
448658 19298 0.0943241 89.5477
619775 22753 0.0948417 134.84
667680 23431 0.149476 148.674
547003 20165 0.164153 126.217
630680 23005 0.133779 149.589
411749 19097 0.0862148 79.5821
475897 20608 0.101623 92.1034
549788 21125 0.123755 119.429
567017 22061 0.121093 127.803
543227 21668 0.114101 108.034
493204 19819 0.102061 98.7597
492276 20331 0.101309 97.715
545100 21289 0.0645107 112.513
600266 22131 0.0704875 122.926
648616 24767 0.142139 146.632
753783 25076 0.217038 197.972
770704 25378 0.213994 202.573
577399 21393 0.0680348 144.687
443220 18397 0.0910242 100.286
542219 21432 0.0587694 127.842
510567 20773 0.0584846 111.88
561267 20456 0.117835 139.813
416316 18018 0.0882007 88.3956
412123 18644 0.0886849 86.4623
500699 19140 0.0667728 122.876
779337 25038 0.164739 205.654
365899 16860 0.0772768 77.2849
451434 18858 0.088311 93.2266
730435 24104 0.154984 181.895
660899 23190 0.145802 167.937
710252 23999 0.149697 179.433
673969 23653 0.143674 167.474
776858 25427 0.177345 200.568
628409 957 4.92165 2.27512
536942 925 4.59106 2.20637
555420 1128 5.44622 2.5778
554155 1169 5.2463 2.44325
526012 1099 5.2976 2.25612
545801 1057 5.3278 2.18893
504674 998 4.63129 1.78711
523629 1109 5.18514 2.53746
523173 1032 5.2465 1.8346
616680 945 5.82753 1.84758
518494 1020 4.61549 2.27812
462484 932 4.34828 1.81419
560430 898 4.82467 2.31089
458473 905 4.32777 1.78144
547806 952 5.02887 2.08127
580150 1018 5.10225 2.31282
514036 1054 4.79883 2.27931
502669 1012 4.85399 1.891
535120 892 4.42268 2.06399
535196 992 4.95101 2.3733
572348 909 4.54325 3.17501
506191 1022 5.0249 2.30254
511456 873 4.38849 2.29711
442011 915 3.97635 1.90648
466377 793 3.8273 1.83436
484949 746 4.03788 1.85325
472924 784 3.86511 1.91361
512346 873 4.50236 2.55993
574968 998 5.10393 2.11278
570567 911 4.63778 2.18341
530186 785 4.38751 2.04286
568957 884 4.86672 2.41181
560999 783 4.21665 2.22585
572563 780 4.49832 2.25693
510976 828 4.29335 1.89023
659824 801 4.83953 2.88686
555029 935 4.69574 2.11886
541854 940 4.85918 1.89608
535636 983 4.85215 2.00779
510649 959 4.6734 1.85395
550674 911 4.77854 2.01429
325795 1066 4.6128 0.79659
462857 641 3.4713 1.86551
562096 585 3.96088 2.10128
499209 628 3.69606 1.96655
502466 642 3.78432 2.01343
567234 635 4.00004 2.37322
466994 664 3.69154 1.69649
430604 586 3.26168 1.7212
465347 574 3.52817 1.74967
437366 616 3.15804 1.62232
518434 559 3.81324 1.88017
509779 692 3.83318 2.35679
476066 648 3.5381 2.13068
442558 579 3.5119 1.76006
415407 615 3.24377 1.65647
415933 585 3.14749 1.71041
576413 646 3.96996 2.72862
481972 700 4.00507 2.21881
528352 615 3.90423 2.22118
499563 684 3.71575 2.1657
488447 672 3.643 2.17478
501947 678 3.88441 2.23072
457596 453 3.56266 1.49345
468482 638 3.57583 1.99863
485223 658 3.56511 2.24631
485361 706 3.54714 2.43666
507680 706 3.84863 2.32677
480487 676 3.66006 2.17972
571929 776 4.4018 2.81156
522178 664 3.6441 2.72142
495607 692 3.72607 2.34252
474582 646 3.5742 2.0668
502605 654 3.71535 2.2544
467594 681 3.61545 1.96669
492110 693 3.68591 2.06515
446818 672 3.38707 2.10829
472148 658 3.56646 1.85973
514395 740 3.83771 2.40027
472286 583 3.35972 2.04829
500004 683 3.71407 2.32823
452901 585 3.55668 1.84577
561052 636 3.57165 2.42437
413635 635 3.27974 1.68998
476782 672 3.58426 2.032
453507 653 3.33351 2.03739
446360 657 3.31921 2.02149
459467 660 3.58773 1.96616
628409 10956 14.857 34.1287
536942 10372 22.0118 17.8233
555420 10269 22.1146 23.484
554155 10209 11.4782 34.3871
526012 9538 19.9617 14.3912
545801 9796 9.11599 34.615
504674 9033 7.5106 14.5079
523629 9478 7.92131 37.5003
523173 9612 23.4191 23.4692
616680 10896 28.1871 25.3525
518494 9260 23.007 16.625
462484 9046 17.2485 14.1878
560430 10195 8.27616 35.0508
458473 9287 8.36263 28.9852
547806 10353 9.64411 21.4084
580150 10604 9.16536 18.8035
514036 9596 8.0238 16.7051
502669 10297 10.7621 33.8568
535120 9820 8.1292 41.8474
535196 10211 8.50144 22.4127
572348 10308 8.67415 29.6711
506191 10130 7.36194 15.7364
511456 9641 7.59374 18.7867
442011 8791 11.9206 21.6032
466377 8688 7.75245 34.1782
484949 8826 6.99597 45.7405
472924 8380 7.03824 46.2817
512346 9811 7.50095 45.5475
574968 11041 9.93288 52.6982
570567 10250 8.59709 57.885
530186 9770 14.311 49.0037
568957 10430 9.71464 56.8427
560999 9946 12.0748 54.2244
572563 9978 11.3385 57.6016
510976 9180 13.6139 17.6143
659824 11016 16.6162 74.5088
555029 10171 12.2166 46.3105
541854 10408 8.00374 37.8349
535636 10346 7.98096 35.9826
510649 10043 13.6144 39.1137
550674 10335 8.56424 50.3649
325795 5519 10.2019 6.15667
462857 8417 9.34846 47.9782
562096 9728 22.9282 65.7679
499209 8741 17.2704 46.1549
502466 9109 11.8671 40.3908
567234 9400 10.1622 51.5363
466994 8598 6.68141 36.407
430604 7829 6.25893 36.7971
465347 8133 11.5658 40.0587
437366 7939 15.3722 37.3745
518434 9259 18.713 43.3001
509779 9087 17.1779 47.3665
476066 8497 17.3167 46.8156
442558 7911 16.9899 40.4249
415407 7501 9.23078 41.8972
415933 7786 14.8013 40.9905
576413 9761 20.5968 68.2176
481972 8743 6.90949 48.22
528352 9028 9.07745 57.7036
499563 9080 9.88303 50.149
488447 8551 8.88938 44.8208
501947 8903 8.09628 33.4003
457596 8011 6.6967 19.7526
468482 8451 6.83624 21.2829
485223 8815 15.83 30.4532
485361 8375 13.9822 30.156
507680 8795 19.8139 44.3678
480487 8727 6.77706 40.511
571929 10064 18.0213 58.6064
522178 8530 18.8567 53.6556
495607 9080 11.1369 41.6428
474582 8488 17.6727 38.4009
502605 8772 14.3644 46.2547
467594 8622 10.9532 32.6878
492110 8491 9.643 19.1406
446818 7885 8.79001 16.9102
472148 8496 16.2091 28.3023
514395 8980 9.19808 23.4593
472286 8202 14.2647 33.9489
500004 8910 20.5861 26.9237
452901 8360 19.0949 20.7566
561052 9448 24.9439 24.685
413635 7797 17.1505 15.1551
476782 8406 17.8489 16.9458
453507 8371 6.50058 26.9842
446360 8326 15.3256 41.2665
459467 8665 6.66502 23.96
628409 4549 19.159 24.0256
536942 4247 17.5031 17.3669
555420 4198 14.7952 16.8209
554155 4417 19.5328 20.4545
526012 4851 14.2208 19.0774
545801 4178 15.1558 18.2366
504674 4381 20.2654 18.8913
523629 4032 18.7802 17.7295
523173 2313 13.4826 7.86706
616680 944 12.2508 3.10016
518494 4347 14.7396 19.1462
462484 4417 14.4953 19.5786
560430 4182 16.0068 17.6769
458473 4155 13.0253 16.5588
547806 4528 14.9717 18.58
580150 4656 17.1262 22.0639
514036 3974 15.151 15.4774
502669 3880 14.7864 15.1405
535120 4258 17.5961 17.8273
535196 3847 15.7312 15.1082
572348 4154 17.7376 18.8151
506191 3871 12.5349 13.7863
511456 3798 14.0427 14.2534
442011 3986 13.5136 14.4762
466377 3690 12.8452 11.6423
484949 3916 15.1787 14.3504
472924 4045 15.7549 16.6311
512346 3913 15.8087 13.5623
574968 4508 17.6173 22.2877
570567 4457 17.9379 19.7191
530186 3972 14.5697 18.0326
568957 4234 18.2852 23.3043
560999 4160 16.9753 20.6462
572563 4242 20.4162 19.9396
510976 4196 17.2604 19.6412
659824 4513 23.0276 28.7132
555029 4627 15.4884 19.9592
541854 4105 16.8096 15.6254
535636 4317 15.2945 17.6047
510649 4086 14.3309 14.2121
550674 4283 16.4706 16.3428
325795 4443 7.08993 5.75317
462857 3827 13.5101 14.4169
562096 4226 20.0953 21.0404
499209 3079 13.6185 16.4132
502466 3850 15.7633 17.7425
567234 3932 18.0777 20.7697
466994 3860 16.8654 15.5954
430604 3615 16.4085 13.8772
465347 3992 17.8258 14.9466
437366 3998 17.0428 13.7229
518434 2666 15.7292 9.6961
509779 3775 19.7356 14.2204
476066 3547 20.5827 14.333
442558 3302 16.1701 13.1574
415407 3455 14.8065 13.7473
415933 3579 15.9434 14.1427
576413 3978 20.3626 22.06
481972 3643 14.2931 14.0255
528352 3950 17.7513 16.9122
499563 3722 15.7651 14.2204
488447 3569 16.1323 15.675
501947 3803 16.2815 15.5533
457596 1353 11.2405 6.65812
468482 4303 14.5042 18.3055
485223 4183 15.7203 17.7252
485361 3639 14.3048 12.4117
507680 3876 15.8708 15.0705
480487 3779 14.7497 14.3141
571929 4022 18.0064 17.7816
522178 3639 16.272 17.6427
495607 3846 14.7057 14.1564
474582 3718 15.5274 13.9963
502605 3868 16.8893 17.6237
467594 3877 13.9534 14.4166
492110 4102 13.9799 17.7499
446818 3372 14.9224 15.3651
472148 3668 14.8245 15.3475
514395 3752 16.5933 16.9462
472286 3798 17.873 18.2012
500004 3957 15.0995 16.7605
452901 3928 14.2752 16.4557
561052 4088 18.8831 22.8475
413635 3886 12.7249 13.3448
476782 3793 13.3346 19.4043
453507 3739 16.3623 16.8913
446360 3783 16.9091 18.1232
459467 4061 15.6617 18.1806
628409 30310 0.139365 68.7655
536942 28369 0.121538 56.5132
555420 32551 0.0480949 96.079
554155 31118 0.126347 80.6214
526012 31954 0.0449584 50.5632
545801 31436 0.126853 41.3005
504674 28974 0.0962409 69.5147
523629 30854 0.0611218 97.7161
523173 31894 0.0487375 55.4705
616680 33449 0.108689 58.3723
518494 28578 0.111316 42.5498
462484 26593 0.107837 82.0857
560430 29087 0.0575695 110.892
458473 26232 0.0868256 83.0387
547806 29505 0.054769 65.3257
580150 31097 0.0538915 72.1447
514036 29356 0.077974 102.142
502669 29970 0.103767 71.5153
535120 27869 0.111176 70.8239
535196 29805 0.123074 61.1952
572348 27225 0.121287 63.7127
506191 29815 0.105459 29.9945
511456 26539 0.122716 48.1781
442011 26022 0.0950379 51.6285
466377 24664 0.0901244 45.4122
484949 24398 0.100531 36.455
472924 23385 0.0983653 70.9479
512346 27050 0.109245 97.6432
574968 30711 0.130051 107.767
570567 27996 0.130922 116.886
530186 26331 0.0474867 100.587
568957 28317 0.128584 115.865
560999 26321 0.122733 113.154
572563 26332 0.125482 115.763
510976 25950 0.112218 44.879
659824 28259 0.143459 86.5624
555029 28419 0.109544 105.851
541854 30215 0.117926 99.7053
535636 30476 0.127878 98.1322
510649 29145 0.1185 90.9654
550674 29221 0.125967 74.3241
325795 30039 0.0302852 31.1632
462857 21641 0.10028 92.0981
562096 23216 0.119901 118.397
499209 22449 0.0958507 101.078
502466 22841 0.108398 98.306
567234 23583 0.123095 124.01
466994 22854 0.0406929 90.8272
430604 20441 0.101162 29.6082
465347 21162 0.0938416 41.0159
437366 20194 0.0382074 44.479
518434 23023 0.0466933 52.8363
509779 23808 0.113759 55.763
476066 22255 0.108372 71.4635
442558 21542 0.0374174 87.4991
415407 20076 0.0962866 28.5708
415933 19788 0.0964148 73.9342
576413 23293 0.127307 124.518
481972 22891 0.0982663 89.5682
528352 23172 0.118007 100.426
499563 22641 0.114639 57.1433
488447 21968 0.0898522 49.2395
501947 22746 0.0441881 77.3604
457596 21741 0.0388099 31.9607
468482 22139 0.0970774 37.1654
485223 22110 0.108806 90.3857
485361 21957 0.101354 97.4275
507680 22880 0.0447255 96.4077
480487 22259 0.104785 46.641
571929 25295 0.124541 61.657
522178 22323 0.10954 51.7722
495607 22680 0.101568 36.8039
474582 21684 0.0923603 57.1968
502605 22031 0.102707 51.1874
467594 21806 0.102427 46.6524
492110 22288 0.105494 69.0337
446818 20671 0.0978988 67.8385
472148 21805 0.100272 51.8211
514395 23197 0.104951 36.4314
472286 20465 0.0952868 54.3822
500004 22148 0.093109 39.1616
452901 21174 0.10292 55.1318
561052 22305 0.0477583 48.9531
413635 20893 0.096533 31.246
476782 21491 0.0417503 94.4794
453507 21007 0.107825 61.2067
446360 21524 0.101462 33.9731
459467 22017 0.090432 45.8613
631220 0 0 33.5206
689862 0 0 34.4799
471208 0 0 18.3847
756021 0 0 42.126
520946 0 0 22.5527
394377 0 0 15.5261
529281 0 0 23.0642
781078 0 0 44.2237
588086 0 0 29.8088
559676 0 0 31.2821
538153 0 0 26.3582
489696 0 0 23.9684
484734 0 0 21.0287
572295 0 0 28.2993
506993 0 0 23.2848
517393 0 0 25.3945
495059 0 0 27.7274
562785 0 0 31.2391
522551 0 0 29.2744
540330 0 0 30.2875
644654 11106 15.3502 40.5126
502831 9710 10.4016 29.1352
388085 7235 7.45159 20.1276
398135 7432 7.81495 24.7098
687786 11491 14.8705 48.9869
453986 8860 8.63866 18.8317
749388 13279 15.4118 43.272
525683 9495 11.3952 24.2646
596541 10150 13.4207 33.6135
584697 10455 19.6819 32.1777
425328 7868 17.771 17.9784
695984 11489 28.7531 42.8243
535098 9882 16.8085 26.028
532938 8926 19.523 28.3803
567120 9756 14.5735 29.362
618759 11091 19.6855 33.6852
756571 12711 24.7576 43.9505
531480 10151 11.3104 25.1033
604618 11038 13.1558 36.0039
342689 5685 7.62114 4.09877
461636 8279 9.23277 28.568
453589 8178 9.13384 25.8897
428687 7627 8.61479 21.062
503250 8867 10.2728 26.7944
553410 9165 11.495 32.7267
426734 7622 8.25275 21.2573
608528 9922 13.2509 37.3702
393581 6899 8.4204 19.8291
396450 7265 8.01001 27.4402
474955 8288 9.42449 31.1312
506301 8623 10.7491 27.0066
410479 7283 8.2145 19.1061
393952 6837 8.10497 25.4452
410924 7435 8.2216 34.2526
426365 7380 8.68252 22.6196
542280 9278 11.2837 61.0986
387760 6852 7.7289 25.6642
562437 9221 12.1564 51.6707
430441 7550 8.6859 47.2261
393951 6870 7.77224 41.7757
580243 9537 12.4527 72.5669
567017 9352 11.9957 56.9017
575823 9653 12.1514 49.7503
398650 7509 7.86981 31.3284
395736 6866 7.85369 33.5081
680739 10611 14.888 79.4732
751493 11956 16.2074 52.3552
588531 10326 12.1504 37.3946
477520 7756 9.97216 57.5703
441831 7904 9.91207 40.0119
542825 8933 17.4459 59.8361
533653 9085 17.5417 51.8023
642888 10858 21.0144 66.7504
523470 9018 22.9404 49.5625
434472 7425 15.5607 21.9904
416316 7369 12.9793 21.1422
445228 7858 11.5251 22.0798
445087 7694 17.2032 42.9071
419359 7446 17.1809 34.5228
332057 5938 12.9941 23.2218
574002 9791 23.019 69.9096
392606 7383 14.2733 43.5038
514713 8584 20.3778 45.0405
423724 7940 16.7275 34.4491
388893 7191 14.6464 31.6161
570755 9931 21.0164 57.0092
631220 3975 11.5877 10.9702
689862 4768 11.3474 12.2771
471208 3952 6.78094 7.92341
756021 5106 13.4364 16.2841
520946 3958 8.1307 8.33069
394377 3637 6.61854 6.43701
529281 3727 8.80203 9.10119
781078 2586 10.7604 9.23769
588086 4114 9.89165 9.51403
559676 4273 10.0079 11.9887
538153 3932 8.81184 9.85062
489696 3798 7.95953 9.37822
484734 4171 7.46693 8.28661
572295 4340 9.39273 10.7494
506993 3789 7.98963 7.44728
517393 3810 8.25743 9.33426
495059 3900 7.91516 8.66076
562785 3843 9.55562 9.27063
522551 3615 8.81158 7.82472
540330 3802 10.031 9.3095
644654 3857 12.291 11.4376
502831 3816 8.69238 9.21219
388085 3094 5.67898 5.36036
398135 3381 6.01017 5.99896
687786 4840 13.5486 15.5668
453986 3419 7.08651 5.76864
749388 4862 13.614 15.0417
525683 4004 8.67198 8.64159
596541 4048 10.5444 11.4472
584697 4021 10.1486 11.7373
425328 3404 6.82978 6.42542
695984 4704 12.1047 14.4654
535098 4113 8.70069 9.11033
532938 3727 9.27155 10.3986
567120 4352 9.62876 11.4358
618759 4054 11.5612 11.4009
756571 4647 14.2083 15.5751
531480 3785 9.43689 9.48771
604618 4062 10.8785 10.9013
342689 4925 4.17484 3.22744
461636 3602 7.39579 8.70653
453589 3787 7.30016 8.01418
428687 2865 6.08424 5.76888
503250 3629 8.32876 9.42039
553410 3717 9.42589 10.4382
426734 3365 6.768 7.1061
608528 4110 11.0397 13.5724
393581 3515 6.46484 6.74892
396450 3659 6.39064 7.27494
474955 2522 6.25871 6.04263
506301 3584 8.11619 8.60969
410479 2985 6.37927 5.89882
393952 2953 6.20522 6.42105
410924 3337 6.48662 7.46983
426365 3345 7.09453 7.71563
542280 3727 9.22261 10.4029
387760 3106 5.8146 6.36182
562437 3756 9.47741 10.2482
430441 3120 6.72493 6.47567
393951 3140 6.07901 6.33326
580243 3900 10.1479 11.9158
567017 1379 6.95091 3.83374
575823 4287 10.2611 13.1969
398650 3481 6.05442 7.16701
395736 3234 6.01056 5.9166
680739 4075 12.4819 12.8981
751493 4534 13.5136 16.2208
588531 4180 9.73292 10.2196
477520 3275 8.08945 8.12204
441831 3211 6.98567 6.97121
542825 3734 9.90024 10.7302
533653 3854 9.09375 10.3629
642888 4204 10.8927 11.786
523470 4004 9.09505 10.3036
434472 3087 6.70343 6.9138
416316 3278 6.71326 7.31129
445228 3303 6.89035 6.89263
445087 3308 7.73498 8.96119
419359 3133 6.37587 6.47138
332057 3023 5.09085 6.22395
574002 3926 10.1159 11.241
392606 3304 6.03084 6.60943
514713 3629 8.90197 10.9205
423724 3470 6.62496 7.38788
388893 3228 5.85074 7.1479
570755 4274 9.80812 13.818
631220 910 4.49971 2.49483
689862 1198 5.28869 3.71569
471208 1096 4.06018 1.73411
756021 1052 4.75497 2.88299
520946 1006 2.85508 1.86217
394377 921 3.56903 0.63935
529281 1111 2.89476 2.29277
781078 1008 5.62679 2.3277
588086 967 3.9964 2.45171
559676 922 3.9216 2.66444
538153 891 4.00952 2.20745
489696 880 3.84299 1.37645
484734 913 5.14146 1.75752
572295 996 4.70794 2.21995
506993 1015 4.20689 2.14808
517393 986 4.3566 2.09747
495059 866 3.54948 1.82977
562785 960 4.53025 2.4656
522551 859 3.83321 2.01867
540330 1021 4.20297 2.17434
644654 810 3.9466 2.99949
502831 899 2.043 2.13637
388085 757 2.37097 1.42822
398135 738 2.87351 1.49289
687786 753 3.60624 2.81499
453986 823 2.49802 1.70415
749388 984 4.19147 3.03462
525683 886 3.87207 2.04856
596541 775 4.12382 2.38746
584697 842 5.5969 2.62119
425328 740 3.25284 1.46764
695984 805 4.58108 2.98253
535098 811 4.17164 1.9835
532938 756 4.81709 1.98026
567120 881 3.98252 2.09761
618759 924 4.74114 2.18008
756571 941 4.9442 2.95986
531480 905 5.3715 1.79401
604618 919 4.56212 2.13626
342689 1047 4.75771 0.799909
461636 613 2.86063 1.93847
453589 616 3.02032 1.82485
428687 603 2.95612 1.66414
503250 613 4.05475 1.96885
553410 630 3.40661 2.47878
426734 647 2.68262 1.69941
608528 608 2.79464 2.71588
393581 592 2.39183 1.47462
396450 563 2.53956 1.3787
474955 548 2.84808 1.8659
506301 637 3.08573 2.17983
410479 586 2.70551 1.70577
393952 575 2.34735 1.45925
410924 599 2.63512 1.50088
426365 550 2.24016 1.75132
542280 604 2.43099 2.48112
387760 654 2.68069 1.67274
562437 629 3.31585 2.42219
430441 653 2.85121 1.84895
393951 665 2.54241 1.73018
580243 617 3.16422 2.67972
567017 462 2.60016 1.93538
575823 651 2.96665 2.4171
398650 599 2.28425 1.54888
395736 640 2.62166 1.69482
680739 700 3.19202 3.64688
751493 706 3.75794 4.08892
588531 737 3.87161 2.73329
477520 639 2.58712 2.20587
441831 652 1.65529 2.0253
542825 614 1.92252 2.46584
533653 625 1.61639 2.39827
642888 648 2.77234 2.78916
523470 637 1.74671 2.21583
434472 641 1.25912 1.96453
416316 620 1.29114 1.80753
445228 677 1.45419 1.96089
445087 576 1.92522 2.19373
419359 648 2.80346 1.92687
332057 538 1.77748 1.40179
574002 619 2.67621 2.68869
392606 620 1.15274 1.56025
514713 607 1.35749 2.27152
423724 592 1.99895 1.87196
388893 619 1.927 1.81674
570755 623 3.22183 2.6512
631220 27617 0.130556 137.483
689862 33495 0.148241 159.249
471208 27438 0.0994768 97.4846
756021 33479 0.16239 193.47
520946 28655 0.113833 113.713
394377 24264 0.0841249 71.1973
529281 28873 0.115494 108.041
781078 34429 0.1815 169.018
588086 28361 0.124094 116.217
559676 26191 0.118656 110.412
538153 26102 0.0811796 99.9196
489696 24378 0.05296 95.4331
484734 25858 0.125299 105.231
572295 28892 0.123805 144.434
506993 27618 0.0617597 118.733
517393 28439 0.110184 119.208
495059 24780 0.103644 100.462
562785 28493 0.12221 123.587
522551 24967 0.11109 106.753
540330 27807 0.114774 117.959
644654 26682 0.135936 155.313
502831 25519 0.106302 114.092
388085 20374 0.112273 78.1872
398135 20949 0.121441 81.2502
687786 26156 0.174646 174.469
453986 24065 0.103794 88.2706
749388 32388 0.161187 180.293
525683 25588 0.114668 113.88
596541 25360 0.129118 142.478
584697 26634 0.137345 136.604
425328 21925 0.124744 86.0092
695984 27350 0.155145 173.524
535098 25133 0.116138 114.628
532938 24439 0.121461 129.885
567120 26372 0.121923 129.154
618759 29068 0.131551 144.237
756571 32247 0.16619 184.61
531480 27388 0.134835 109.787
604618 28226 0.133102 136.009
342689 29561 0.0794759 35.4887
461636 19742 0.0993797 99.7784
453589 19710 0.114978 102.335
428687 19420 0.11589 92.4922
503250 20729 0.123614 117.105
553410 21801 0.206856 140.501
426734 19888 0.0910772 92.9733
608528 22158 0.138583 155.123
393581 17918 0.0844428 86.0416
396450 17790 0.0851014 81.1084
474955 19875 0.100687 102.029
506301 21465 0.114165 109.338
410479 18589 0.109096 89.9857
393952 18043 0.0847168 78.4456
410924 18249 0.0969241 76.909
426365 17811 0.111976 98.2311
542280 21370 0.159041 129.269
387760 18592 0.104741 85.5159
562437 21870 0.154451 146.009
430441 18990 0.108556 97.885
393951 17912 0.0951591 82.2699
580243 21990 0.132665 140.102
567017 22061 0.142904 119.787
575823 22356 0.146298 122.822
398650 18355 0.0948185 66.5907
395736 18144 0.0994069 75.8453
680739 23949 0.158635 156.32
751493 25212 0.172118 171.942
588531 24234 0.143341 115.207
477520 19450 0.111702 98.7798
441831 18875 0.116791 82.3695
542825 20417 0.13297 119.171
533653 21077 0.170303 106.526
642888 23540 0.180129 148.428
523470 20452 0.163361 120.264
434472 18464 0.0952789 89.8606
416316 18018 0.111516 87.6696
445228 19790 0.111486 93.3601
445087 18070 0.114133 102.449
419359 18294 0.104845 88.1077
332057 15655 0.0792824 71.2783
574002 21334 0.136987 137.748
392606 17656 0.0933517 76.6766
514713 19990 0.131748 121.432
423724 18425 0.10357 87.1687
388893 17577 0.0641327 78.9493
570755 21651 0.150198 136.948
624843 4280 12.8746 14.5029
597049 4165 19.1234 10.8748
623732 4161 19.3885 18.5202
665888 4529 22.2221 27.4466
631087 4436 21.4814 12.3858
623891 4061 13.5563 13.9293
575704 4437 8.11178 21.994
628377 4285 8.3178 13.7956
625499 1917 16.9604 3.73088
556466 3972 7.4296 10.5413
528274 4622 18.5668 20.0541
627892 4483 8.4682 12.6112
519527 4339 18.1837 22.867
625863 4573 15.4222 25.1921
621813 4729 20.7834 23.6548
634491 4320 20.6719 23.5858
555852 4161 17.2057 16.2764
604856 4490 13.5613 17.5283
644458 4115 20.4816 20.4296
623286 4227 21.0016 22.3915
626994 4198 21.7335 10.5353
616925 4131 19.7346 21.3667
573563 4057 18.5625 8.0604
568451 4024 7.59056 20.0961
577007 4197 18.4897 7.7906
552968 4438 19.6116 7.53776
612063 4100 18.715 14.8914
620128 4676 9.74364 24.9891
637419 4348 21.0962 25.385
613045 4204 8.21208 18.9108
585150 4233 7.95122 21.1193
573336 4052 19.7113 20.5816
601522 4215 15.385 22.0506
655501 4663 24.8032 15.0435
668833 4545 12.7091 9.58223
661480 4705 15.4962 9.5765
610495 3994 9.15448 7.38081
664310 4398 18.8805 15.8259
584658 4138 8.64382 12.5041
629863 4697 17.2928 22.623
637062 4492 11.7772 9.46973
606072 4376 7.86872 22.7692
625867 3573 17.7843 22.2878
612590 4270 16.1706 14.1122
595720 4124 21.5613 7.72492
619192 4271 17.4074 21.6935
584905 4239 21.006 11.1059
558634 4291 20.0929 17.2021
547713 4374 19.9744 13.4899
649131 3079 19.604 8.79467
679504 4325 25.1026 24.0238
645683 3878 23.5143 12.7485
586301 3826 18.4058 6.14271
567939 4029 20.3639 7.11505
537450 3947 16.468 6.40732
643058 4430 22.9195 12.0078
710388 4104 16.6757 16.7848
641141 4043 15.7684 7.23156
629354 3893 18.5263 6.62795
658739 4174 16.1235 8.17576
678682 4347 22.4487 26.4076
634741 1519 12.141 9.45119
698869 4891 25.6207 28.6824
631658 4640 9.8121 23.9153
642762 4091 13.5016 21.5353
611702 4076 15.9055 19.2624
702650 4200 23.7939 27.0094
655453 4555 7.99884 21.3507
671697 4279 12.7135 21.268
667400 4442 22.6185 7.9814
586928 4290 19.8555 9.06347
644420 4307 23.4826 23.5109
621952 4588 20.0074 20.5663
612750 4612 10.0524 16.8847
621328 3956 13.0942 6.82575
678053 4196 8.81865 16.0891
622769 4119 12.4094 19.1517
521530 3935 18.6288 6.10436
601585 3974 15.6021 18.3615
566444 4397 6.55446 20.595
600123 4136 20.5362 22.2858
582108 4316 7.08504 20.6026
611062 4303 19.8817 22.7378
559678 4283 19.4318 19.5473
607643 4307 20.2503 10.4167
625329 4557 21.1331 7.94607
624843 24635 0.11516 84.1668
597049 24417 0.126101 76.6809
623732 24699 0.133425 116.258
665888 25061 0.118329 85.796
631087 24299 0.125927 85.6859
623891 24348 0.125876 93.5966
575704 22790 0.117287 74.4769
628377 24514 0.136687 96.6325
625499 24316 0.128254 96.3164
556466 22345 0.121709 64.6314
528274 22013 0.106524 95.413
627892 25255 0.116139 117.004
519527 21548 0.104077 92.6154
625863 24760 0.131576 77.2744
621813 24745 0.128532 79.263
634491 24379 0.136293 91.2648
555852 23618 0.107553 96.728
604856 24439 0.0944079 107.638
644458 24690 0.145402 119.688
623286 24768 0.130787 115.261
626994 24162 0.121207 80.2839
616925 23794 0.128481 112.965
573563 22368 0.107981 79.6922
568451 22761 0.120989 70.7169
577007 22580 0.120312 88.5464
552968 22451 0.117073 70.8955
612063 24250 0.11915 87.3341
620128 24946 0.122839 71.3514
637419 25138 0.0600248 72.1575
613045 24304 0.120418 65.1876
585150 23921 0.11569 76.9939
573336 23212 0.104706 83.0447
601522 24569 0.0636333 57.031
655501 25016 0.149204 74.8855
668833 25117 0.134134 90.1392
661480 25614 0.150078 79.708
610495 24487 0.0552399 90.3754
664310 24963 0.0595921 124.196
584658 23542 0.122581 67.1393
629863 25257 0.134257 62.0373
637062 25026 0.057106 81.885
606072 24615 0.108973 65.4252
625867 24937 0.0747621 72.7332
612590 24950 0.110936 61.4714
595720 24085 0.117046 68.6758
619192 25426 0.112519 89.2226
584905 23546 0.128038 52.6963
558634 22811 0.0481615 49.3359
547713 22647 0.116794 68.1977
649131 25185 0.137519 88.1808
679504 26461 0.0827357 82.2963
645683 24884 0.129708 89.0011
586301 24335 0.114854 79.1993
567939 22968 0.050777 68.1505
537450 22190 0.10058 63.4
643058 24625 0.133003 90.4691
710388 25718 0.114858 155.756
641141 24666 0.11378 79.8571
629354 24732 0.108942 94.6037
658739 25046 0.128609 101.108
678682 25060 0.0624224 108.657
634741 25128 0.145948 112.467
698869 26205 0.146376 124.338
631658 24632 0.128584 97.347
642762 24570 0.137277 106.259
611702 24862 0.119828 71.3409
702650 25197 0.129941 107.612
655453 27065 0.140157 101.607
671697 25071 0.144441 81.9246
667400 25711 0.139347 97.9249
586928 24350 0.125206 91.0895
644420 24531 0.134902 100.555
621952 25233 0.131369 97.9146
612750 24499 0.128887 101.37
621328 24019 0.0499744 92.816
678053 24647 0.144522 90.1762
622769 25460 0.134687 69.9559
521530 22047 0.111292 69.6134
601585 24008 0.0502211 76.8237
566444 23823 0.0462346 39.6639
600123 23346 0.12713 77.4295
582108 24036 0.124506 60.4196
611062 24232 0.129859 71.1182
559678 23404 0.0456636 60.9341
607643 24710 0.0506879 74.9684
625329 25048 0.136929 46.9867
624843 10892 26.3269 25.7537
597049 10497 17.247 23.3755
623732 10477 9.27273 39.1886
665888 10947 30.9748 50.4062
631087 9890 26.0828 40.7004
623891 9921 27.1522 62.6786
575704 9314 25.3613 26.2334
628377 10389 27.0094 25.3612
625499 10164 14.549 51.0001
556466 9041 15.4706 21.8342
528274 9333 19.8397 20.643
627892 10510 27.0123 25.2562
519527 9115 21.7686 20.9747
625863 10569 26.9697 25.3465
621813 10891 26.2934 24.973
634491 10727 27.434 74.7776
555852 9995 23.2231 59.1449
604856 10736 17.6442 66.8484
644458 10791 26.9114 75.011
623286 10849 22.9991 69.508
626994 10956 11.0867 73.0645
616925 10215 12.4673 46.4306
573563 10084 20.8342 25.0507
568451 9551 16.5386 22.8436
577007 9659 23.502 25.3047
552968 9331 23.7848 22.5833
612063 10348 26.282 45.3393
620128 10723 26.1327 67.878
637419 10726 27.2724 70.1627
613045 10372 25.8763 67.0097
585150 9955 24.7201 63.7713
573336 9581 24.0479 59.6818
601522 10074 25.7494 65.4175
655501 10841 28.7073 75.4517
668833 10738 29.2829 76.4719
661480 10810 28.514 74.2966
610495 10238 25.8638 66.2713
664310 11451 28.7266 77.5753
584658 10204 24.8451 63.1931
629863 10797 26.5574 69.0713
637062 11161 9.34864 75.6
606072 10664 15.4188 69.7714
625867 10659 9.30835 72.4765
612590 10853 13.1216 68.9994
595720 9701 8.97268 68.968
619192 10547 9.226 71.0297
584905 10275 24.7677 67.5707
558634 9492 14.6569 62.5758
547713 9746 22.9335 60.7812
649131 11279 27.3757 77.7674
679504 11070 17.8971 42.0754
645683 10708 27.4853 62.783
586301 10095 24.5809 44.4307
567939 9866 23.2422 63.9877
537450 9600 23.9582 55.4962
643058 11027 15.6176 68.5281
710388 11461 31.6277 78.7924
641141 10880 27.4443 62.3163
629354 10954 26.6314 66.8254
658739 11108 10.0462 71.7208
678682 11091 26.4924 64.7742
634741 10966 27.0032 46.2524
698869 11934 29.9557 65.7994
631658 10790 26.8964 47.759
642762 10550 9.8235 52.2878
611702 10352 21.3061 56.0327
702650 11373 11.1669 48.7126
655453 11404 9.76036 37.0571
671697 11359 20.2553 76.6976
667400 11663 23.6684 78.9654
586928 10505 21.518 53.9493
644420 10984 12.7678 27.6742
621952 11156 9.60271 36.0687
612750 10746 25.6113 23.955
621328 10317 26.1464 48.3194
678053 11185 29.4848 30.1176
622769 10724 26.2428 24.0133
521530 9487 7.69806 19.2979
601585 10179 25.3032 42.2249
566444 10120 23.5995 24.3329
600123 10507 25.1662 43.1912
582108 10342 23.6127 23.8212
611062 10930 25.0949 24.273
559678 10104 22.2441 20.7488
607643 11043 24.6203 43.3837
625329 11371 25.714 41.5544
624843 616 3.6168 2.34424
597049 673 1.39754 2.46908
623732 697 3.66402 3.22623
665888 678 3.3482 3.02811
631087 630 3.58925 2.61196
623891 650 3.61359 1.6227
575704 576 3.21773 1.67693
628377 676 1.40497 3.06165
625499 508 1.4068 2.29366
556466 623 1.23379 2.44442
528274 602 1.22001 1.93053
627892 609 3.83686 2.4503
519527 579 3.07226 0.676992
625863 633 3.65469 1.90495
621813 615 3.59586 2.55869
634491 639 3.33452 2.69314
555852 591 3.45969 2.01024
604856 591 3.74118 2.27618
644458 626 3.68898 2.94554
623286 681 1.4423 3.19901
626994 627 3.39966 2.79165
616925 640 3.37979 2.76267
573563 614 3.18421 2.51499
568451 572 3.16511 2.19304
577007 571 3.21995 0.92644
552968 620 3.13 0.701535
612063 658 3.63903 1.57126
620128 630 3.72168 2.38015
637419 673 3.80834 2.60748
613045 623 1.42531 1.25845
585150 629 3.33489 0.827114
573336 581 3.21973 0.692114
601522 635 1.47709 0.828139
655501 633 3.83531 0.939951
668833 633 1.50349 2.67351
661480 662 3.90103 2.48059
610495 605 3.63413 2.0991
664310 603 1.47752 2.55358
584658 596 3.47312 2.17599
629863 628 3.71262 2.34265
637062 618 3.72325 2.49486
606072 592 3.62213 2.10468
625867 616 1.46999 2.51921
612590 619 3.678 2.32378
595720 625 3.53313 2.27162
619192 654 2.84508 2.45258
584905 596 1.35337 2.23353
558634 597 3.38256 1.96441
547713 594 3.28594 2.00956
649131 530 1.48193 2.44284
679504 690 1.55289 3.26658
645683 648 3.66965 3.30776
586301 586 3.2851 2.26179
567939 620 3.34455 2.17653
537450 580 3.18267 2.07588
643058 684 3.66514 3.02499
710388 677 3.88025 3.57523
641141 636 3.6472 2.72719
629354 665 3.52828 2.70693
658739 662 1.46409 2.97782
678682 660 1.47973 3.16321
634741 422 1.50745 1.69141
698869 666 1.60298 2.86949
631658 673 3.65699 2.20225
642762 721 1.4227 2.49511
611702 717 1.47456 1.72091
702650 694 3.63018 3.7349
655453 743 4.06412 2.87899
671697 693 3.69988 3.267
667400 703 3.93987 2.98981
586928 671 1.42984 2.40606
644420 629 1.45354 2.9115
621952 677 1.48045 1.76308
612750 653 2.74403 0.834666
621328 638 3.4427 0.912052
678053 643 3.68108 1.03721
622769 722 3.75362 0.999528
521530 582 3.03586 0.725734
601585 690 1.40379 1.0073
566444 606 3.60904 1.024
600123 635 3.29297 2.3814
582108 626 3.33993 2.348
611062 647 3.60239 2.63335
559678 636 3.54526 2.2413
607643 644 3.85546 2.51529
625329 640 3.96533 2.5949
228745 3507 4.48921 2.25127
232248 3524 1.70852 2.85683
209814 3092 1.44994 2.24016
218177 3577 1.61342 2.00013
254562 3770 1.96647 2.39924
208815 3653 1.57575 3.44332
276046 3881 2.16323 4.99039
247696 1708 3.59298 1.98804
206078 3264 3.49967 1.82975
173613 3454 1.27024 1.76333
242021 3681 4.7744 1.4876
273917 4151 2.80633 3.6393
221026 3442 1.61673 3.37666
325980 4428 6.97531 2.37355
286321 4031 5.91436 1.9637
256995 3704 5.38253 1.82301
272279 4153 6.09563 1.94488
265982 3427 5.70615 3.53756
208894 3115 3.50619 2.20724
242932 3451 4.81201 1.36933
223740 3181 3.61716 1.75354
201009 3240 3.57049 2.51726
179322 3056 2.90691 2.29994
194654 3208 4.08333 1.90808
207481 3616 4.12016 2.37144
236736 3354 4.0399 1.37626
216224 3505 4.71797 1.69438
316455 4238 7.10787 4.82787
310514 3937 4.84907 4.46818
255360 3793 2.61308 4.06654
248766 3607 3.68796 3.94927
313832 4080 2.80326 4.51915
247024 3764 3.47897 1.59026
315718 4288 5.06361 2.30992
289423 4201 6.87142 2.07329
289112 3832 2.68886 1.79619
268484 3784 4.74609 1.73066
269225 3717 3.4831 1.73264
300024 4276 2.47129 1.94147
242735 3968 1.83463 1.54305
217353 3673 4.51358 1.4
270039 2963 5.31139 3.08451
274894 3837 2.85393 1.87912
304123 3928 3.31203 1.95015
248504 3926 2.1843 1.64979
302871 4370 5.80991 2.18128
286933 4326 5.79555 2.00957
276847 2513 1.92249 1.27193
360015 4728 5.64545 2.50515
204094 3216 1.94608 1.05487
256669 3519 6.04078 1.4469
214195 3327 4.71181 1.19589
203775 3279 4.48224 1.13195
299966 4119 6.81129 1.99263
247258 3661 5.31314 1.43851
260375 3585 5.27706 1.43107
249627 3453 3.68701 1.41288
282871 3590 3.50454 1.68955
307320 4084 4.76504 1.85696
219987 1171 2.43386 0.452386
222835 3813 2.22161 1.42382
237610 3658 4.65468 1.39028
280171 3957 5.60657 1.79711
299285 4103 6.11549 1.87987
235284 3354 3.73909 2.5471
240647 3660 2.47487 3.5323
273465 3701 5.43898 4.84319
219110 3397 1.80024 1.29469
211482 3317 4.23037 1.09289
214959 3229 4.67092 1.25381
211942 3510 4.28056 1.16218
251332 3855 5.22955 2.94233
205951 3123 2.96629 3.09926
203227 3117 3.64754 3.24638
265381 3754 4.61478 4.7554
177840 3105 2.80406 3.00553
197349 2918 3.858 0.989142
191488 3178 3.95519 1.05088
183425 3115 1.90247 1.01358
220487 3508 3.9743 4.04412
194771 3161 2.8688 3.18044
189585 3141 3.75817 3.11576
190949 3203 3.17701 3.08854
194056 3453 3.49576 3.37279
228745 19290 0.0219612 16.2778
232248 19673 0.0218974 15.3225
209814 18423 0.0197191 17.9493
218177 18592 0.0264574 16.0082
254562 20114 0.0215879 17.1902
208815 18096 0.0181794 6.28538
276046 21149 0.0317534 9.37872
247696 20170 0.0314871 21.013
206078 17250 0.018418 15.3926
173613 15536 0.0157024 5.04358
242021 19770 0.0224718 7.89985
273917 19962 0.0237122 9.51588
221026 18549 0.0195244 6.84703
325980 22937 0.0410093 17.7471
286321 21387 0.0246312 18.192
256995 20047 0.022882 8.99598
272279 21023 0.0242453 9.3158
265982 20160 0.0285291 8.98696
208894 17887 0.018311 6.3848
242932 19625 0.0292323 7.65402
223740 18465 0.0199362 14.4658
201009 17144 0.0176861 5.94228
179322 16154 0.0149995 5.25962
194654 17211 0.0310811 5.80857
207481 17332 0.0205372 6.64035
236736 19353 0.0207956 7.42128
216224 18519 0.0197272 6.65179
316455 23203 0.0271339 32.5905
310514 22488 0.0275549 29.5625
255360 20275 0.0224743 12.382
248766 19378 0.021416 8.26602
313832 22799 0.0281021 11.4837
247024 19688 0.0219754 8.03179
315718 22727 0.0270301 11.3185
289423 21759 0.0250179 14.4306
289112 21536 0.0256967 13.1839
268484 20868 0.0226475 9.01763
269225 20303 0.0227088 11.6833
300024 22380 0.0651177 10.1853
242735 20145 0.0216118 7.45079
217353 18661 0.0493515 7.2923
270039 20606 0.0230694 9.1297
274894 21068 0.0241381 15.295
304123 22830 0.0267362 14.9622
248504 19749 0.0221798 8.17644
302871 21740 0.0260143 10.6757
286933 20780 0.0278578 21.7312
276847 21236 0.0248617 9.25843
360015 25911 0.030798 12.7104
204094 18212 0.0179011 6.2562
256669 20547 0.0224851 23.186
214195 18166 0.0477735 18.6686
203775 17306 0.0184145 9.16403
299966 22384 0.025368 29.5731
247258 20537 0.0213563 22.0331
260375 20554 0.0235455 22.6542
249627 20077 0.0233643 23.2583
282871 20781 0.0247059 27.5222
307320 23034 0.0711359 29.5676
219987 19261 0.0203336 18.4362
222835 18816 0.019603 19.1045
237610 19488 0.0208869 20.9811
280171 21705 0.0243876 26.6091
299285 22790 0.0257999 28.789
235284 19521 0.021512 7.34977
240647 21360 0.0539778 12.1221
273465 20956 0.0627913 9.1127
219110 18624 0.0213563 6.55314
211482 18010 0.0197484 6.27551
214959 17967 0.0192117 6.9189
211942 18426 0.0203398 6.27637
251332 20069 0.0226574 8.05407
205951 17711 0.0192515 6.13281
203227 17316 0.0188595 7.19447
265381 21403 0.0232756 8.86157
177840 15817 0.0162177 5.18512
197349 17193 0.0187633 5.88483
191488 16936 0.0191866 5.67099
183425 16189 0.0186346 5.36617
220487 18145 0.0205481 19.4092
194771 17113 0.0413064 17.1048
189585 16531 0.0179258 15.7591
190949 17387 0.0183732 15.5731
194056 17714 0.0182352 16.0302
228745 624 1.71225 0.544589
232248 621 1.59809 0.524566
209814 669 1.55458 0.584957
218177 647 1.32109 0.568858
254562 619 1.50531 0.656296
208815 611 1.42276 0.455893
276046 607 1.69805 0.315824
247696 489 1.4216 0.245202
206078 602 1.31757 0.266066
173613 578 0.951803 0.391076
242021 614 1.61522 0.592983
273917 582 1.53489 0.682412
221026 606 1.72254 0.490437
325980 627 2.51661 0.633209
286321 615 1.83682 0.743671
256995 597 1.64599 0.575535
272279 587 2.65623 0.667684
265982 598 2.96077 0.678466
208894 656 2.53069 0.590244
242932 621 2.70435 0.521788
223740 575 0.910537 0.352869
201009 569 2.20573 0.209601
179322 560 1.88065 0.289081
194654 563 1.92618 0.421081
207481 604 2.11834 0.49031
236736 617 2.73235 0.599105
216224 588 1.88492 0.483702
316455 682 3.31254 0.761783
310514 615 1.98064 0.736193
255360 576 1.64143 0.609007
248766 565 1.83628 0.492115
313832 612 2.20383 0.677454
247024 586 1.90308 0.507835
315718 580 2.1144 0.706343
289423 631 1.92466 0.648798
289112 617 2.06252 0.57497
268484 567 1.87904 0.515971
269225 556 1.76951 0.593329
300024 617 2.11286 0.661642
242735 601 1.65718 0.547847
217353 590 2.08037 0.476821
270039 581 2.28838 0.60994
274894 602 2.63233 0.620012
304123 655 2.81538 0.654471
248504 566 2.06112 0.532022
302871 591 2.80447 0.649167
286933 572 1.16077 0.602263
276847 554 2.60863 0.612672
360015 682 1.45172 0.332032
204094 600 1.9947 0.167675
256669 562 1.95622 0.555902
214195 597 2.18207 0.502896
203775 551 0.89067 0.431305
299966 629 3.13387 0.754555
247258 677 2.4993 0.618221
260375 577 1.08764 0.618222
249627 665 2.34871 0.643174
282871 645 2.15413 0.252518
307320 658 3.17886 0.462133
219987 405 2.66611 0.122693
222835 654 2.41941 0.184789
237610 647 2.18866 0.204022
280171 659 1.45361 0.261883
299285 691 3.31461 0.269634
235284 645 2.81108 0.208497
240647 687 1.95546 0.19019
273465 644 1.92395 0.250884
219110 632 0.933927 0.176532
211482 636 1.43037 0.249328
214959 580 2.51677 0.198458
211942 606 1.64915 0.194317
251332 622 2.93966 0.554965
205951 613 0.890867 0.463127
203227 613 2.52041 0.471283
265381 651 1.5481 0.679802
177840 568 1.3731 0.380426
197349 616 0.84273 0.462843
191488 578 0.830814 0.26732
183425 558 2.22391 0.238959
220487 589 1.82129 0.24812
194771 585 2.31401 0.182665
189585 603 0.76762 0.158542
190949 591 2.24439 0.457413
194056 624 0.828893 0.461103
228745 3723 3.73714 2.95113
232248 3871 8.79238 2.00378
209814 3431 8.06468 1.45247
218177 3418 7.81179 1.53771
254562 3773 5.28431 1.91496
208815 3350 8.80075 1.53335
276046 4035 8.23306 3.93676
247696 3748 5.52711 2.56398
206078 3124 2.98151 3.05904
173613 2918 5.4551 3.24997
242021 3691 7.99473 2.9388
273917 4219 9.95806 2.42537
221026 3537 7.19443 1.71387
325980 4628 15.3927 3.67654
286321 4326 8.45428 4.63382
256995 3864 3.88587 4.13647
272279 4234 9.2032 2.78724
265982 3952 4.48999 2.21844
208894 3259 3.23396 1.48402
242932 3937 7.01208 1.88551
223740 3621 5.2402 2.23776
201009 3394 5.79371 3.32394
179322 3000 2.87312 3.01921
194654 3203 8.15203 3.59955
207481 3350 3.1855 3.91961
236736 3846 7.03687 4.2525
216224 3386 8.98235 2.5468
316455 4557 13.69 5.01965
310514 4237 13.9175 6.60747
255360 3888 9.58037 5.5168
248766 3446 8.49612 4.78215
313832 4446 10.5732 6.58276
247024 3556 10.4753 1.84863
315718 4382 14.0672 2.92607
289423 4166 10.9409 6.3105
289112 4045 9.28008 4.15571
268484 3975 6.77449 5.12839
269225 4014 8.12263 4.14366
300024 4413 7.00526 2.71036
242735 3869 8.61328 2.0706
217353 3358 8.79899 1.74727
270039 3814 10.967 2.5045
274894 3957 12.0644 2.87383
304123 4433 5.24598 2.6886
248504 3838 3.74973 4.42181
302871 4285 8.27222 6.27385
286933 4276 7.02528 6.66406
276847 4201 6.64813 4.77489
360015 5540 9.23139 5.13732
204094 3258 7.39739 2.54361
256669 3931 8.00475 5.0879
214195 3450 4.29099 2.80698
203775 3354 3.15801 3.44084
299966 4527 11.4805 4.76871
247258 3952 8.03678 2.67559
260375 3956 9.09357 5.48806
249627 3942 10.6806 2.12652
282871 3969 12.6644 4.64897
307320 4544 12.8753 6.49706
219987 3534 7.809 1.5735
222835 3507 6.90342 1.57804
237610 3824 5.63479 1.98099
280171 4254 8.61284 3.56027
299285 4535 9.4759 5.28848
235284 3693 8.79019 4.86731
240647 3841 9.3269 3.23777
273465 3969 11.2856 2.41184
219110 3549 9.06835 3.78466
211482 3508 5.87002 4.15846
214959 3285 7.76299 4.28752
211942 3323 6.71198 2.17627
251332 3998 9.81776 3.87348
205951 3224 8.36641 2.95137
203227 3289 8.02057 1.54152
265381 4361 6.41299 2.20499
177840 2962 4.3922 1.22232
197349 3194 6.91622 1.34131
191488 3144 7.62844 1.29801
183425 3112 5.13455 1.27335
220487 3624 6.5024 1.68266
194771 3128 7.4607 1.42575
189585 3192 3.61173 2.58269
190949 3264 7.30885 3.6336
194056 3387 4.36165 2.89014
