102010 15887 0.013702 7.23425
109835 16684 0.0143026 7.89233
123127 18191 0.0170316 9.3881
116483 17450 0.0149338 9.40681
108121 16305 0.0273406 8.06334
111945 17091 0.0268844 8.84751
105553 15905 0.0132783 8.04597
109855 16718 0.0292407 8.61203
112963 16875 0.016118 8.25794
110103 16229 0.0143312 8.75143
88312 13817 0.0234959 6.76124
116662 17364 0.0319794 9.31023
87263 13989 0.0133173 6.27626
104637 15780 0.0263818 9.25062
121259 17873 0.0173694 10.5121
111477 16602 0.0251199 9.75876
103656 16007 0.0162301 8.0642
111450 16823 0.016416 9.86585
114952 16961 0.0174116 9.6552
111378 16333 0.0243964 9.57852
116796 17222 0.0307112 9.71849
110757 16509 0.0273661 9.52562
97363 14588 0.0260601 8.03244
103657 15509 0.0277607 8.66335
99437 15611 0.0167987 8.27803
100116 15099 0.027158 8.92481
108918 16462 0.028722 9.42624
121625 17578 0.0299614 11.3395
120407 18213 0.0320802 9.37059
138698 19093 0.0196019 13.2726
125876 17873 0.0146915 11.6852
113307 16747 0.0274321 10.2052
119699 17624 0.0292048 11.276
107409 16227 0.0271908 8.67031
134418 19202 0.0186742 12.1085
128076 18887 0.0313924 9.99446
116804 17592 0.0162326 8.67055
113660 17341 0.0296196 8.28958
112820 17079 0.0280619 8.94343
111055 16966 0.0274587 8.95954
111470 16793 0.0289138 9.25182
100306 15599 0.0281384 8.89544
113638 17265 0.0172534 8.89324
123943 17842 0.0219239 9.35473
112465 16965 0.0286434 8.22947
107682 17042 0.0286512 7.75303
98357 15258 0.0238095 7.24267
100804 15419 0.0258394 7.78741
98687 15231 0.0251464 7.11602
105390 16046 0.0270966 7.34338
100233 16081 0.0247748 7.32037
108940 16897 0.0280528 8.0782
114703 17365 0.0151036 8.54397
103692 15855 0.011662 7.427
86723 13784 0.0126663 6.23786
103871 15818 0.011285 7.60065
106758 16975 0.0159413 7.74441
112226 16870 0.0142255 8.35482
108412 16739 0.0279431 7.74327
109985 16259 0.0274143 8.19483
104222 16035 0.0284781 7.72783
109381 16719 0.0294938 7.68895
103816 15870 0.0151007 7.63047
107534 16251 0.0263336 8.03257
103972 15932 0.0139748 7.61412
119683 17741 0.0273688 8.86314
131499 18795 0.0316126 10.1417
165842 22818 0.0238148 13.1821
114414 17183 0.0141167 8.58279
123957 18109 0.03222 9.19673
131647 18106 0.0331647 10.2656
123074 17488 0.0159611 9.40519
124325 18025 0.0178348 9.27788
106203 15641 0.0133543 8.38138
104634 15676 0.0159933 7.83743
131024 18336 0.0186183 10.6992
109154 17037 0.034694 7.15518
97805 14784 0.0120006 6.94011
101365 15624 0.026161 7.36827
102928 15725 0.0165765 7.53093
97259 14660 0.0263302 7.24395
90244 14042 0.0120492 6.58641
92543 14835 0.0124186 6.75799
108519 16007 0.0261467 7.85896
94057 14650 0.0232426 6.94821
97442 15296 0.0243706 7.08951
102010 606 2.17519 0.222186
109835 627 2.30168 0.252851
123127 618 2.49414 0.279176
116483 635 2.51116 0.271967
108121 612 2.24416 0.245778
111945 573 2.44981 0.235079
105553 582 2.20015 0.231049
109855 626 2.32894 0.255183
112963 461 2.3469 0.210888
110103 611 2.26257 0.25543
88312 559 1.89288 0.193437
116662 579 2.56991 0.252328
87263 543 1.82115 0.190306
104637 567 2.25717 0.232428
121259 598 2.57787 0.272303
111477 613 2.33824 0.282438
103656 599 2.19548 0.238843
111450 579 2.51315 0.238551
114952 590 2.77869 0.275259
111378 593 2.61692 0.27477
116796 588 2.77476 0.265777
110757 595 2.56182 0.256921
97363 548 2.08126 0.231001
103657 567 2.11791 0.232004
99437 528 2.21376 0.217702
100116 582 2.16985 0.230349
108918 598 2.48773 0.246051
121625 582 2.59768 0.264854
120407 635 2.6416 0.260143
138698 582 2.94742 0.30458
125876 582 2.7068 0.286181
113307 553 2.66167 0.247383
119699 613 2.70161 0.268018
107409 598 2.35322 0.238204
134418 615 2.88807 0.30186
128076 651 2.75769 0.292841
116804 595 2.50917 0.241127
113660 581 2.49936 0.242186
112820 569 2.39833 0.241526
111055 595 2.40374 0.223824
111470 596 2.3325 0.242702
100306 549 2.19573 0.217051
113638 547 2.51918 0.242646
123943 592 2.6101 0.258757
112465 590 2.45177 0.238537
107682 648 2.34261 0.229751
98357 555 2.11629 0.21794
100804 519 2.21676 0.202753
98687 535 2.07362 0.201274
105390 510 2.20514 0.209923
100233 583 2.12958 0.228614
108940 594 2.31583 0.242432
114703 559 2.42098 0.243641
103692 555 2.16722 0.237218
86723 478 1.80723 0.163412
103871 537 2.17766 0.226379
106758 625 2.37996 0.24617
112226 572 2.40144 0.239945
108412 642 2.32695 0.254573
109985 637 2.20975 0.272026
104222 575 2.24147 0.235298
109381 382 2.40291 0.177173
103816 605 2.2259 0.233625
107534 596 2.26779 0.246677
103972 607 2.20894 0.26187
119683 629 2.61776 0.291321
131499 654 2.88214 0.323037
165842 657 3.61241 0.388259
114414 601 2.45157 0.272634
123957 629 2.64793 0.299116
131647 611 2.72152 0.317433
123074 551 2.58497 0.279173
124325 603 2.68636 0.276501
106203 582 2.20993 0.247993
104634 573 2.19027 0.242951
131024 616 2.70397 0.299213
109154 627 2.33532 0.250625
97805 559 2.00704 0.213312
101365 586 2.187 0.230095
102928 577 2.21081 0.239369
97259 542 1.93843 0.236307
90244 572 1.86839 0.207598
92543 582 2.05695 0.210739
108519 591 2.19595 0.267179
94057 600 1.94685 0.230823
97442 604 2.08633 0.225084
102010 3025 1.80361 1.42814
109835 3267 1.92729 1.61967
123127 3146 2.09299 1.73805
116483 3178 1.97361 1.7247
108121 3210 1.9394 1.78259
111945 2924 1.92589 1.51165
105553 3191 1.93348 1.63104
109855 3032 1.84377 1.55034
112963 1333 1.47873 0.799059
110103 2980 1.93046 1.60775
88312 2959 1.5553 1.68986
116662 3302 2.05074 1.77378
87263 2852 1.45091 1.38036
104637 2927 1.85315 1.66424
121259 3629 2.1403 2.13298
111477 3076 1.91156 1.57572
103656 3081 1.78175 1.49487
111450 3187 1.9264 1.77701
114952 2957 1.96125 1.57818
111378 2889 1.9061 1.51856
116796 2970 2.00306 1.5877
110757 2783 1.88914 1.45195
97363 2743 1.61733 1.40762
103657 2988 1.76272 1.47314
99437 2856 1.66583 1.36829
100116 3107 1.80829 1.63074
108918 2820 1.79229 1.49206
121625 3239 2.15144 1.77882
120407 3378 2.07796 1.71037
138698 3429 2.47109 2.10899
125876 3185 2.24833 1.92843
113307 3000 2.05205 1.56847
119699 3189 2.10179 1.67888
107409 3103 1.94958 1.52693
134418 3632 2.53223 2.13224
128076 3701 2.34609 2.16749
116804 3091 2.02458 1.60178
113660 3202 1.96706 1.59526
112820 3105 1.91452 1.57497
111055 3275 1.93243 1.58182
111470 3213 1.91423 1.59585
100306 2875 1.84006 1.45512
113638 2567 1.80882 1.50468
123943 3082 2.20658 1.80983
112465 3077 1.93211 1.49146
107682 3123 1.85232 1.47822
98357 2930 1.71763 1.45005
100804 2953 1.76019 1.49638
98687 3158 1.73866 1.56086
105390 1900 1.52967 1.06746
100233 2658 1.649 1.30341
108940 3180 1.91689 1.54363
114703 3011 2.0229 1.56117
103692 2856 1.74784 1.42601
86723 2610 1.48961 1.14221
103871 2955 1.78767 1.46217
106758 2873 1.77673 1.43471
112226 3008 1.95462 1.58389
108412 2837 1.85657 1.40495
109985 2828 1.86453 1.51617
104222 2865 1.80746 1.40175
109381 1087 1.40884 0.671602
103816 3157 1.7881 1.69684
107534 3075 1.93621 1.62958
103972 2979 1.70321 1.46525
119683 3115 2.30124 1.71873
131499 3314 2.63906 2.02089
165842 4184 3.10017 2.6671
114414 2959 1.93593 1.64076
123957 3259 2.11789 1.80145
131647 3442 2.3566 2.06405
123074 3256 2.16107 1.8979
124325 3297 2.16848 1.7746
106203 3156 1.88837 1.73484
104634 2726 1.8263 1.45479
131024 3214 2.29942 1.87119
109154 2989 1.79022 1.40698
97805 2894 1.67367 1.40221
101365 2664 1.70495 1.36088
102928 2940 1.79031 1.54955
97259 2858 1.64135 1.5398
90244 2809 1.55975 1.4514
92543 2705 1.56211 1.33127
108519 2931 1.83534 1.53695
94057 2643 1.60752 1.41571
97442 2985 1.6495 1.53339
102010 1639 4.05193 0.845088
109835 1807 4.42614 0.927151
123127 1963 5.03523 1.06512
116483 1834 4.72873 0.960945
108121 1694 4.41338 0.891037
111945 1659 4.92 0.868534
105553 1668 4.43799 0.880486
109855 1730 3.69097 0.876612
112963 1587 4.75323 0.843276
110103 1664 4.47692 0.9096
88312 1419 3.83875 0.710594
116662 1766 5.00695 0.963495
87263 1546 3.40213 0.72926
104637 1571 4.61657 0.866617
121259 1939 5.20485 1.06266
111477 1792 4.50917 0.965999
103656 1780 4.51716 0.911591
111450 1753 5.04006 0.931737
114952 1830 5.43072 0.996694
111378 1690 3.84716 0.938831
116796 1791 4.82766 0.97813
110757 1759 4.24406 0.933247
97363 1620 4.43363 0.826861
103657 1698 4.92064 0.891892
99437 1628 4.61704 0.81293
100116 1547 4.46146 0.863733
108918 1645 4.51564 0.878917
121625 1852 5.17311 1.04717
120407 1948 4.89096 1.01271
138698 2049 6.1525 1.25332
125876 1891 5.57786 1.12792
113307 1657 4.95774 0.939396
119699 1793 5.1919 1.00389
107409 1732 4.87985 0.891279
134418 2025 7.10753 1.18277
128076 1900 5.94392 1.08447
116804 1791 5.14313 0.970189
113660 1773 4.66628 0.936037
112820 1799 4.66398 0.915465
111055 1722 4.62 0.896306
111470 1765 5.55943 0.89568
100306 1499 4.5162 0.78678
113638 1660 4.82197 0.876698
123943 1781 5.24938 1.03382
112465 1714 4.71051 0.913967
107682 1703 4.39143 0.839473
98357 1579 3.97567 0.809786
100804 1522 4.22376 0.819103
98687 1587 3.95967 0.808919
105390 1664 4.23515 0.831974
100233 1571 4.05774 0.752675
108940 1754 4.38309 0.90403
114703 1732 4.75242 0.910847
103692 1721 4.05544 0.895292
86723 1360 3.40192 0.679752
103871 1584 4.26949 0.821253
106758 1743 4.22827 0.884071
112226 1764 4.60825 0.927495
108412 1745 4.34962 0.900342
109985 1775 4.61679 0.942123
104222 1571 4.31195 0.822063
109381 1665 4.53053 0.822583
103816 1618 4.27958 0.837529
107534 1618 4.35792 0.852459
103972 1697 4.17699 0.864928
119683 1818 4.93965 0.989674
131499 1999 5.76916 1.1343
165842 2582 6.40895 1.52149
114414 1805 4.78776 0.971374
123957 1939 5.22104 1.0464
131647 2065 6.28136 1.21318
123074 1938 5.36426 1.08603
124325 1915 5.15077 1.06015
106203 1628 4.47043 0.882573
104634 1541 4.3505 0.851627
131024 2066 5.68294 1.18696
109154 1825 3.58125 0.874239
97805 1634 3.08619 0.819384
101365 1583 4.08837 0.79344
102928 1691 4.22345 0.86748
97259 1664 3.98945 0.851615
90244 1445 3.72251 0.73273
92543 1539 3.10785 0.751693
108519 1767 4.41662 0.928099
94057 1507 3.87329 0.788244
97442 1522 3.88847 0.768936
179969 2631 8.15239 1.72084
179282 2569 8.23796 1.64463
173730 2404 7.51503 1.5721
165436 2319 7.23353 1.37904
180856 2474 8.79121 1.50856
155260 2209 6.9746 1.43723
156493 2323 6.68266 1.53373
181244 2540 8.16537 1.76043
154201 2309 6.50621 1.51489
180969 2571 8.35238 1.57646
181125 2587 7.93793 1.81449
163464 2503 6.87987 1.634
176977 2499 8.04134 1.72612
180957 2478 8.241 1.70186
166202 2377 7.00394 1.43889
154682 2282 6.39584 1.15084
156894 2376 7.14271 1.3255
154769 2314 6.97976 1.45843
180100 2529 8.3596 1.70815
172683 2370 8.22511 1.44524
172669 2424 8.21826 1.7564
169346 2332 7.85304 1.60514
174389 2404 8.56319 1.46524
181428 2577 7.97253 1.59173
175098 2459 7.75328 1.50414
182305 2538 7.81382 1.73557
180496 2497 7.78919 1.5069
168815 2350 7.3801 1.52437
169998 2399 7.22383 1.46944
183763 2575 7.9136 1.82564
179659 2610 7.83316 1.82419
177383 2402 8.05434 1.74131
182294 2473 8.36194 1.73929
180307 2436 8.28767 1.77889
168079 2382 7.2357 1.51396
168971 2325 7.37357 1.69616
161335 2286 6.98676 1.575
182781 2534 9.00168 1.88891
177748 2505 7.72891 1.73911
162211 2308 7.26901 1.62671
154963 2252 7.03289 1.57751
181881 2453 8.63402 1.78102
176886 2458 7.58617 1.5733
172355 2450 7.83168 1.54836
177767 2382 8.21695 1.75217
186877 2591 8.24406 1.42612
180372 2473 8.14698 1.81522
179332 2464 8.29511 1.64538
180983 2414 8.61465 1.542
191333 2716 8.7479 1.53244
179947 2405 7.6324 1.66987
176945 2467 7.48077 1.65979
178782 2482 8.28806 1.45556
175827 2540 7.66369 1.58065
184913 2593 8.37939 1.68141
179065 2421 7.72061 1.60801
179432 2522 7.82568 1.61734
183873 2672 8.10269 1.56962
175824 2445 7.99294 1.53036
149921 2414 6.11965 1.28291
157530 2521 6.62635 1.57228
153307 2460 6.83439 1.37837
153230 2406 6.47442 1.31791
156474 2450 7.1749 1.40521
159357 2418 6.67661 1.28738
179969 4165 2.97731 2.93972
179282 4021 3.38694 2.69956
173730 3864 3.05155 2.53811
165436 4237 3.39307 2.78941
180856 3873 3.14828 2.68246
155260 3720 2.56147 2.32515
156493 4311 2.60744 2.63142
181244 4259 2.85279 3.16825
154201 4001 2.41885 2.74637
180969 4030 3.12868 2.892
181125 4248 3.12099 3.26625
163464 3799 2.80899 2.78237
176977 4212 3.12113 3.06889
180957 3928 3.16496 2.71922
166202 3544 2.60475 2.27483
154682 3577 2.68416 2.37267
156894 3736 2.38387 2.56595
154769 3787 2.56927 2.49458
180100 4229 2.96315 2.79155
172683 3865 2.93382 2.68172
172669 3820 2.94155 2.3881
169346 3856 2.62697 2.74628
174389 4086 3.02728 2.6261
181428 4349 2.98595 2.89099
175098 4169 3.11319 2.94445
182305 4358 3.06838 3.23617
180496 3990 3.24344 2.80099
168815 3853 2.92652 2.59406
169998 3813 2.71182 2.3182
183763 4275 3.23596 2.83953
179659 4155 2.9852 2.94219
177383 4157 3.09106 2.93229
182294 3137 2.57888 2.50577
180307 4004 3.0977 2.87574
168079 4030 2.67646 2.95849
168971 4201 3.13711 2.69578
161335 4322 2.84157 2.56975
182781 2445 2.46259 1.88925
177748 3752 3.06793 2.61433
162211 3776 3.07386 2.39382
154963 3749 2.56514 2.5205
181881 4031 3.25615 2.85923
176886 3736 3.20502 2.71645
172355 3576 2.8568 2.51474
177767 3838 3.23765 2.32459
186877 1241 2.32252 1.08772
180372 4118 3.12099 3.17033
179332 3806 3.15702 2.52796
180983 3873 3.06919 2.66193
191333 4132 3.31911 2.47016
179947 3808 3.18612 2.67954
176945 3852 3.04742 2.51889
178782 3949 2.97862 2.90066
175827 4157 2.97462 2.82396
184913 4476 3.17084 2.78596
179065 3796 2.90755 2.50659
179432 3898 3.13283 2.4625
183873 3935 2.90515 2.59243
175824 3895 2.70972 2.96138
149921 3866 2.19701 2.57548
157530 4125 2.54011 2.3818
153307 3775 2.24116 2.40069
153230 3972 2.47458 2.40614
156474 3810 2.37893 2.5433
159357 4096 2.17897 2.56309
179969 601 3.20064 0.193205
179282 619 3.36184 0.272624
173730 596 3.16455 0.182575
165436 586 3.1673 0.278994
180856 637 3.13076 0.423726
155260 594 2.55707 0.223344
156493 601 2.50081 0.17476
181244 613 3.05154 0.242124
154201 573 2.66187 0.290236
180969 632 3.0574 0.275738
181125 582 3.25085 0.243536
163464 613 2.68591 0.357697
176977 609 3.23072 0.387942
180957 597 3.09415 0.389664
166202 578 2.79089 0.271861
154682 571 2.47569 0.162723
156894 577 2.61548 0.166224
154769 538 2.73244 0.165086
180100 601 3.19944 0.380254
172683 611 3.28663 0.208807
172669 604 3.29975 0.377627
169346 570 2.54399 0.327672
174389 648 3.21854 0.280131
181428 606 3.20632 0.373204
175098 603 3.3996 0.361509
182305 669 3.32688 0.396007
180496 581 3.42946 0.35104
168815 607 3.06444 0.356641
169998 572 3.00913 0.33077
183763 610 3.14446 0.367897
179659 608 3.20447 0.260534
177383 527 3.17325 0.170458
182294 588 3.50074 0.194016
180307 610 3.24126 0.320081
168079 593 3.00546 0.245293
168971 551 2.98739 0.166305
161335 555 2.85544 0.187288
182781 539 3.19746 0.377966
177748 603 3.22554 0.388171
162211 585 2.82805 0.349756
154963 532 2.88079 0.192915
181881 603 3.42353 0.235917
176886 575 3.1396 0.205159
172355 601 2.89057 0.367764
177767 640 3.20938 0.405059
186877 387 3.38173 0.303292
180372 602 3.03291 0.370279
179332 659 3.12312 0.281174
180983 671 3.45691 0.441254
191333 655 3.69699 0.430364
179947 642 3.21581 0.286467
176945 607 3.30737 0.202396
178782 595 3.13562 0.216994
175827 641 3.20509 0.187149
184913 621 3.241 0.268708
179065 671 3.27808 0.410644
179432 620 2.94624 0.253785
183873 684 3.46162 0.41598
175824 570 3.11453 0.372468
149921 614 2.40219 0.186821
157530 627 2.81336 0.260041
153307 610 2.7689 0.189549
153230 621 2.60428 0.291361
156474 650 2.94228 0.253897
159357 650 2.69824 0.246188
179969 22456 0.0244408 15.8723
179282 22251 0.0436692 14.8498
173730 21890 0.0416907 14.8271
165436 20929 0.0445082 13.2284
180856 21927 0.0438006 15.2236
155260 19593 0.0375492 12.1202
156493 19573 0.0388787 11.9784
181244 22237 0.0458603 16.0893
154201 19535 0.0379306 12.5666
180969 22072 0.0447215 14.901
181125 22144 0.0449906 15.3857
163464 20827 0.0399655 13.4288
176977 21988 0.062113 15.1044
180957 22221 0.0491676 14.7119
166202 20955 0.0427171 13.5615
154682 19426 0.0421631 12.9452
156894 19674 0.0416742 12.6631
154769 19990 0.0428669 12.7978
180100 22186 0.0443702 15.1824
172683 21475 0.0458417 14.0722
172669 21504 0.0577133 14.4462
169346 21392 0.0227103 14.036
174389 21994 0.0485698 14.8736
181428 22503 0.0265297 14.9635
175098 22051 0.0439865 14.7579
182305 22959 0.0589079 15.4893
180496 22462 0.0709274 14.6024
168815 21411 0.062739 14.2175
169998 21466 0.0571376 13.6646
183763 22762 0.060427 14.8072
179659 22437 0.0238482 14.6738
177383 21883 0.057321 14.3381
182294 22776 0.0598484 15.5921
180307 22507 0.0499595 14.7434
168079 20961 0.0566991 13.9544
168971 21009 0.0572615 13.8264
161335 20209 0.0249206 13.2077
182781 22111 0.0258562 15.3139
177748 22124 0.0662759 15.3065
162211 20507 0.0451674 13.4363
154963 19620 0.0533293 12.8158
181881 22230 0.0492582 14.8152
176886 21893 0.0489939 14.8359
172355 21504 0.0417146 14.0708
177767 22055 0.0224524 15.5665
186877 22601 0.0496665 15.2028
180372 21966 0.0344507 15.5275
179332 22220 0.0469616 14.8918
180983 22542 0.0446933 14.5684
191333 24383 0.0375846 15.7999
179947 22109 0.0197491 14.9914
176945 21615 0.0217473 14.7294
178782 21738 0.024105 15.2057
175827 22273 0.0239255 14.5066
184913 22307 0.0507367 15.5563
179065 22021 0.0256296 14.0882
179432 21810 0.0343218 14.9775
183873 23072 0.0350971 15.2547
175824 21461 0.0216488 14.194
149921 19672 0.0216036 11.768
157530 20558 0.0227693 12.6432
153307 20362 0.0205642 12.1707
153230 20156 0.0212373 12.2845
156474 20793 0.0421693 12.2066
159357 21010 0.0388834 12.0678
382893 607 2.38012 1.70269
403050 643 2.7218 2.25959
360002 624 2.26402 2.6355
417964 667 2.8 2.83213
465784 639 2.87555 2.99537
360875 602 2.33571 2.19435
368526 551 2.35878 2.08963
349861 615 2.31362 2.29719
424691 482 2.64082 2.08813
339021 576 2.1689 1.97182
335978 571 2.24265 1.8257
433153 585 2.80413 2.36006
332962 547 2.16675 1.8139
399528 613 2.57322 2.23794
386666 608 2.53741 2.19551
383856 573 2.5344 2.49722
357230 544 2.44367 1.80206
449652 594 2.92554 2.67778
444344 606 2.66012 3.24099
414960 623 2.56883 3.2068
352741 591 2.4076 2.52843
394384 618 2.45742 2.62872
307963 561 2.00732 1.74117
351250 553 2.1648 1.80732
320682 548 2.21916 1.74095
359026 620 2.32229 2.36035
376223 601 2.44032 2.41349
438252 609 2.85442 2.51803
465518 649 3.05294 2.82051
406231 570 2.77793 2.32851
408231 577 2.75292 2.46499
372523 549 2.55334 1.81088
393802 599 2.72948 2.21009
413193 575 2.7794 2.19112
439090 546 2.90536 2.46202
463637 634 2.82518 2.75778
426557 613 2.83836 2.17506
407163 583 2.71719 2.18568
374022 548 2.44821 1.80703
378044 598 2.57986 1.65677
415910 612 2.7631 2.2694
399001 568 2.64805 2.27195
368803 529 2.69464 1.69947
407700 568 2.71063 2.15957
404929 581 2.64344 2.16214
402553 640 2.70762 2.1416
338813 551 2.30854 1.704
349335 562 2.43872 1.90442
372085 550 2.4119 1.94137
367917 525 2.42042 1.7996
402297 657 2.50662 2.27764
368286 574 2.46856 2.04282
345603 559 2.30782 1.89917
390601 569 2.51695 2.04898
307277 530 1.98424 1.65502
415685 603 2.65208 2.55751
376478 637 2.57381 2.24746
377404 583 2.54114 2.01045
391320 625 2.50094 2.08855
394159 656 2.47634 2.65338
398942 608 2.60538 2.44948
329650 423 2.2961 1.16574
431037 649 2.77412 2.47105
327323 564 2.23176 1.81144
412028 643 2.62804 2.79728
475947 634 3.06459 2.94656
447767 666 2.94067 3.04924
486395 716 3.25234 2.96689
414497 591 2.6984 2.45312
367051 592 2.50931 2.05974
442242 646 2.88675 2.75836
387424 575 2.35606 2.34767
392263 585 2.62476 2.30545
387718 670 2.51598 2.40725
365134 573 2.33633 2.06236
335961 590 2.0341 2.04448
398211 652 2.64619 2.57412
334990 538 2.15531 2.24537
393477 630 2.44864 2.51397
337377 548 2.24003 1.89883
387641 560 2.5494 2.31827
308669 557 2.10856 1.78536
360264 567 2.39554 2.23608
382482 580 2.25106 2.62574
344219 609 2.19058 2.37437
374773 630 2.31167 2.66727
382893 17892 0.0783932 115.518
403050 18773 0.0457903 119.016
360002 16744 0.0374849 117.303
417964 18878 0.0438163 132.214
465784 19905 0.0471438 152.202
360875 16812 0.0800822 114.313
368526 16865 0.0424088 124.247
349861 16973 0.037376 107.735
424691 18424 0.0424587 130.29
339021 15942 0.0343487 110.807
335978 16122 0.039435 100.557
433153 18729 0.0527481 144.869
332962 15744 0.0342517 100.075
399528 17929 0.0401519 125.487
386666 17801 0.0378411 125.524
383856 17434 0.0401763 124.263
357230 17157 0.0667776 110.568
449652 19438 0.0490842 142.592
444344 18802 0.0501614 144.504
414960 17834 0.0429621 135.843
352741 16874 0.0403827 104.044
394384 17520 0.0431811 122.402
307963 15008 0.0327866 92.0178
351250 16202 0.0736435 107.862
320682 16077 0.033513 97.336
359026 16532 0.0368379 110.546
376223 17652 0.0402822 111.503
438252 19055 0.0464587 139.739
465518 20196 0.0527019 149.709
406231 18067 0.048102 130.855
408231 18502 0.0466043 128.309
372523 17320 0.0397344 115.481
393802 18273 0.0395486 125.691
413193 18659 0.0421643 126.625
439090 19201 0.0438991 148.066
463637 19690 0.0988055 150.902
426557 18934 0.0432418 136.093
407163 18561 0.0429089 127.831
374022 17192 0.0457222 118.075
378044 17772 0.0388229 117.08
415910 18891 0.0439895 122.462
399001 17860 0.0404823 127.288
368803 17554 0.0352325 109.964
407700 18549 0.0412765 126.839
404929 18443 0.0404682 124.392
402553 18941 0.0393579 125.701
338813 16229 0.0329703 102.497
349335 16699 0.0348558 104.62
372085 16827 0.0814428 114.784
367917 17414 0.0378971 105.079
402297 19246 0.0409184 119.985
368286 17421 0.0399933 112.53
345603 16918 0.0327235 104.88
390601 17426 0.0392167 119.79
307277 15036 0.0292635 95.568
415685 18361 0.0880516 131.662
376478 18216 0.0383766 115.764
377404 17993 0.0375351 114.475
391320 17831 0.0813076 122.784
394159 17493 0.0442134 125.522
398942 18202 0.038879 121.105
329650 16377 0.0315866 94.613
431037 18983 0.043919 135.539
327323 16141 0.034482 99.5828
412028 18123 0.0728091 130.851
475947 19998 0.0596371 153.29
447767 19323 0.091652 140.032
486395 21602 0.053971 151.859
414497 18202 0.0419947 137.346
367051 17299 0.0730109 112.528
442242 19023 0.0453208 139.47
387424 17417 0.0388702 119.447
392263 17793 0.0395203 123.834
387718 17840 0.0425634 116.603
365134 16666 0.0365873 113.679
335961 15895 0.0741402 101.837
398211 18303 0.0427893 128.765
334990 15493 0.0344516 109.044
393477 17166 0.041513 125.233
337377 15762 0.0342612 111.469
387641 17023 0.0416257 122.212
308669 15439 0.0301881 94.1547
360264 16559 0.0358209 117.82
382482 17105 0.0393889 120.374
344219 16211 0.0731984 109.148
374773 17093 0.0387628 118.27
382893 3197 13.1508 21.2732
403050 3357 13.7391 20.7992
360002 2946 12.3916 18.9069
417964 3414 14.2825 24.345
465784 3845 16.752 28.746
360875 2852 12.412 19.3125
368526 3327 13.8861 22.8326
349861 2830 11.7453 19.0571
424691 1564 11.1108 9.90489
339021 2792 12.08 16.5422
335978 3417 11.592 20.8144
433153 3402 15.83 26.2719
332962 3230 11.2778 22.3256
399528 3320 13.8781 23.932
386666 3409 13.8982 24.9976
383856 3002 13.309 16.4287
357230 3142 12.4403 17.0005
449652 3675 15.9178 25.2537
444344 3282 15.6186 24.7866
414960 3061 14.6211 23.3021
352741 2738 11.6215 15.85
394384 2920 13.3941 19.1205
307963 2666 10.2282 17.4184
351250 2898 12.139 17.1829
320682 2841 10.6505 14.8461
359026 3306 12.7234 19.943
376223 2851 12.068 15.5324
438252 3498 15.6307 25.8355
465518 3725 16.5399 26.3639
406231 3050 14.4107 22.2323
408231 3267 14.4777 25.3762
372523 2996 13.0946 16.4012
393802 3120 13.8954 19.7384
413193 3521 14.4989 21.5389
439090 3470 16.5464 29.3388
463637 3739 17.2004 29.6498
426557 3324 15.2331 19.1184
407163 3217 14.4799 21.4516
374022 3013 13.2145 19.789
378044 3224 13.9705 19.7372
415910 3515 14.9887 20.9888
399001 3248 14.483 24.216
368803 2510 12.5777 15.3018
407700 3144 14.9382 23.0954
404929 3191 14.3614 20.2521
402553 3179 13.5752 21.823
338813 2973 11.2551 20.3567
349335 3204 11.5248 19.523
372085 3376 12.8347 22.6677
367917 2201 9.83431 13.6302
402297 3256 13.0606 21.5749
368286 2963 12.1267 18.4854
345603 2735 11.2636 16.2551
390601 3128 12.8609 22.19
307277 2726 10.3277 16.3876
415685 3470 13.1156 26.0096
376478 3063 10.9427 20.0797
377404 3047 10.9948 19.4465
391320 2955 11.829 20.0449
394159 3146 13.6903 22.2157
398942 3227 12.1051 20.4406
329650 1138 7.40503 7.54638
431037 3778 14.6078 28.4228
327323 3102 9.94946 18.9603
412028 3292 13.6762 21.7732
475947 3317 15.8212 24.6541
447767 3359 13.9643 25.1054
486395 3735 16.2615 26.0204
414497 3086 14.3892 23.8221
367051 2965 12.3547 19.5006
442242 3450 15.8456 23.4879
387424 3071 16.062 21.7824
392263 3372 15.3485 21.3397
387718 3454 13.475 23.079
365134 2780 12.3861 20.664
335961 2710 11.2756 18.8556
398211 3049 13.4576 19.9231
334990 2898 11.5879 20.1671
393477 2989 13.3499 19.8179
337377 3028 11.7593 21.0481
387641 3194 12.8648 21.7793
308669 2929 10.0298 17.8739
360264 3075 12.1821 22.6103
382482 3307 12.6888 23.4322
344219 3015 11.4805 21.2425
374773 3337 12.4722 23.1702
382893 6964 14.5947 59.4702
403050 7589 15.9663 55.724
360002 6310 14.5011 58.7646
417964 7411 16.7017 67.6392
465784 7972 19.3531 69.6563
360875 5961 14.5236 49.184
368526 6290 15.3047 61.5567
349861 6254 14.1012 50.3681
424691 7344 17.9789 63.2029
339021 5690 13.8413 50.7582
335978 6343 13.226 49.7778
433153 7137 17.9141 73.3889
332962 6326 12.6382 44.0847
399528 6940 15.6283 66.0919
386666 6637 16.2311 58.2313
383856 6595 16.1172 59.1142
357230 6567 14.0914 53.8553
449652 8008 18.1461 73.4069
444344 7679 18.0529 78.4165
414960 6979 17.2817 85.2204
352741 6542 13.7599 67.0776
394384 7066 16.6305 81.57
307963 5790 12.4141 56.538
351250 6205 13.7449 62.7415
320682 5824 11.8891 55.988
359026 6534 14.3377 66.6048
376223 6608 14.6493 65.5633
438252 7986 17.8636 87.1506
465518 8144 19.0391 91.002
406231 6936 16.7811 78.6045
408231 7398 16.1476 78.9126
372523 6478 14.6895 67.7553
393802 6786 16.0725 69.932
413193 7351 16.9522 71.1355
439090 7129 18.3689 79.9519
463637 7821 19.2049 84.6657
426557 7462 17.3937 75.6912
407163 7202 16.268 71.0315
374022 6618 14.903 56.0157
378044 6568 14.998 58.9001
415910 7722 15.9499 61.5068
399001 7004 16.5275 66.8789
368803 6536 14.9885 57.2227
407700 7398 16.4737 68.4584
404929 7130 15.9732 63.9518
402553 7216 15.8223 64.5272
338813 6143 14.0135 53.7244
349335 6412 14.3689 53.1055
372085 6814 14.8287 58.9271
367917 6612 14.6597 54.2356
402297 7196 15.3374 63.547
368286 6583 14.6438 60.4395
345603 6011 13.6992 54.8029
390601 7109 15.6562 67.4162
307277 5453 11.9936 50.3262
415685 7412 17.191 72.3964
376478 6710 15.026 62.9623
377404 6574 15.1617 59.1966
391320 6784 15.6828 69.2966
394159 6853 15.4992 69.1895
398942 7137 16.0638 66.9084
329650 5689 13.1549 48.9106
431037 7629 17.2055 74.5528
327323 5841 12.9727 52.0983
412028 7122 16.924 71.4107
475947 8063 19.2469 84.5972
447767 7856 17.7635 78.4177
486395 8819 20.0443 84.0274
414497 6905 17.6122 72.1484
367051 6540 14.5969 59.7181
442242 7788 17.9721 76.2091
387424 6721 15.7652 65.3976
392263 6959 15.8146 68.1761
387718 6839 15.5212 62.7995
365134 6223 15.1734 59.9267
335961 5951 13.1804 53.6878
398211 6911 16.509 68.3008
334990 5955 13.6205 57.9515
393477 6815 16.264 67.3872
337377 5937 13.9907 56.9834
387641 7122 15.697 67.6495
308669 5676 11.5476 48.3105
360264 6407 14.8373 63.5812
382482 7156 15.0421 66.3725
344219 6149 13.4891 59.4715
374773 6809 14.3799 63.7261
698683 10980 30.0582 147.822
724192 11493 31.2358 146.967
630549 10027 28.2033 125.575
649674 10060 29.3096 125.426
585903 9112 25.9331 110.85
503828 7900 21.3506 92.043
599071 9728 26.3286 123.668
548863 8913 23.3411 107.009
564007 8762 23.7738 120.027
398179 7278 16.1906 69.716
516411 8271 22.6916 103.391
615224 10454 25.7175 136.627
410323 7154 16.1792 68.4182
593620 9657 25.5729 122.677
454596 8037 17.3763 80.9313
434680 7265 18.1733 73.3663
671489 10742 29.228 136.324
474366 7951 18.9234 82.6115
441074 7931 17.9279 75.3413
549980 9305 23.261 113.638
592253 9723 24.8945 121.11
349864 6170 13.9529 50.9384
356296 6606 12.4743 51.4891
494784 8014 21.4076 96.2042
396940 7104 14.5318 57.7704
601786 10251 25.6955 115.928
623808 10279 27.0161 119.934
484986 8105 19.9029 83.7563
557892 9178 23.2444 108.048
721122 11572 30.7839 155.502
640144 10328 27.4306 83.89
636015 10204 27.8664 67.2667
486991 8318 20.0545 74.6985
711745 11172 30.5158 144.072
644991 10580 26.781 59.9993
640591 10977 27.0762 102.463
608359 10123 26.312 84.8947
606619 10047 26.0382 119.949
592340 9868 25.0341 74.7315
604826 9849 24.5979 115.301
658365 10738 27.238 94.5806
709232 11433 29.8171 67.7418
607262 9857 26.3305 65.5176
540080 9132 23.5577 78.709
609067 10229 24.7517 58.3173
452610 8164 17.2323 67.4334
448658 7744 18.6545 53.0036
619775 10096 26.1648 71.1206
667680 11115 26.7286 58.5635
547003 8920 23.6864 60.204
630680 10496 27.1504 87.3257
411749 7341 15.6991 30.7417
475897 8319 20.1876 39.9278
549788 8981 23.6624 93.0421
567017 9352 23.5957 56.0014
543227 9031 21.8958 91.8968
493204 8383 20.8904 57.9279
492276 8419 19.2155 66.8359
545100 8852 22.549 48.9548
600266 9783 25.6117 72.2552
648616 10865 27.174 57.6453
753783 11635 32.5378 160.528
770704 12199 34.2461 111.224
577399 9649 24.3779 99.0289
443220 7458 17.6953 37.2174
542219 9282 22.8003 49.7484
510567 9149 19.2095 55.4223
561267 8742 24.1488 46.8429
416316 7369 16.7578 46.5609
412123 7241 15.9814 25.9095
500699 8347 21.7669 57.0803
779337 12039 34.2615 135.205
365899 6466 14.4607 33.57
451434 8078 17.3207 80.0548
730435 11512 31.6976 158.807
660899 10876 28.4442 75.0743
710252 11736 30.8387 74.4544
673969 11394 28.8844 80.0522
776858 12306 34.4656 133.661
698683 10980 30.0582 147.822
724192 11493 31.2358 146.967
630549 10027 28.2033 125.575
649674 10060 29.3096 125.426
585903 9112 25.9331 110.85
503828 7900 21.3506 92.043
599071 9728 26.3286 123.668
548863 8913 23.3411 107.009
564007 8762 23.7738 120.027
398179 7278 16.1906 69.716
516411 8271 22.6916 103.391
615224 10454 25.7175 136.627
410323 7154 16.1792 68.4182
593620 9657 25.5729 122.677
454596 8037 17.3763 80.9313
434680 7265 18.1733 73.3663
671489 10742 29.228 136.324
474366 7951 18.9234 82.6115
441074 7931 17.9279 75.3413
549980 9305 23.261 113.638
592253 9723 24.8945 121.11
349864 6170 13.9529 50.9384
356296 6606 12.4743 51.4891
494784 8014 21.4076 96.2042
396940 7104 14.5318 57.7704
601786 10251 25.6955 115.928
623808 10279 27.0161 119.934
484986 8105 19.9029 83.7563
557892 9178 23.2444 108.048
721122 11572 30.7839 155.502
640144 10328 27.4306 1515.89
636015 10204 27.8664 67.2667
698683 4274 13.887 17.8601
724192 4568 14.0628 18.3353
630549 4213 20.4802 19.885
649674 4249 16.436 16.9528
585903 3881 20.9686 14.9157
503828 3801 13.9765 12.1602
599071 3871 14.1678 13.7304
548863 1717 9.57584 7.79806
564007 3683 8.54425 14.3622
398179 3736 12.2439 9.4073
516411 3776 9.16212 19.9546
615224 4278 12.478 29.7814
410323 3551 5.03862 16.5657
593620 3998 7.8774 20.9343
454596 3382 15.534 11.9704
434680 3387 8.67859 25.4949
671489 4085 14.1783 22.7728
474366 3371 15.5609 24.8935
441074 3232 5.84856 26.5019
549980 3558 19.228 33.7962
592253 3739 22.7145 40.6649
349864 2812 11.388 16.9986
356296 3019 11.3633 17.977
494784 3740 8.32505 34.8796
396940 2881 12.6284 16.691
601786 4193 15.1442 42.2253
623808 4237 23.3335 43.8218
484986 3529 17.2557 29.9155
557892 3749 20.9094 37.481
721122 4613 27.2442 51.0246
640144 4366 25.3281 46.185
636015 4299 8.65587 45.6663
486991 3566 17.0987 26.5773
711745 4483 28.1173 50.5835
644991 4475 24.1349 41.0672
640591 4747 24.6871 47.1716
608359 4175 22.9359 38.0832
606619 3390 6.95405 38.5783
592340 3756 7.61931 37.6272
604826 3906 7.83755 37.3686
658365 4280 25.5727 45.7623
709232 4533 27.735 43.6149
607262 4364 24.2262 23.5724
540080 4269 14.4705 15.5383
609067 2556 18.4445 21.7684
452610 3539 5.16345 21.4014
448658 3437 14.7672 14.1012
619775 3860 11.2736 29.0132
667680 4359 24.3393 45.2695
547003 3869 19.6787 35.9356
630680 4175 8.63883 42.2932
411749 3074 4.68335 15.1384
475897 3547 9.97196 17.1976
549788 3450 12.8013 27.3183
567017 1379 15.0219 11.9831
543227 4271 19.3406 38.5326
493204 3783 17.6633 29.1681
492276 3598 16.3952 24.3783
545100 3743 19.3117 33.5208
600266 3733 10.9178 34.818
648616 4233 16.5044 32.5466
753783 4449 29.1546 36.9902
770704 4641 31.3157 46.5713
577399 3988 11.6582 20.8834
443220 3356 9.16366 19.4597
542219 3927 19.2846 12.8518
510567 4057 16.8658 12.165
561267 3622 20.7991 35.1789
416316 3278 13.8246 15.1381
412123 3205 13.4973 8.17548
500699 3663 9.98148 13.2993
779337 4818 31.6215 27.1304
365899 3140 12.2275 8.59364
451434 3564 14.945 13.8793
730435 4877 11.4055 44.72
660899 4457 24.2182 37.9893
710252 4861 12.8666 30.0613
673969 4456 24.9907 36.1408
776858 5005 30.087 55.6292
698683 23879 0.0883626 265.326
724192 24775 0.150589 263.289
630549 22663 0.135458 228.543
649674 23153 0.0671516 238.14
585903 21710 0.127652 211.172
503828 19430 0.114183 175.165
599071 22032 0.143602 213.387
548863 20678 0.114145 181.442
564007 20345 0.167957 201.905
398179 17784 0.0853841 122.665
516411 20321 0.118524 179.255
615224 22686 0.131027 220.282
410323 18041 0.0567602 123.428
593620 22011 0.0999622 207.725
454596 19253 0.0958642 145.678
434680 18324 0.0909973 139.654
671489 23416 0.100896 236.563
474366 19471 0.0971124 151.041
441074 18503 0.092418 134.087
549980 20886 0.12447 192.799
592253 20729 0.130441 214.144
349864 16284 0.0739145 102.356
356296 16857 0.0815368 101.762
494784 18756 0.100988 172.13
396940 18238 0.0821028 110.171
601786 22218 0.0732637 200.287
623808 23256 0.0686033 224.382
484986 19684 0.100718 160.097
557892 21088 0.115737 192.913
721122 24970 0.15027 259.611
640144 23159 0.068793 228.901
636015 23390 0.132101 228.782
486991 20617 0.104341 155.824
711745 24535 0.085929 255.738
644991 24057 0.140464 219.948
640591 23491 0.074454 219.879
608359 22571 0.129683 206.462
606619 22419 0.165769 210.226
592340 22396 0.124155 204.121
604826 22700 0.125288 201.856
658365 24055 0.137751 229.411
709232 24251 0.148326 247.948
607262 21781 0.0589533 217.396
540080 20628 0.109066 182.976
609067 22578 0.128947 206.439
452610 20590 0.103617 139.214
448658 19298 0.0943241 148.595
619775 22753 0.0948417 219.22
667680 23431 0.149476 232.611
547003 20165 0.164153 190.473
630680 23005 0.133779 218.998
411749 19097 0.0862148 126.122
475897 20608 0.101623 149.724
549788 21125 0.123755 186.736
567017 22061 0.121093 177.641
543227 21668 0.114101 174.214
493204 19819 0.102061 158.998
492276 20331 0.101309 152.18
545100 21289 0.0645107 180.724
600266 22131 0.0704875 202.65
648616 24767 0.142139 221.758
753783 25076 0.217038 277.982
770704 25378 0.213994 288.44
577399 21393 0.0680348 199.97
443220 18397 0.0910242 141.29
542219 21432 0.0587694 183.365
510567 20773 0.0584846 161.461
561267 20456 0.117835 191.48
416316 18018 0.0882007 124.787
412123 18644 0.0886849 124.993
500699 19140 0.0667728 177.913
779337 25038 0.164739 291.162
365899 16860 0.0772768 114.017
451434 18858 0.088311 138.724
730435 24104 0.154984 268.763
660899 23190 0.145802 236.976
710252 23999 0.149697 264.98
673969 23653 0.143674 241.639
776858 25427 0.177345 287.605
698683 620 3.51367 4.44055
724192 690 3.18923 5.85748
630549 664 3.62567 4.53356
649674 657 2.3312 1.83413
585903 622 3.37044 1.47112
503828 572 2.98792 1.03612
599071 668 1.34658 1.70684
548863 496 3.61379 1.04364
564007 600 3.05084 3.04685
398179 618 1.97546 2.52908
516411 630 2.73457 1.17043
615224 619 3.4942 1.54142
410323 620 2.30219 0.795004
593620 624 2.99725 3.85705
454596 557 2.41896 2.16864
434680 570 2.40593 2.25358
671489 623 1.37189 4.21388
474366 634 1.06717 3.08293
441074 605 1.00539 2.91007
549980 614 2.09707 3.4051
592253 581 1.77788 3.21403
349864 592 1.96239 1.75915
356296 571 2.10377 2.01468
494784 586 2.85627 1.32269
396940 577 2.66267 0.875047
601786 601 3.66341 1.21927
623808 664 3.53119 1.53424
484986 591 1.46676 1.05879
557892 608 2.50733 1.34703
721122 639 3.33822 2.54422
640144 631 1.5473 1.49279
636015 614 3.14463 1.44494
486991 604 3.16668 0.971573
711745 583 3.4558 2.98867
644991 602 2.02686 1.37501
640591 604 3.4898 3.21406
608359 590 3.09671 1.30828
606619 581 3.45122 1.43323
592340 622 3.01392 1.47142
604826 605 3.39693 2.49055
658365 631 3.24404 2.95876
709232 591 3.4336 4.3775
607262 599 2.55135 3.5795
540080 594 2.83257 2.91248
609067 562 3.04079 3.34144
452610 675 2.54595 2.39819
448658 591 2.36418 2.60804
619775 588 3.2436 3.43849
667680 611 3.24637 3.33444
547003 564 2.97395 2.95646
630680 640 3.26994 4.199
411749 660 1.02373 2.34477
475897 636 1.4152 2.04692
549788 673 1.1767 3.42217
567017 462 2.98392 2.16238
543227 639 2.85221 3.10057
493204 597 2.8596 2.86194
492276 635 2.70136 2.8136
545100 683 2.87371 3.63334
600266 685 3.07458 3.85025
648616 735 1.47139 3.93548
753783 683 1.60331 5.26298
770704 671 1.54836 5.92622
577399 634 3.05864 3.97625
443220 591 2.34707 2.82096
542219 692 2.74926 4.02063
510567 651 2.68834 2.77947
561267 629 1.49076 3.92479
416316 620 0.953782 2.11971
412123 685 2.36663 2.64958
500699 590 3.06949 3.76669
779337 647 3.13208 5.95258
365899 561 2.12996 2.11239
451434 594 2.39941 2.62375
730435 613 3.38545 4.20881
660899 638 2.5598 4.6496
710252 636 3.35646 4.70634
673969 670 1.37299 4.79072
776858 636 2.11521 4.98624
628409 4549 19.159 37.1325
536942 4247 17.5031 26.1488
555420 4198 14.7952 21.4228
554155 4417 19.5328 29.2187
526012 4851 14.2208 27.8253
545801 4178 15.1558 25.7835
504674 4381 20.2654 26.1757
523629 4032 18.7802 25.7773
523173 2313 13.4826 9.64188
616680 944 12.2508 3.15441
518494 4347 14.7396 23.0069
462484 4417 14.4953 26.6758
560430 4182 16.0068 24.685
458473 4155 13.0253 23.8833
547806 4528 14.9717 28.1679
580150 4656 17.1262 31.0932
514036 3974 15.151 23.2976
502669 3880 14.7864 21.0466
535120 4258 17.5961 31.7732
535196 3847 15.7312 24.7877
572348 4154 17.7376 30.5629
506191 3871 12.5349 22.2661
511456 3798 14.0427 23.8832
442011 3986 13.5136 24.3397
466377 3690 12.8452 21.7601
484949 3916 15.1787 26.4117
472924 4045 15.7549 28.3575
512346 3913 15.8087 22.1193
574968 4508 17.6173 31.4767
570567 4457 17.9379 29.6483
530186 3972 14.5697 25.5574
568957 4234 18.2852 31.3584
560999 4160 16.9753 32.2447
572563 4242 20.4162 28.7412
510976 4196 17.2604 30.2205
659824 4513 23.0276 42.5329
555029 4627 15.4884 30.5065
541854 4105 16.8096 23.4757
535636 4317 15.2945 26.6523
510649 4086 14.3309 26.8897
550674 4283 16.4706 30.343
325795 4443 7.08993 7.1482
462857 3827 13.5101 24.9337
562096 4226 20.0953 32.786
499209 3079 13.6185 28.1513
502466 3850 15.7633 28.5668
567234 3932 18.0777 32.0906
466994 3860 16.8654 25.0509
430604 3615 16.4085 22.371
465347 3992 17.8258 25.5643
437366 3998 17.0428 22.919
518434 2666 15.7292 16.534
509779 3775 19.7356 23.3114
476066 3547 20.5827 22.998
442558 3302 16.1701 18.4087
415407 3455 14.8065 20.9514
415933 3579 15.9434 20.8988
576413 3978 20.3626 36.4941
481972 3643 14.2931 25.0796
528352 3950 17.7513 28.654
499563 3722 15.7651 24.8261
488447 3569 16.1323 26.4903
501947 3803 16.2815 25.6807
457596 1353 11.2405 10.7594
468482 4303 14.5042 30.2667
485223 4183 15.7203 29.1516
485361 3639 14.3048 24.6443
507680 3876 15.8708 26.8126
480487 3779 14.7497 25.7728
571929 4022 18.0064 28.9224
522178 3639 16.272 31.0621
495607 3846 14.7057 25.9321
474582 3718 15.5274 22.8513
502605 3868 16.8893 28.8125
467594 3877 13.9534 23.8349
492110 4102 13.9799 30.4342
446818 3372 14.9224 23.9487
472148 3668 14.8245 23.8196
514395 3752 16.5933 25.823
472286 3798 17.873 30.0591
500004 3957 15.0995 27.7472
452901 3928 14.2752 27.6929
561052 4088 18.8831 37.0083
413635 3886 12.7249 22.8571
476782 3793 13.3346 28.5026
453507 3739 16.3623 25.2208
446360 3783 16.9091 27.1177
459467 4061 15.6617 27.1829
628409 10956 14.857 99.2489
536942 10372 22.0118 83.9249
555420 10269 22.1146 77.1479
554155 10209 11.4782 81.9677
526012 9538 19.9617 68.7446
545801 9796 9.11599 84.398
504674 9033 7.5106 81.1865
523629 9478 7.92131 77.3794
523173 9612 23.4191 71.7358
616680 10896 28.1871 98.7182
518494 9260 23.007 80.5047
462484 9046 17.2485 70.272
560430 10195 8.27616 96.5471
458473 9287 8.36263 70.8475
547806 10353 9.64411 86.6973
580150 10604 9.16536 83.9561
514036 9596 8.0238 72.0327
502669 10297 10.7621 63.3867
535120 9820 8.1292 78.95
535196 10211 8.50144 72.8044
572348 10308 8.67415 98.1387
506191 10130 7.36194 65.9364
511456 9641 7.59374 80.7871
442011 8791 11.9206 62.3271
466377 8688 7.75245 68.9696
484949 8826 6.99597 79.4188
472924 8380 7.03824 80.4607
512346 9811 7.50095 75.8862
574968 11041 9.93288 84.382
570567 10250 8.59709 92.5077
530186 9770 14.311 80.7213
568957 10430 9.71464 93.9299
560999 9946 12.0748 90.0206
572563 9978 11.3385 92.7242
510976 9180 13.6139 79.4654
659824 11016 16.6162 123.644
555029 10171 12.2166 80.6547
541854 10408 8.00374 75.2986
535636 10346 7.98096 71.4345
510649 10043 13.6144 68.307
550674 10335 8.56424 81.3536
325795 5519 10.2019 9.68147
462857 8417 9.34846 77.1106
562096 9728 22.9282 105.182
499209 8741 17.2704 85.1461
502466 9109 11.8671 71.074
567234 9400 10.1622 93.8944
466994 8598 6.68141 70.4891
430604 7829 6.25893 69.1817
465347 8133 11.5658 67.722
437366 7939 15.3722 68.8143
518434 9259 18.713 73.1051
509779 9087 17.1779 72.8999
476066 8497 17.3167 72.9627
442558 7911 16.9899 67.7421
415407 7501 9.23078 66.2067
415933 7786 14.8013 61.3213
576413 9761 20.5968 107.437
481972 8743 6.90949 72.3152
528352 9028 9.07745 84.4733
499563 9080 9.88303 74.1837
488447 8551 8.88938 68.3329
501947 8903 8.09628 75.2297
457596 8011 6.6967 58.1707
468482 8451 6.83624 69.7933
485223 8815 15.83 72.041
485361 8375 13.9822 69.8053
507680 8795 19.8139 75.4828
480487 8727 6.77706 75.6603
571929 10064 18.0213 102.337
522178 8530 18.8567 96.5129
495607 9080 11.1369 87.9827
474582 8488 17.6727 77.8986
502605 8772 14.3644 91.2587
467594 8622 10.9532 82.3164
492110 8491 9.643 84.7218
446818 7885 8.79001 79.9949
472148 8496 16.2091 82.0447
514395 8980 9.19808 92.4916
472286 8202 14.2647 88.6652
500004 8910 20.5861 88.1804
452901 8360 19.0949 77.1787
561052 9448 24.9439 118.255
413635 7797 17.1505 64.0682
476782 8406 17.8489 86.6804
453507 8371 6.50058 78.5196
446360 8326 15.3256 71.6924
459467 8665 6.66502 70.0071
628409 957 4.92165 3.35349
536942 925 4.59106 3.14339
555420 1128 5.44622 3.77178
554155 1169 5.2463 3.55139
526012 1099 5.2976 3.17834
545801 1057 5.3278 3.08391
504674 998 4.63129 2.59512
523629 1109 5.18514 3.39717
523173 1032 5.2465 2.49523
616680 945 5.82753 2.50791
518494 1020 4.61549 3.31226
462484 932 4.34828 2.59557
560430 898 4.82467 3.32236
458473 905 4.32777 2.54856
547806 952 5.02887 2.7932
580150 1018 5.10225 3.35668
514036 1054 4.79883 3.26102
502669 1012 4.85399 2.6958
535120 892 4.42268 2.92889
535196 992 4.95101 3.39453
572348 909 4.54325 4.35867
506191 1022 5.0249 3.26293
511456 873 4.38849 3.30853
442011 915 3.97635 2.56349
466377 793 3.8273 2.58076
484949 746 4.03788 2.7242
472924 784 3.86511 2.73785
512346 873 4.50236 3.60844
574968 998 5.10393 2.96935
570567 911 4.63778 3.09513
530186 785 4.38751 2.85413
568957 884 4.86672 3.47466
560999 783 4.21665 3.08295
572563 780 4.49832 3.24041
510976 828 4.29335 2.7254
659824 801 4.83953 4.02214
555029 935 4.69574 3.00432
541854 940 4.85918 2.61996
535636 983 4.85215 2.77555
510649 959 4.6734 2.608
550674 911 4.77854 2.82337
325795 1066 4.6128 1.04853
462857 641 3.4713 2.71247
562096 585 3.96088 2.99677
499209 628 3.69606 2.86918
502466 642 3.78432 3.04619
567234 635 4.00004 3.43625
466994 664 3.69154 2.39453
430604 586 3.26168 2.42067
465347 574 3.52817 2.44955
437366 616 3.15804 2.29496
518434 559 3.81324 2.6444
509779 692 3.83318 3.41343
476066 648 3.5381 3.03874
442558 579 3.5119 2.47907
415407 615 3.24377 2.31754
415933 585 3.14749 2.44491
576413 646 3.96996 3.93591
481972 700 4.00507 3.12657
528352 615 3.90423 3.26288
499563 684 3.71575 3.21971
488447 672 3.643 3.18759
501947 678 3.88441 3.29754
457596 453 3.56266 1.82672
468482 638 3.57583 3.01406
485223 658 3.56511 3.7051
485361 706 3.54714 3.00079
507680 706 3.84863 3.02497
480487 676 3.66006 2.55874
571929 776 4.4018 3.7442
522178 664 3.6441 3.6832
495607 692 3.72607 3.16589
474582 646 3.5742 2.80951
502605 654 3.71535 3.18529
467594 681 3.61545 2.76026
492110 693 3.68591 2.92082
446818 672 3.38707 2.81775
472148 658 3.56646 2.53704
514395 740 3.83771 3.36225
472286 583 3.35972 2.86244
500004 683 3.71407 3.26445
452901 585 3.55668 2.41874
561052 636 3.57165 3.12102
413635 635 3.27974 2.23428
476782 672 3.58426 2.10175
453507 653 3.33351 2.78931
446360 657 3.31921 2.86785
459467 660 3.58773 2.72188
628409 30310 0.139365 122.7
536942 28369 0.121538 69.1295
555420 32551 0.0480949 60.8464
554155 31118 0.126347 64.1207
526012 31954 0.0449584 53.6122
545801 31436 0.126853 65.6594
504674 28974 0.0962409 73.6251
523629 30854 0.0611218 93.7486
523173 31894 0.0487375 65.2813
616680 33449 0.108689 74.7057
518494 28578 0.111316 60.7706
462484 26593 0.107837 49.8346
560430 29087 0.0575695 87.7107
458473 26232 0.0868256 73.6342
547806 29505 0.054769 99.8064
580150 31097 0.0538915 94.4941
514036 29356 0.077974 65.1117
502669 29970 0.103767 81.5054
535120 27869 0.111176 129.957
535196 29805 0.123074 81.0318
572348 27225 0.121287 64.3137
506191 29815 0.105459 46.5615
511456 26539 0.122716 68.1883
442011 26022 0.0950379 59.3975
466377 24664 0.0901244 115.471
484949 24398 0.100531 142.686
472924 23385 0.0983653 117.485
512346 27050 0.109245 74.7882
574968 30711 0.130051 58.4296
570567 27996 0.130922 84.1244
530186 26331 0.0474867 84.1488
568957 28317 0.128584 68.6827
560999 26321 0.122733 72.8109
572563 26332 0.125482 73.5161
510976 25950 0.112218 58.3069
659824 28259 0.143459 212.297
555029 28419 0.109544 163.195
541854 30215 0.117926 137.762
535636 30476 0.127878 142.658
510649 29145 0.1185 120.507
550674 29221 0.125967 138.3
325795 30039 0.0302852 41.1127
462857 21641 0.10028 127.638
562096 23216 0.119901 110.409
499209 22449 0.0958507 99.1655
502466 22841 0.108398 69.1701
567234 23583 0.123095 78.9009
466994 22854 0.0406929 83.7974
430604 20441 0.101162 68.6519
465347 21162 0.0938416 80.5346
437366 20194 0.0382074 70.3246
518434 23023 0.0466933 80.0378
509779 23808 0.113759 71.3917
476066 22255 0.108372 62.512
442558 21542 0.0374174 101.12
415407 20076 0.0962866 118.958
415933 19788 0.0964148 103.979
576413 23293 0.127307 143.984
481972 22891 0.0982663 86.1497
528352 23172 0.118007 128.357
499563 22641 0.114639 128.105
488447 21968 0.0898522 99.1968
501947 22746 0.0441881 90.5505
457596 21741 0.0388099 60.078
468482 22139 0.0970774 115.274
485223 22110 0.108806 88.2151
485361 21957 0.101354 69.8042
507680 22880 0.0447255 114.615
480487 22259 0.104785 125.631
571929 25295 0.124541 140.743
522178 22323 0.10954 102.356
495607 22680 0.101568 82.3291
474582 21684 0.0923603 60.8254
502605 22031 0.102707 74.8226
467594 21806 0.102427 60.217
492110 22288 0.105494 75.943
446818 20671 0.0978988 53.4072
472148 21805 0.100272 60.0816
514395 23197 0.104951 72.8714
472286 20465 0.0952868 105.298
500004 22148 0.093109 115.046
452901 21174 0.10292 121.768
561052 22305 0.0477583 160.741
413635 20893 0.096533 96.6539
476782 21491 0.0417503 104.106
453507 21007 0.107825 122.79
446360 21524 0.101462 81.0395
459467 22017 0.090432 82.3408
631220 910 4.49971 4.20349
689862 1198 5.28869 5.47913
471208 1096 4.06018 2.67827
756021 1052 4.75497 4.86155
520946 1006 2.85508 2.95762
394377 921 3.56903 1.67979
529281 1111 2.89476 3.97007
781078 1008 5.62679 4.41757
588086 967 3.9964 3.79795
559676 922 3.9216 4.20393
538153 891 4.00952 3.19388
489696 880 3.84299 2.60824
484734 913 5.14146 2.63785
572295 996 4.70794 3.36207
506993 1015 4.20689 3.17812
517393 986 4.3566 3.10913
495059 866 3.54948 2.82523
562785 960 4.53025 3.57823
522551 859 3.83321 3.37838
540330 1021 4.20297 3.70974
644654 810 3.9466 4.51402
502831 899 2.043 3.10316
388085 757 2.37097 2.06588
398135 738 2.87351 2.15153
687786 753 3.60624 4.0995
453986 823 2.49802 2.4798
749388 984 4.19147 4.42438
525683 886 3.87207 2.97247
596541 775 4.12382 3.51073
584697 842 5.5969 3.96199
425328 740 3.25284 2.1155
695984 805 4.58108 4.3808
535098 811 4.17164 2.84606
532938 756 4.81709 2.88299
567120 881 3.98252 3.05215
618759 924 4.74114 3.1887
756571 941 4.9442 4.34261
531480 905 5.3715 2.55236
604618 919 4.56212 3.12349
342689 1047 4.75771 1.10726
461636 613 2.86063 2.87084
453589 616 3.02032 2.69022
428687 603 2.95612 2.42799
503250 613 4.05475 2.85068
553410 630 3.40661 3.66142
426734 647 2.68262 2.51449
608528 608 2.79464 3.9806
393581 592 2.39183 2.11181
396450 563 2.53956 2.01223
474955 548 2.84808 2.69362
506301 637 3.08573 3.16112
410479 586 2.70551 2.45762
393952 575 2.34735 2.12089
410924 599 2.63512 2.1834
426365 550 2.24016 2.5632
542280 604 2.43099 3.60663
387760 654 2.68069 2.41427
562437 629 3.31585 3.55685
430441 653 2.85121 2.70742
393951 665 2.54241 2.55779
580243 617 3.16422 3.93251
567017 462 2.60016 2.63809
575823 651 2.96665 3.54707
398650 599 2.28425 2.27839
395736 640 2.62166 2.62912
680739 700 3.19202 5.33744
751493 706 3.75794 6.01393
588531 737 3.87161 3.97289
477520 639 2.58712 3.20561
441831 652 1.65529 2.96316
542825 614 1.92252 3.65233
533653 625 1.61639 3.54099
642888 648 2.77234 4.10031
523470 637 1.74671 3.28539
434472 641 1.25912 2.86736
416316 620 1.29114 2.67714
445228 677 1.45419 2.92676
445087 576 1.92522 3.15881
419359 648 2.80346 2.79276
332057 538 1.77748 1.83822
574002 619 2.67621 3.98387
392606 620 1.15274 2.33606
514713 607 1.35749 3.57678
423724 592 1.99895 2.78221
388893 619 1.927 2.69613
570755 623 3.22183 3.92069
631220 3975 11.5877 17.064
689862 4768 11.3474 19.3966
471208 3952 6.78094 12.5151
756021 5106 13.4364 25.6588
520946 3958 8.1307 13.0774
394377 3637 6.61854 10.2555
529281 3727 8.80203 14.4231
781078 2586 10.7604 14.3019
588086 4114 9.89165 15.1071
559676 4273 10.0079 18.7712
538153 3932 8.81184 15.6339
489696 3798 7.95953 14.839
484734 4171 7.46693 13.2013
572295 4340 9.39273 17.067
506993 3789 7.98963 11.6316
517393 3810 8.25743 14.5871
495059 3900 7.91516 13.7258
562785 3843 9.55562 15.0638
522551 3615 8.81158 12.7576
540330 3802 10.031 14.827
644654 3857 12.291 28.2937
502831 3816 8.69238 31.2199
388085 3094 5.67898 18.3691
398135 3381 6.01017 17.3598
687786 4840 13.5486 42.5105
453986 3419 7.08651 13.9729
749388 4862 13.614 35.9096
525683 4004 8.67198 24.4464
596541 4048 10.5444 32.8773
584697 4021 10.1486 31.7479
425328 3404 6.82978 17.2491
695984 4704 12.1047 38.1835
535098 4113 8.70069 22.9871
532938 3727 9.27155 25.1446
567120 4352 9.62876 29.3879
618759 4054 11.5612 27.0954
756571 4647 14.2083 43.0811
531480 3785 9.43689 22.6266
604618 4062 10.8785 23.9575
342689 4925 4.17484 11.51
461636 3602 7.39579 32.3634
453589 3787 7.30016 31.7489
428687 2865 6.08424 20.6765
503250 3629 8.32876 30.6919
553410 3717 9.42589 34.8636
426734 3365 6.768 19.3706
608528 4110 11.0397 39.1489
393581 3515 6.46484 24.5487
396450 3659 6.39064 24.7571
474955 2522 6.25871 20.6138
506301 3584 8.11619 24.449
410479 2985 6.37927 16.8328
393952 2953 6.20522 16.0815
410924 3337 6.48662 24.4514
426365 3345 7.09453 25.6296
542280 3727 9.22261 35.8488
387760 3106 5.8146 19.4545
562437 3756 9.47741 34.4721
430441 3120 6.72493 21.9866
393951 3140 6.07901 21.5043
580243 3900 10.1479 38.0887
567017 1379 6.95091 12.0774
575823 4287 10.2611 27.9555
398650 3481 6.05442 18.8848
395736 3234 6.01056 14.3948
680739 4075 12.4819 35.0989
751493 4534 13.5136 34.6763
588531 4180 9.73292 24.496
477520 3275 8.08945 13.3304
441831 3211 6.98567 11.2449
542825 3734 9.90024 16.9008
533653 3854 9.09375 34.1374
642888 4204 10.8927 39.0804
523470 4004 9.09505 35.0612
434472 3087 6.70343 22.1198
416316 3278 6.71326 20.958
445228 3303 6.89035 21.2046
445087 3308 7.73498 29.1147
419359 3133 6.37587 21.2527
332057 3023 5.09085 21.1793
574002 3926 10.1159 33.1352
392606 3304 6.03084 22.9187
514713 3629 8.90197 34.4838
423724 3470 6.62496 25.0662
388893 3228 5.85074 21.394
570755 4274 9.80812 37.7573
631220 0 0 55.2266
689862 0 0 54.5436
471208 0 0 29.5569
756021 0 0 69.1848
520946 0 0 36.0665
394377 0 0 24.2684
529281 0 0 36.9499
781078 0 0 68.045
588086 0 0 46.6806
559676 0 0 49.9033
538153 0 0 41.3809
489696 0 0 38.0569
484734 0 0 33.2607
572295 0 0 45.3216
506993 0 0 33.7063
517393 0 0 36.2193
495059 0 0 37.6285
562785 0 0 41.1607
522551 0 0 39.3272
540330 0 0 41.9679
644654 11106 15.3502 63.1567
502831 9710 10.4016 39.4291
388085 7235 7.45159 25.5855
398135 7432 7.81495 28.2775
687786 11491 14.8705 75.2897
453986 8860 8.63866 33.3414
749388 13279 15.4118 68.02
525683 9495 11.3952 38.1908
596541 10150 13.4207 52.8213
584697 10455 19.6819 51.0358
425328 7868 17.771 28.576
695984 11489 28.7531 68.035
535098 9882 16.8085 44.7209
532938 8926 19.523 47.3762
567120 9756 14.5735 45.1015
618759 11091 19.6855 51.1085
756571 12711 24.7576 69.4674
531480 10151 11.3104 39.255
604618 11038 13.1558 49.6173
342689 5685 7.62114 5.14449
461636 8279 9.23277 38.025
453589 8178 9.13384 37.1298
428687 7627 8.61479 32.8704
503250 8867 10.2728 43.5822
553410 9165 11.495 51.6299
426734 7622 8.25275 33.4938
608528 9922 13.2509 61.8552
393581 6899 8.4204 31.1561
396450 7265 8.01001 30.3866
474955 8288 9.42449 38.6862
506301 8623 10.7491 42.2968
410479 7283 8.2145 32.9636
393952 6837 8.10497 32.2
410924 7435 8.2216 32.681
426365 7380 8.68252 36.5199
542280 9278 11.2837 50.1275
387760 6852 7.7289 29.8173
562437 9221 12.1564 52.6379
430441 7550 8.6859 34.7162
393951 6870 7.77224 30.457
580243 9537 12.4527 57.5862
567017 9352 11.9957 50.1796
575823 9653 12.1514 54.0332
398650 7509 7.86981 29.9704
395736 6866 7.85369 28.8659
680739 10611 14.888 68.9773
751493 11956 16.2074 81.0751
588531 10326 12.1504 51.4144
477520 7756 9.97216 42.8524
441831 7904 9.91207 36.7761
542825 8933 17.4459 54.4847
533653 9085 17.5417 50.2175
642888 10858 21.0144 64.3984
523470 9018 22.9404 50.6586
434472 7425 15.5607 35.0341
416316 7369 12.9793 33.9577
445228 7858 11.5251 35.0943
445087 7694 17.2032 42.285
419359 7446 17.1809 34.7385
332057 5938 12.9941 26.7627
574002 9791 23.019 58.0971
392606 7383 14.2733 30.1622
514713 8584 20.3778 52.3369
423724 7940 16.7275 34.4459
388893 7191 14.6464 32.5633
570755 9931 21.0164 64.2703
631220 27617 0.130556 145.374
689862 33495 0.148241 186.897
471208 27438 0.0994768 124.97
756021 33479 0.16239 236.112
520946 28655 0.113833 147.384
394377 24264 0.0841249 90.7166
529281 28873 0.115494 154.305
781078 34429 0.1815 220.279
588086 28361 0.124094 173.063
559676 26191 0.118656 200.435
538153 26102 0.0811796 137.324
489696 24378 0.05296 118.022
484734 25858 0.125299 111.105
572295 28892 0.123805 194.678
506993 27618 0.0617597 159.004
517393 28439 0.110184 124.629
495059 24780 0.103644 85.1244
562785 28493 0.12221 150.175
522551 24967 0.11109 145.463
540330 27807 0.114774 139.511
644654 26682 0.135936 225.593
502831 25519 0.106302 123.669
388085 20374 0.112273 55.5102
398135 20949 0.121441 96.6964
687786 26156 0.174646 243.836
453986 24065 0.103794 114.542
749388 32388 0.161187 260.693
525683 25588 0.114668 146.221
596541 25360 0.129118 183.932
584697 26634 0.137345 164.885
425328 21925 0.124744 107.133
695984 27350 0.155145 189.509
535098 25133 0.116138 78.3504
532938 24439 0.121461 90.5311
567120 26372 0.121923 91.3706
618759 29068 0.131551 102.166
756571 32247 0.16619 207.377
531480 27388 0.134835 135.873
604618 28226 0.133102 176.764
342689 29561 0.0794759 44.0814
461636 19742 0.0993797 133.506
453589 19710 0.114978 135.625
428687 19420 0.11589 104.804
503250 20729 0.123614 79.0397
553410 21801 0.206856 139.565
426734 19888 0.0910772 133.33
608528 22158 0.138583 187.743
393581 17918 0.0844428 75.2598
396450 17790 0.0851014 57.3616
474955 19875 0.100687 111.273
506301 21465 0.114165 150.78
410479 18589 0.109096 62.3514
393952 18043 0.0847168 62.399
410924 18249 0.0969241 61.3414
426365 17811 0.111976 67.8776
542280 21370 0.159041 90.5041
387760 18592 0.104741 58.145
562437 21870 0.154451 120.418
430441 18990 0.108556 108.043
393951 17912 0.0951591 65.5337
580243 21990 0.132665 140.061
567017 22061 0.142904 88.8683
575823 22356 0.146298 94.7209
398650 18355 0.0948185 100.383
395736 18144 0.0994069 113.258
680739 23949 0.158635 223.396
751493 25212 0.172118 248.11
588531 24234 0.143341 154.452
477520 19450 0.111702 132.313
441831 18875 0.116791 110.123
542825 20417 0.13297 175.036
533653 21077 0.170303 180.168
642888 23540 0.180129 228.516
523470 20452 0.163361 183.43
434472 18464 0.0952789 136.023
416316 18018 0.111516 132.068
445228 19790 0.111486 142.516
445087 18070 0.114133 155.564
419359 18294 0.104845 125.26
332057 15655 0.0792824 64.3612
574002 21334 0.136987 101.807
392606 17656 0.0933517 56.919
514713 19990 0.131748 89.3588
423724 18425 0.10357 64.2871
388893 17577 0.0641327 58.2843
570755 21651 0.150198 100.555
624843 4280 12.8746 11.9951
597049 4165 19.1234 10.9688
623732 4161 19.3885 10.9991
665888 4529 22.2221 15.5335
631087 4436 21.4814 18.3292
623891 4061 13.5563 34.6633
575704 4437 8.11178 15.6598
628377 4285 8.3178 12.4358
625499 1917 16.9604 6.00356
556466 3972 7.4296 10.7012
528274 4622 18.5668 12.7432
627892 4483 8.4682 13.0021
519527 4339 18.1837 12.3002
625863 4573 15.4222 13.5289
621813 4729 20.7834 21.1899
634491 4320 20.6719 12.8108
555852 4161 17.2057 11.1949
604856 4490 13.5613 12.5199
644458 4115 20.4816 13.2789
623286 4227 21.0016 12.1716
626994 4198 21.7335 11.8532
616925 4131 19.7346 19.508
573563 4057 18.5625 28.3333
568451 4024 7.59056 31.3051
577007 4197 18.4897 36.0643
552968 4438 19.6116 15.231
612063 4100 18.715 11.2474
620128 4676 9.74364 24.2453
637419 4348 21.0962 13.6152
613045 4204 8.21208 17.0616
585150 4233 7.95122 35.9537
573336 4052 19.7113 29.7574
601522 4215 15.385 11.8642
655501 4663 24.8032 17.1732
668833 4545 12.7091 15.406
661480 4705 15.4962 39.7981
610495 3994 9.15448 11.653
664310 4398 18.8805 14.3329
584658 4138 8.64382 12.2773
629863 4697 17.2928 12.6776
637062 4492 11.7772 18.18
606072 4376 7.86872 35.4301
625867 3573 17.7843 34.01
612590 4270 16.1706 35.4508
595720 4124 21.5613 35.1925
619192 4271 17.4074 13.9854
584905 4239 21.006 18.7413
558634 4291 20.0929 11.335
547713 4374 19.9744 11.1346
649131 3079 19.604 10.5282
679504 4325 25.1026 16.3558
645683 3878 23.5143 26.1969
586301 3826 18.4058 9.78674
567939 4029 20.3639 11.4726
537450 3947 16.468 18.2908
643058 4430 22.9195 13.9675
710388 4104 16.6757 28.8844
641141 4043 15.7684 11.6113
629354 3893 18.5263 10.6149
658739 4174 16.1235 13.1585
678682 4347 22.4487 17.2863
634741 1519 12.141 5.21983
698869 4891 25.6207 16.1643
631658 4640 9.8121 14.5589
642762 4091 13.5016 12.5995
611702 4076 15.9055 10.7794
702650 4200 23.7939 15.1404
655453 4555 7.99884 12.0211
671697 4279 12.7135 13.3884
667400 4442 22.6185 12.8264
586928 4290 19.8555 27.5272
644420 4307 23.4826 34.8183
621952 4588 20.0074 30.2133
612750 4612 10.0524 33.9894
621328 3956 13.0942 29.7311
678053 4196 8.81865 35.8879
622769 4119 12.4094 28.4485
521530 3935 18.6288 25.9757
601585 3974 15.6021 28.1332
566444 4397 6.55446 29.8949
600123 4136 20.5362 32.8831
582108 4316 7.08504 30.2754
611062 4303 19.8817 33.4488
559678 4283 19.4318 28.9009
607643 4307 20.2503 31.6519
625329 4557 21.1331 33.8208
624843 616 3.6168 3.45472
597049 673 1.39754 3.61849
623732 697 3.66402 4.76949
665888 678 3.3482 4.49254
631087 630 3.58925 3.83556
623891 650 3.61359 3.68572
575704 576 3.21773 2.94022
628377 676 1.40497 4.52114
625499 508 1.4068 3.18907
556466 623 1.23379 3.59498
528274 602 1.22001 2.82803
627892 609 3.83686 3.64632
519527 579 3.07226 2.9489
625863 633 3.65469 3.42743
621813 615 3.59586 3.71557
634491 639 3.33452 3.96548
555852 591 3.45969 2.95315
604856 591 3.74118 3.33893
644458 626 3.68898 1.50158
623286 681 1.4423 2.15505
626994 627 3.39966 4.00544
616925 640 3.37979 4.06871
573563 614 3.18421 3.7824
568451 572 3.16511 3.20763
577007 571 3.21995 3.24662
552968 620 3.13 2.99766
612063 658 3.63903 4.02902
620128 630 3.72168 3.45863
637419 673 3.80834 3.83301
613045 623 1.42531 3.4504
585150 629 3.33489 3.52087
573336 581 3.21973 2.48049
601522 635 1.47709 2.94528
655501 633 3.83531 3.46874
668833 633 1.50349 3.95189
661480 662 3.90103 3.80491
610495 605 3.63413 2.9376
664310 603 1.47752 3.82022
584658 596 3.47312 3.16508
629863 628 3.71262 3.40382
637062 618 3.72325 3.65067
606072 592 3.62213 3.05875
625867 616 1.46999 3.64536
612590 619 3.678 3.39151
595720 625 3.53313 3.3168
619192 654 2.84508 3.60227
584905 596 1.35337 3.26841
558634 597 3.38256 2.79038
547713 594 3.28594 2.93778
649131 530 1.48193 3.52081
679504 690 1.55289 4.7578
645683 648 3.66965 4.84103
586301 586 3.2851 3.13135
567939 620 3.34455 2.12747
537450 580 3.18267 3.01292
643058 684 3.66514 4.37663
710388 677 3.88025 5.18833
641141 636 3.6472 3.89072
629354 665 3.52828 3.83367
658739 662 1.46409 4.27376
678682 660 1.47973 4.65218
634741 422 1.50745 2.16393
698869 666 1.60298 4.20896
631658 673 3.65699 4.31297
642762 721 1.4227 4.83138
611702 717 1.47456 4.26798
702650 694 3.63018 5.34446
655453 743 4.06412 4.12764
671697 693 3.69988 4.73441
667400 703 3.93987 4.24303
586928 671 1.42984 3.36229
644420 629 1.45354 4.2209
621952 677 1.48045 3.75928
612750 653 2.74403 3.55026
621328 638 3.4427 3.84485
678053 643 3.68108 4.40067
622769 722 3.75362 4.12847
521530 582 3.03586 3.07896
601585 690 1.40379 4.34192
566444 606 3.60904 3.41321
600123 635 3.29297 2.34205
582108 626 3.33993 1.19051
611062 647 3.60239 1.31314
559678 636 3.54526 1.5635
607643 644 3.85546 3.68637
625329 640 3.96533 3.21303
624843 24635 0.11516 203.651
597049 24417 0.126101 85.6431
623732 24699 0.133425 135.226
665888 25061 0.118329 118.849
631087 24299 0.125927 131.675
623891 24348 0.125876 131.244
575704 22790 0.117287 131.265
628377 24514 0.136687 151.45
625499 24316 0.128254 128.994
556466 22345 0.121709 74.6751
528274 22013 0.106524 103.689
627892 25255 0.116139 133.161
519527 21548 0.104077 90.8227
625863 24760 0.131576 167.958
621813 24745 0.128532 176.801
634491 24379 0.136293 214.595
555852 23618 0.107553 173.788
604856 24439 0.0944079 122.865
644458 24690 0.145402 188.634
623286 24768 0.130787 191.862
626994 24162 0.121207 180.015
616925 23794 0.128481 136.703
573563 22368 0.107981 120.264
568451 22761 0.120989 128.749
577007 22580 0.120312 119.757
552968 22451 0.117073 155.663
612063 24250 0.11915 128.816
620128 24946 0.122839 135.263
637419 25138 0.0600248 125.386
613045 24304 0.120418 116.172
585150 23921 0.11569 143.218
573336 23212 0.104706 114.606
601522 24569 0.0636333 151.448
655501 25016 0.149204 130.936
668833 25117 0.134134 193.567
661480 25614 0.150078 204.764
610495 24487 0.0552399 188.6
664310 24963 0.0595921 130.457
584658 23542 0.122581 136.666
629863 25257 0.134257 116.09
637062 25026 0.057106 110.754
606072 24615 0.108973 143.151
625867 24937 0.0747621 121.726
612590 24950 0.110936 112.478
624843 10892 26.3269 112.378
597049 10497 17.247 102.963
623732 10477 9.27273 106.768
665888 10947 30.9748 53.7455
631087 9890 26.0828 47.9774
623891 9921 27.1522 40.9246
575704 9314 25.3613 86.0987
628377 10389 27.0094 76.3298
625499 10164 14.549 84.7548
556466 9041 15.4706 93.5527
528274 9333 19.8397 66.9156
627892 10510 27.0123 63.5207
519527 9115 21.7686 84.0163
625863 10569 26.9697 40.8043
621813 10891 26.2934 39.9675
634491 10727 27.434 100.79
555852 9995 23.2231 34.3155
604856 10736 17.6442 55.0328
644458 10791 26.9114 42.9838
623286 10849 22.9991 40.4056
626994 10956 11.0867 42.4075
616925 10215 12.4673 43.7256
573563 10084 20.8342 102.948
568451 9551 16.5386 93.7059
577007 9659 23.502 103.974
552968 9331 23.7848 92.7545
612063 10348 26.282 110.25
620128 10723 26.1327 112.568
637419 10726 27.2724 89.0834
613045 10372 25.8763 98.7163
585150 9955 24.7201 99.9735
573336 9581 24.0479 92.0967
601522 10074 25.7494 98.6287
655501 10841 28.7073 105.347
668833 10738 29.2829 93.4129
661480 10810 28.514 105.195
610495 10238 25.8638 91.9663
664310 11451 28.7266 129.4
584658 10204 24.8451 109.77
629863 10797 26.5574 113.112
637062 11161 9.34864 119.04
606072 10664 15.4188 97.1361
625867 10659 9.30835 112.557
612590 10853 13.1216 95.8766
595720 9701 8.97268 89.9486
619192 10547 9.226 82.2914
584905 10275 24.7677 79.4471
558634 9492 14.6569 80.9797
547713 9746 22.9335 33.3363
649131 11279 27.3757 78.8988
679504 11070 17.8971 49.6794
645683 10708 27.4853 42.8399
586301 10095 24.5809 35.5407
567939 9866 23.2422 35.8388
537450 9600 23.9582 33.4076
643058 11027 15.6176 62.1178
710388 11461 31.6277 52.4268
641141 10880 27.4443 41.4267
629354 10954 26.6314 40.9397
658739 11108 10.0462 52.113
678682 11091 26.4924 48.4262
634741 10966 27.0032 98.0066
698869 11934 29.9557 92.8774
631658 10790 26.8964 45.0403
642762 10550 9.8235 57.1435
611702 10352 21.3061 38.5869
702650 11373 11.1669 84.1689
655453 11404 9.76036 75.0029
671697 11359 20.2553 118.761
667400 11663 23.6684 51.2911
586928 10505 21.518 35.5769
644420 10984 12.7678 44.1996
621952 11156 9.60271 50.409
612750 10746 25.6113 86.9527
621328 10317 26.1464 40.2588
678053 11185 29.4848 90.366
622769 10724 26.2428 38.1798
521530 9487 7.69806 38.3802
601585 10179 25.3032 62.6223
566444 10120 23.5995 78.815
600123 10507 25.1662 42.4257
582108 10342 23.6127 97.6242
611062 10930 25.0949 50.0497
559678 10104 22.2441 47.0788
607643 11043 24.6203 53.8888
625329 11371 25.714 39.657
228745 3507 4.48921 4.82132
232248 3524 1.70852 5.15313
209814 3092 1.44994 4.05031
218177 3577 1.61342 6.0126
254562 3770 1.96647 6.08064
208815 3653 1.57575 5.05981
276046 3881 2.16323 7.20347
247696 1708 3.59298 1.6472
206078 3264 3.49967 1.72955
173613 3454 1.27024 3.24786
242021 3681 4.7744 6.20646
273917 4151 2.80633 5.62356
221026 3442 1.61673 2.09071
325980 4428 6.97531 6.07356
286321 4031 5.91436 4.65528
256995 3704 5.38253 6.03957
272279 4153 6.09563 3.34442
265982 3427 5.70615 2.478
208894 3115 3.50619 2.65654
242932 3451 4.81201 5.25566
223740 3181 3.61716 5.01507
201009 3240 3.57049 1.93815
179322 3056 2.90691 1.63074
194654 3208 4.08333 1.71748
207481 3616 4.12016 2.54711
236736 3354 4.0399 2.26535
216224 3505 4.71797 3.31541
316455 4238 7.10787 4.65981
310514 3937 4.84907 3.68644
255360 3793 2.61308 3.06066
248766 3607 3.68796 3.13377
313832 4080 2.80326 3.86293
247024 3764 3.47897 3.57993
315718 4288 5.06361 4.51201
289423 4201 6.87142 8.85902
289112 3832 2.68886 7.37232
268484 3784 4.74609 7.36581
269225 3717 3.4831 6.54434
300024 4276 2.47129 8.69292
242735 3968 1.83463 6.25753
217353 3673 4.51358 5.69225
270039 2963 5.31139 6.73584
274894 3837 2.85393 7.86221
304123 3928 3.31203 8.75009
248504 3926 2.1843 7.49896
302871 4370 5.80991 9.74064
286933 4326 5.79555 8.81878
276847 2513 1.92249 4.93912
360015 4728 5.64545 9.03612
204094 3216 1.94608 2.38042
256669 3519 6.04078 3.81467
214195 3327 4.71181 2.62139
203775 3279 4.48224 2.87271
299966 4119 6.81129 7.43939
247258 3661 5.31314 4.45388
260375 3585 5.27706 3.94835
249627 3453 3.68701 3.36036
282871 3590 3.50454 4.38726
307320 4084 4.76504 6.21209
219987 1171 2.43386 1.81674
222835 3813 2.22161 4.02964
237610 3658 4.65468 2.28955
280171 3957 5.60657 2.86056
299285 4103 6.11549 3.08091
235284 3354 3.73909 2.44601
240647 3660 2.47487 5.6084
273465 3701 5.43898 5.61861
219110 3397 1.80024 2.13639
211482 3317 4.23037 1.92665
214959 3229 4.67092 5.98334
211942 3510 4.28056 5.58317
251332 3855 5.22955 5.00345
205951 3123 2.96629 1.88153
203227 3117 3.64754 2.18589
265381 3754 4.61478 4.08776
177840 3105 2.80406 1.66882
197349 2918 3.858 1.7447
191488 3178 3.95519 4.81389
183425 3115 1.90247 4.42341
220487 3508 3.9743 5.65943
194771 3161 2.8688 4.61755
189585 3141 3.75817 4.40326
190949 3203 3.17701 2.76975
194056 3453 3.49576 2.89643
228745 19290 0.0219612 32.3877
232248 19673 0.0218974 31.6945
209814 18423 0.0197191 28.2849
218177 18592 0.0264574 30.4326
254562 20114 0.0215879 37.7178
208815 18096 0.0181794 28.9148
276046 21149 0.0317534 42.4799
247696 20170 0.0314871 35.2233
206078 17250 0.018418 27.7446
173613 15536 0.0157024 22.2525
242021 19770 0.0224718 35.2862
273917 19962 0.0237122 43.0474
221026 18549 0.0195244 31.5765
325980 22937 0.0410093 38.5283
286321 21387 0.0246312 23.7589
256995 20047 0.022882 17.3007
272279 21023 0.0242453 14.7994
265982 20160 0.0285291 20.8301
208894 17887 0.018311 20.1549
242932 19625 0.0292323 23.2187
223740 18465 0.0199362 19.4445
201009 17144 0.0176861 13.6555
179322 16154 0.0149995 20.0815
194654 17211 0.0310811 21.8043
207481 17332 0.0205372 15.0054
236736 19353 0.0207956 23.1428
216224 18519 0.0197272 14.5104
316455 23203 0.0271339 36.3893
310514 22488 0.0275549 23.2767
255360 20275 0.0224743 25.7954
248766 19378 0.021416 22.5747
313832 22799 0.0281021 41.2674
247024 19688 0.0219754 34.74
315718 22727 0.0270301 42.2552
289423 21759 0.0250179 30.0279
289112 21536 0.0256967 31.9749
268484 20868 0.0226475 30.5897
269225 20303 0.0227088 25.62
300024 22380 0.0651177 41.8852
242735 20145 0.0216118 26.0402
217353 18661 0.0493515 24.0335
270039 20606 0.0230694 40.2777
274894 21068 0.0241381 19.5689
304123 22830 0.0267362 41.5325
248504 19749 0.0221798 24.6422
302871 21740 0.0260143 30.7589
286933 20780 0.0278578 35.9295
276847 21236 0.0248617 38.7192
360015 25911 0.030798 49.692
204094 18212 0.0179011 15.3587
256669 20547 0.0224851 18.6045
214195 18166 0.0477735 10.7772
203775 17306 0.0184145 27.2827
299966 22384 0.025368 21.1971
247258 20537 0.0213563 21.5501
260375 20554 0.0235455 33.0399
249627 20077 0.0233643 31.3798
282871 20781 0.0247059 20.911
307320 23034 0.0711359 31.4297
219987 19261 0.0203336 28.7177
222835 18816 0.019603 31.0121
237610 19488 0.0208869 34.4388
280171 21705 0.0243876 42.3802
299285 22790 0.0257999 42.2853
235284 19521 0.021512 31.4235
240647 21360 0.0539778 29.7473
273465 20956 0.0627913 38.7535
219110 18624 0.0213563 16.3296
211482 18010 0.0197484 13.1307
214959 17967 0.0192117 20.0951
211942 18426 0.0203398 24.7913
251332 20069 0.0226574 16.0866
205951 17711 0.0192515 17.5664
203227 17316 0.0188595 12.5417
265381 21403 0.0232756 23.2021
177840 15817 0.0162177 16.3904
197349 17193 0.0187633 11.3156
191488 16936 0.0191866 10.6824
183425 16189 0.0186346 17.2682
220487 18145 0.0205481 29.0192
194771 17113 0.0413064 19.0103
189585 16531 0.0179258 19.3384
190949 17387 0.0183732 18.6953
194056 17714 0.0182352 21.2654
228745 3723 3.73714 7.30686
232248 3871 8.79238 6.44933
209814 3431 8.06468 4.89862
218177 3418 7.81179 5.10212
254562 3773 5.28431 4.58286
208815 3350 8.80075 2.88762
276046 4035 8.23306 3.71993
247696 3748 5.52711 2.74116
206078 3124 2.98151 2.3631
173613 2918 5.4551 4.33657
242021 3691 7.99473 3.20971
273917 4219 9.95806 6.02689
221026 3537 7.19443 6.45946
325980 4628 15.3927 8.51967
286321 4326 8.45428 5.069
256995 3864 3.88587 8.20391
272279 4234 9.2032 5.61027
265982 3952 4.48999 3.63954
208894 3259 3.23396 3.10372
242932 3937 7.01208 3.49631
223740 3621 5.2402 4.80466
201009 3394 5.79371 3.38555
179322 3000 2.87312 3.48956
194654 3203 8.15203 3.13752
207481 3350 3.1855 5.47049
236736 3846 7.03687 3.48305
216224 3386 8.98235 3.06136
316455 4557 13.69 4.36332
310514 4237 13.9175 5.44122
255360 3888 9.58037 3.75226
248766 3446 8.49612 4.97379
313832 4446 10.5732 9.81644
247024 3556 10.4753 5.84676
315718 4382 14.0672 10.3686
289423 4166 10.9409 8.34221
289112 4045 9.28008 8.19555
268484 3975 6.77449 8.04152
269225 4014 8.12263 7.84475
300024 4413 7.00526 10.52
242735 3869 8.61328 4.78328
217353 3358 8.79899 2.29159
270039 3814 10.967 3.30293
274894 3957 12.0644 3.34729
304123 4433 5.24598 3.85194
248504 3838 3.74973 2.87214
302871 4285 8.27222 3.82369
286933 4276 7.02528 3.62365
276847 4201 6.64813 3.19669
360015 5540 9.23139 4.66657
204094 3258 7.39739 2.07842
256669 3931 8.00475 2.99946
214195 3450 4.29099 2.3045
203775 3354 3.15801 2.2558
299966 4527 11.4805 3.69528
247258 3952 8.03678 2.79954
260375 3956 9.09357 8.21189
249627 3942 10.6806 7.76139
282871 3969 12.6644 9.46392
307320 4544 12.8753 10.8755
219987 3534 7.809 6.22371
222835 3507 6.90342 6.94395
237610 3824 5.63479 7.60395
280171 4254 8.61284 8.40876
299285 4535 9.4759 4.28717
235284 3693 8.79019 2.53562
240647 3841 9.3269 2.4911
273465 3969 11.2856 8.74045
219110 3549 9.06835 6.63007
211482 3508 5.87002 2.27721
214959 3285 7.76299 2.3532
211942 3323 6.71198 5.74314
251332 3998 9.81776 7.68642
205951 3224 8.36641 5.13534
203227 3289 8.02057 2.35534
265381 4361 6.41299 3.26689
177840 2962 4.3922 1.83072
197349 3194 6.91622 1.99783
191488 3144 7.62844 2.00949
183425 3112 5.13455 1.94986
220487 3624 6.5024 2.92508
194771 3128 7.4607 2.04508
189585 3192 3.61173 2.81772
190949 3264 7.30885 5.52691
194056 3387 4.36165 5.42083
228745 624 1.71225 0.763549
232248 621 1.59809 0.581611
209814 669 1.55458 0.549592
218177 647 1.32109 0.805022
254562 619 1.50531 0.854988
208815 611 1.42276 0.665746
276046 607 1.69805 0.954365
247696 489 1.4216 0.619843
206078 602 1.31757 0.639641
173613 578 0.951803 0.556241
242021 614 1.61522 0.745415
273917 582 1.53489 0.615643
221026 606 1.72254 0.380829
325980 627 2.51661 1.11236
286321 615 1.83682 1.09776
256995 597 1.64599 0.782136
272279 587 2.65623 0.900038
265982 598 2.96077 0.917477
208894 656 2.53069 0.805301
242932 621 2.70435 0.845209
223740 575 0.910537 0.723415
201009 569 2.20573 0.641832
179322 560 1.88065 0.372383
194654 563 1.92618 0.482897
207481 604 2.11834 0.499694
236736 617 2.73235 0.548529
216224 588 1.88492 0.251225
316455 682 3.31254 0.853003
310514 615 1.98064 0.413614
255360 576 1.64143 0.29392
248766 565 1.83628 0.299914
313832 612 2.20383 0.821893
247024 586 1.90308 0.713769
315718 580 2.1144 0.933297
289423 631 1.92466 0.853954
289112 617 2.06252 0.830161
268484 567 1.87904 0.818935
269225 556 1.76951 0.620221
300024 617 2.11286 0.424883
242735 601 1.65718 0.272691
217353 590 2.08037 0.236366
270039 581 2.28838 0.28442
274894 602 2.63233 0.286053
304123 655 2.81538 0.356682
248504 566 2.06112 0.261792
302871 591 2.80447 0.761877
286933 572 1.16077 0.314209
276847 554 2.60863 0.302805
360015 682 1.45172 0.956722
204094 600 1.9947 0.648376
256669 562 1.95622 0.767747
214195 597 2.18207 0.672308
203775 551 0.89067 0.582645
299966 629 3.13387 1.03592
247258 677 2.4993 0.864865
260375 577 1.08764 0.749312
249627 665 2.34871 0.483055
282871 645 2.15413 0.36008
307320 658 3.17886 0.66619
219987 405 2.66611 0.266298
222835 654 2.41941 0.310617
237610 647 2.18866 0.586382
280171 659 1.45361 1.03296
299285 691 3.31461 1.09417
235284 645 2.81108 0.824511
240647 687 1.95546 0.773929
273465 644 1.92395 0.905636
219110 632 0.933927 0.252447
211482 636 1.43037 0.264208
214959 580 2.51677 0.2818
211942 606 1.64915 0.217751
251332 622 2.93966 0.273736
205951 613 0.890867 0.220022
203227 613 2.52041 0.615402
265381 651 1.5481 0.932822
177840 568 1.3731 0.554314
197349 616 0.84273 0.634497
191488 578 0.830814 0.636193
183425 558 2.22391 0.601821
220487 589 1.82129 0.259881
194771 585 2.31401 0.209289
189585 603 0.76762 0.656686
190949 591 2.24439 0.644607
194056 624 0.828893 0.644601
