102010 606 2.17519 0.194944
109835 627 2.30168 0.0959926
123127 618 2.49414 0.101874
116483 635 2.51116 0.101305
108121 612 2.24416 0.159465
111945 573 2.44981 0.197886
105553 582 2.20015 0.190332
109855 626 2.32894 0.202971
112963 461 2.3469 0.203939
110103 611 2.26257 0.198874
88312 559 1.89288 0.162235
116662 579 2.56991 0.20602
87263 543 1.82115 0.156943
104637 567 2.25717 0.193529
121259 598 2.57787 0.216707
111477 613 2.33824 0.19785
103656 599 2.19548 0.186492
111450 579 2.51315 0.198222
114952 590 2.77869 0.202307
111378 593 2.61692 0.19742
116796 588 2.77476 0.201137
110757 595 2.56182 0.173561
97363 548 2.08126 0.182913
103657 567 2.11791 0.186041
99437 528 2.21376 0.178656
100116 582 2.16985 0.178151
108918 598 2.48773 0.193883
121625 582 2.59768 0.216044
120407 635 2.6416 0.221003
138698 582 2.94742 0.242378
125876 582 2.7068 0.217901
113307 553 2.66167 0.202289
119699 613 2.70161 0.212371
107409 598 2.35322 0.188827
134418 615 2.88807 0.236664
128076 651 2.75769 0.227815
116804 595 2.50917 0.21582
113660 581 2.49936 0.208223
112820 569 2.39833 0.202378
111055 595 2.40374 0.199512
111470 596 2.3325 0.206856
100306 549 2.19573 0.189633
113638 547 2.51918 0.199188
123943 592 2.6101 0.220202
112465 590 2.45177 0.199273
107682 648 2.34261 0.199616
98357 555 2.11629 0.178534
100804 519 2.21676 0.176725
98687 535 2.07362 0.281951
105390 510 2.20514 0.184562
100233 583 2.12958 0.175515
108940 594 2.31583 0.193199
114703 559 2.42098 0.201589
103692 555 2.16722 0.194961
86723 478 1.80723 0.167225
103871 537 2.17766 0.193225
106758 625 2.37996 0.188931
112226 572 2.40144 0.210658
108412 642 2.32695 0.192426
109985 637 2.20975 0.194372
104222 575 2.24147 0.187019
109381 382 2.40291 0.085673
103816 605 2.2259 0.117309
107534 596 2.26779 0.141263
103972 607 2.20894 0.182102
119683 629 2.61776 0.212158
131499 654 2.88214 0.250374
165842 657 3.61241 0.30875
114414 601 2.45157 0.0927514
123957 629 2.64793 0.107303
131647 611 2.72152 0.216856
123074 551 2.58497 0.213128
124325 603 2.68636 0.22325
106203 582 2.20993 0.191518
104634 573 2.19027 0.185797
131024 616 2.70397 0.236828
109154 627 2.33532 0.202934
97805 559 2.00704 0.195117
101365 586 2.187 0.184872
102928 577 2.21081 0.192785
97259 542 1.93843 0.167792
90244 572 1.86839 0.158205
92543 582 2.05695 0.166848
108519 591 2.19595 0.192268
94057 600 1.94685 0.177811
97442 604 2.08633 0.175876
102010 1639 4.05193 0.256843
109835 1807 4.42614 0.25257
123127 1963 5.03523 0.270535
116483 1834 4.72873 0.268796
108121 1694 4.41338 0.244475
111945 1659 4.92 0.23942
105553 1668 4.43799 0.251535
109855 1730 3.69097 0.237726
112963 1587 4.75323 0.300826
110103 1664 4.47692 0.139257
88312 1419 3.83875 0.224414
116662 1766 5.00695 0.249465
87263 1546 3.40213 0.196631
104637 1571 4.61657 0.231427
121259 1939 5.20485 0.272205
111477 1792 4.50917 0.248033
103656 1780 4.51716 0.263049
111450 1753 5.04006 0.285833
114952 1830 5.43072 0.189145
111378 1690 3.84716 0.240048
116796 1791 4.82766 0.276099
110757 1759 4.24406 0.250357
97363 1620 4.43363 0.221961
103657 1698 4.92064 0.292389
99437 1628 4.61704 0.266268
100116 1547 4.46146 0.215392
108918 1645 4.51564 0.2374
121625 1852 5.17311 0.263572
120407 1948 4.89096 0.272446
138698 2049 6.1525 0.28886
125876 1891 5.57786 0.275467
113307 1657 4.95774 0.276291
119699 1793 5.1919 0.287034
107409 1732 4.87985 0.296732
134418 2025 7.10753 0.359473
128076 1900 5.94392 0.289724
116804 1791 5.14313 0.249972
113660 1773 4.66628 0.244004
112820 1799 4.66398 0.263319
111055 1722 4.62 0.255624
111470 1765 5.55943 0.285443
100306 1499 4.5162 0.211971
113638 1660 4.82197 0.238248
123943 1781 5.24938 0.257309
112465 1714 4.71051 0.240857
107682 1703 4.39143 0.232582
98357 1579 3.97567 0.211524
100804 1522 4.22376 0.211453
98687 1587 3.95967 0.215686
105390 1664 4.23515 0.231698
100233 1571 4.05774 0.212442
108940 1754 4.38309 0.239195
114703 1732 4.75242 0.248666
103692 1721 4.05544 0.22738
86723 1360 3.40192 0.194229
103871 1584 4.26949 0.219801
106758 1743 4.22827 0.2284
112226 1764 4.60825 0.240704
108412 1745 4.34962 0.235281
109985 1775 4.61679 0.24151
104222 1571 4.31195 0.288718
109381 1665 4.53053 0.226299
103816 1618 4.27958 0.22195
107534 1618 4.35792 0.222974
103972 1697 4.17699 0.22445
119683 1818 4.93965 0.259629
131499 1999 5.76916 0.306095
165842 2582 6.40895 0.35996
114414 1805 4.78776 0.338909
123957 1939 5.22104 0.272615
131647 2065 6.28136 0.287143
123074 1938 5.36426 0.302819
124325 1915 5.15077 0.271589
106203 1628 4.47043 0.226256
104634 1541 4.3505 0.226714
131024 2066 5.68294 0.309424
109154 1825 3.58125 0.264577
97805 1634 3.08619 0.101852
101365 1583 4.08837 0.214492
102928 1691 4.22345 0.224927
97259 1664 3.98945 0.210134
90244 1445 3.72251 0.212199
92543 1539 3.10785 0.199619
108519 1767 4.41662 0.241792
94057 1507 3.87329 0.205246
97442 1522 3.88847 0.202895
102010 15887 0.013702 0.586668
109835 16684 0.0143026 0.574927
123127 18191 0.0170316 0.659338
116483 17450 0.0149338 0.654932
108121 16305 0.0273406 0.661418
111945 17091 0.0268844 0.630867
105553 15905 0.0132783 0.594308
109855 16718 0.0292407 0.605771
112963 16875 0.016118 0.620937
110103 16229 0.0143312 0.580398
88312 13817 0.0234959 0.53281
116662 17364 0.0319794 0.678172
87263 13989 0.0133173 0.438086
104637 15780 0.0263818 0.596545
121259 17873 0.0173694 0.58393
111477 16602 0.0251199 0.638096
103656 16007 0.0162301 0.46182
111450 16823 0.016416 0.625926
114952 16961 0.0174116 0.527903
111378 16333 0.0243964 0.702271
116796 17222 0.0307112 0.729839
110757 16509 0.0273661 0.692571
97363 14588 0.0260601 0.60794
103657 15509 0.0277607 0.610469
99437 15611 0.0167987 0.473442
100116 15099 0.027158 0.628039
108918 16462 0.028722 0.694427
121625 17578 0.0299614 0.724129
120407 18213 0.0320802 1.00795
138698 19093 0.0196019 0.620119
125876 17873 0.0146915 0.495948
113307 16747 0.0274321 0.642321
119699 17624 0.0292048 0.793967
107409 16227 0.0271908 0.608212
134418 19202 0.0186742 0.746358
128076 18887 0.0313924 0.715064
116804 17592 0.0162326 0.663207
113660 17341 0.0296196 0.733122
112820 17079 0.0280619 0.70832
111055 16966 0.0274587 0.718692
111470 16793 0.0289138 0.688984
100306 15599 0.0281384 0.589566
113638 17265 0.0172534 0.583268
123943 17842 0.0219239 0.645102
112465 16965 0.0286434 0.746214
107682 17042 0.0286512 0.88641
98357 15258 0.0238095 0.626891
100804 15419 0.0258394 0.632145
98687 15231 0.0251464 0.575662
105390 16046 0.0270966 0.59773
100233 16081 0.0247748 0.598371
108940 16897 0.0280528 1.0023
114703 17365 0.0151036 0.366858
103692 15855 0.011662 0.511434
86723 13784 0.0126663 0.544527
103871 15818 0.011285 0.487598
106758 16975 0.0159413 0.622359
112226 16870 0.0142255 0.538788
108412 16739 0.0279431 0.597269
109985 16259 0.0274143 0.608086
104222 16035 0.0284781 0.634957
109381 16719 0.0294938 0.637388
103816 15870 0.0151007 0.553595
107534 16251 0.0263336 0.64025
103972 15932 0.0139748 0.517864
119683 17741 0.0273688 0.659226
131499 18795 0.0316126 0.705414
165842 22818 0.0238148 0.900409
114414 17183 0.0141167 0.477628
123957 18109 0.03222 0.683426
131647 18106 0.0331647 0.711482
123074 17488 0.0159611 0.556709
124325 18025 0.0178348 0.637923
106203 15641 0.0133543 0.450685
104634 15676 0.0159933 0.89853
131024 18336 0.0186183 0.446603
109154 17037 0.034694 0.67289
97805 14784 0.0120006 0.527234
101365 15624 0.026161 0.617305
102928 15725 0.0165765 0.499893
97259 14660 0.0263302 0.861044
90244 14042 0.0120492 0.370679
92543 14835 0.0124186 0.470769
108519 16007 0.0261467 0.668343
94057 14650 0.0232426 0.605558
97442 15296 0.0243706 0.595684
102010 3025 1.80361 0.276185
109835 3267 1.92729 0.288253
123127 3146 2.09299 0.313565
116483 3178 1.97361 0.290469
108121 3210 1.9394 0.279003
111945 2924 1.92589 0.290643
105553 3191 1.93348 0.270398
109855 3032 1.84377 0.277258
112963 1333 1.47873 0.231761
110103 2980 1.93046 0.284273
88312 2959 1.5553 0.23242
116662 3302 2.05074 0.299699
87263 2852 1.45091 0.245953
104637 2927 1.85315 0.261367
121259 3629 2.1403 0.342891
111477 3076 1.91156 0.292642
103656 3081 1.78175 0.263741
111450 3187 1.9264 0.287404
114952 2957 1.96125 0.279982
111378 2889 1.9061 0.278518
116796 2970 2.00306 0.287113
110757 2783 1.88914 0.274393
97363 2743 1.61733 0.215229
103657 2988 1.76272 0.21711
99437 2856 1.66583 0.254971
100116 3107 1.80829 0.257111
108918 2820 1.79229 0.268837
121625 3239 2.15144 0.304891
120407 3378 2.07796 0.315498
138698 3429 2.47109 0.335639
125876 3185 2.24833 0.181941
113307 3000 2.05205 0.248975
119699 3189 2.10179 0.305245
107409 3103 1.94958 0.278196
134418 3632 2.53223 0.388132
128076 3701 2.34609 0.354878
116804 3091 2.02458 0.365932
113660 3202 1.96706 0.305337
112820 3105 1.91452 0.346533
111055 3275 1.93243 0.31606
111470 3213 1.91423 0.385934
100306 2875 1.84006 0.392537
113638 2567 1.80882 0.40448
123943 3082 2.20658 0.357516
112465 3077 1.93211 0.389809
107682 3123 1.85232 0.449398
98357 2930 1.71763 0.361659
100804 2953 1.76019 0.365825
98687 3158 1.73866 0.442245
105390 1900 1.52967 0.341153
100233 2658 1.649 0.441739
108940 3180 1.91689 0.456108
114703 3011 2.0229 0.459275
103692 2856 1.74784 0.370768
86723 2610 1.48961 0.330489
103871 2955 1.78767 0.338806
106758 2873 1.77673 0.425366
112226 3008 1.95462 0.406413
108412 2837 1.85657 0.38096
109985 2828 1.86453 0.374506
104222 2865 1.80746 0.345929
109381 1087 1.40884 0.327621
103816 3157 1.7881 0.368805
107534 3075 1.93621 0.285969
103972 2979 1.70321 0.280332
119683 3115 2.30124 0.31321
131499 3314 2.63906 0.344398
165842 4184 3.10017 0.506062
114414 2959 1.93593 0.296863
123957 3259 2.11789 0.306255
131647 3442 2.3566 0.338669
123074 3256 2.16107 0.30228
124325 3297 2.16848 0.309142
106203 3156 1.88837 0.279848
104634 2726 1.8263 0.266437
131024 3214 2.29942 0.355004
109154 2989 1.79022 0.28098
97805 2894 1.67367 0.253857
101365 2664 1.70495 0.255616
102928 2940 1.79031 0.282585
97259 2858 1.64135 0.261315
90244 2809 1.55975 0.244294
92543 2705 1.56211 0.244823
108519 2931 1.83534 0.275627
94057 2643 1.60752 0.259062
97442 2985 1.6495 0.262092
179969 4165 2.97731 0.29059
179282 4021 3.38694 0.458594
173730 3864 3.05155 0.208584
165436 4237 3.39307 0.368124
180856 3873 3.14828 0.430025
155260 3720 2.56147 0.183636
156493 4311 2.60744 0.416278
181244 4259 2.85279 0.472894
154201 4001 2.41885 0.392095
180969 4030 3.12868 0.443979
181125 4248 3.12099 0.338715
163464 3799 2.80899 0.236083
176977 4212 3.12113 0.262932
180957 3928 3.16496 0.341368
166202 3544 2.60475 0.370565
154682 3577 2.68416 0.304755
156894 3736 2.38387 0.200098
154769 3787 2.56927 0.256491
180100 4229 2.96315 0.258668
172683 3865 2.93382 0.308094
172669 3820 2.94155 0.236556
169346 3856 2.62697 0.407074
174389 4086 3.02728 0.417945
181428 4349 2.98595 0.273257
175098 4169 3.11319 0.422345
182305 4358 3.06838 0.430239
180496 3990 3.24344 0.295626
168815 3853 2.92652 0.388497
169998 3813 2.71182 0.450228
183763 4275 3.23596 0.337404
179659 4155 2.9852 0.42801
177383 4157 3.09106 0.305321
182294 3137 2.57888 0.391912
180307 4004 3.0977 0.25189
168079 4030 2.67646 0.411152
168971 4201 3.13711 0.314074
161335 4322 2.84157 0.205757
182781 2445 2.46259 0.382032
177748 3752 3.06793 0.272149
162211 3776 3.07386 0.384251
154963 3749 2.56514 0.371525
181881 4031 3.25615 0.413522
176886 3736 3.20502 0.414447
172355 3576 2.8568 0.400233
177767 3838 3.23765 0.28744
186877 1241 2.32252 0.339862
180372 4118 3.12099 0.260837
179332 3806 3.15702 0.297203
180983 3873 3.06919 0.429356
191333 4132 3.31911 0.452639
179947 3808 3.18612 0.418052
176945 3852 3.04742 0.239425
178782 3949 2.97862 0.239901
175827 4157 2.97462 0.42294
184913 4476 3.17084 0.460222
179065 3796 2.90755 0.427156
179432 3898 3.13283 0.360141
183873 3935 2.90515 0.411734
175824 3895 2.70972 0.205212
149921 3866 2.19701 0.362298
157530 4125 2.54011 0.402856
153307 3775 2.24116 0.186393
153230 3972 2.47458 0.274643
156474 3810 2.37893 0.369414
159357 4096 2.17897 0.208754
179969 2631 8.15239 0.50031
179282 2569 8.23796 0.409969
173730 2404 7.51503 0.188744
165436 2319 7.23353 0.349022
180856 2474 8.79121 0.272629
155260 2209 6.9746 0.345641
156493 2323 6.68266 0.358843
181244 2540 8.16537 0.333092
154201 2309 6.50621 0.342694
180969 2571 8.35238 0.425905
181125 2587 7.93793 0.433799
163464 2503 6.87987 0.241585
176977 2499 8.04134 0.42008
180957 2478 8.241 0.235474
166202 2377 7.00394 0.390767
154682 2282 6.39584 0.358509
156894 2376 7.14271 0.37751
154769 2314 6.97976 0.191086
180100 2529 8.3596 0.294777
172683 2370 8.22511 0.216588
172669 2424 8.21826 0.275574
169346 2332 7.85304 0.421225
174389 2404 8.56319 0.355791
181428 2577 7.97253 0.204519
175098 2459 7.75328 0.226198
182305 2538 7.81382 0.198551
180496 2497 7.78919 0.254397
168815 2350 7.3801 0.38268
169998 2399 7.22383 0.379519
183763 2575 7.9136 0.419972
179659 2610 7.83316 0.415726
177383 2402 8.05434 0.257573
182294 2473 8.36194 0.366936
180307 2436 8.28767 0.303493
168079 2382 7.2357 0.388123
168971 2325 7.37357 0.234428
161335 2286 6.98676 0.385993
182781 2534 9.00168 0.309442
177748 2505 7.72891 0.322219
162211 2308 7.26901 0.375379
154963 2252 7.03289 0.278423
181881 2453 8.63402 0.435501
176886 2458 7.58617 0.423651
172355 2450 7.83168 0.227332
177767 2382 8.21695 0.37856
186877 2591 8.24406 0.277238
180372 2473 8.14698 0.424608
179332 2464 8.29511 0.407825
180983 2414 8.61465 0.530194
191333 2716 8.7479 0.302289
179947 2405 7.6324 0.319949
176945 2467 7.48077 0.400897
178782 2482 8.28806 0.535305
175827 2540 7.66369 0.42147
184913 2593 8.37939 0.419797
179065 2421 7.72061 0.421661
179432 2522 7.82568 0.287383
183873 2672 8.10269 0.434955
175824 2445 7.99294 0.318797
149921 2414 6.11965 0.356128
157530 2521 6.62635 0.378946
153307 2460 6.83439 0.258177
153230 2406 6.47442 0.382719
156474 2450 7.1749 0.280618
159357 2418 6.67661 0.40302
179969 22456 0.0244408 0.964786
179282 22251 0.0436692 1.13047
173730 21890 0.0416907 0.99434
165436 20929 0.0445082 0.947161
180856 21927 0.0438006 1.02696
155260 19593 0.0375492 0.969932
156493 19573 0.0388787 1.00327
181244 22237 0.0458603 1.02135
154201 19535 0.0379306 1.01427
180969 22072 0.0447215 1.15329
181125 22144 0.0449906 1.24242
163464 20827 0.0399655 1.21611
176977 21988 0.062113 1.27371
180957 22221 0.0491676 1.32976
166202 20955 0.0427171 1.23435
154682 19426 0.0421631 1.15118
156894 19674 0.0416742 1.20061
154769 19990 0.0428669 1.11162
180100 22186 0.0443702 0.977362
172683 21475 0.0458417 1.04803
172669 21504 0.0577133 1.02403
169346 21392 0.0227103 1.57824
174389 21994 0.0485698 1.21395
181428 22503 0.0265297 1.15978
175098 22051 0.0439865 1.54794
182305 22959 0.0589079 1.74364
180496 22462 0.0709274 1.68732
168815 21411 0.062739 1.84693
169998 21466 0.0571376 1.73233
183763 22762 0.060427 1.1985
179659 22437 0.0238482 1.64656
177383 21883 0.057321 1.53833
182294 22776 0.0598484 1.6574
180307 22507 0.0499595 1.65329
168079 20961 0.0566991 1.47511
168971 21009 0.0572615 1.61108
161335 20209 0.0249206 0.608732
182781 22111 0.0258562 1.41001
177748 22124 0.0662759 1.83496
162211 20507 0.0451674 1.64271
154963 19620 0.0533293 1.29206
181881 22230 0.0492582 1.11645
176886 21893 0.0489939 1.25829
172355 21504 0.0417146 0.891772
177767 22055 0.0224524 1.12169
186877 22601 0.0496665 1.04823
180372 21966 0.0344507 1.20459
179332 22220 0.0469616 1.01154
180983 22542 0.0446933 1.01326
191333 24383 0.0375846 1.17022
179947 22109 0.0197491 0.933252
176945 21615 0.0217473 1.02248
178782 21738 0.024105 1.04137
175827 22273 0.0239255 0.921833
184913 22307 0.0507367 1.0238
179065 22021 0.0256296 1.02705
179432 21810 0.0343218 0.998681
183873 23072 0.0350971 1.04702
175824 21461 0.0216488 0.87597
149921 19672 0.0216036 0.84849
157530 20558 0.0227693 0.972593
153307 20362 0.0205642 0.836717
153230 20156 0.0212373 0.812237
156474 20793 0.0421693 1.17441
159357 21010 0.0388834 0.998307
179969 601 3.20064 0.328251
179282 619 3.36184 0.332741
173730 596 3.16455 0.304902
165436 586 3.1673 0.198795
180856 637 3.13076 0.31997
155260 594 2.55707 0.140294
156493 601 2.50081 0.164059
181244 613 3.05154 0.324676
154201 573 2.66187 0.284768
180969 632 3.0574 0.327349
181125 582 3.25085 0.169878
163464 613 2.68591 0.300345
176977 609 3.23072 0.319593
180957 597 3.09415 0.247625
166202 578 2.79089 0.215915
154682 571 2.47569 0.273486
156894 577 2.61548 0.288196
154769 538 2.73244 0.280441
180100 601 3.19944 0.333287
172683 611 3.28663 0.315466
172669 604 3.29975 0.3078
169346 570 2.54399 0.157791
174389 648 3.21854 0.315858
181428 606 3.20632 0.325094
175098 603 3.3996 0.30865
182305 669 3.32688 0.306759
180496 581 3.42946 0.188257
168815 607 3.06444 0.292283
169998 572 3.00913 0.150755
183763 610 3.14446 0.323898
179659 608 3.20447 0.217063
177383 527 3.17325 0.304944
182294 588 3.50074 0.183338
180307 610 3.24126 0.313011
168079 593 3.00546 0.292108
168971 551 2.98739 0.202085
161335 555 2.85544 0.202531
182781 539 3.19746 0.317055
177748 603 3.22554 0.15228
162211 585 2.82805 0.291026
154963 532 2.88079 0.275528
181881 603 3.42353 0.171434
176886 575 3.1396 0.316088
172355 601 2.89057 0.320976
177767 640 3.20938 0.16569
186877 387 3.38173 0.316966
180372 602 3.03291 0.326056
179332 659 3.12312 0.315262
180983 671 3.45691 0.176485
191333 655 3.69699 0.339691
179947 642 3.21581 0.313849
176945 607 3.30737 0.234148
178782 595 3.13562 0.303186
175827 641 3.20509 0.263431
184913 621 3.241 0.30638
179065 671 3.27808 0.311706
179432 620 2.94624 0.304806
183873 684 3.46162 0.167318
175824 570 3.11453 0.21651
149921 614 2.40219 0.241346
157530 627 2.81336 0.263268
153307 610 2.7689 0.252636
153230 621 2.60428 0.260217
156474 650 2.94228 0.248054
159357 650 2.69824 0.142036
382893 3197 13.1508 0.866238
403050 3357 13.7391 0.895179
360002 2946 12.3916 0.781533
417964 3414 14.2825 0.958787
465784 3845 16.752 1.06591
360875 2852 12.412 0.795855
368526 3327 13.8861 0.831943
349861 2830 11.7453 0.764166
424691 1564 11.1108 0.810129
339021 2792 12.08 0.742194
335978 3417 11.592 0.774747
433153 3402 15.83 0.954098
332962 3230 11.2778 0.760948
399528 3320 13.8781 0.897157
386666 3409 13.8982 0.867375
383856 3002 13.309 0.823225
357230 3142 12.4403 0.801926
449652 3675 15.9178 1.00404
444344 3282 15.6186 0.991338
414960 3061 14.6211 0.897194
352741 2738 11.6215 0.766323
394384 2920 13.3941 0.873108
307963 2666 10.2282 0.718283
351250 2898 12.139 0.785929
320682 2841 10.6505 0.704543
359026 3306 12.7234 0.788067
376223 2851 12.068 0.81256
438252 3498 15.6307 0.993981
465518 3725 16.5399 1.08459
406231 3050 14.4107 0.887172
408231 3267 14.4777 0.92532
372523 2996 13.0946 0.817023
393802 3120 13.8954 0.853771
413193 3521 14.4989 0.928361
439090 3470 16.5464 0.97979
463637 3739 17.2004 1.11722
426557 3324 15.2331 1.08861
407163 3217 14.4799 0.91824
374022 3013 13.2145 0.828447
378044 3224 13.9705 0.974628
415910 3515 14.9887 0.932219
399001 3248 14.483 0.990892
368803 2510 12.5777 0.797064
407700 3144 14.9382 0.947443
404929 3191 14.3614 0.709678
402553 3179 13.5752 0.854489
338813 2973 11.2551 0.457377
349335 3204 11.5248 0.631982
372085 3376 12.8347 0.818885
367917 2201 9.83431 0.732111
402297 3256 13.0606 0.844034
368286 2963 12.1267 0.648213
345603 2735 11.2636 0.569498
390601 3128 12.8609 0.85016
307277 2726 10.3277 0.496877
415685 3470 13.1156 0.745197
376478 3063 10.9427 0.619009
377404 3047 10.9948 0.792222
391320 2955 11.829 0.876772
394159 3146 13.6903 0.759244
398942 3227 12.1051 0.83846
329650 1138 7.40503 0.644185
431037 3778 14.6078 0.974637
327323 3102 9.94946 0.704743
412028 3292 13.6762 0.896117
475947 3317 15.8212 0.891658
447767 3359 13.9643 1.11321
486395 3735 16.2615 1.06176
414497 3086 14.3892 0.875039
367051 2965 12.3547 0.813672
442242 3450 15.8456 1.19482
387424 3071 16.062 1.09162
392263 3372 15.3485 0.885627
387718 3454 13.475 0.887822
365134 2780 12.3861 0.81962
335961 2710 11.2756 0.740662
398211 3049 13.4576 0.863723
334990 2898 11.5879 0.765998
393477 2989 13.3499 0.85722
337377 3028 11.7593 0.79041
387641 3194 12.8648 0.84058
308669 2929 10.0298 0.679142
360264 3075 12.1821 0.783096
382482 3307 12.6888 0.865752
344219 3015 11.4805 0.769892
374773 3337 12.4722 0.837956
382893 6964 14.5947 1.1535
403050 7589 15.9663 1.12327
360002 6310 14.5011 1.06999
417964 7411 16.7017 1.00646
465784 7972 19.3531 1.52302
360875 5961 14.5236 1.08812
368526 6290 15.3047 0.926361
349861 6254 14.1012 1.00799
424691 7344 17.9789 1.19017
339021 5690 13.8413 0.943462
335978 6343 13.226 1.00868
433153 7137 17.9141 1.16342
332962 6326 12.6382 0.73656
399528 6940 15.6283 1.21841
386666 6637 16.2311 0.969686
383856 6595 16.1172 1.03701
357230 6567 14.0914 1.10072
449652 8008 18.1461 1.30794
444344 7679 18.0529 1.19291
414960 6979 17.2817 1.26001
352741 6542 13.7599 1.08418
394384 7066 16.6305 1.16487
307963 5790 12.4141 0.764199
351250 6205 13.7449 0.923432
320682 5824 11.8891 1.02887
359026 6534 14.3377 1.05498
376223 6608 14.6493 1.16879
438252 7986 17.8636 1.38749
465518 8144 19.0391 1.2284
406231 6936 16.7811 1.16655
408231 7398 16.1476 1.23512
372523 6478 14.6895 0.8777
393802 6786 16.0725 0.920712
413193 7351 16.9522 1.02079
439090 7129 18.3689 1.31697
463637 7821 19.2049 1.14734
426557 7462 17.3937 1.14107
407163 7202 16.268 0.919681
374022 6618 14.903 0.916226
378044 6568 14.998 0.873804
415910 7722 15.9499 1.04464
399001 7004 16.5275 1.00888
368803 6536 14.9885 0.977231
407700 7398 16.4737 1.11564
404929 7130 15.9732 1.21472
402553 7216 15.8223 1.21155
338813 6143 14.0135 1.01587
349335 6412 14.3689 0.848083
372085 6814 14.8287 0.93353
367917 6612 14.6597 0.913398
402297 7196 15.3374 0.926833
368286 6583 14.6438 0.862196
345603 6011 13.6992 1.00499
390601 7109 15.6562 1.06316
307277 5453 11.9936 0.72817
415685 7412 17.191 1.00439
376478 6710 15.026 1.17071
377404 6574 15.1617 1.14208
391320 6784 15.6828 1.07457
394159 6853 15.4992 0.958548
398942 7137 16.0638 1.17772
329650 5689 13.1549 0.910266
431037 7629 17.2055 1.01605
327323 5841 12.9727 0.77662
412028 7122 16.924 1.20848
475947 8063 19.2469 1.14124
447767 7856 17.7635 1.30343
486395 8819 20.0443 1.25411
414497 6905 17.6122 1.05467
367051 6540 14.5969 0.840139
442242 7788 17.9721 1.21629
387424 6721 15.7652 0.918889
392263 6959 15.8146 0.890307
387718 6839 15.5212 0.94233
365134 6223 15.1734 0.934369
335961 5951 13.1804 1.03334
398211 6911 16.509 1.20565
334990 5955 13.6205 0.93911
393477 6815 16.264 1.16328
337377 5937 13.9907 0.60134
387641 7122 15.697 1.13073
308669 5676 11.5476 0.770273
360264 6407 14.8373 0.909659
382482 7156 15.0421 1.24416
344219 6149 13.4891 0.789706
374773 6809 14.3799 1.17446
382893 17892 0.0783932 1.66452
403050 18773 0.0457903 1.38629
360002 16744 0.0374849 1.2262
417964 18878 0.0438163 1.46649
465784 19905 0.0471438 1.41931
360875 16812 0.0800822 1.40285
368526 16865 0.0424088 1.34014
349861 16973 0.037376 1.26134
424691 18424 0.0424587 1.52121
339021 15942 0.0343487 1.16668
335978 16122 0.039435 1.19612
433153 18729 0.0527481 1.52076
332962 15744 0.0342517 1.14559
399528 17929 0.0401519 1.4311
386666 17801 0.0378411 1.48063
383856 17434 0.0401763 1.22954
357230 17157 0.0667776 1.64494
449652 19438 0.0490842 1.48614
444344 18802 0.0501614 1.6441
414960 17834 0.0429621 1.51899
352741 16874 0.0403827 1.16308
394384 17520 0.0431811 1.50846
307963 15008 0.0327866 1.13753
351250 16202 0.0736435 1.43734
320682 16077 0.033513 1.16296
359026 16532 0.0368379 1.28666
376223 17652 0.0402822 1.51495
438252 19055 0.0464587 1.58619
465518 20196 0.0527019 1.72983
406231 18067 0.048102 1.5096
408231 18502 0.0466043 1.33718
372523 17320 0.0397344 1.3681
393802 18273 0.0395486 1.36853
413193 18659 0.0421643 1.46952
439090 19201 0.0438991 1.65314
463637 19690 0.0988055 1.77268
426557 18934 0.0432418 1.52015
407163 18561 0.0429089 1.29773
374022 17192 0.0457222 1.55353
378044 17772 0.0388229 1.46181
415910 18891 0.0439895 1.40799
399001 17860 0.0404823 1.47765
368803 17554 0.0352325 1.24421
407700 18549 0.0412765 1.52788
404929 18443 0.0404682 1.49875
402553 18941 0.0393579 1.34997
338813 16229 0.0329703 1.21087
349335 16699 0.0348558 1.20618
372085 16827 0.0814428 1.38986
367917 17414 0.0378971 1.34678
402297 19246 0.0409184 1.43435
368286 17421 0.0399933 1.39049
345603 16918 0.0327235 1.20693
390601 17426 0.0392167 1.41032
307277 15036 0.0292635 1.20302
415685 18361 0.0880516 1.69966
376478 18216 0.0383766 1.35768
377404 17993 0.0375351 1.23522
391320 17831 0.0813076 1.47933
394159 17493 0.0442134 1.46123
398942 18202 0.038879 1.40041
329650 16377 0.0315866 1.20996
431037 18983 0.043919 1.71738
327323 16141 0.034482 1.14239
412028 18123 0.0728091 1.52353
475947 19998 0.0596371 1.86946
447767 19323 0.091652 1.59982
486395 21602 0.053971 1.79166
414497 18202 0.0419947 1.65742
367051 17299 0.0730109 1.33239
442242 19023 0.0453208 1.67086
387424 17417 0.0388702 1.40509
392263 17793 0.0395203 1.42038
387718 17840 0.0425634 1.54742
365134 16666 0.0365873 1.19954
335961 15895 0.0741402 1.34209
398211 18303 0.0427893 1.51489
334990 15493 0.0344516 1.16197
393477 17166 0.041513 1.42504
337377 15762 0.0342612 1.199
387641 17023 0.0416257 1.5337
308669 15439 0.0301881 1.02152
360264 16559 0.0358209 1.41607
382482 17105 0.0393889 1.3862
344219 16211 0.0731984 1.42737
374773 17093 0.0387628 1.42922
382893 607 2.38012 0.671338
403050 643 2.7218 0.604275
360002 624 2.26402 0.522618
417964 667 2.8 0.676595
465784 639 2.87555 0.843801
360875 602 2.33571 0.60784
368526 551 2.35878 0.497616
349861 615 2.31362 0.584154
424691 482 2.64082 0.583532
339021 576 2.1689 0.568411
335978 571 2.24265 0.565718
433153 585 2.80413 0.738476
332962 547 2.16675 0.433839
399528 613 2.57322 0.50291
386666 608 2.53741 0.490783
383856 573 2.5344 0.639409
357230 544 2.44367 0.605813
449652 594 2.92554 0.647168
444344 606 2.66012 0.648596
414960 623 2.56883 0.842372
352741 591 2.4076 0.604612
394384 618 2.45742 0.566956
307963 561 2.00732 0.511583
351250 553 2.1648 0.597388
320682 548 2.21916 0.369213
359026 620 2.32229 0.494075
376223 601 2.44032 0.639529
438252 609 2.85442 0.724578
465518 649 3.05294 0.803919
406231 570 2.77793 0.693487
408231 577 2.75292 0.690648
372523 549 2.55334 0.619891
393802 599 2.72948 0.662438
413193 575 2.7794 0.528561
439090 546 2.90536 0.657885
463637 634 2.82518 0.933505
426557 613 2.83836 0.73549
407163 583 2.71719 0.692196
374022 548 2.44821 0.62795
378044 598 2.57986 0.624744
415910 612 2.7631 0.628448
399001 568 2.64805 0.672933
368803 529 2.69464 0.617973
407700 568 2.71063 0.682078
404929 581 2.64344 0.679835
402553 640 2.70762 0.489757
338813 551 2.30854 0.461774
349335 562 2.43872 0.400332
372085 550 2.4119 0.47192
367917 525 2.42042 0.469088
402297 657 2.50662 0.548378
368286 574 2.46856 0.558118
345603 559 2.30782 0.500162
390601 569 2.51695 0.523133
307277 530 1.98424 0.376301
415685 603 2.65208 0.543111
376478 637 2.57381 0.653797
377404 583 2.54114 0.505019
391320 625 2.50094 0.508309
394159 656 2.47634 0.498516
398942 608 2.60538 0.789169
329650 423 2.2961 0.4455
431037 649 2.77412 0.754813
327323 564 2.23176 0.426307
412028 643 2.62804 0.698286
475947 634 3.06459 0.833727
447767 666 2.94067 0.674441
486395 716 3.25234 0.780609
414497 591 2.6984 0.707554
367051 592 2.50931 0.465452
442242 646 2.88675 0.775496
387424 575 2.35606 0.567882
392263 585 2.62476 0.526233
387718 670 2.51598 0.505825
365134 573 2.33633 0.464813
335961 590 2.0341 0.572689
398211 652 2.64619 0.67692
334990 538 2.15531 0.390041
393477 630 2.44864 0.506453
337377 548 2.24003 0.565277
387641 560 2.5494 0.520198
308669 557 2.10856 0.529719
360264 567 2.39554 0.471688
382482 580 2.25106 0.641896
344219 609 2.19058 0.587413
374773 630 2.31167 0.627491
698683 4274 13.887 1.37262
724192 4568 14.0628 0.68575
630549 4213 20.4802 0.896915
649674 4249 16.436 1.25931
585903 3881 20.9686 1.03618
503828 3801 13.9765 0.444802
599071 3871 14.1678 0.539763
548863 1717 9.57584 0.992387
564007 3683 8.54425 1.08897
398179 3736 12.2439 0.331929
516411 3776 9.16212 0.414819
615224 4278 12.478 0.516501
410323 3551 5.03862 0.369562
593620 3998 7.8774 0.517308
454596 3382 15.534 0.904314
434680 3387 8.67859 0.366978
671489 4085 14.1783 0.531207
474366 3371 15.5609 0.836661
441074 3232 5.84856 0.783865
549980 3558 19.228 1.01504
592253 3739 22.7145 1.10713
349864 2812 11.388 0.644892
356296 3019 11.3633 0.612222
494784 3740 8.32505 0.429546
396940 2881 12.6284 0.774743
601786 4193 15.1442 0.482316
623808 4237 23.3335 1.16149
484986 3529 17.2557 0.89455
557892 3749 20.9094 1.03686
721122 4613 27.2442 1.3157
640144 4366 25.3281 1.19141
636015 4299 8.65587 0.54999
486991 3566 17.0987 0.881797
711745 4483 28.1173 1.29594
644991 4475 24.1349 1.19706
640591 4747 24.6871 1.54855
608359 4175 22.9359 0.920975
606619 3390 6.95405 0.501203
592340 3756 7.61931 0.465566
604826 3906 7.83755 0.68761
658365 4280 25.5727 1.49046
709232 4533 27.735 1.68093
607262 4364 24.2262 1.11874
540080 4269 14.4705 0.444475
609067 2556 18.4445 1.03778
452610 3539 5.16345 0.373648
448658 3437 14.7672 0.76076
619775 3860 11.2736 0.577799
667680 4359 24.3393 1.54995
547003 3869 19.6787 0.671999
630680 4175 8.63883 0.538292
411749 3074 4.68335 0.336565
475897 3547 9.97196 0.896354
549788 3450 12.8013 0.74137
567017 1379 15.0219 0.941697
543227 4271 19.3406 1.35527
493204 3783 17.6633 0.898156
492276 3598 16.3952 1.23466
545100 3743 19.3117 0.821899
600266 3733 10.9178 0.64112
648616 4233 16.5044 1.48725
753783 4449 29.1546 1.41408
770704 4641 31.3157 0.772486
577399 3988 11.6582 1.7948
443220 3356 9.16366 0.361856
542219 3927 19.2846 0.466155
510567 4057 16.8658 0.931426
561267 3622 20.7991 1.60262
416316 3278 13.8246 0.739435
412123 3205 13.4973 0.72522
500699 3663 9.98148 0.432759
779337 4818 31.6215 1.47271
365899 3140 12.2275 0.683498
451434 3564 14.945 0.782937
730435 4877 11.4055 0.803727
660899 4457 24.2182 0.568863
710252 4861 12.8666 0.657759
673969 4456 24.9907 1.32579
776858 5005 30.087 1.86595
698683 10980 30.0582 1.9048
724192 11493 31.2358 2.21116
630549 10027 28.2033 1.90814
649674 10060 29.3096 2.04074
585903 9112 25.9331 1.82443
503828 7900 21.3506 1.31044
599071 9728 26.3286 1.49155
548863 8913 23.3411 1.50971
564007 8762 23.7738 1.70621
398179 7278 16.1906 1.04364
516411 8271 22.6916 1.59418
615224 10454 25.7175 1.91501
410323 7154 16.1792 1.00813
593620 9657 25.5729 1.83893
454596 8037 17.3763 1.39871
434680 7265 18.1733 1.10362
671489 10742 29.228 2.07351
474366 7951 18.9234 1.40411
441074 7931 17.9279 1.19534
549980 9305 23.261 1.55425
592253 9723 24.8945 1.81486
349864 6170 13.9529 0.833178
356296 6606 12.4743 1.04252
494784 8014 21.4076 1.26225
396940 7104 14.5318 1.15299
601786 10251 25.6955 1.67994
623808 10279 27.0161 2.03875
484986 8105 19.9029 1.48114
557892 9178 23.2444 1.71711
721122 11572 30.7839 2.26696
640144 10328 27.4306 1.69505
636015 10204 27.8664 1.676
486991 8318 20.0545 1.4384
711745 11172 30.5158 2.20158
644991 10580 26.781 1.96559
640591 10977 27.0762 1.87398
608359 10123 26.312 1.66593
606619 10047 26.0382 1.72301
592340 9868 25.0341 1.66099
604826 9849 24.5979 1.80979
658365 10738 27.238 2.04218
709232 11433 29.8171 2.0647
607262 9857 26.3305 1.5138
540080 9132 23.5577 1.65137
609067 10229 24.7517 1.86364
452610 8164 17.2323 1.26543
448658 7744 18.6545 1.14783
619775 10096 26.1648 1.69098
667680 11115 26.7286 2.03736
547003 8920 23.6864 1.63236
630680 10496 27.1504 1.60494
411749 7341 15.6991 1.0585
475897 8319 20.1876 1.1156
549788 8981 23.6624 1.64423
567017 9352 23.5957 1.72559
543227 9031 21.8958 1.43398
493204 8383 20.8904 1.47079
492276 8419 19.2155 1.44644
545100 8852 22.549 1.32054
600266 9783 25.6117 1.51958
648616 10865 27.174 1.85195
753783 11635 32.5378 2.18023
770704 12199 34.2461 2.26366
577399 9649 24.3779 1.76568
443220 7458 17.6953 1.16411
542219 9282 22.8003 1.53909
510567 9149 19.2095 1.50968
561267 8742 24.1488 1.47781
416316 7369 16.7578 1.07681
412123 7241 15.9814 1.04071
500699 8347 21.7669 1.23939
779337 12039 34.2615 2.27806
365899 6466 14.4607 1.07083
451434 8078 17.3207 1.16006
730435 11512 31.6976 2.06772
660899 10876 28.4442 1.96036
710252 11736 30.8387 2.28991
673969 11394 28.8844 2.1595
776858 12306 34.4656 2.54387
698683 23879 0.0883626 2.67013
724192 24775 0.150589 3.15012
630549 22663 0.135458 2.71652
649674 23153 0.0671516 2.88291
585903 21710 0.127652 3.10951
503828 19430 0.114183 3.26628
599071 22032 0.143602 3.60943
548863 20678 0.114145 2.89674
564007 20345 0.167957 2.93397
398179 17784 0.0853841 2.01396
516411 20321 0.118524 2.28815
615224 22686 0.131027 2.74638
410323 18041 0.0567602 1.24064
593620 22011 0.0999622 2.52093
454596 19253 0.0958642 1.90538
434680 18324 0.0909973 1.80268
671489 23416 0.100896 3.1877
474366 19471 0.0971124 1.94534
441074 18503 0.092418 1.86561
549980 20886 0.12447 2.27059
592253 20729 0.130441 2.34078
349864 16284 0.0739145 1.43331
356296 16857 0.0815368 1.69084
494784 18756 0.100988 2.321
396940 18238 0.0821028 1.88303
601786 22218 0.0732637 2.79103
623808 23256 0.0686033 2.86461
484986 19684 0.100718 2.29306
557892 21088 0.115737 2.6356
721122 24970 0.15027 3.01022
640144 23159 0.068793 2.5212
636015 23390 0.132101 2.08234
486991 20617 0.104341 2.22225
711745 24535 0.085929 2.85084
644991 24057 0.140464 2.64289
640591 23491 0.074454 2.48515
608359 22571 0.129683 2.49368
606619 22419 0.165769 2.83103
592340 22396 0.124155 2.92943
604826 22700 0.125288 2.6452
658365 24055 0.137751 2.48572
709232 24251 0.148326 2.86355
607262 21781 0.0589533 2.37882
540080 20628 0.109066 2.04496
609067 22578 0.128947 2.29389
452610 20590 0.103617 2.22181
448658 19298 0.0943241 2.07834
619775 22753 0.0948417 3.3317
667680 23431 0.149476 3.19764
547003 20165 0.164153 3.00838
630680 23005 0.133779 2.878
411749 19097 0.0862148 1.9029
475897 20608 0.101623 2.08419
549788 21125 0.123755 2.37749
567017 22061 0.121093 2.19775
543227 21668 0.114101 2.69038
493204 19819 0.102061 2.93169
492276 20331 0.101309 2.78491
545100 21289 0.0645107 2.27568
600266 22131 0.0704875 2.22438
648616 24767 0.142139 3.03496
753783 25076 0.217038 3.51123
770704 25378 0.213994 3.87222
577399 21393 0.0680348 2.75961
443220 18397 0.0910242 1.84618
542219 21432 0.0587694 2.07607
510567 20773 0.0584846 2.08997
561267 20456 0.117835 2.26317
416316 18018 0.0882007 1.7457
412123 18644 0.0886849 1.97038
500699 19140 0.0667728 2.34336
779337 25038 0.164739 3.52887
365899 16860 0.0772768 1.3588
451434 18858 0.088311 1.71117
730435 24104 0.154984 3.29147
660899 23190 0.145802 2.94469
710252 23999 0.149697 3.16764
673969 23653 0.143674 3.08498
776858 25427 0.177345 3.4437
698683 620 3.51367 1.12992
724192 690 3.18923 0.510251
630549 664 3.62567 1.13857
649674 657 2.3312 1.17291
585903 622 3.37044 1.36495
503828 572 2.98792 0.887965
599071 668 1.34658 0.426405
548863 496 3.61379 0.941046
564007 600 3.05084 0.992672
398179 618 1.97546 0.279958
516411 630 2.73457 0.7942
615224 619 3.4942 0.994997
410323 620 2.30219 0.627914
593620 624 2.99725 0.9193
454596 557 2.41896 0.690077
434680 570 2.40593 0.680212
671489 623 1.37189 1.46592
474366 634 1.06717 0.32127
441074 605 1.00539 0.300582
549980 614 2.09707 0.989442
592253 581 1.77788 0.42902
349864 592 1.96239 0.554082
356296 571 2.10377 0.542791
494784 586 2.85627 0.763062
396940 577 2.66267 0.71003
601786 601 3.66341 1.07938
623808 664 3.53119 0.977596
484986 591 1.46676 0.336546
557892 608 2.50733 1.29474
721122 639 3.33822 1.09534
640144 631 1.5473 0.444063
636015 614 3.14463 0.991237
486991 604 3.16668 0.747116
711745 583 3.4558 1.13508
644991 602 2.02686 0.9903
640591 604 3.4898 0.982008
608359 590 3.09671 0.935349
606619 581 3.45122 0.948061
592340 622 3.01392 0.898775
604826 605 3.39693 0.883014
658365 631 3.24404 1.02717
709232 591 3.4336 0.931428
607262 599 2.55135 0.422808
540080 594 2.83257 0.816983
609067 562 3.04079 0.963508
452610 675 2.54595 0.524596
448658 591 2.36418 0.69622
619775 588 3.2436 0.967529
667680 611 3.24637 1.01733
547003 564 2.97395 0.82109
630680 640 3.26994 0.983619
411749 660 1.02373 0.272839
475897 636 1.4152 0.46688
549788 673 1.1767 0.396231
567017 462 2.98392 0.919584
543227 639 2.85221 0.850834
493204 597 2.8596 0.770412
492276 635 2.70136 0.7558
545100 683 2.87371 0.830541
600266 685 3.07458 1.16867
648616 735 1.47139 0.468097
753783 683 1.60331 0.540042
770704 671 1.54836 0.548491
577399 634 3.05864 0.886622
443220 591 2.34707 0.628035
542219 692 2.74926 0.847222
510567 651 2.68834 0.810352
561267 629 1.49076 0.370602
416316 620 0.953782 0.280154
412123 685 2.36663 0.745385
500699 590 3.06949 0.341199
779337 647 3.13208 0.549412
365899 561 2.12996 0.797878
451434 594 2.39941 0.651929
730435 613 3.38545 1.34393
660899 638 2.5598 1.13206
710252 636 3.35646 0.549347
673969 670 1.37299 0.698938
776858 636 2.11521 0.949489
628409 10956 14.857 0.919465
536942 10372 22.0118 1.1487
555420 10269 22.1146 1.32674
554155 10209 11.4782 0.684829
526012 9538 19.9617 0.674912
545801 9796 9.11599 0.583767
504674 9033 7.5106 0.521473
523629 9478 7.92131 1.24314
523173 9612 23.4191 1.10605
616680 10896 28.1871 1.52671
518494 9260 23.007 1.07662
462484 9046 17.2485 0.521896
560430 10195 8.27616 0.578026
458473 9287 8.36263 0.777467
547806 10353 9.64411 0.618964
580150 10604 9.16536 0.661764
514036 9596 8.0238 0.568703
502669 10297 10.7621 0.594711
535120 9820 8.1292 0.786539
535196 10211 8.50144 0.58874
572348 10308 8.67415 0.700665
506191 10130 7.36194 0.536519
511456 9641 7.59374 0.669983
442011 8791 11.9206 0.552362
466377 8688 7.75245 0.512516
484949 8826 6.99597 0.497008
472924 8380 7.03824 0.494114
512346 9811 7.50095 0.578414
574968 11041 9.93288 0.611994
570567 10250 8.59709 0.647519
530186 9770 14.311 0.595108
568957 10430 9.71464 1.13726
560999 9946 12.0748 0.615461
572563 9978 11.3385 0.607098
510976 9180 13.6139 0.557184
659824 11016 16.6162 0.82618
555029 10171 12.2166 0.606295
541854 10408 8.00374 0.557824
535636 10346 7.98096 0.580274
510649 10043 13.6144 0.622379
550674 10335 8.56424 0.631255
325795 5519 10.2019 0.398674
462857 8417 9.34846 0.606487
562096 9728 22.9282 1.22582
499209 8741 17.2704 0.971177
502466 9109 11.8671 0.775538
567234 9400 10.1622 0.699867
466994 8598 6.68141 0.493931
430604 7829 6.25893 0.517518
465347 8133 11.5658 0.979
437366 7939 15.3722 0.94326
518434 9259 18.713 0.856313
509779 9087 17.1779 1.08744
476066 8497 17.3167 1.19005
442558 7911 16.9899 1.03308
415407 7501 9.23078 0.516895
415933 7786 14.8013 0.548402
576413 9761 20.5968 1.225
481972 8743 6.90949 0.524245
528352 9028 9.07745 0.692332
499563 9080 9.88303 0.549774
488447 8551 8.88938 1.19275
501947 8903 8.09628 0.552719
457596 8011 6.6967 0.499782
468482 8451 6.83624 0.853367
485223 8815 15.83 0.899341
485361 8375 13.9822 0.540724
507680 8795 19.8139 0.806883
480487 8727 6.77706 0.543456
571929 10064 18.0213 0.683573
522178 8530 18.8567 0.895113
495607 9080 11.1369 0.572725
474582 8488 17.6727 1.05571
502605 8772 14.3644 1.08494
467594 8622 10.9532 0.999906
492110 8491 9.643 0.780516
446818 7885 8.79001 0.593681
472148 8496 16.2091 1.03567
514395 8980 9.19808 0.789175
472286 8202 14.2647 0.878035
500004 8910 20.5861 1.25046
452901 8360 19.0949 0.980696
561052 9448 24.9439 1.22186
413635 7797 17.1505 0.886754
476782 8406 17.8489 0.550494
453507 8371 6.50058 0.516822
446360 8326 15.3256 1.00442
459467 8665 6.66502 0.553753
628409 4549 19.159 1.53992
536942 4247 17.5031 0.687877
555420 4198 14.7952 0.878428
554155 4417 19.5328 1.20576
526012 4851 14.2208 1.12821
545801 4178 15.1558 1.17719
504674 4381 20.2654 1.43354
523629 4032 18.7802 1.2696
523173 2313 13.4826 0.680481
616680 944 12.2508 0.812123
518494 4347 14.7396 1.09775
462484 4417 14.4953 1.00827
560430 4182 16.0068 0.972086
458473 4155 13.0253 0.765911
547806 4528 14.9717 1.16508
580150 4656 17.1262 1.28355
514036 3974 15.151 1.2395
502669 3880 14.7864 1.4036
535120 4258 17.5961 1.15514
535196 3847 15.7312 1.33045
572348 4154 17.7376 0.981084
506191 3871 12.5349 1.1253
511456 3798 14.0427 1.00943
442011 3986 13.5136 0.940961
466377 3690 12.8452 0.789497
484949 3916 15.1787 0.845518
472924 4045 15.7549 1.02355
512346 3913 15.8087 1.38681
574968 4508 17.6173 1.03145
570567 4457 17.9379 1.2462
530186 3972 14.5697 1.00772
568957 4234 18.2852 1.56797
560999 4160 16.9753 1.17999
572563 4242 20.4162 1.42909
510976 4196 17.2604 1.08802
659824 4513 23.0276 1.52826
555029 4627 15.4884 1.18724
541854 4105 16.8096 1.13402
535636 4317 15.2945 1.02013
510649 4086 14.3309 0.808986
550674 4283 16.4706 0.706176
325795 4443 7.08993 0.563566
462857 3827 13.5101 1.0012
562096 4226 20.0953 1.2067
499209 3079 13.6185 1.29578
502466 3850 15.7633 0.958933
567234 3932 18.0777 1.6684
466994 3860 16.8654 1.01664
430604 3615 16.4085 1.09543
465347 3992 17.8258 1.36284
437366 3998 17.0428 0.987912
518434 2666 15.7292 1.26514
509779 3775 19.7356 1.54297
476066 3547 20.5827 1.18183
442558 3302 16.1701 1.24321
415407 3455 14.8065 0.969137
415933 3579 15.9434 1.28926
576413 3978 20.3626 1.18902
481972 3643 14.2931 0.996728
528352 3950 17.7513 1.10077
499563 3722 15.7651 1.10538
488447 3569 16.1323 1.02531
501947 3803 16.2815 1.03983
457596 1353 11.2405 0.82123
468482 4303 14.5042 1.01137
485223 4183 15.7203 0.928346
485361 3639 14.3048 0.80393
507680 3876 15.8708 0.758713
480487 3779 14.7497 1.00003
571929 4022 18.0064 1.20606
522178 3639 16.272 1.0817
495607 3846 14.7057 1.03602
474582 3718 15.5274 1.01724
502605 3868 16.8893 1.05403
467594 3877 13.9534 1.00153
492110 4102 13.9799 1.06334
446818 3372 14.9224 0.953128
472148 3668 14.8245 1.00156
514395 3752 16.5933 1.20192
472286 3798 17.873 1.04014
500004 3957 15.0995 1.07667
452901 3928 14.2752 0.81641
561052 4088 18.8831 1.05741
413635 3886 12.7249 0.89475
476782 3793 13.3346 1.25295
453507 3739 16.3623 0.849287
446360 3783 16.9091 1.22364
459467 4061 15.6617 1.05006
628409 30310 0.139365 2.20644
536942 28369 0.121538 1.54107
555420 32551 0.0480949 1.7511
554155 31118 0.126347 1.3797
526012 31954 0.0449584 1.39686
545801 31436 0.126853 1.40975
504674 28974 0.0962409 1.48823
523629 30854 0.0611218 1.45219
523173 31894 0.0487375 1.80969
616680 33449 0.108689 2.06134
518494 28578 0.111316 1.83191
462484 26593 0.107837 1.54192
560430 29087 0.0575695 1.60319
458473 26232 0.0868256 1.54293
547806 29505 0.054769 1.63667
580150 31097 0.0538915 1.79538
514036 29356 0.077974 1.764
502669 29970 0.103767 1.57227
535120 27869 0.111176 1.78649
535196 29805 0.123074 1.65862
572348 27225 0.121287 1.95692
506191 29815 0.105459 1.53936
511456 26539 0.122716 1.29364
442011 26022 0.0950379 1.47913
466377 24664 0.0901244 1.40327
484949 24398 0.100531 1.4797
472924 23385 0.0983653 1.49197
512346 27050 0.109245 1.63074
574968 30711 0.130051 1.28921
570567 27996 0.130922 1.72622
530186 26331 0.0474867 1.89106
568957 28317 0.128584 1.65689
560999 26321 0.122733 1.90665
572563 26332 0.125482 1.71455
510976 25950 0.112218 1.58307
659824 28259 0.143459 2.06242
555029 28419 0.109544 1.73816
541854 30215 0.117926 1.89077
535636 30476 0.127878 1.82754
510649 29145 0.1185 1.24283
550674 29221 0.125967 1.76255
325795 30039 0.0302852 0.849033
462857 21641 0.10028 1.48137
562096 23216 0.119901 1.74107
499209 22449 0.0958507 1.63053
502466 22841 0.108398 1.54886
567234 23583 0.123095 1.81593
466994 22854 0.0406929 1.47361
430604 20441 0.101162 1.32532
465347 21162 0.0938416 1.37282
437366 20194 0.0382074 1.40129
518434 23023 0.0466933 1.22233
509779 23808 0.113759 1.63859
476066 22255 0.108372 1.02743
442558 21542 0.0374174 0.928435
415407 20076 0.0962866 1.27437
415933 19788 0.0964148 0.851624
576413 23293 0.127307 1.69496
481972 22891 0.0982663 1.55974
528352 23172 0.118007 1.64076
499563 22641 0.114639 1.53128
488447 21968 0.0898522 1.41372
501947 22746 0.0441881 1.46164
457596 21741 0.0388099 1.64727
468482 22139 0.0970774 1.10848
485223 22110 0.108806 1.56185
485361 21957 0.101354 1.57839
507680 22880 0.0447255 1.36156
480487 22259 0.104785 1.63084
571929 25295 0.124541 1.79691
522178 22323 0.10954 1.8165
495607 22680 0.101568 1.47544
474582 21684 0.0923603 1.50731
502605 22031 0.102707 1.46814
467594 21806 0.102427 1.55693
492110 22288 0.105494 1.56907
446818 20671 0.0978988 1.37297
472148 21805 0.100272 1.50215
514395 23197 0.104951 1.63568
472286 20465 0.0952868 1.40649
500004 22148 0.093109 1.25506
452901 21174 0.10292 0.881302
561052 22305 0.0477583 1.89154
413635 20893 0.096533 1.28172
476782 21491 0.0417503 1.18442
453507 21007 0.107825 1.07446
446360 21524 0.101462 1.56264
459467 22017 0.090432 1.20519
628409 957 4.92165 1.38675
536942 925 4.59106 1.04771
555420 1128 5.44622 1.06529
554155 1169 5.2463 1.06677
526012 1099 5.2976 1.01512
545801 1057 5.3278 1.0445
504674 998 4.63129 0.932455
523629 1109 5.18514 1.00685
523173 1032 5.2465 0.989803
616680 945 5.82753 1.20608
518494 1020 4.61549 0.989369
462484 932 4.34828 0.868063
560430 898 4.82467 1.11518
458473 905 4.32777 0.857269
547806 952 5.02887 1.03216
580150 1018 5.10225 1.14301
514036 1054 4.79883 0.975619
502669 1012 4.85399 0.949917
535120 892 4.42268 0.975124
535196 992 4.95101 1.08003
572348 909 4.54325 1.11822
506191 1022 5.0249 0.992395
511456 873 4.38849 0.996843
442011 915 3.97635 0.822039
466377 793 3.8273 0.862811
484949 746 4.03788 1.00546
472924 784 3.86511 0.895077
512346 873 4.50236 0.969383
574968 998 5.10393 1.22545
570567 911 4.63778 1.13857
530186 785 4.38751 0.977786
568957 884 4.86672 1.08238
560999 783 4.21665 1.07976
572563 780 4.49832 1.10541
510976 828 4.29335 0.945341
659824 801 4.83953 1.36755
555029 935 4.69574 1.06681
541854 940 4.85918 1.10039
535636 983 4.85215 1.02115
510649 959 4.6734 0.960463
550674 911 4.77854 1.0598
325795 1066 4.6128 0.60852
462857 641 3.4713 0.851239
562096 585 3.96088 1.07037
499209 628 3.69606 0.922128
502466 642 3.78432 0.928471
567234 635 4.00004 1.15272
466994 664 3.69154 0.847856
430604 586 3.26168 0.773194
465347 574 3.52817 0.884585
437366 616 3.15804 0.803005
518434 559 3.81324 0.959454
509779 692 3.83318 0.934635
476066 648 3.5381 0.866224
442558 579 3.5119 0.831033
415407 615 3.24377 0.850023
415933 585 3.14749 0.762927
576413 646 3.96996 1.12118
481972 700 4.00507 0.934656
528352 615 3.90423 0.988598
499563 684 3.71575 0.913641
488447 672 3.643 0.925903
501947 678 3.88441 0.986756
457596 453 3.56266 0.819209
468482 638 3.57583 0.860253
485223 658 3.56511 0.986611
485361 706 3.54714 0.868001
507680 706 3.84863 0.963164
480487 676 3.66006 0.883007
571929 776 4.4018 1.12768
522178 664 3.6441 0.96376
495607 692 3.72607 0.945418
474582 646 3.5742 0.909484
502605 654 3.71535 0.924028
467594 681 3.61545 0.900779
492110 693 3.68591 0.935642
446818 672 3.38707 0.87719
472148 658 3.56646 0.873188
514395 740 3.83771 0.986624
472286 583 3.35972 0.879153
500004 683 3.71407 0.956399
452901 585 3.55668 0.896514
561052 636 3.57165 1.03268
413635 635 3.27974 0.753662
476782 672 3.58426 0.90741
453507 653 3.33351 0.849641
446360 657 3.31921 0.837589
459467 660 3.58773 0.851205
631220 910 4.49971 1.51504
689862 1198 5.28869 1.11208
471208 1096 4.06018 0.716417
756021 1052 4.75497 0.720738
520946 1006 2.85508 0.575738
394377 921 3.56903 0.676739
529281 1111 2.89476 0.735832
781078 1008 5.62679 0.875531
588086 967 3.9964 1.09411
559676 922 3.9216 1.07364
538153 891 4.00952 0.99706
489696 880 3.84299 0.886059
484734 913 5.14146 1.23295
572295 996 4.70794 1.37539
506993 1015 4.20689 0.938564
517393 986 4.3566 0.956545
495059 866 3.54948 0.90747
562785 960 4.53025 1.04033
522551 859 3.83321 0.960921
540330 1021 4.20297 0.985891
644654 810 3.9466 0.876199
502831 899 2.043 0.447966
388085 757 2.37097 0.706969
398135 738 2.87351 0.727448
687786 753 3.60624 0.642556
453986 823 2.49802 0.412379
749388 984 4.19147 0.818788
525683 886 3.87207 0.976131
596541 775 4.12382 1.11927
584697 842 5.5969 1.27649
425328 740 3.25284 0.770485
695984 805 4.58108 1.03189
535098 811 4.17164 1.36799
532938 756 4.81709 1.34549
567120 881 3.98252 1.02175
618759 924 4.74114 1.15221
756571 941 4.9442 1.37322
531480 905 5.3715 1.38966
604618 919 4.56212 1.10611
342689 1047 4.75771 0.656882
461636 613 2.86063 1.03132
453589 616 3.02032 0.822347
428687 603 2.95612 0.778812
503250 613 4.05475 0.91385
553410 630 3.40661 0.997945
426734 647 2.68262 0.769104
608528 608 2.79464 0.635907
393581 592 2.39183 0.563337
396450 563 2.53956 0.66882
474955 548 2.84808 0.809405
506301 637 3.08573 0.861037
410479 586 2.70551 0.706238
393952 575 2.34735 0.66342
410924 599 2.63512 0.738856
426365 550 2.24016 0.776305
542280 604 2.43099 0.6558
387760 654 2.68069 0.673243
562437 629 3.31585 0.969846
430441 653 2.85121 0.780679
393951 665 2.54241 0.67084
580243 617 3.16422 1.02467
567017 462 2.60016 0.852324
575823 651 2.96665 0.592526
398650 599 2.28425 0.665372
395736 640 2.62166 0.663428
680739 700 3.19202 1.15253
751493 706 3.75794 1.27695
588531 737 3.87161 1.008
477520 639 2.58712 0.794773
441831 652 1.65529 0.393804
542825 614 1.92252 0.435741
533653 625 1.61639 0.523815
642888 648 2.77234 0.520624
523470 637 1.74671 0.420741
434472 641 1.25912 0.341833
416316 620 1.29114 0.338782
445228 677 1.45419 0.749353
445087 576 1.92522 0.751786
419359 648 2.80346 0.73302
332057 538 1.77748 0.288792
574002 619 2.67621 0.684543
392606 620 1.15274 0.381922
514713 607 1.35749 0.547322
423724 592 1.99895 0.612869
388893 619 1.927 0.655217
570755 623 3.22183 0.967477
631220 27617 0.130556 3.33759
689862 33495 0.148241 3.49906
471208 27438 0.0994768 2.58396
756021 33479 0.16239 3.62285
520946 28655 0.113833 2.61147
394377 24264 0.0841249 2.00598
529281 28873 0.115494 2.19215
781078 34429 0.1815 3.92475
588086 28361 0.124094 2.88831
559676 26191 0.118656 2.32808
538153 26102 0.0811796 2.28187
489696 24378 0.05296 2.01392
484734 25858 0.125299 2.31404
572295 28892 0.123805 2.41839
506993 27618 0.0617597 2.18498
517393 28439 0.110184 2.60617
495059 24780 0.103644 2.43192
562785 28493 0.12221 2.74546
522551 24967 0.11109 2.94872
540330 27807 0.114774 2.9998
644654 26682 0.135936 3.05705
502831 25519 0.106302 3.6184
388085 20374 0.112273 3.16522
398135 20949 0.121441 2.82768
687786 26156 0.174646 3.75701
453986 24065 0.103794 2.49172
749388 32388 0.161187 4.08696
525683 25588 0.114668 2.8765
596541 25360 0.129118 3.31091
584697 26634 0.137345 3.85634
425328 21925 0.124744 2.40063
695984 27350 0.155145 3.73737
535098 25133 0.116138 2.96158
532938 24439 0.121461 2.8791
567120 26372 0.121923 2.96696
618759 29068 0.131551 3.4567
756571 32247 0.16619 4.27214
531480 27388 0.134835 3.58729
604618 28226 0.133102 3.46415
342689 29561 0.0794759 2.26244
461636 19742 0.0993797 2.48934
453589 19710 0.114978 2.91683
428687 19420 0.11589 2.86581
503250 20729 0.123614 3.4776
553410 21801 0.206856 3.33794
426734 19888 0.0910772 2.22221
608528 22158 0.138583 3.22093
393581 17918 0.0844428 2.10408
396450 17790 0.0851014 2.2051
474955 19875 0.100687 2.40347
506301 21465 0.114165 2.99739
410479 18589 0.109096 2.22117
393952 18043 0.0847168 2.13133
410924 18249 0.0969241 2.94733
426365 17811 0.111976 3.11311
542280 21370 0.159041 3.86986
387760 18592 0.104741 2.8019
562437 21870 0.154451 4.24772
430441 18990 0.108556 3.15448
393951 17912 0.0951591 2.58505
580243 21990 0.132665 3.6332
567017 22061 0.142904 3.59644
575823 22356 0.146298 3.79985
398650 18355 0.0948185 2.62306
395736 18144 0.0994069 2.66184
680739 23949 0.158635 4.30232
751493 25212 0.172118 4.48258
588531 24234 0.143341 4.28886
477520 19450 0.111702 3.5302
441831 18875 0.116791 4.03387
542825 20417 0.13297 4.45036
533653 21077 0.170303 4.58566
642888 23540 0.180129 5.28562
523470 20452 0.163361 3.3747
434472 18464 0.0952789 3.09067
416316 18018 0.111516 2.93654
445228 19790 0.111486 3.0316
445087 18070 0.114133 3.03184
419359 18294 0.104845 2.77709
332057 15655 0.0792824 2.17663
574002 21334 0.136987 4.13185
392606 17656 0.0933517 2.45729
514713 19990 0.131748 3.18503
423724 18425 0.10357 2.28253
388893 17577 0.0641327 2.30573
570755 21651 0.150198 2.76613
631220 3975 11.5877 0.791137
689862 4768 11.3474 0.727525
471208 3952 6.78094 0.491808
756021 5106 13.4364 0.781982
520946 3958 8.1307 0.556035
394377 3637 6.61854 0.436437
529281 3727 8.80203 0.536034
781078 2586 10.7604 0.752966
588086 4114 9.89165 0.608915
559676 4273 10.0079 0.593648
538153 3932 8.81184 0.56529
489696 3798 7.95953 0.501943
484734 4171 7.46693 0.541776
572295 4340 9.39273 0.60251
506993 3789 7.98963 0.506895
517393 3810 8.25743 0.581487
495059 3900 7.91516 0.611703
562785 3843 9.55562 0.66545
522551 3615 8.81158 0.61738
540330 3802 10.031 0.712723
644654 3857 12.291 0.795536
502831 3816 8.69238 0.594701
388085 3094 5.67898 0.403887
398135 3381 6.01017 0.434692
687786 4840 13.5486 0.724107
453986 3419 7.08651 0.524383
749388 4862 13.614 0.86408
525683 4004 8.67198 0.604724
596541 4048 10.5444 0.704202
584697 4021 10.1486 0.595591
425328 3404 6.82978 0.432576
695984 4704 12.1047 0.71152
535098 4113 8.70069 0.646011
532938 3727 9.27155 0.556042
567120 4352 9.62876 0.741402
618759 4054 11.5612 0.721377
756571 4647 14.2083 0.916859
531480 3785 9.43689 0.673464
604618 4062 10.8785 0.736122
342689 4925 4.17484 0.388046
461636 3602 7.39579 0.476492
453589 3787 7.30016 0.474156
428687 2865 6.08424 0.428403
503250 3629 8.32876 0.529283
553410 3717 9.42589 0.577047
426734 3365 6.768 0.465564
608528 4110 11.0397 0.632479
393581 3515 6.46484 0.401716
396450 3659 6.39064 0.424959
474955 2522 6.25871 0.458289
506301 3584 8.11619 0.503276
410479 2985 6.37927 0.422502
393952 2953 6.20522 0.385149
410924 3337 6.48662 0.434465
426365 3345 7.09453 0.428833
542280 3727 9.22261 0.573059
387760 3106 5.8146 0.383433
562437 3756 9.47741 0.575749
430441 3120 6.72493 0.422456
393951 3140 6.07901 0.40487
580243 3900 10.1479 0.595089
567017 1379 6.95091 0.503425
575823 4287 10.2611 0.627615
398650 3481 6.05442 0.44731
395736 3234 6.01056 0.432418
680739 4075 12.4819 0.749056
751493 4534 13.5136 0.856291
588531 4180 9.73292 0.616561
477520 3275 8.08945 0.476952
441831 3211 6.98567 0.464547
542825 3734 9.90024 0.632596
533653 3854 9.09375 0.554507
642888 4204 10.8927 0.70595
523470 4004 9.09505 0.551129
434472 3087 6.70343 0.435122
416316 3278 6.71326 0.438148
445228 3303 6.89035 0.460491
445087 3308 7.73498 0.465163
419359 3133 6.37587 0.429435
332057 3023 5.09085 0.35589
574002 3926 10.1159 0.618191
392606 3304 6.03084 0.415373
514713 3629 8.90197 0.540914
423724 3470 6.62496 0.44255
388893 3228 5.85074 0.458912
570755 4274 9.80812 0.624831
631220 0 0 1.80937
689862 0 0 1.85536
471208 0 0 1.31205
756021 0 0 1.95968
520946 0 0 1.46117
394377 0 0 0.860093
529281 0 0 0.984083
781078 0 0 2.1426
588086 0 0 1.42605
559676 0 0 1.87044
538153 0 0 1.94869
489696 0 0 1.69447
484734 0 0 1.21978
572295 0 0 1.5942
506993 0 0 1.48912
517393 0 0 1.58023
495059 0 0 1.44817
562785 0 0 1.1888
522551 0 0 1.11608
540330 0 0 1.08401
644654 11106 15.3502 0.974153
502831 9710 10.4016 0.730851
388085 7235 7.45159 0.5266
398135 7432 7.81495 0.560279
687786 11491 14.8705 1.02272
453986 8860 8.63866 0.634047
749388 13279 15.4118 1.11027
525683 9495 11.3952 0.838152
596541 10150 13.4207 0.923295
584697 10455 19.6819 1.51408
425328 7868 17.771 1.17871
695984 11489 28.7531 1.09699
535098 9882 16.8085 1.67156
532938 8926 19.523 0.789371
567120 9756 14.5735 1.10974
618759 11091 19.6855 1.24936
756571 12711 24.7576 1.12708
531480 10151 11.3104 0.768134
604618 11038 13.1558 0.961585
342689 5685 7.62114 0.413524
461636 8279 9.23277 0.657414
453589 8178 9.13384 0.651927
428687 7627 8.61479 0.579538
503250 8867 10.2728 0.724375
553410 9165 11.495 0.797633
426734 7622 8.25275 0.602347
608528 9922 13.2509 0.863873
393581 6899 8.4204 0.756336
396450 7265 8.01001 0.57434
474955 8288 9.42449 0.725614
506301 8623 10.7491 0.735922
410479 7283 8.2145 0.563506
393952 6837 8.10497 0.553111
410924 7435 8.2216 0.569372
426365 7380 8.68252 0.59752
542280 9278 11.2837 0.816876
387760 6852 7.7289 0.53775
562437 9221 12.1564 0.850063
430441 7550 8.6859 0.605
393951 6870 7.77224 0.538492
580243 9537 12.4527 0.859484
567017 9352 11.9957 0.82873
575823 9653 12.1514 0.858466
398650 7509 7.86981 0.550184
395736 6866 7.85369 0.552264
680739 10611 14.888 0.993935
751493 11956 16.2074 1.14838
588531 10326 12.1504 0.936511
477520 7756 9.97216 0.702319
441831 7904 9.91207 0.88563
542825 8933 17.4459 1.38692
533653 9085 17.5417 1.3502
642888 10858 21.0144 1.26525
523470 9018 22.9404 1.54485
434472 7425 15.5607 0.899908
416316 7369 12.9793 0.689552
445228 7858 11.5251 1.08864
445087 7694 17.2032 1.32392
419359 7446 17.1809 0.865461
332057 5938 12.9941 0.951369
574002 9791 23.019 1.61586
392606 7383 14.2733 0.977028
514713 8584 20.3778 1.56416
423724 7940 16.7275 0.950755
388893 7191 14.6464 1.12636
570755 9931 21.0164 1.7608
624843 616 3.6168 0.895855
597049 673 1.39754 0.421478
623732 697 3.66402 0.961566
665888 678 3.3482 0.475774
631087 630 3.58925 0.494052
623891 650 3.61359 0.97908
575704 576 3.21773 0.841028
628377 676 1.40497 0.477964
625499 508 1.4068 0.431136
556466 623 1.23379 0.384306
528274 602 1.22001 0.355055
627892 609 3.83686 0.917431
519527 579 3.07226 0.776075
625863 633 3.65469 0.926295
621813 615 3.59586 0.928283
634491 639 3.33452 0.977818
555852 591 3.45969 0.823832
604856 591 3.74118 0.967761
644458 626 3.68898 0.996221
623286 681 1.4423 0.475444
626994 627 3.39966 0.945549
616925 640 3.37979 0.911054
573563 614 3.18421 0.886557
568451 572 3.16511 0.865655
577007 571 3.21995 0.861832
552968 620 3.13 0.817172
612063 658 3.63903 1.02075
620128 630 3.72168 0.975297
637419 673 3.80834 0.978085
613045 623 1.42531 0.435145
585150 629 3.33489 0.765592
573336 581 3.21973 0.843565
601522 635 1.47709 0.41583
655501 633 3.83531 1.03589
668833 633 1.50349 0.46577
661480 662 3.90103 1.07338
610495 605 3.63413 0.54978
664310 603 1.47752 0.469271
584658 596 3.47312 0.845668
629863 628 3.71262 0.925751
637062 618 3.72325 0.943616
606072 592 3.62213 0.863332
625867 616 1.46999 0.452398
612590 619 3.678 0.971472
595720 625 3.53313 0.87109
619192 654 2.84508 0.429393
584905 596 1.35337 0.397439
558634 597 3.38256 0.749445
547713 594 3.28594 0.786201
649131 530 1.48193 0.448867
679504 690 1.55289 0.478936
645683 648 3.66965 0.971402
586301 586 3.2851 0.408498
567939 620 3.34455 0.817585
537450 580 3.18267 0.819315
643058 684 3.66514 0.996175
710388 677 3.88025 1.13519
641141 636 3.6472 0.911956
629354 665 3.52828 0.939279
658739 662 1.46409 0.486642
678682 660 1.47973 0.471184
634741 422 1.50745 0.429537
698869 666 1.60298 0.490033
631658 673 3.65699 0.907862
642762 721 1.4227 0.500709
611702 717 1.47456 0.427286
702650 694 3.63018 1.05759
655453 743 4.06412 1.00191
671697 693 3.69988 1.04586
667400 703 3.93987 1.05167
586928 671 1.42984 0.407154
644420 629 1.45354 0.459145
621952 677 1.48045 0.442445
612750 653 2.74403 0.426324
621328 638 3.4427 0.832333
678053 643 3.68108 1.03297
622769 722 3.75362 0.905106
521530 582 3.03586 0.781031
601585 690 1.40379 0.412773
566444 606 3.60904 0.833867
600123 635 3.29297 0.804755
582108 626 3.33993 0.793585
611062 647 3.60239 1.0214
559678 636 3.54526 0.975071
607643 644 3.85546 1.00871
625329 640 3.96533 1.03919
624843 4280 12.8746 1.0863
597049 4165 19.1234 1.03765
623732 4161 19.3885 1.03504
665888 4529 22.2221 1.14189
631087 4436 21.4814 1.02698
623891 4061 13.5563 0.527504
575704 4437 8.11178 1.02207
628377 4285 8.3178 0.560199
625499 1917 16.9604 1.01607
556466 3972 7.4296 0.505808
528274 4622 18.5668 0.933572
627892 4483 8.4682 0.620284
519527 4339 18.1837 0.934534
625863 4573 15.4222 1.04274
621813 4729 20.7834 1.03339
634491 4320 20.6719 0.975813
555852 4161 17.2057 0.929361
604856 4490 13.5613 0.54787
644458 4115 20.4816 1.03331
623286 4227 21.0016 1.06658
626994 4198 21.7335 1.07965
616925 4131 19.7346 1.00985
573563 4057 18.5625 0.840093
568451 4024 7.59056 0.510923
577007 4197 18.4897 0.994319
552968 4438 19.6116 0.941485
612063 4100 18.715 0.566668
620128 4676 9.74364 0.590703
637419 4348 21.0962 1.05603
613045 4204 8.21208 0.542795
585150 4233 7.95122 0.521991
573336 4052 19.7113 0.938084
601522 4215 15.385 1.12693
655501 4663 24.8032 1.21823
668833 4545 12.7091 0.555748
661480 4705 15.4962 1.24569
610495 3994 9.15448 1.02513
664310 4398 18.8805 0.53673
584658 4138 8.64382 0.452802
629863 4697 17.2928 1.17409
637062 4492 11.7772 0.490902
606072 4376 7.86872 0.950771
625867 3573 17.7843 0.484896
612590 4270 16.1706 0.461802
595720 4124 21.5613 0.461517
619192 4271 17.4074 1.02901
584905 4239 21.006 1.0589
558634 4291 20.0929 1.02426
547713 4374 19.9744 1.05736
649131 3079 19.604 1.14114
679504 4325 25.1026 1.28794
645683 3878 23.5143 1.20722
586301 3826 18.4058 0.473622
567939 4029 20.3639 1.04311
537450 3947 16.468 0.972574
643058 4430 22.9195 1.18453
710388 4104 16.6757 0.935347
641141 4043 15.7684 1.1878
629354 3893 18.5263 1.15249
658739 4174 16.1235 1.22067
678682 4347 22.4487 1.26136
634741 1519 12.141 0.441854
698869 4891 25.6207 1.31267
631658 4640 9.8121 0.502246
642762 4091 13.5016 0.502468
611702 4076 15.9055 1.12841
702650 4200 23.7939 1.30612
655453 4555 7.99884 0.500488
671697 4279 12.7135 1.2576
667400 4442 22.6185 0.672933
586928 4290 19.8555 1.06333
644420 4307 23.4826 1.16393
621952 4588 20.0074 0.501471
612750 4612 10.0524 1.14796
621328 3956 13.0942 0.474859
678053 4196 8.81865 0.504272
622769 4119 12.4094 1.15345
521530 3935 18.6288 0.961619
601585 3974 15.6021 0.942411
566444 4397 6.55446 0.522647
600123 4136 20.5362 1.10119
582108 4316 7.08504 0.475109
611062 4303 19.8817 1.12877
559678 4283 19.4318 1.02896
607643 4307 20.2503 1.10865
625329 4557 21.1331 1.19518
624843 24635 0.11516 1.53191
597049 24417 0.126101 1.75279
623732 24699 0.133425 1.89523
665888 25061 0.118329 1.91082
631087 24299 0.125927 2.01856
623891 24348 0.125876 1.97197
575704 22790 0.117287 1.72184
628377 24514 0.136687 1.83117
625499 24316 0.128254 1.72394
556466 22345 0.121709 1.84006
528274 22013 0.106524 1.59049
627892 25255 0.116139 2.22238
519527 21548 0.104077 1.5537
625863 24760 0.131576 1.88557
621813 24745 0.128532 1.95332
634491 24379 0.136293 1.85635
555852 23618 0.107553 1.78453
604856 24439 0.0944079 1.87432
644458 24690 0.145402 1.81865
623286 24768 0.130787 1.86972
626994 24162 0.121207 1.87388
616925 23794 0.128481 1.78817
573563 22368 0.107981 1.62962
568451 22761 0.120989 1.67479
577007 22580 0.120312 1.77415
552968 22451 0.117073 1.69166
612063 24250 0.11915 1.8527
620128 24946 0.122839 1.66218
637419 25138 0.0600248 1.97978
613045 24304 0.120418 1.8074
585150 23921 0.11569 1.76421
573336 23212 0.104706 1.62347
601522 24569 0.0636333 2.11409
655501 25016 0.149204 1.45639
668833 25117 0.134134 2.0491
661480 25614 0.150078 2.10344
610495 24487 0.0552399 2.07628
664310 24963 0.0595921 1.94717
584658 23542 0.122581 1.93592
629863 25257 0.134257 2.03174
637062 25026 0.057106 2.14665
606072 24615 0.108973 1.76016
625867 24937 0.0747621 1.86377
612590 24950 0.110936 1.89214
595720 24085 0.117046 1.78765
619192 25426 0.112519 1.90414
584905 23546 0.128038 1.99042
558634 22811 0.0481615 1.80375
547713 22647 0.116794 1.44678
649131 25185 0.137519 2.06432
679504 26461 0.0827357 1.97543
645683 24884 0.129708 1.91105
586301 24335 0.114854 1.79828
567939 22968 0.050777 1.70351
537450 22190 0.10058 1.59423
643058 24625 0.133003 1.91308
710388 25718 0.114858 2.31527
641141 24666 0.11378 1.77599
629354 24732 0.108942 1.86972
658739 25046 0.128609 1.92144
678682 25060 0.0624224 2.20396
634741 25128 0.145948 2.04682
698869 26205 0.146376 2.19791
631658 24632 0.128584 1.588
642762 24570 0.137277 1.82979
611702 24862 0.119828 1.81515
702650 25197 0.129941 1.96369
655453 27065 0.140157 2.18364
671697 25071 0.144441 1.8617
667400 25711 0.139347 1.94363
586928 24350 0.125206 1.74242
644420 24531 0.134902 1.86936
621952 25233 0.131369 1.79485
612750 24499 0.128887 1.72059
621328 24019 0.0499744 1.73371
678053 24647 0.144522 1.22641
622769 25460 0.134687 1.88254
521530 22047 0.111292 1.60152
601585 24008 0.0502211 1.06458
566444 23823 0.0462346 1.62786
600123 23346 0.12713 1.9288
582108 24036 0.124506 1.69707
611062 24232 0.129859 1.80186
559678 23404 0.0456636 1.63789
607643 24710 0.0506879 1.52591
625329 25048 0.136929 1.12527
624843 10892 26.3269 1.38044
597049 10497 17.247 0.707721
623732 10477 9.27273 0.707755
665888 10947 30.9748 1.50412
631087 9890 26.0828 0.719481
623891 9921 27.1522 1.30624
575704 9314 25.3613 1.21224
628377 10389 27.0094 1.4268
625499 10164 14.549 1.44509
556466 9041 15.4706 0.633726
528274 9333 19.8397 1.11863
627892 10510 27.0123 1.32852
519527 9115 21.7686 1.12862
625863 10569 26.9697 1.36645
621813 10891 26.2934 1.34641
634491 10727 27.434 1.38497
555852 9995 23.2231 1.17053
604856 10736 17.6442 0.721319
644458 10791 26.9114 1.27632
623286 10849 22.9991 1.37671
626994 10956 11.0867 0.77747
616925 10215 12.4673 0.717478
573563 10084 20.8342 1.28762
568451 9551 16.5386 1.26405
577007 9659 23.502 1.2499
552968 9331 23.7848 1.14575
612063 10348 26.282 1.26998
620128 10723 26.1327 1.36757
637419 10726 27.2724 1.44137
613045 10372 25.8763 1.28781
585150 9955 24.7201 1.216
573336 9581 24.0479 1.21553
601522 10074 25.7494 1.27277
655501 10841 28.7073 1.39215
668833 10738 29.2829 1.45522
661480 10810 28.514 1.47894
610495 10238 25.8638 1.2855
664310 11451 28.7266 1.42675
584658 10204 24.8451 1.14501
629863 10797 26.5574 1.32884
637062 11161 9.34864 0.780085
606072 10664 15.4188 0.717175
625867 10659 9.30835 0.775578
612590 10853 13.1216 0.742334
595720 9701 8.97268 0.650709
619192 10547 9.226 0.709228
584905 10275 24.7677 1.22487
558634 9492 14.6569 0.635427
547713 9746 22.9335 1.19487
649131 11279 27.3757 1.39135
679504 11070 17.8971 1.55695
645683 10708 27.4853 1.40651
586301 10095 24.5809 1.21569
567939 9866 23.2422 1.19879
537450 9600 23.9582 1.15889
643058 11027 15.6176 1.33312
710388 11461 31.6277 1.58292
641141 10880 27.4443 1.35807
629354 10954 26.6314 1.30784
658739 11108 10.0462 0.7342
678682 11091 26.4924 0.763834
634741 10966 27.0032 1.32286
698869 11934 29.9557 1.44668
631658 10790 26.8964 1.30471
642762 10550 9.8235 0.708925
611702 10352 21.3061 0.676172
702650 11373 11.1669 0.864508
655453 11404 9.76036 0.7574
671697 11359 20.2553 0.8236
667400 11663 23.6684 0.776372
586928 10505 21.518 1.33712
644420 10984 12.7678 1.42482
621952 11156 9.60271 0.776013
612750 10746 25.6113 1.33781
621328 10317 26.1464 1.32865
678053 11185 29.4848 1.42316
622769 10724 26.2428 1.28236
521530 9487 7.69806 0.612963
601585 10179 25.3032 1.26211
566444 10120 23.5995 1.0868
600123 10507 25.1662 1.2981
582108 10342 23.6127 1.23834
611062 10930 25.0949 1.31887
559678 10104 22.2441 1.20053
607643 11043 24.6203 1.35799
625329 11371 25.714 1.34213
228745 3507 4.48921 0.248217
232248 3524 1.70852 0.182383
209814 3092 1.44994 0.160131
218177 3577 1.61342 0.169144
254562 3770 1.96647 0.201162
208815 3653 1.57575 0.189498
276046 3881 2.16323 0.223164
247696 1708 3.59298 0.495968
206078 3264 3.49967 0.386787
173613 3454 1.27024 0.150559
242021 3681 4.7744 0.449156
273917 4151 2.80633 0.241478
221026 3442 1.61673 0.187033
325980 4428 6.97531 0.59846
286321 4031 5.91436 0.424903
256995 3704 5.38253 0.277967
272279 4153 6.09563 0.493804
265982 3427 5.70615 0.475528
208894 3115 3.50619 0.416789
242932 3451 4.81201 0.243621
223740 3181 3.61716 0.414996
201009 3240 3.57049 0.236829
179322 3056 2.90691 0.343952
194654 3208 4.08333 0.405215
207481 3616 4.12016 0.374198
236736 3354 4.0399 0.425183
216224 3505 4.71797 0.355834
316455 4238 7.10787 0.595159
310514 3937 4.84907 0.344357
255360 3793 2.61308 0.304782
248766 3607 3.68796 0.327507
313832 4080 2.80326 0.252963
247024 3764 3.47897 0.206854
315718 4288 5.06361 0.312547
289423 4201 6.87142 0.52531
289112 3832 2.68886 0.243191
268484 3784 4.74609 0.493088
269225 3717 3.4831 0.24885
300024 4276 2.47129 0.243242
242735 3968 1.83463 0.457144
217353 3673 4.51358 0.46857
270039 2963 5.31139 0.526763
274894 3837 2.85393 0.222303
304123 3928 3.31203 0.246478
248504 3926 2.1843 0.522413
302871 4370 5.80991 0.555857
286933 4326 5.79555 0.2665
276847 2513 1.92249 0.250879
360015 4728 5.64545 0.355647
204094 3216 1.94608 0.187815
256669 3519 6.04078 0.495649
214195 3327 4.71181 0.382093
203775 3279 4.48224 0.375439
299966 4119 6.81129 0.548635
247258 3661 5.31314 0.468594
260375 3585 5.27706 0.519822
249627 3453 3.68701 0.423969
282871 3590 3.50454 0.353584
307320 4084 4.76504 0.41672
219987 1171 2.43386 0.350894
222835 3813 2.22161 0.202776
237610 3658 4.65468 0.433152
280171 3957 5.60657 0.393506
299285 4103 6.11549 0.560003
235284 3354 3.73909 0.46188
240647 3660 2.47487 0.221579
273465 3701 5.43898 0.45091
219110 3397 1.80024 0.410369
211482 3317 4.23037 0.395387
214959 3229 4.67092 0.202502
211942 3510 4.28056 0.427443
251332 3855 5.22955 0.452892
205951 3123 2.96629 0.175668
203227 3117 3.64754 0.291251
265381 3754 4.61478 0.449142
177840 3105 2.80406 0.357073
197349 2918 3.858 0.289053
191488 3178 3.95519 0.350988
183425 3115 1.90247 0.250335
220487 3508 3.9743 0.45246
194771 3161 2.8688 0.183737
189585 3141 3.75817 0.389876
190949 3203 3.17701 0.358092
194056 3453 3.49576 0.396711
228745 624 1.71225 0.251178
232248 621 1.59809 0.182724
209814 669 1.55458 0.209905
218177 647 1.32109 0.23911
254562 619 1.50531 0.239698
208815 611 1.42276 0.248263
276046 607 1.69805 0.249814
247696 489 1.4216 0.322706
206078 602 1.31757 0.193129
173613 578 0.951803 0.156097
242021 614 1.61522 0.212867
273917 582 1.53489 0.275904
221026 606 1.72254 0.33033
325980 627 2.51661 0.364318
286321 615 1.83682 0.435006
256995 597 1.64599 0.448145
272279 587 2.65623 0.424679
265982 598 2.96077 0.448238
208894 656 2.53069 0.337635
242932 621 2.70435 0.36068
223740 575 0.910537 0.149806
201009 569 2.20573 0.28863
179322 560 1.88065 0.233238
194654 563 1.92618 0.312896
207481 604 2.11834 0.347258
236736 617 2.73235 0.387869
216224 588 1.88492 0.241401
316455 682 3.31254 0.269962
310514 615 1.98064 0.270473
255360 576 1.64143 0.23194
248766 565 1.83628 0.247123
313832 612 2.20383 0.364197
247024 586 1.90308 0.291607
315718 580 2.1144 0.391976
289423 631 1.92466 0.37649
289112 617 2.06252 0.317148
268484 567 1.87904 0.295191
269225 556 1.76951 0.28861
300024 617 2.11286 0.319232
242735 601 1.65718 0.27827
217353 590 2.08037 0.317727
270039 581 2.28838 0.35727
274894 602 2.63233 0.36001
304123 655 2.81538 0.433156
248504 566 2.06112 0.420572
302871 591 2.80447 0.453384
286933 572 1.16077 0.209737
276847 554 2.60863 0.407183
360015 682 1.45172 0.255125
204094 600 1.9947 0.301115
256669 562 1.95622 0.365959
214195 597 2.18207 0.32497
203775 551 0.89067 0.153306
299966 629 3.13387 0.463138
247258 677 2.4993 0.318085
260375 577 1.08764 0.168629
249627 665 2.34871 0.36154
282871 645 2.15413 0.463742
307320 658 3.17886 0.257976
219987 405 2.66611 0.351093
222835 654 2.41941 0.342973
237610 647 2.18866 0.248184
280171 659 1.45361 0.186377
299285 691 3.31461 0.438739
235284 645 2.81108 0.363955
240647 687 1.95546 0.150573
273465 644 1.92395 0.171864
219110 632 0.933927 0.138733
211482 636 1.43037 0.127897
214959 580 2.51677 0.353215
211942 606 1.64915 0.363607
251332 622 2.93966 0.440721
205951 613 0.890867 0.140723
203227 613 2.52041 0.336143
265381 651 1.5481 0.175424
177840 568 1.3731 0.113955
197349 616 0.84273 0.125697
191488 578 0.830814 0.119213
183425 558 2.22391 0.203946
220487 589 1.82129 0.369764
194771 585 2.31401 0.319678
189585 603 0.76762 0.125658
190949 591 2.24439 0.307352
194056 624 0.828893 0.119759
228745 19290 0.0219612 0.51865
232248 19673 0.0218974 0.461268
209814 18423 0.0197191 0.429174
218177 18592 0.0264574 0.49188
254562 20114 0.0215879 0.494231
208815 18096 0.0181794 0.4334
276046 21149 0.0317534 0.549299
247696 20170 0.0314871 0.473726
206078 17250 0.018418 0.410345
173613 15536 0.0157024 0.360543
242021 19770 0.0224718 0.521696
273917 19962 0.0237122 0.573438
221026 18549 0.0195244 0.449071
325980 22937 0.0410093 0.700757
286321 21387 0.0246312 0.521547
256995 20047 0.022882 0.545391
272279 21023 0.0242453 0.537198
265982 20160 0.0285291 0.503449
208894 17887 0.018311 0.643912
242932 19625 0.0292323 0.510938
223740 18465 0.0199362 0.450318
201009 17144 0.0176861 0.392762
179322 16154 0.0149995 0.431844
194654 17211 0.0310811 0.808845
207481 17332 0.0205372 0.393105
236736 19353 0.0207956 0.498936
216224 18519 0.0197272 0.429469
316455 23203 0.0271339 0.654525
310514 22488 0.0275549 0.634923
255360 20275 0.0224743 0.756823
248766 19378 0.021416 0.482893
313832 22799 0.0281021 0.587982
247024 19688 0.0219754 0.545041
315718 22727 0.0270301 0.606127
289423 21759 0.0250179 0.580277
289112 21536 0.0256967 0.653243
268484 20868 0.0226475 0.605062
269225 20303 0.0227088 0.536785
300024 22380 0.0651177 0.576332
242735 20145 0.0216118 0.513876
217353 18661 0.0493515 0.790114
270039 20606 0.0230694 0.580002
274894 21068 0.0241381 0.604279
304123 22830 0.0267362 0.622269
248504 19749 0.0221798 0.534045
302871 21740 0.0260143 0.646934
286933 20780 0.0278578 0.921331
276847 21236 0.0248617 0.512062
360015 25911 0.030798 0.713424
204094 18212 0.0179011 0.444231
256669 20547 0.0224851 0.547021
214195 18166 0.0477735 0.465719
203775 17306 0.0184145 0.423248
299966 22384 0.025368 0.578741
247258 20537 0.0213563 0.536215
260375 20554 0.0235455 0.545195
249627 20077 0.0233643 0.52549
282871 20781 0.0247059 0.550176
307320 23034 0.0711359 0.625254
219987 19261 0.0203336 0.460626
222835 18816 0.019603 0.462664
237610 19488 0.0208869 0.488718
280171 21705 0.0243876 0.619739
299285 22790 0.0257999 0.568464
235284 19521 0.021512 0.493447
240647 21360 0.0539778 0.558535
273465 20956 0.0627913 0.710936
219110 18624 0.0213563 0.487667
211482 18010 0.0197484 0.439636
214959 17967 0.0192117 0.441201
211942 18426 0.0203398 0.433153
251332 20069 0.0226574 0.540335
205951 17711 0.0192515 0.422709
203227 17316 0.0188595 0.441208
265381 21403 0.0232756 0.502228
177840 15817 0.0162177 0.371229
197349 17193 0.0187633 0.830601
191488 16936 0.0191866 0.42616
183425 16189 0.0186346 0.419386
220487 18145 0.0205481 0.46867
194771 17113 0.0413064 0.441745
189585 16531 0.0179258 0.345871
190949 17387 0.0183732 0.421053
194056 17714 0.0182352 0.420485
228745 3723 3.73714 0.429227
232248 3871 8.79238 0.403141
209814 3431 8.06468 0.386822
218177 3418 7.81179 0.412201
254562 3773 5.28431 0.209062
208815 3350 8.80075 0.389197
276046 4035 8.23306 0.523486
247696 3748 5.52711 0.259892
206078 3124 2.98151 0.167064
173613 2918 5.4551 0.318655
242021 3691 7.99473 0.503115
273917 4219 9.95806 0.514282
221026 3537 7.19443 0.215628
325980 4628 15.3927 0.429394
286321 4326 8.45428 0.241376
256995 3864 3.88587 0.202496
272279 4234 9.2032 0.264598
265982 3952 4.48999 0.242734
208894 3259 3.23396 0.194354
242932 3937 7.01208 0.45892
223740 3621 5.2402 0.194266
201009 3394 5.79371 0.173814
179322 3000 2.87312 0.166609
194654 3203 8.15203 0.374703
207481 3350 3.1855 0.184748
236736 3846 7.03687 0.398877
216224 3386 8.98235 0.389492
316455 4557 13.69 0.595198
310514 4237 13.9175 0.531208
255360 3888 9.58037 0.222463
248766 3446 8.49612 0.235725
313832 4446 10.5732 0.258828
247024 3556 10.4753 0.46377
315718 4382 14.0672 0.287965
289423 4166 10.9409 0.53429
289112 4045 9.28008 0.53867
268484 3975 6.77449 0.248082
269225 4014 8.12263 0.492124
300024 4413 7.00526 0.586583
242735 3869 8.61328 0.45688
217353 3358 8.79899 0.387971
270039 3814 10.967 0.226419
274894 3957 12.0644 0.389249
304123 4433 5.24598 0.25245
248504 3838 3.74973 0.214616
302871 4285 8.27222 0.385292
286933 4276 7.02528 0.291386
276847 4201 6.64813 0.253138
360015 5540 9.23139 0.320567
204094 3258 7.39739 0.382313
256669 3931 8.00475 0.217846
214195 3450 4.29099 0.192809
203775 3354 3.15801 0.191101
299966 4527 11.4805 0.571363
247258 3952 8.03678 0.465429
260375 3956 9.09357 0.237704
249627 3942 10.6806 0.474218
282871 3969 12.6644 0.519263
307320 4544 12.8753 0.517292
219987 3534 7.809 0.252227
222835 3507 6.90342 0.23558
237610 3824 5.63479 0.25568
280171 4254 8.61284 0.25173
299285 4535 9.4759 0.578261
235284 3693 8.79019 0.227478
240647 3841 9.3269 0.464461
273465 3969 11.2856 0.528506
219110 3549 9.06835 0.309099
211482 3508 5.87002 0.193656
214959 3285 7.76299 0.424971
211942 3323 6.71198 0.412437
251332 3998 9.81776 0.454257
205951 3224 8.36641 0.355615
203227 3289 8.02057 0.370875
265381 4361 6.41299 0.244657
177840 2962 4.3922 0.159959
197349 3194 6.91622 0.369555
191488 3144 7.62844 0.36032
183425 3112 5.13455 0.315182
220487 3624 6.5024 0.434654
194771 3128 7.4607 0.435595
189585 3192 3.61173 0.227853
190949 3264 7.30885 0.260083
194056 3387 4.36165 0.38668
