102010 606 2.17519 0.246336
109835 627 2.30168 0.258254
123127 618 2.49414 0.271056
116483 635 2.51116 0.273167
108121 612 2.24416 0.248977
111945 573 2.44981 0.251032
105553 582 2.20015 0.235974
109855 626 2.32894 0.261095
112963 461 2.3469 0.235197
110103 611 2.26257 0.2636
88312 559 1.89288 0.20416
116662 579 2.56991 0.263533
87263 543 1.82115 0.199627
104637 567 2.25717 0.24806
121259 598 2.57787 0.282468
111477 613 2.33824 0.272543
103656 599 2.19548 0.239667
111450 579 2.51315 0.242427
114952 590 2.77869 0.271181
111378 593 2.61692 0.273893
116796 588 2.77476 0.271067
110757 595 2.56182 0.269476
97363 548 2.08126 0.263374
103657 567 2.11791 0.227157
99437 528 2.21376 0.226191
100116 582 2.16985 0.242514
108918 598 2.48773 0.24875
121625 582 2.59768 0.274995
120407 635 2.6416 0.274041
138698 582 2.94742 0.318766
125876 582 2.7068 0.284991
113307 553 2.66167 0.250419
119699 613 2.70161 0.282163
107409 598 2.35322 0.248797
134418 615 2.88807 0.300845
128076 651 2.75769 0.306761
116804 595 2.50917 0.254189
113660 581 2.49936 0.244415
112820 569 2.39833 0.291707
111055 595 2.40374 0.250801
111470 596 2.3325 0.237515
100306 549 2.19573 0.2247
113638 547 2.51918 0.240033
123943 592 2.6101 0.278755
112465 590 2.45177 0.254377
107682 648 2.34261 0.238414
98357 555 2.11629 0.232293
100804 519 2.21676 0.224443
98687 535 2.07362 0.20236
105390 510 2.20514 0.214391
100233 583 2.12958 0.233605
108940 594 2.31583 0.252034
114703 559 2.42098 0.257021
103692 555 2.16722 0.240441
86723 478 1.80723 0.173998
103871 537 2.17766 0.234206
106758 625 2.37996 0.255179
112226 572 2.40144 0.249246
108412 642 2.32695 0.25773
109985 637 2.20975 0.278997
104222 575 2.24147 0.234056
109381 382 2.40291 0.182404
103816 605 2.2259 0.237606
107534 596 2.26779 0.246688
103972 607 2.20894 0.273
119683 629 2.61776 0.285133
131499 654 2.88214 0.326042
165842 657 3.61241 0.383942
114414 601 2.45157 0.260729
123957 629 2.64793 0.312052
131647 611 2.72152 0.322935
123074 551 2.58497 0.2796
124325 603 2.68636 0.285056
106203 582 2.20993 0.256946
104634 573 2.19027 0.248931
131024 616 2.70397 0.308983
109154 627 2.33532 0.251388
97805 559 2.00704 0.215649
101365 586 2.187 0.231008
102928 577 2.21081 0.250493
97259 542 1.93843 0.244903
90244 572 1.86839 0.219407
92543 582 2.05695 0.213061
108519 591 2.19595 0.272876
94057 600 1.94685 0.228015
97442 604 2.08633 0.232525
102010 606 2.17519 0.194944
109835 627 2.30168 0.0959926
123127 618 2.49414 0.101874
116483 635 2.51116 0.101305
108121 612 2.24416 0.159465
111945 573 2.44981 0.197886
105553 582 2.20015 0.190332
109855 626 2.32894 0.202971
112963 461 2.3469 0.203939
110103 611 2.26257 0.198874
88312 559 1.89288 0.162235
116662 579 2.56991 0.20602
87263 543 1.82115 0.156943
104637 567 2.25717 0.193529
121259 598 2.57787 0.216707
111477 613 2.33824 0.19785
103656 599 2.19548 0.186492
111450 579 2.51315 0.198222
114952 590 2.77869 0.202307
111378 593 2.61692 0.19742
116796 588 2.77476 0.201137
110757 595 2.56182 0.173561
97363 548 2.08126 0.182913
103657 567 2.11791 0.186041
99437 528 2.21376 0.178656
100116 582 2.16985 0.178151
108918 598 2.48773 0.193883
121625 582 2.59768 0.216044
120407 635 2.6416 0.221003
138698 582 2.94742 0.242378
125876 582 2.7068 0.217901
113307 553 2.66167 0.202289
119699 613 2.70161 0.212371
107409 598 2.35322 0.188827
134418 615 2.88807 0.236664
128076 651 2.75769 0.227815
116804 595 2.50917 0.21582
113660 581 2.49936 0.208223
112820 569 2.39833 0.202378
111055 595 2.40374 0.199512
111470 596 2.3325 0.206856
100306 549 2.19573 0.189633
113638 547 2.51918 0.199188
123943 592 2.6101 0.220202
112465 590 2.45177 0.199273
107682 648 2.34261 0.199616
98357 555 2.11629 0.178534
100804 519 2.21676 0.176725
98687 535 2.07362 0.281951
105390 510 2.20514 0.184562
100233 583 2.12958 0.175515
108940 594 2.31583 0.193199
114703 559 2.42098 0.201589
103692 555 2.16722 0.194961
86723 478 1.80723 0.167225
103871 537 2.17766 0.193225
106758 625 2.37996 0.188931
112226 572 2.40144 0.210658
108412 642 2.32695 0.192426
109985 637 2.20975 0.194372
104222 575 2.24147 0.187019
109381 382 2.40291 0.085673
103816 605 2.2259 0.117309
107534 596 2.26779 0.141263
103972 607 2.20894 0.182102
119683 629 2.61776 0.212158
131499 654 2.88214 0.250374
165842 657 3.61241 0.30875
114414 601 2.45157 0.0927514
123957 629 2.64793 0.107303
131647 611 2.72152 0.216856
123074 551 2.58497 0.213128
124325 603 2.68636 0.22325
106203 582 2.20993 0.191518
104634 573 2.19027 0.185797
131024 616 2.70397 0.236828
109154 627 2.33532 0.202934
97805 559 2.00704 0.195117
101365 586 2.187 0.184872
102928 577 2.21081 0.192785
97259 542 1.93843 0.167792
90244 572 1.86839 0.158205
92543 582 2.05695 0.166848
108519 591 2.19595 0.192268
94057 600 1.94685 0.177811
97442 604 2.08633 0.175876
102010 606 2.17519 0.172604
109835 627 2.30168 0.196631
123127 618 2.49414 0.220532
116483 635 2.51116 0.205202
108121 612 2.24416 0.18788
111945 573 2.44981 0.183315
105553 582 2.20015 0.175628
109855 626 2.32894 0.194559
112963 461 2.3469 0.172604
110103 611 2.26257 0.197528
88312 559 1.89288 0.153978
116662 579 2.56991 0.197761
87263 543 1.82115 0.141414
104637 567 2.25717 0.183873
121259 598 2.57787 0.207187
111477 613 2.33824 0.204921
103656 599 2.19548 0.185547
111450 579 2.51315 0.185934
114952 590 2.77869 0.207127
111378 593 2.61692 0.207166
116796 588 2.77476 0.203387
110757 595 2.56182 0.196347
97363 548 2.08126 0.172783
103657 567 2.11791 0.173512
99437 528 2.21376 0.168413
100116 582 2.16985 0.175871
108918 598 2.48773 0.18748
121625 582 2.59768 0.206122
120407 635 2.6416 0.197915
138698 582 2.94742 0.236821
125876 582 2.7068 0.225186
113307 553 2.66167 0.18754
119699 613 2.70161 0.204405
107409 598 2.35322 0.182911
134418 615 2.88807 0.2335
128076 651 2.75769 0.224494
116804 595 2.50917 0.185471
113660 581 2.49936 0.185402
112820 569 2.39833 0.184178
111055 595 2.40374 0.173888
111470 596 2.3325 0.186385
100306 549 2.19573 0.163878
113638 547 2.51918 0.189379
123943 592 2.6101 0.199544
112465 590 2.45177 0.187112
107682 648 2.34261 0.188308
98357 555 2.11629 0.167584
100804 519 2.21676 0.164104
98687 535 2.07362 0.16368
105390 510 2.20514 0.164532
100233 583 2.12958 0.174625
108940 594 2.31583 0.189205
114703 559 2.42098 0.188089
103692 555 2.16722 0.177766
86723 478 1.80723 0.130865
103871 537 2.17766 0.181526
106758 625 2.37996 0.193636
112226 572 2.40144 0.184525
108412 642 2.32695 0.194245
109985 637 2.20975 0.207259
104222 575 2.24147 0.185802
109381 382 2.40291 0.145056
103816 605 2.2259 0.182546
107534 596 2.26779 0.1917
103972 607 2.20894 0.192306
119683 629 2.61776 0.21607
131499 654 2.88214 0.237857
165842 657 3.61241 0.283598
114414 601 2.45157 0.198025
123957 629 2.64793 0.223261
131647 611 2.72152 0.240399
123074 551 2.58497 0.210585
124325 603 2.68636 0.215015
106203 582 2.20993 0.19008
104634 573 2.19027 0.181659
131024 616 2.70397 0.229313
109154 627 2.33532 0.190984
97805 559 2.00704 0.164674
101365 586 2.187 0.17345
102928 577 2.21081 0.180122
97259 542 1.93843 0.180419
90244 572 1.86839 0.157355
92543 582 2.05695 0.157932
108519 591 2.19595 0.198707
94057 600 1.94685 0.169529
97442 604 2.08633 0.182172
102010 606 2.17519 0.214153
109835 627 2.30168 0.221196
123127 618 2.49414 0.249233
116483 635 2.51116 0.240978
108121 612 2.24416 0.234217
111945 573 2.44981 0.232522
105553 582 2.20015 0.217159
109855 626 2.32894 0.22217
112963 461 2.3469 0.220074
110103 611 2.26257 0.221101
88312 559 1.89288 0.173994
116662 579 2.56991 0.233428
87263 543 1.82115 0.175384
104637 567 2.25717 0.205609
121259 598 2.57787 0.240306
111477 613 2.33824 0.22308
103656 599 2.19548 0.208764
111450 579 2.51315 0.215687
114952 590 2.77869 0.228215
111378 593 2.61692 0.303327
116796 588 2.77476 0.329637
110757 595 2.56182 0.264034
97363 548 2.08126 0.181987
103657 567 2.11791 0.201517
99437 528 2.21376 0.206828
100116 582 2.16985 0.241964
108918 598 2.48773 0.203712
121625 582 2.59768 0.224625
120407 635 2.6416 0.223477
138698 582 2.94742 0.270968
125876 582 2.7068 0.2602
113307 553 2.66167 0.262887
119699 613 2.70161 0.316733
107409 598 2.35322 0.208765
134418 615 2.88807 0.273844
128076 651 2.75769 0.251276
116804 595 2.50917 0.229122
113660 581 2.49936 0.22803
112820 569 2.39833 0.217939
111055 595 2.40374 0.216009
111470 596 2.3325 0.221814
100306 549 2.19573 0.195252
113638 547 2.51918 0.226123
123943 592 2.6101 0.242406
112465 590 2.45177 0.22282
107682 648 2.34261 0.213693
98357 555 2.11629 0.189976
100804 519 2.21676 0.193727
98687 535 2.07362 0.19496
105390 510 2.20514 0.210249
100233 583 2.12958 0.196248
108940 594 2.31583 0.21262
114703 559 2.42098 0.225476
103692 555 2.16722 0.243953
86723 478 1.80723 0.160841
103871 537 2.17766 0.210078
106758 625 2.37996 0.206758
112226 572 2.40144 0.221915
108412 642 2.32695 0.215285
109985 637 2.20975 0.218938
104222 575 2.24147 0.200945
109381 382 2.40291 0.206092
103816 605 2.2259 0.202816
107534 596 2.26779 0.213282
103972 607 2.20894 0.202975
119683 629 2.61776 0.236844
131499 654 2.88214 0.286671
165842 657 3.61241 0.32879
114414 601 2.45157 0.234663
123957 629 2.64793 0.239419
131647 611 2.72152 0.257258
123074 551 2.58497 0.244962
124325 603 2.68636 0.232089
106203 582 2.20993 0.212681
104634 573 2.19027 0.208338
131024 616 2.70397 0.256806
109154 627 2.33532 0.212082
97805 559 2.00704 0.188446
101365 586 2.187 0.200333
102928 577 2.21081 0.209071
97259 542 1.93843 0.191654
90244 572 1.86839 0.191733
92543 582 2.05695 0.196382
108519 591 2.19595 0.210524
94057 600 1.94685 0.195456
97442 604 2.08633 0.193174
102010 606 2.17519 0.222186
109835 627 2.30168 0.252851
123127 618 2.49414 0.279176
116483 635 2.51116 0.271967
108121 612 2.24416 0.245778
111945 573 2.44981 0.235079
105553 582 2.20015 0.231049
109855 626 2.32894 0.255183
112963 461 2.3469 0.210888
110103 611 2.26257 0.25543
88312 559 1.89288 0.193437
116662 579 2.56991 0.252328
87263 543 1.82115 0.190306
104637 567 2.25717 0.232428
121259 598 2.57787 0.272303
111477 613 2.33824 0.282438
103656 599 2.19548 0.238843
111450 579 2.51315 0.238551
114952 590 2.77869 0.275259
111378 593 2.61692 0.27477
116796 588 2.77476 0.265777
110757 595 2.56182 0.256921
97363 548 2.08126 0.231001
103657 567 2.11791 0.232004
99437 528 2.21376 0.217702
100116 582 2.16985 0.230349
108918 598 2.48773 0.246051
121625 582 2.59768 0.264854
120407 635 2.6416 0.260143
138698 582 2.94742 0.30458
125876 582 2.7068 0.286181
113307 553 2.66167 0.247383
119699 613 2.70161 0.268018
107409 598 2.35322 0.238204
134418 615 2.88807 0.30186
128076 651 2.75769 0.292841
116804 595 2.50917 0.241127
113660 581 2.49936 0.242186
112820 569 2.39833 0.241526
111055 595 2.40374 0.223824
111470 596 2.3325 0.242702
100306 549 2.19573 0.217051
113638 547 2.51918 0.242646
123943 592 2.6101 0.258757
112465 590 2.45177 0.238537
107682 648 2.34261 0.229751
98357 555 2.11629 0.21794
100804 519 2.21676 0.202753
98687 535 2.07362 0.201274
105390 510 2.20514 0.209923
100233 583 2.12958 0.228614
108940 594 2.31583 0.242432
114703 559 2.42098 0.243641
103692 555 2.16722 0.237218
86723 478 1.80723 0.163412
103871 537 2.17766 0.226379
106758 625 2.37996 0.24617
112226 572 2.40144 0.239945
108412 642 2.32695 0.254573
109985 637 2.20975 0.272026
104222 575 2.24147 0.235298
109381 382 2.40291 0.177173
103816 605 2.2259 0.233625
107534 596 2.26779 0.246677
103972 607 2.20894 0.26187
119683 629 2.61776 0.291321
131499 654 2.88214 0.323037
165842 657 3.61241 0.388259
114414 601 2.45157 0.272634
123957 629 2.64793 0.299116
131647 611 2.72152 0.317433
123074 551 2.58497 0.279173
124325 603 2.68636 0.276501
106203 582 2.20993 0.247993
104634 573 2.19027 0.242951
131024 616 2.70397 0.299213
109154 627 2.33532 0.250625
97805 559 2.00704 0.213312
101365 586 2.187 0.230095
102928 577 2.21081 0.239369
97259 542 1.93843 0.236307
90244 572 1.86839 0.207598
92543 582 2.05695 0.210739
108519 591 2.19595 0.267179
94057 600 1.94685 0.230823
97442 604 2.08633 0.225084
179969 601 3.20064 0.160984
179282 619 3.36184 0.153507
173730 596 3.16455 0.190966
165436 586 3.1673 0.246735
180856 637 3.13076 0.320422
155260 594 2.55707 0.194947
156493 601 2.50081 0.166383
181244 613 3.05154 0.331736
154201 573 2.66187 0.261847
180969 632 3.0574 0.181603
181125 582 3.25085 0.171748
163464 613 2.68591 0.158383
176977 609 3.23072 0.317541
180957 597 3.09415 0.20416
166202 578 2.79089 0.274093
154682 571 2.47569 0.275424
156894 577 2.61548 0.275092
154769 538 2.73244 0.172306
180100 601 3.19944 0.156615
172683 611 3.28663 0.1533
172669 604 3.29975 0.283127
169346 570 2.54399 0.214812
174389 648 3.21854 0.152858
181428 606 3.20632 0.307946
175098 603 3.3996 0.305391
182305 669 3.32688 0.320369
180496 581 3.42946 0.316364
168815 607 3.06444 0.305283
169998 572 3.00913 0.288892
183763 610 3.14446 0.324229
179659 608 3.20447 0.315791
177383 527 3.17325 0.301204
182294 588 3.50074 0.327129
180307 610 3.24126 0.30672
168079 593 3.00546 0.146622
168971 551 2.98739 0.152954
161335 555 2.85544 0.133312
182781 539 3.19746 0.159226
177748 603 3.22554 0.161257
162211 585 2.82805 0.279747
154963 532 2.88079 0.27157
181881 603 3.42353 0.319341
176886 575 3.1396 0.252794
172355 601 2.89057 0.261756
177767 640 3.20938 0.315636
186877 387 3.38173 0.262242
180372 602 3.03291 0.222155
179332 659 3.12312 0.317621
180983 671 3.45691 0.319423
191333 655 3.69699 0.334223
179947 642 3.21581 0.324735
176945 607 3.30737 0.156107
178782 595 3.13562 0.146918
175827 641 3.20509 0.165689
184913 621 3.241 0.180933
179065 671 3.27808 0.318919
179432 620 2.94624 0.271106
183873 684 3.46162 0.213572
175824 570 3.11453 0.17783
149921 614 2.40219 0.270276
157530 627 2.81336 0.304569
153307 610 2.7689 0.275489
153230 621 2.60428 0.272096
156474 650 2.94228 0.255128
159357 650 2.69824 0.20795
179969 601 3.20064 0.292377
179282 619 3.36184 0.291698
173730 596 3.16455 0.288853
165436 586 3.1673 0.262083
180856 637 3.13076 0.319286
155260 594 2.55707 0.253528
156493 601 2.50081 0.341667
181244 613 3.05154 0.302428
154201 573 2.66187 0.255542
180969 632 3.0574 0.308226
181125 582 3.25085 0.301557
163464 613 2.68591 0.301786
176977 609 3.23072 0.301946
180957 597 3.09415 0.242874
166202 578 2.79089 0.171361
154682 571 2.47569 0.122599
156894 577 2.61548 0.118868
154769 538 2.73244 0.111905
180100 601 3.19944 0.14173
172683 611 3.28663 0.132533
172669 604 3.29975 0.145466
169346 570 2.54399 0.260457
174389 648 3.21854 0.298077
181428 606 3.20632 0.294436
175098 603 3.3996 0.2817
182305 669 3.32688 0.303401
180496 581 3.42946 0.242975
168815 607 3.06444 0.167393
169998 572 3.00913 0.120271
183763 610 3.14446 0.136635
179659 608 3.20447 0.137032
177383 527 3.17325 0.127906
182294 588 3.50074 0.158156
180307 610 3.24126 0.298376
168079 593 3.00546 0.271471
168971 551 2.98739 0.261421
161335 555 2.85544 0.182741
182781 539 3.19746 0.139512
177748 603 3.22554 0.144353
162211 585 2.82805 0.132303
154963 532 2.88079 0.134936
181881 603 3.42353 0.310922
176886 575 3.1396 0.284858
172355 601 2.89057 0.290739
177767 640 3.20938 0.31275
186877 387 3.38173 0.178448
180372 602 3.03291 0.144333
179332 659 3.12312 0.158838
180983 671 3.45691 0.171133
191333 655 3.69699 0.163907
179947 642 3.21581 0.30588
176945 607 3.30737 0.306545
178782 595 3.13562 0.30044
175827 641 3.20509 0.20085
184913 621 3.241 0.154841
179065 671 3.27808 0.158991
179432 620 2.94624 0.145657
183873 684 3.46162 0.175853
175824 570 3.11453 0.286003
149921 614 2.40219 0.267586
157530 627 2.81336 0.285891
153307 610 2.7689 0.263332
153230 621 2.60428 0.265582
156474 650 2.94228 0.287408
159357 650 2.69824 0.28206
179969 601 3.20064 0.193205
179282 619 3.36184 0.272624
173730 596 3.16455 0.182575
165436 586 3.1673 0.278994
180856 637 3.13076 0.423726
155260 594 2.55707 0.223344
156493 601 2.50081 0.17476
181244 613 3.05154 0.242124
154201 573 2.66187 0.290236
180969 632 3.0574 0.275738
181125 582 3.25085 0.243536
163464 613 2.68591 0.357697
176977 609 3.23072 0.387942
180957 597 3.09415 0.389664
166202 578 2.79089 0.271861
154682 571 2.47569 0.162723
156894 577 2.61548 0.166224
154769 538 2.73244 0.165086
180100 601 3.19944 0.380254
172683 611 3.28663 0.208807
172669 604 3.29975 0.377627
169346 570 2.54399 0.327672
174389 648 3.21854 0.280131
181428 606 3.20632 0.373204
175098 603 3.3996 0.361509
182305 669 3.32688 0.396007
180496 581 3.42946 0.35104
168815 607 3.06444 0.356641
169998 572 3.00913 0.33077
183763 610 3.14446 0.367897
179659 608 3.20447 0.260534
177383 527 3.17325 0.170458
182294 588 3.50074 0.194016
180307 610 3.24126 0.320081
168079 593 3.00546 0.245293
168971 551 2.98739 0.166305
161335 555 2.85544 0.187288
182781 539 3.19746 0.377966
177748 603 3.22554 0.388171
162211 585 2.82805 0.349756
154963 532 2.88079 0.192915
181881 603 3.42353 0.235917
176886 575 3.1396 0.205159
172355 601 2.89057 0.367764
177767 640 3.20938 0.405059
186877 387 3.38173 0.303292
180372 602 3.03291 0.370279
179332 659 3.12312 0.281174
180983 671 3.45691 0.441254
191333 655 3.69699 0.430364
179947 642 3.21581 0.286467
176945 607 3.30737 0.202396
178782 595 3.13562 0.216994
175827 641 3.20509 0.187149
184913 621 3.241 0.268708
179065 671 3.27808 0.410644
179432 620 2.94624 0.253785
183873 684 3.46162 0.41598
175824 570 3.11453 0.372468
149921 614 2.40219 0.186821
157530 627 2.81336 0.260041
153307 610 2.7689 0.189549
153230 621 2.60428 0.291361
156474 650 2.94228 0.253897
159357 650 2.69824 0.246188
179969 601 3.20064 0.33098
179282 619 3.36184 0.34304
173730 596 3.16455 0.209057
165436 586 3.1673 0.142216
180856 637 3.13076 0.26067
155260 594 2.55707 0.298269
156493 601 2.50081 0.295541
181244 613 3.05154 0.356795
154201 573 2.66187 0.294787
180969 632 3.0574 0.356137
181125 582 3.25085 0.345276
163464 613 2.68591 0.318335
176977 609 3.23072 0.192213
180957 597 3.09415 0.245637
166202 578 2.79089 0.151651
154682 571 2.47569 0.296885
156894 577 2.61548 0.139312
154769 538 2.73244 0.138271
180100 601 3.19944 0.19772
172683 611 3.28663 0.329488
172669 604 3.29975 0.254429
169346 570 2.54399 0.250213
174389 648 3.21854 0.352898
181428 606 3.20632 0.34843
175098 603 3.3996 0.327914
182305 669 3.32688 0.345537
180496 581 3.42946 0.35008
168815 607 3.06444 0.254861
169998 572 3.00913 0.217988
183763 610 3.14446 0.164833
179659 608 3.20447 0.176287
177383 527 3.17325 0.324887
182294 588 3.50074 0.335406
180307 610 3.24126 0.339511
168079 593 3.00546 0.317177
168971 551 2.98739 0.294152
161335 555 2.85544 0.219296
182781 539 3.19746 0.2213
177748 603 3.22554 0.158486
162211 585 2.82805 0.180029
154963 532 2.88079 0.137107
181881 603 3.42353 0.307905
176886 575 3.1396 0.306557
172355 601 2.89057 0.239184
177767 640 3.20938 0.364409
186877 387 3.38173 0.287049
180372 602 3.03291 0.167529
179332 659 3.12312 0.36837
180983 671 3.45691 0.233454
191333 655 3.69699 0.255597
179947 642 3.21581 0.363611
176945 607 3.30737 0.356182
178782 595 3.13562 0.213477
175827 641 3.20509 0.169483
184913 621 3.241 0.225408
179065 671 3.27808 0.367256
179432 620 2.94624 0.343091
183873 684 3.46162 0.390697
175824 570 3.11453 0.287419
149921 614 2.40219 0.181005
157530 627 2.81336 0.164759
153307 610 2.7689 0.153225
153230 621 2.60428 0.154412
156474 650 2.94228 0.226664
159357 650 2.69824 0.324381
179969 601 3.20064 0.328251
179282 619 3.36184 0.332741
173730 596 3.16455 0.304902
165436 586 3.1673 0.198795
180856 637 3.13076 0.31997
155260 594 2.55707 0.140294
156493 601 2.50081 0.164059
181244 613 3.05154 0.324676
154201 573 2.66187 0.284768
180969 632 3.0574 0.327349
181125 582 3.25085 0.169878
163464 613 2.68591 0.300345
176977 609 3.23072 0.319593
180957 597 3.09415 0.247625
166202 578 2.79089 0.215915
154682 571 2.47569 0.273486
156894 577 2.61548 0.288196
154769 538 2.73244 0.280441
180100 601 3.19944 0.333287
172683 611 3.28663 0.315466
172669 604 3.29975 0.3078
169346 570 2.54399 0.157791
174389 648 3.21854 0.315858
181428 606 3.20632 0.325094
175098 603 3.3996 0.30865
182305 669 3.32688 0.306759
180496 581 3.42946 0.188257
168815 607 3.06444 0.292283
169998 572 3.00913 0.150755
183763 610 3.14446 0.323898
179659 608 3.20447 0.217063
177383 527 3.17325 0.304944
182294 588 3.50074 0.183338
180307 610 3.24126 0.313011
168079 593 3.00546 0.292108
168971 551 2.98739 0.202085
161335 555 2.85544 0.202531
182781 539 3.19746 0.317055
177748 603 3.22554 0.15228
162211 585 2.82805 0.291026
154963 532 2.88079 0.275528
181881 603 3.42353 0.171434
176886 575 3.1396 0.316088
172355 601 2.89057 0.320976
177767 640 3.20938 0.16569
186877 387 3.38173 0.316966
180372 602 3.03291 0.326056
179332 659 3.12312 0.315262
180983 671 3.45691 0.176485
191333 655 3.69699 0.339691
179947 642 3.21581 0.313849
176945 607 3.30737 0.234148
178782 595 3.13562 0.303186
175827 641 3.20509 0.263431
184913 621 3.241 0.30638
179065 671 3.27808 0.311706
179432 620 2.94624 0.304806
183873 684 3.46162 0.167318
175824 570 3.11453 0.21651
149921 614 2.40219 0.241346
157530 627 2.81336 0.263268
153307 610 2.7689 0.252636
153230 621 2.60428 0.260217
156474 650 2.94228 0.248054
159357 650 2.69824 0.142036
382893 607 2.38012 1.70269
403050 643 2.7218 2.25959
360002 624 2.26402 2.6355
417964 667 2.8 2.83213
465784 639 2.87555 2.99537
360875 602 2.33571 2.19435
368526 551 2.35878 2.08963
349861 615 2.31362 2.29719
424691 482 2.64082 2.08813
339021 576 2.1689 1.97182
335978 571 2.24265 1.8257
433153 585 2.80413 2.36006
332962 547 2.16675 1.8139
399528 613 2.57322 2.23794
386666 608 2.53741 2.19551
383856 573 2.5344 2.49722
357230 544 2.44367 1.80206
449652 594 2.92554 2.67778
444344 606 2.66012 3.24099
414960 623 2.56883 3.2068
352741 591 2.4076 2.52843
394384 618 2.45742 2.62872
307963 561 2.00732 1.74117
351250 553 2.1648 1.80732
320682 548 2.21916 1.74095
359026 620 2.32229 2.36035
376223 601 2.44032 2.41349
438252 609 2.85442 2.51803
465518 649 3.05294 2.82051
406231 570 2.77793 2.32851
408231 577 2.75292 2.46499
372523 549 2.55334 1.81088
393802 599 2.72948 2.21009
413193 575 2.7794 2.19112
439090 546 2.90536 2.46202
463637 634 2.82518 2.75778
426557 613 2.83836 2.17506
407163 583 2.71719 2.18568
374022 548 2.44821 1.80703
378044 598 2.57986 1.65677
415910 612 2.7631 2.2694
399001 568 2.64805 2.27195
368803 529 2.69464 1.69947
407700 568 2.71063 2.15957
404929 581 2.64344 2.16214
402553 640 2.70762 2.1416
338813 551 2.30854 1.704
349335 562 2.43872 1.90442
372085 550 2.4119 1.94137
367917 525 2.42042 1.7996
402297 657 2.50662 2.27764
368286 574 2.46856 2.04282
345603 559 2.30782 1.89917
390601 569 2.51695 2.04898
307277 530 1.98424 1.65502
415685 603 2.65208 2.55751
376478 637 2.57381 2.24746
377404 583 2.54114 2.01045
391320 625 2.50094 2.08855
394159 656 2.47634 2.65338
398942 608 2.60538 2.44948
329650 423 2.2961 1.16574
431037 649 2.77412 2.47105
327323 564 2.23176 1.81144
412028 643 2.62804 2.79728
475947 634 3.06459 2.94656
447767 666 2.94067 3.04924
486395 716 3.25234 2.96689
414497 591 2.6984 2.45312
367051 592 2.50931 2.05974
442242 646 2.88675 2.75836
387424 575 2.35606 2.34767
392263 585 2.62476 2.30545
387718 670 2.51598 2.40725
365134 573 2.33633 2.06236
335961 590 2.0341 2.04448
398211 652 2.64619 2.57412
334990 538 2.15531 2.24537
393477 630 2.44864 2.51397
337377 548 2.24003 1.89883
387641 560 2.5494 2.31827
308669 557 2.10856 1.78536
360264 567 2.39554 2.23608
382482 580 2.25106 2.62574
344219 609 2.19058 2.37437
374773 630 2.31167 2.66727
382893 607 2.38012 1.2578
403050 643 2.7218 1.48648
360002 624 2.26402 1.83811
417964 667 2.8 1.98056
465784 639 2.87555 2.10062
360875 602 2.33571 1.63131
368526 551 2.35878 1.52152
349861 615 2.31362 1.51461
424691 482 2.64082 1.51925
339021 576 2.1689 1.45301
335978 571 2.24265 1.37717
433153 585 2.80413 1.73155
332962 547 2.16675 1.38991
399528 613 2.57322 1.69306
386666 608 2.53741 1.51978
383856 573 2.5344 1.79835
357230 544 2.44367 1.30704
449652 594 2.92554 1.98485
444344 606 2.66012 2.16676
414960 623 2.56883 2.11122
352741 591 2.4076 1.89422
394384 618 2.45742 1.81626
307963 561 2.00732 1.25273
351250 553 2.1648 1.31896
320682 548 2.21916 1.35557
359026 620 2.32229 1.60727
376223 601 2.44032 1.87162
438252 609 2.85442 1.90337
465518 649 3.05294 2.06819
406231 570 2.77793 1.74783
408231 577 2.75292 1.77351
372523 549 2.55334 1.44723
393802 599 2.72948 1.68829
413193 575 2.7794 1.69156
439090 546 2.90536 1.90761
463637 634 2.82518 1.96843
426557 613 2.83836 1.57609
407163 583 2.71719 1.54544
374022 548 2.44821 1.34198
378044 598 2.57986 1.43523
415910 612 2.7631 1.80006
399001 568 2.64805 1.67773
368803 529 2.69464 1.36889
407700 568 2.71063 1.5502
404929 581 2.64344 1.5771
402553 640 2.70762 1.5732
338813 551 2.30854 1.27431
349335 562 2.43872 1.4502
372085 550 2.4119 1.43014
367917 525 2.42042 1.35968
402297 657 2.50662 1.74723
368286 574 2.46856 1.45418
345603 559 2.30782 1.43101
390601 569 2.51695 1.60015
307277 530 1.98424 1.36821
415685 603 2.65208 1.96974
376478 637 2.57381 1.60796
377404 583 2.54114 1.54824
391320 625 2.50094 1.71295
394159 656 2.47634 1.82476
398942 608 2.60538 1.73601
329650 423 2.2961 0.977709
431037 649 2.77412 1.83306
327323 564 2.23176 1.34123
412028 643 2.62804 2.074
475947 634 3.06459 1.99478
447767 666 2.94067 2.01477
486395 716 3.25234 2.08783
414497 591 2.6984 1.893
367051 592 2.50931 1.53043
442242 646 2.88675 1.97448
387424 575 2.35606 1.75003
392263 585 2.62476 1.71524
387718 670 2.51598 1.88303
365134 573 2.33633 1.45145
335961 590 2.0341 1.57554
398211 652 2.64619 1.89068
334990 538 2.15531 1.62419
393477 630 2.44864 1.74289
337377 548 2.24003 1.41431
387641 560 2.5494 1.73094
308669 557 2.10856 1.27924
360264 567 2.39554 1.62647
382482 580 2.25106 1.87063
344219 609 2.19058 1.84528
374773 630 2.31167 1.7937
382893 607 2.38012 1.32009
403050 643 2.7218 1.48712
360002 624 2.26402 1.77391
417964 667 2.8 1.82057
465784 639 2.87555 2.01593
360875 602 2.33571 1.44692
368526 551 2.35878 1.17443
349861 615 2.31362 1.59584
424691 482 2.64082 1.48568
339021 576 2.1689 1.35087
335978 571 2.24265 1.34389
433153 585 2.80413 1.6985
332962 547 2.16675 1.16903
399528 613 2.57322 1.63479
386666 608 2.53741 1.55272
383856 573 2.5344 1.79966
357230 544 2.44367 1.20454
449652 594 2.92554 1.96187
444344 606 2.66012 2.08531
414960 623 2.56883 2.16766
352741 591 2.4076 1.72759
394384 618 2.45742 1.83526
307963 561 2.00732 1.26287
351250 553 2.1648 1.30713
320682 548 2.21916 1.09573
359026 620 2.32229 1.47645
376223 601 2.44032 1.72625
438252 609 2.85442 1.64009
465518 649 3.05294 1.80739
406231 570 2.77793 1.54806
408231 577 2.75292 1.65717
372523 549 2.55334 1.33987
393802 599 2.72948 1.63527
413193 575 2.7794 1.43598
439090 546 2.90536 1.69336
463637 634 2.82518 1.76428
426557 613 2.83836 1.48339
407163 583 2.71719 1.43336
374022 548 2.44821 1.27048
378044 598 2.57986 1.25707
415910 612 2.7631 1.59479
399001 568 2.64805 1.45889
368803 529 2.69464 1.23606
407700 568 2.71063 1.55149
404929 581 2.64344 1.49492
402553 640 2.70762 1.28593
338813 551 2.30854 1.25837
349335 562 2.43872 1.21331
372085 550 2.4119 1.25611
367917 525 2.42042 1.22981
402297 657 2.50662 1.48535
368286 574 2.46856 1.39457
345603 559 2.30782 1.32084
390601 569 2.51695 1.30711
307277 530 1.98424 1.24951
415685 603 2.65208 1.68383
376478 637 2.57381 1.59438
377404 583 2.54114 1.40459
391320 625 2.50094 1.44122
394159 656 2.47634 1.6749
398942 608 2.60538 1.5892
329650 423 2.2961 0.762755
431037 649 2.77412 1.69803
327323 564 2.23176 1.14278
412028 643 2.62804 1.74658
475947 634 3.06459 1.97419
447767 666 2.94067 2.03936
486395 716 3.25234 1.90992
414497 591 2.6984 1.68887
367051 592 2.50931 1.38351
442242 646 2.88675 1.96563
387424 575 2.35606 1.63952
392263 585 2.62476 1.46768
387718 670 2.51598 1.70626
365134 573 2.33633 1.39948
335961 590 2.0341 1.3959
398211 652 2.64619 1.74132
334990 538 2.15531 1.49758
393477 630 2.44864 1.78797
337377 548 2.24003 1.38535
387641 560 2.5494 1.67408
308669 557 2.10856 1.26679
360264 567 2.39554 1.57912
382482 580 2.25106 1.77203
344219 609 2.19058 1.59642
374773 630 2.31167 1.79514
382893 607 2.38012 0.671338
403050 643 2.7218 0.604275
360002 624 2.26402 0.522618
417964 667 2.8 0.676595
465784 639 2.87555 0.843801
360875 602 2.33571 0.60784
368526 551 2.35878 0.497616
349861 615 2.31362 0.584154
424691 482 2.64082 0.583532
339021 576 2.1689 0.568411
335978 571 2.24265 0.565718
433153 585 2.80413 0.738476
332962 547 2.16675 0.433839
399528 613 2.57322 0.50291
386666 608 2.53741 0.490783
383856 573 2.5344 0.639409
357230 544 2.44367 0.605813
449652 594 2.92554 0.647168
444344 606 2.66012 0.648596
414960 623 2.56883 0.842372
352741 591 2.4076 0.604612
394384 618 2.45742 0.566956
307963 561 2.00732 0.511583
351250 553 2.1648 0.597388
320682 548 2.21916 0.369213
359026 620 2.32229 0.494075
376223 601 2.44032 0.639529
438252 609 2.85442 0.724578
465518 649 3.05294 0.803919
406231 570 2.77793 0.693487
408231 577 2.75292 0.690648
372523 549 2.55334 0.619891
393802 599 2.72948 0.662438
413193 575 2.7794 0.528561
439090 546 2.90536 0.657885
463637 634 2.82518 0.933505
426557 613 2.83836 0.73549
407163 583 2.71719 0.692196
374022 548 2.44821 0.62795
378044 598 2.57986 0.624744
415910 612 2.7631 0.628448
399001 568 2.64805 0.672933
368803 529 2.69464 0.617973
407700 568 2.71063 0.682078
404929 581 2.64344 0.679835
402553 640 2.70762 0.489757
338813 551 2.30854 0.461774
349335 562 2.43872 0.400332
372085 550 2.4119 0.47192
367917 525 2.42042 0.469088
402297 657 2.50662 0.548378
368286 574 2.46856 0.558118
345603 559 2.30782 0.500162
390601 569 2.51695 0.523133
307277 530 1.98424 0.376301
415685 603 2.65208 0.543111
376478 637 2.57381 0.653797
377404 583 2.54114 0.505019
391320 625 2.50094 0.508309
394159 656 2.47634 0.498516
398942 608 2.60538 0.789169
329650 423 2.2961 0.4455
431037 649 2.77412 0.754813
327323 564 2.23176 0.426307
412028 643 2.62804 0.698286
475947 634 3.06459 0.833727
447767 666 2.94067 0.674441
486395 716 3.25234 0.780609
414497 591 2.6984 0.707554
367051 592 2.50931 0.465452
442242 646 2.88675 0.775496
387424 575 2.35606 0.567882
392263 585 2.62476 0.526233
387718 670 2.51598 0.505825
365134 573 2.33633 0.464813
335961 590 2.0341 0.572689
398211 652 2.64619 0.67692
334990 538 2.15531 0.390041
393477 630 2.44864 0.506453
337377 548 2.24003 0.565277
387641 560 2.5494 0.520198
308669 557 2.10856 0.529719
360264 567 2.39554 0.471688
382482 580 2.25106 0.641896
344219 609 2.19058 0.587413
374773 630 2.31167 0.627491
382893 607 2.38012 0.521796
403050 643 2.7218 0.605608
360002 624 2.26402 0.413741
417964 667 2.8 0.573482
465784 639 2.87555 0.824414
360875 602 2.33571 0.467951
368526 551 2.35878 0.589187
349861 615 2.31362 0.627727
424691 482 2.64082 0.608764
339021 576 2.1689 0.502446
335978 571 2.24265 0.596261
433153 585 2.80413 0.602341
332962 547 2.16675 0.599977
399528 613 2.57322 0.795747
386666 608 2.53741 0.706061
383856 573 2.5344 0.694485
357230 544 2.44367 0.633948
449652 594 2.92554 0.805097
444344 606 2.66012 0.793268
414960 623 2.56883 0.627619
352741 591 2.4076 0.425123
394384 618 2.45742 0.79112
307963 561 2.00732 0.448279
351250 553 2.1648 0.536175
320682 548 2.21916 0.562691
359026 620 2.32229 0.500198
376223 601 2.44032 0.671339
438252 609 2.85442 0.619125
465518 649 3.05294 0.63106
406231 570 2.77793 0.726439
408231 577 2.75292 0.638194
372523 549 2.55334 0.666167
393802 599 2.72948 0.548519
413193 575 2.7794 0.634553
439090 546 2.90536 0.6578
463637 634 2.82518 0.714737
426557 613 2.83836 0.665919
407163 583 2.71719 0.630405
374022 548 2.44821 0.663687
378044 598 2.57986 0.380861
415910 612 2.7631 0.575156
399001 568 2.64805 0.58178
368803 529 2.69464 0.575439
407700 568 2.71063 0.528124
404929 581 2.64344 0.777925
402553 640 2.70762 0.708836
338813 551 2.30854 0.464242
349335 562 2.43872 0.627672
372085 550 2.4119 0.660504
367917 525 2.42042 0.483943
402297 657 2.50662 0.601417
368286 574 2.46856 0.637521
345603 559 2.30782 0.452913
390601 569 2.51695 0.591759
307277 530 1.98424 0.413286
415685 603 2.65208 0.655449
376478 637 2.57381 0.517126
377404 583 2.54114 0.494926
391320 625 2.50094 0.613707
394159 656 2.47634 0.559645
398942 608 2.60538 0.570037
329650 423 2.2961 0.465241
431037 649 2.77412 0.698444
327323 564 2.23176 0.587134
412028 643 2.62804 0.755208
475947 634 3.06459 0.776326
447767 666 2.94067 0.674696
486395 716 3.25234 0.768236
414497 591 2.6984 0.625863
367051 592 2.50931 0.728799
442242 646 2.88675 0.651889
387424 575 2.35606 0.505716
392263 585 2.62476 0.592659
387718 670 2.51598 0.502093
365134 573 2.33633 0.498247
335961 590 2.0341 0.652919
398211 652 2.64619 0.577571
334990 538 2.15531 0.451351
393477 630 2.44864 0.512702
337377 548 2.24003 0.48806
387641 560 2.5494 0.688797
308669 557 2.10856 0.379723
360264 567 2.39554 0.484212
382482 580 2.25106 0.584081
344219 609 2.19058 0.507753
374773 630 2.31167 0.491253
698683 620 3.51367 0.66206
724192 690 3.18923 0.972445
630549 664 3.62567 0.662191
649674 657 2.3312 0.761053
585903 622 3.37044 1.04894
503828 572 2.98792 0.45526
599071 668 1.34658 1.05342
548863 496 3.61379 0.371108
564007 600 3.05084 0.516618
398179 618 1.97546 0.62945
516411 630 2.73457 0.79376
615224 619 3.4942 0.955255
410323 620 2.30219 0.938625
593620 624 2.99725 0.886251
454596 557 2.41896 0.529782
434680 570 2.40593 0.481974
671489 623 1.37189 0.642455
474366 634 1.06717 0.361783
441074 605 1.00539 0.790701
549980 614 2.09707 1.03872
592253 581 1.77788 0.856396
349864 592 1.96239 0.586973
356296 571 2.10377 0.536239
494784 586 2.85627 0.885693
396940 577 2.66267 0.289305
601786 601 3.66341 0.41146
623808 664 3.53119 0.930107
484986 591 1.46676 0.714862
557892 608 2.50733 0.82236
721122 639 3.33822 0.958051
640144 631 1.5473 0.900724
636015 614 3.14463 0.795877
486991 604 3.16668 0.547997
711745 583 3.4558 1.14407
644991 602 2.02686 0.502833
640591 604 3.4898 0.567206
608359 590 3.09671 0.449223
606619 581 3.45122 0.69443
592340 622 3.01392 1.32437
604826 605 3.39693 0.479775
658365 631 3.24404 0.506381
709232 591 3.4336 0.81081
607262 599 2.55135 0.787701
540080 594 2.83257 0.750306
609067 562 3.04079 0.753844
452610 675 2.54595 0.472917
448658 591 2.36418 0.408333
619775 588 3.2436 1.15591
667680 611 3.24637 0.720022
547003 564 2.97395 0.411757
630680 640 3.26994 0.585543
411749 660 1.02373 0.619703
475897 636 1.4152 0.730445
549788 673 1.1767 0.884232
567017 462 2.98392 0.879772
543227 639 2.85221 0.900307
493204 597 2.8596 0.659253
492276 635 2.70136 0.776095
545100 683 2.87371 0.365437
600266 685 3.07458 0.937988
648616 735 1.47139 1.08732
753783 683 1.60331 0.546063
770704 671 1.54836 1.38457
577399 634 3.05864 0.409133
443220 591 2.34707 0.779672
542219 692 2.74926 0.915961
510567 651 2.68834 0.824293
561267 629 1.49076 0.673391
416316 620 0.953782 0.349667
412123 685 2.36663 0.503121
500699 590 3.06949 0.665414
779337 647 3.13208 1.4064
365899 561 2.12996 0.310779
451434 594 2.39941 0.805552
730435 613 3.38545 1.30821
660899 638 2.5598 0.505465
710252 636 3.35646 0.496268
673969 670 1.37299 1.30907
776858 636 2.11521 0.561
698683 620 3.51367 1.58906
724192 690 3.18923 1.62345
630549 664 3.62567 1.39468
649674 657 2.3312 1.41131
585903 622 3.37044 1.60429
503828 572 2.98792 1.23191
599071 668 1.34658 1.46355
548863 496 3.61379 0.878783
564007 600 3.05084 1.40117
398179 618 1.97546 0.932276
516411 630 2.73457 1.10154
615224 619 3.4942 1.35509
410323 620 2.30219 0.854947
593620 624 2.99725 1.77407
454596 557 2.41896 1.0114
434680 570 2.40593 1.03844
671489 623 1.37189 1.77752
474366 634 1.06717 1.1848
441074 605 1.00539 1.10438
549980 614 2.09707 1.60795
592253 581 1.77788 1.60305
349864 592 1.96239 0.767603
356296 571 2.10377 0.979275
494784 586 2.85627 1.00705
396940 577 2.66267 1.0023
601786 601 3.66341 1.31788
623808 664 3.53119 1.67294
484986 591 1.46676 0.959463
557892 608 2.50733 1.14523
721122 639 3.33822 1.84613
640144 631 1.5473 1.75128
636015 614 3.14463 1.45045
486991 604 3.16668 1.09409
711745 583 3.4558 1.20073
644991 602 2.02686 1.51154
640591 604 3.4898 1.83849
608359 590 3.09671 1.59719
606619 581 3.45122 1.62343
592340 622 3.01392 1.50375
604826 605 3.39693 1.7338
658365 631 3.24404 1.57041
709232 591 3.4336 1.20524
607262 599 2.55135 1.37925
540080 594 2.83257 1.32894
609067 562 3.04079 1.11842
452610 675 2.54595 0.869235
448658 591 2.36418 1.3783
619775 588 3.2436 1.61012
667680 611 3.24637 1.40833
547003 564 2.97395 0.975857
630680 640 3.26994 1.61719
411749 660 1.02373 1.01149
475897 636 1.4152 0.85499
549788 673 1.1767 1.38496
567017 462 2.98392 1.10439
543227 639 2.85221 1.24832
493204 597 2.8596 1.1773
492276 635 2.70136 1.3287
545100 683 2.87371 1.48799
600266 685 3.07458 1.30908
648616 735 1.47139 1.40852
753783 683 1.60331 1.53668
770704 671 1.54836 2.38995
577399 634 3.05864 1.21354
443220 591 2.34707 0.884216
542219 692 2.74926 1.11582
510567 651 2.68834 0.943001
561267 629 1.49076 1.54812
416316 620 0.953782 1.12508
412123 685 2.36663 1.00149
500699 590 3.06949 1.33456
779337 647 3.13208 2.29062
365899 561 2.12996 0.827348
451434 594 2.39941 0.980371
730435 613 3.38545 2.02408
660899 638 2.5598 1.46146
710252 636 3.35646 1.39718
673969 670 1.37299 1.73837
776858 636 2.11521 2.16291
698683 620 3.51367 2.75207
724192 690 3.18923 3.67062
630549 664 3.62567 2.85325
649674 657 2.3312 2.91619
585903 622 3.37044 2.66105
503828 572 2.98792 1.73947
599071 668 1.34658 2.705
548863 496 3.61379 0.733112
564007 600 3.05084 1.01984
398179 618 1.97546 0.652529
516411 630 2.73457 1.12575
615224 619 3.4942 1.70112
410323 620 2.30219 0.54892
593620 624 2.99725 2.36258
454596 557 2.41896 1.56228
434680 570 2.40593 1.65159
671489 623 1.37189 2.17664
474366 634 1.06717 0.889154
441074 605 1.00539 1.32076
549980 614 2.09707 2.13427
592253 581 1.77788 2.26109
349864 592 1.96239 1.07214
356296 571 2.10377 1.24123
494784 586 2.85627 1.28121
396940 577 2.66267 1.27759
601786 601 3.66341 2.01075
623808 664 3.53119 2.06571
484986 591 1.46676 1.48083
557892 608 2.50733 2.24612
721122 639 3.33822 2.91129
640144 631 1.5473 1.32375
636015 614 3.14463 1.10828
486991 604 3.16668 0.696421
711745 583 3.4558 1.35022
644991 602 2.02686 0.973461
640591 604 3.4898 2.65913
608359 590 3.09671 2.57805
606619 581 3.45122 2.52431
592340 622 3.01392 0.998106
604826 605 3.39693 0.99288
658365 631 3.24404 1.0361
709232 591 3.4336 1.0178
607262 599 2.55135 0.969356
540080 594 2.83257 0.739862
609067 562 3.04079 0.87368
452610 675 2.54595 0.741322
448658 591 2.36418 0.816057
619775 588 3.2436 0.995362
667680 611 3.24637 1.03668
547003 564 2.97395 0.848076
630680 640 3.26994 1.99112
411749 660 1.02373 1.82376
475897 636 1.4152 1.86777
549788 673 1.1767 2.10523
567017 462 2.98392 0.743167
543227 639 2.85221 1.85088
493204 597 2.8596 1.65638
492276 635 2.70136 1.57286
545100 683 2.87371 2.41757
600266 685 3.07458 2.90635
648616 735 1.47139 2.60015
753783 683 1.60331 2.92676
770704 671 1.54836 3.43805
577399 634 3.05864 2.38803
443220 591 2.34707 1.71448
542219 692 2.74926 2.34931
510567 651 2.68834 1.75583
561267 629 1.49076 2.79801
416316 620 0.953782 1.783
412123 685 2.36663 1.75735
500699 590 3.06949 2.54907
779337 647 3.13208 4.06549
365899 561 2.12996 1.43531
451434 594 2.39941 1.7929
730435 613 3.38545 3.25753
660899 638 2.5598 2.10241
710252 636 3.35646 1.22762
673969 670 1.37299 1.31773
776858 636 2.11521 1.23052
698683 620 3.51367 4.44055
724192 690 3.18923 5.85748
630549 664 3.62567 4.53356
649674 657 2.3312 1.83413
585903 622 3.37044 1.47112
503828 572 2.98792 1.03612
599071 668 1.34658 1.70684
548863 496 3.61379 1.04364
564007 600 3.05084 3.04685
398179 618 1.97546 2.52908
516411 630 2.73457 1.17043
615224 619 3.4942 1.54142
410323 620 2.30219 0.795004
593620 624 2.99725 3.85705
454596 557 2.41896 2.16864
434680 570 2.40593 2.25358
671489 623 1.37189 4.21388
474366 634 1.06717 3.08293
441074 605 1.00539 2.91007
549980 614 2.09707 3.4051
592253 581 1.77788 3.21403
349864 592 1.96239 1.75915
356296 571 2.10377 2.01468
494784 586 2.85627 1.32269
396940 577 2.66267 0.875047
601786 601 3.66341 1.21927
623808 664 3.53119 1.53424
484986 591 1.46676 1.05879
557892 608 2.50733 1.34703
721122 639 3.33822 2.54422
640144 631 1.5473 1.49279
636015 614 3.14463 1.44494
486991 604 3.16668 0.971573
711745 583 3.4558 2.98867
644991 602 2.02686 1.37501
640591 604 3.4898 3.21406
608359 590 3.09671 1.30828
606619 581 3.45122 1.43323
592340 622 3.01392 1.47142
604826 605 3.39693 2.49055
658365 631 3.24404 2.95876
709232 591 3.4336 4.3775
607262 599 2.55135 3.5795
540080 594 2.83257 2.91248
609067 562 3.04079 3.34144
452610 675 2.54595 2.39819
448658 591 2.36418 2.60804
619775 588 3.2436 3.43849
667680 611 3.24637 3.33444
547003 564 2.97395 2.95646
630680 640 3.26994 4.199
411749 660 1.02373 2.34477
475897 636 1.4152 2.04692
549788 673 1.1767 3.42217
567017 462 2.98392 2.16238
543227 639 2.85221 3.10057
493204 597 2.8596 2.86194
492276 635 2.70136 2.8136
545100 683 2.87371 3.63334
600266 685 3.07458 3.85025
648616 735 1.47139 3.93548
753783 683 1.60331 5.26298
770704 671 1.54836 5.92622
577399 634 3.05864 3.97625
443220 591 2.34707 2.82096
542219 692 2.74926 4.02063
510567 651 2.68834 2.77947
561267 629 1.49076 3.92479
416316 620 0.953782 2.11971
412123 685 2.36663 2.64958
500699 590 3.06949 3.76669
779337 647 3.13208 5.95258
365899 561 2.12996 2.11239
451434 594 2.39941 2.62375
730435 613 3.38545 4.20881
660899 638 2.5598 4.6496
710252 636 3.35646 4.70634
673969 670 1.37299 4.79072
776858 636 2.11521 4.98624
698683 620 3.51367 1.12992
724192 690 3.18923 0.510251
630549 664 3.62567 1.13857
649674 657 2.3312 1.17291
585903 622 3.37044 1.36495
503828 572 2.98792 0.887965
599071 668 1.34658 0.426405
548863 496 3.61379 0.941046
564007 600 3.05084 0.992672
398179 618 1.97546 0.279958
516411 630 2.73457 0.7942
615224 619 3.4942 0.994997
410323 620 2.30219 0.627914
593620 624 2.99725 0.9193
454596 557 2.41896 0.690077
434680 570 2.40593 0.680212
671489 623 1.37189 1.46592
474366 634 1.06717 0.32127
441074 605 1.00539 0.300582
549980 614 2.09707 0.989442
592253 581 1.77788 0.42902
349864 592 1.96239 0.554082
356296 571 2.10377 0.542791
494784 586 2.85627 0.763062
396940 577 2.66267 0.71003
601786 601 3.66341 1.07938
623808 664 3.53119 0.977596
484986 591 1.46676 0.336546
557892 608 2.50733 1.29474
721122 639 3.33822 1.09534
640144 631 1.5473 0.444063
636015 614 3.14463 0.991237
486991 604 3.16668 0.747116
711745 583 3.4558 1.13508
644991 602 2.02686 0.9903
640591 604 3.4898 0.982008
608359 590 3.09671 0.935349
606619 581 3.45122 0.948061
592340 622 3.01392 0.898775
604826 605 3.39693 0.883014
658365 631 3.24404 1.02717
709232 591 3.4336 0.931428
607262 599 2.55135 0.422808
540080 594 2.83257 0.816983
609067 562 3.04079 0.963508
452610 675 2.54595 0.524596
448658 591 2.36418 0.69622
619775 588 3.2436 0.967529
667680 611 3.24637 1.01733
547003 564 2.97395 0.82109
630680 640 3.26994 0.983619
411749 660 1.02373 0.272839
475897 636 1.4152 0.46688
549788 673 1.1767 0.396231
567017 462 2.98392 0.919584
543227 639 2.85221 0.850834
493204 597 2.8596 0.770412
492276 635 2.70136 0.7558
545100 683 2.87371 0.830541
600266 685 3.07458 1.16867
648616 735 1.47139 0.468097
753783 683 1.60331 0.540042
770704 671 1.54836 0.548491
577399 634 3.05864 0.886622
443220 591 2.34707 0.628035
542219 692 2.74926 0.847222
510567 651 2.68834 0.810352
561267 629 1.49076 0.370602
416316 620 0.953782 0.280154
412123 685 2.36663 0.745385
500699 590 3.06949 0.341199
779337 647 3.13208 0.549412
365899 561 2.12996 0.797878
451434 594 2.39941 0.651929
730435 613 3.38545 1.34393
660899 638 2.5598 1.13206
710252 636 3.35646 0.549347
673969 670 1.37299 0.698938
776858 636 2.11521 0.949489
628409 957 4.92165 2.27512
536942 925 4.59106 2.20637
555420 1128 5.44622 2.5778
554155 1169 5.2463 2.44325
526012 1099 5.2976 2.25612
545801 1057 5.3278 2.18893
504674 998 4.63129 1.78711
523629 1109 5.18514 2.53746
523173 1032 5.2465 1.8346
616680 945 5.82753 1.84758
518494 1020 4.61549 2.27812
462484 932 4.34828 1.81419
560430 898 4.82467 2.31089
458473 905 4.32777 1.78144
547806 952 5.02887 2.08127
580150 1018 5.10225 2.31282
514036 1054 4.79883 2.27931
502669 1012 4.85399 1.891
535120 892 4.42268 2.06399
535196 992 4.95101 2.3733
572348 909 4.54325 3.17501
506191 1022 5.0249 2.30254
511456 873 4.38849 2.29711
442011 915 3.97635 1.90648
466377 793 3.8273 1.83436
484949 746 4.03788 1.85325
472924 784 3.86511 1.91361
512346 873 4.50236 2.55993
574968 998 5.10393 2.11278
570567 911 4.63778 2.18341
530186 785 4.38751 2.04286
568957 884 4.86672 2.41181
560999 783 4.21665 2.22585
572563 780 4.49832 2.25693
510976 828 4.29335 1.89023
659824 801 4.83953 2.88686
555029 935 4.69574 2.11886
541854 940 4.85918 1.89608
535636 983 4.85215 2.00779
510649 959 4.6734 1.85395
550674 911 4.77854 2.01429
325795 1066 4.6128 0.79659
462857 641 3.4713 1.86551
562096 585 3.96088 2.10128
499209 628 3.69606 1.96655
502466 642 3.78432 2.01343
567234 635 4.00004 2.37322
466994 664 3.69154 1.69649
430604 586 3.26168 1.7212
465347 574 3.52817 1.74967
437366 616 3.15804 1.62232
518434 559 3.81324 1.88017
509779 692 3.83318 2.35679
476066 648 3.5381 2.13068
442558 579 3.5119 1.76006
415407 615 3.24377 1.65647
415933 585 3.14749 1.71041
576413 646 3.96996 2.72862
481972 700 4.00507 2.21881
528352 615 3.90423 2.22118
499563 684 3.71575 2.1657
488447 672 3.643 2.17478
501947 678 3.88441 2.23072
457596 453 3.56266 1.49345
468482 638 3.57583 1.99863
485223 658 3.56511 2.24631
485361 706 3.54714 2.43666
507680 706 3.84863 2.32677
480487 676 3.66006 2.17972
571929 776 4.4018 2.81156
522178 664 3.6441 2.72142
495607 692 3.72607 2.34252
474582 646 3.5742 2.0668
502605 654 3.71535 2.2544
467594 681 3.61545 1.96669
492110 693 3.68591 2.06515
446818 672 3.38707 2.10829
472148 658 3.56646 1.85973
514395 740 3.83771 2.40027
472286 583 3.35972 2.04829
500004 683 3.71407 2.32823
452901 585 3.55668 1.84577
561052 636 3.57165 2.42437
413635 635 3.27974 1.68998
476782 672 3.58426 2.032
453507 653 3.33351 2.03739
446360 657 3.31921 2.02149
459467 660 3.58773 1.96616
628409 957 4.92165 2.89202
536942 925 4.59106 2.71904
555420 1128 5.44622 3.24181
554155 1169 5.2463 3.07609
526012 1099 5.2976 2.81645
545801 1057 5.3278 2.59449
504674 998 4.63129 2.27449
523629 1109 5.18514 2.93072
523173 1032 5.2465 2.18984
616680 945 5.82753 2.22543
518494 1020 4.61549 3.08508
462484 932 4.34828 2.18168
560430 898 4.82467 3.0074
458473 905 4.32777 2.25442
547806 952 5.02887 2.48364
580150 1018 5.10225 2.95923
514036 1054 4.79883 2.77314
502669 1012 4.85399 2.51763
535120 892 4.42268 2.65159
535196 992 4.95101 2.94444
572348 909 4.54325 3.52599
506191 1022 5.0249 2.71427
511456 873 4.38849 2.73726
442011 915 3.97635 2.37618
466377 793 3.8273 2.20974
484949 746 4.03788 2.39531
472924 784 3.86511 2.42367
512346 873 4.50236 2.8641
574968 998 5.10393 2.68585
570567 911 4.63778 2.71151
530186 785 4.38751 2.53579
568957 884 4.86672 2.94542
560999 783 4.21665 2.63912
572563 780 4.49832 2.85396
510976 828 4.29335 2.63254
659824 801 4.83953 3.41351
555029 935 4.69574 2.6123
541854 940 4.85918 2.35978
535636 983 4.85215 2.49917
510649 959 4.6734 2.32217
550674 911 4.77854 2.58254
325795 1066 4.6128 0.988577
462857 641 3.4713 2.30598
562096 585 3.96088 2.77962
499209 628 3.69606 2.39231
502466 642 3.78432 2.45584
567234 635 4.00004 2.95363
466994 664 3.69154 2.1742
430604 586 3.26168 2.23706
465347 574 3.52817 2.16037
437366 616 3.15804 1.9643
518434 559 3.81324 2.40828
509779 692 3.83318 2.74272
476066 648 3.5381 2.51118
442558 579 3.5119 2.41182
415407 615 3.24377 2.15844
415933 585 3.14749 2.15259
576413 646 3.96996 3.39433
481972 700 4.00507 2.70562
528352 615 3.90423 2.67037
499563 684 3.71575 2.56748
488447 672 3.643 2.65461
501947 678 3.88441 2.5886
457596 453 3.56266 1.61109
468482 638 3.57583 2.52064
485223 658 3.56511 2.78618
485361 706 3.54714 3.01566
507680 706 3.84863 2.9085
480487 676 3.66006 2.64708
571929 776 4.4018 3.3946
522178 664 3.6441 3.30328
495607 692 3.72607 2.9004
474582 646 3.5742 2.66755
502605 654 3.71535 2.85869
467594 681 3.61545 2.52939
492110 693 3.68591 2.65244
446818 672 3.38707 2.7202
472148 658 3.56646 2.37538
514395 740 3.83771 3.05431
472286 583 3.35972 2.55659
500004 683 3.71407 2.92005
452901 585 3.55668 2.32261
561052 636 3.57165 2.99289
413635 635 3.27974 1.97464
476782 672 3.58426 2.61952
453507 653 3.33351 2.74613
446360 657 3.31921 2.55059
459467 660 3.58773 2.40421
628409 957 4.92165 1.33246
536942 925 4.59106 1.14583
555420 1128 5.44622 1.26529
554155 1169 5.2463 1.19805
526012 1099 5.2976 1.07375
545801 1057 5.3278 1.19471
504674 998 4.63129 0.988196
523629 1109 5.18514 1.07954
523173 1032 5.2465 1.06782
616680 945 5.82753 1.25533
518494 1020 4.61549 1.1116
462484 932 4.34828 0.909626
560430 898 4.82467 1.10585
458473 905 4.32777 0.954062
547806 952 5.02887 1.10526
580150 1018 5.10225 1.18215
514036 1054 4.79883 1.0466
502669 1012 4.85399 1.04107
535120 892 4.42268 1.20063
535196 992 4.95101 1.08542
572348 909 4.54325 1.19989
506191 1022 5.0249 1.00123
511456 873 4.38849 1.00015
442011 915 3.97635 1.02468
466377 793 3.8273 0.945918
484949 746 4.03788 0.923262
472924 784 3.86511 0.949373
512346 873 4.50236 1.16222
574968 998 5.10393 1.1489
570567 911 4.63778 1.12604
530186 785 4.38751 1.02139
568957 884 4.86672 1.09504
560999 783 4.21665 1.07522
572563 780 4.49832 1.15028
510976 828 4.29335 1.12811
659824 801 4.83953 1.33914
555029 935 4.69574 1.25802
541854 940 4.85918 1.13295
535636 983 4.85215 1.27082
510649 959 4.6734 1.00289
550674 911 4.77854 1.04594
325795 1066 4.6128 0.712452
462857 641 3.4713 0.992783
562096 585 3.96088 1.11565
499209 628 3.69606 0.993618
502466 642 3.78432 1.00567
567234 635 4.00004 1.1749
466994 664 3.69154 0.925461
430604 586 3.26168 0.823049
465347 574 3.52817 0.892838
437366 616 3.15804 0.966014
518434 559 3.81324 1.00334
509779 692 3.83318 0.995405
476066 648 3.5381 0.928525
442558 579 3.5119 0.832192
415407 615 3.24377 0.78994
415933 585 3.14749 1.02493
576413 646 3.96996 1.08116
481972 700 4.00507 0.940538
528352 615 3.90423 1.06584
499563 684 3.71575 0.942926
488447 672 3.643 0.924876
501947 678 3.88441 1.04936
457596 453 3.56266 0.862369
468482 638 3.57583 0.990947
485223 658 3.56511 0.918519
485361 706 3.54714 0.940214
507680 706 3.84863 0.979405
480487 676 3.66006 1.05209
571929 776 4.4018 1.15196
522178 664 3.6441 1.04045
495607 692 3.72607 0.949155
474582 646 3.5742 1.02158
502605 654 3.71535 0.977089
467594 681 3.61545 0.911567
492110 693 3.68591 0.960341
446818 672 3.38707 0.854776
472148 658 3.56646 1.06255
514395 740 3.83771 1.01626
472286 583 3.35972 0.87753
500004 683 3.71407 0.958
452901 585 3.55668 0.887915
561052 636 3.57165 1.20733
413635 635 3.27974 0.790043
476782 672 3.58426 0.937964
453507 653 3.33351 0.865384
446360 657 3.31921 0.89551
459467 660 3.58773 1.01264
628409 957 4.92165 3.35349
536942 925 4.59106 3.14339
555420 1128 5.44622 3.77178
554155 1169 5.2463 3.55139
526012 1099 5.2976 3.17834
545801 1057 5.3278 3.08391
504674 998 4.63129 2.59512
523629 1109 5.18514 3.39717
523173 1032 5.2465 2.49523
616680 945 5.82753 2.50791
518494 1020 4.61549 3.31226
462484 932 4.34828 2.59557
560430 898 4.82467 3.32236
458473 905 4.32777 2.54856
547806 952 5.02887 2.7932
580150 1018 5.10225 3.35668
514036 1054 4.79883 3.26102
502669 1012 4.85399 2.6958
535120 892 4.42268 2.92889
535196 992 4.95101 3.39453
572348 909 4.54325 4.35867
506191 1022 5.0249 3.26293
511456 873 4.38849 3.30853
442011 915 3.97635 2.56349
466377 793 3.8273 2.58076
484949 746 4.03788 2.7242
472924 784 3.86511 2.73785
512346 873 4.50236 3.60844
574968 998 5.10393 2.96935
570567 911 4.63778 3.09513
530186 785 4.38751 2.85413
568957 884 4.86672 3.47466
560999 783 4.21665 3.08295
572563 780 4.49832 3.24041
510976 828 4.29335 2.7254
659824 801 4.83953 4.02214
555029 935 4.69574 3.00432
541854 940 4.85918 2.61996
535636 983 4.85215 2.77555
510649 959 4.6734 2.608
550674 911 4.77854 2.82337
325795 1066 4.6128 1.04853
462857 641 3.4713 2.71247
562096 585 3.96088 2.99677
499209 628 3.69606 2.86918
502466 642 3.78432 3.04619
567234 635 4.00004 3.43625
466994 664 3.69154 2.39453
430604 586 3.26168 2.42067
465347 574 3.52817 2.44955
437366 616 3.15804 2.29496
518434 559 3.81324 2.6444
509779 692 3.83318 3.41343
476066 648 3.5381 3.03874
442558 579 3.5119 2.47907
415407 615 3.24377 2.31754
415933 585 3.14749 2.44491
576413 646 3.96996 3.93591
481972 700 4.00507 3.12657
528352 615 3.90423 3.26288
499563 684 3.71575 3.21971
488447 672 3.643 3.18759
501947 678 3.88441 3.29754
457596 453 3.56266 1.82672
468482 638 3.57583 3.01406
485223 658 3.56511 3.7051
485361 706 3.54714 3.00079
507680 706 3.84863 3.02497
480487 676 3.66006 2.55874
571929 776 4.4018 3.7442
522178 664 3.6441 3.6832
495607 692 3.72607 3.16589
474582 646 3.5742 2.80951
502605 654 3.71535 3.18529
467594 681 3.61545 2.76026
492110 693 3.68591 2.92082
446818 672 3.38707 2.81775
472148 658 3.56646 2.53704
514395 740 3.83771 3.36225
472286 583 3.35972 2.86244
500004 683 3.71407 3.26445
452901 585 3.55668 2.41874
561052 636 3.57165 3.12102
413635 635 3.27974 2.23428
476782 672 3.58426 2.10175
453507 653 3.33351 2.78931
446360 657 3.31921 2.86785
459467 660 3.58773 2.72188
628409 957 4.92165 1.38675
536942 925 4.59106 1.04771
555420 1128 5.44622 1.06529
554155 1169 5.2463 1.06677
526012 1099 5.2976 1.01512
545801 1057 5.3278 1.0445
504674 998 4.63129 0.932455
523629 1109 5.18514 1.00685
523173 1032 5.2465 0.989803
616680 945 5.82753 1.20608
518494 1020 4.61549 0.989369
462484 932 4.34828 0.868063
560430 898 4.82467 1.11518
458473 905 4.32777 0.857269
547806 952 5.02887 1.03216
580150 1018 5.10225 1.14301
514036 1054 4.79883 0.975619
502669 1012 4.85399 0.949917
535120 892 4.42268 0.975124
535196 992 4.95101 1.08003
572348 909 4.54325 1.11822
506191 1022 5.0249 0.992395
511456 873 4.38849 0.996843
442011 915 3.97635 0.822039
466377 793 3.8273 0.862811
484949 746 4.03788 1.00546
472924 784 3.86511 0.895077
512346 873 4.50236 0.969383
574968 998 5.10393 1.22545
570567 911 4.63778 1.13857
530186 785 4.38751 0.977786
568957 884 4.86672 1.08238
560999 783 4.21665 1.07976
572563 780 4.49832 1.10541
510976 828 4.29335 0.945341
659824 801 4.83953 1.36755
555029 935 4.69574 1.06681
541854 940 4.85918 1.10039
535636 983 4.85215 1.02115
510649 959 4.6734 0.960463
550674 911 4.77854 1.0598
325795 1066 4.6128 0.60852
462857 641 3.4713 0.851239
562096 585 3.96088 1.07037
499209 628 3.69606 0.922128
502466 642 3.78432 0.928471
567234 635 4.00004 1.15272
466994 664 3.69154 0.847856
430604 586 3.26168 0.773194
465347 574 3.52817 0.884585
437366 616 3.15804 0.803005
518434 559 3.81324 0.959454
509779 692 3.83318 0.934635
476066 648 3.5381 0.866224
442558 579 3.5119 0.831033
415407 615 3.24377 0.850023
415933 585 3.14749 0.762927
576413 646 3.96996 1.12118
481972 700 4.00507 0.934656
528352 615 3.90423 0.988598
499563 684 3.71575 0.913641
488447 672 3.643 0.925903
501947 678 3.88441 0.986756
457596 453 3.56266 0.819209
468482 638 3.57583 0.860253
485223 658 3.56511 0.986611
485361 706 3.54714 0.868001
507680 706 3.84863 0.963164
480487 676 3.66006 0.883007
571929 776 4.4018 1.12768
522178 664 3.6441 0.96376
495607 692 3.72607 0.945418
474582 646 3.5742 0.909484
502605 654 3.71535 0.924028
467594 681 3.61545 0.900779
492110 693 3.68591 0.935642
446818 672 3.38707 0.87719
472148 658 3.56646 0.873188
514395 740 3.83771 0.986624
472286 583 3.35972 0.879153
500004 683 3.71407 0.956399
452901 585 3.55668 0.896514
561052 636 3.57165 1.03268
413635 635 3.27974 0.753662
476782 672 3.58426 0.90741
453507 653 3.33351 0.849641
446360 657 3.31921 0.837589
459467 660 3.58773 0.851205
631220 910 4.49971 1.51504
689862 1198 5.28869 1.11208
471208 1096 4.06018 0.716417
756021 1052 4.75497 0.720738
520946 1006 2.85508 0.575738
394377 921 3.56903 0.676739
529281 1111 2.89476 0.735832
781078 1008 5.62679 0.875531
588086 967 3.9964 1.09411
559676 922 3.9216 1.07364
538153 891 4.00952 0.99706
489696 880 3.84299 0.886059
484734 913 5.14146 1.23295
572295 996 4.70794 1.37539
506993 1015 4.20689 0.938564
517393 986 4.3566 0.956545
495059 866 3.54948 0.90747
562785 960 4.53025 1.04033
522551 859 3.83321 0.960921
540330 1021 4.20297 0.985891
644654 810 3.9466 0.876199
502831 899 2.043 0.447966
388085 757 2.37097 0.706969
398135 738 2.87351 0.727448
687786 753 3.60624 0.642556
453986 823 2.49802 0.412379
749388 984 4.19147 0.818788
525683 886 3.87207 0.976131
596541 775 4.12382 1.11927
584697 842 5.5969 1.27649
425328 740 3.25284 0.770485
695984 805 4.58108 1.03189
535098 811 4.17164 1.36799
532938 756 4.81709 1.34549
567120 881 3.98252 1.02175
618759 924 4.74114 1.15221
756571 941 4.9442 1.37322
531480 905 5.3715 1.38966
604618 919 4.56212 1.10611
342689 1047 4.75771 0.656882
461636 613 2.86063 1.03132
453589 616 3.02032 0.822347
428687 603 2.95612 0.778812
503250 613 4.05475 0.91385
553410 630 3.40661 0.997945
426734 647 2.68262 0.769104
608528 608 2.79464 0.635907
393581 592 2.39183 0.563337
396450 563 2.53956 0.66882
474955 548 2.84808 0.809405
506301 637 3.08573 0.861037
410479 586 2.70551 0.706238
393952 575 2.34735 0.66342
410924 599 2.63512 0.738856
426365 550 2.24016 0.776305
542280 604 2.43099 0.6558
387760 654 2.68069 0.673243
562437 629 3.31585 0.969846
430441 653 2.85121 0.780679
393951 665 2.54241 0.67084
580243 617 3.16422 1.02467
567017 462 2.60016 0.852324
575823 651 2.96665 0.592526
398650 599 2.28425 0.665372
395736 640 2.62166 0.663428
680739 700 3.19202 1.15253
751493 706 3.75794 1.27695
588531 737 3.87161 1.008
477520 639 2.58712 0.794773
441831 652 1.65529 0.393804
542825 614 1.92252 0.435741
533653 625 1.61639 0.523815
642888 648 2.77234 0.520624
523470 637 1.74671 0.420741
434472 641 1.25912 0.341833
416316 620 1.29114 0.338782
445228 677 1.45419 0.749353
445087 576 1.92522 0.751786
419359 648 2.80346 0.73302
332057 538 1.77748 0.288792
574002 619 2.67621 0.684543
392606 620 1.15274 0.381922
514713 607 1.35749 0.547322
423724 592 1.99895 0.612869
388893 619 1.927 0.655217
570755 623 3.22183 0.967477
631220 910 4.49971 4.20349
689862 1198 5.28869 5.47913
471208 1096 4.06018 2.67827
756021 1052 4.75497 4.86155
520946 1006 2.85508 2.95762
394377 921 3.56903 1.67979
529281 1111 2.89476 3.97007
781078 1008 5.62679 4.41757
588086 967 3.9964 3.79795
559676 922 3.9216 4.20393
538153 891 4.00952 3.19388
489696 880 3.84299 2.60824
484734 913 5.14146 2.63785
572295 996 4.70794 3.36207
506993 1015 4.20689 3.17812
517393 986 4.3566 3.10913
495059 866 3.54948 2.82523
562785 960 4.53025 3.57823
522551 859 3.83321 3.37838
540330 1021 4.20297 3.70974
644654 810 3.9466 4.51402
502831 899 2.043 3.10316
388085 757 2.37097 2.06588
398135 738 2.87351 2.15153
687786 753 3.60624 4.0995
453986 823 2.49802 2.4798
749388 984 4.19147 4.42438
525683 886 3.87207 2.97247
596541 775 4.12382 3.51073
584697 842 5.5969 3.96199
425328 740 3.25284 2.1155
695984 805 4.58108 4.3808
535098 811 4.17164 2.84606
532938 756 4.81709 2.88299
567120 881 3.98252 3.05215
618759 924 4.74114 3.1887
756571 941 4.9442 4.34261
531480 905 5.3715 2.55236
604618 919 4.56212 3.12349
342689 1047 4.75771 1.10726
461636 613 2.86063 2.87084
453589 616 3.02032 2.69022
428687 603 2.95612 2.42799
503250 613 4.05475 2.85068
553410 630 3.40661 3.66142
426734 647 2.68262 2.51449
608528 608 2.79464 3.9806
393581 592 2.39183 2.11181
396450 563 2.53956 2.01223
474955 548 2.84808 2.69362
506301 637 3.08573 3.16112
410479 586 2.70551 2.45762
393952 575 2.34735 2.12089
410924 599 2.63512 2.1834
426365 550 2.24016 2.5632
542280 604 2.43099 3.60663
387760 654 2.68069 2.41427
562437 629 3.31585 3.55685
430441 653 2.85121 2.70742
393951 665 2.54241 2.55779
580243 617 3.16422 3.93251
567017 462 2.60016 2.63809
575823 651 2.96665 3.54707
398650 599 2.28425 2.27839
395736 640 2.62166 2.62912
680739 700 3.19202 5.33744
751493 706 3.75794 6.01393
588531 737 3.87161 3.97289
477520 639 2.58712 3.20561
441831 652 1.65529 2.96316
542825 614 1.92252 3.65233
533653 625 1.61639 3.54099
642888 648 2.77234 4.10031
523470 637 1.74671 3.28539
434472 641 1.25912 2.86736
416316 620 1.29114 2.67714
445228 677 1.45419 2.92676
445087 576 1.92522 3.15881
419359 648 2.80346 2.79276
332057 538 1.77748 1.83822
574002 619 2.67621 3.98387
392606 620 1.15274 2.33606
514713 607 1.35749 3.57678
423724 592 1.99895 2.78221
388893 619 1.927 2.69613
570755 623 3.22183 3.92069
631220 910 4.49971 2.49483
689862 1198 5.28869 3.71569
471208 1096 4.06018 1.73411
756021 1052 4.75497 2.88299
520946 1006 2.85508 1.86217
394377 921 3.56903 0.63935
529281 1111 2.89476 2.29277
781078 1008 5.62679 2.3277
588086 967 3.9964 2.45171
559676 922 3.9216 2.66444
538153 891 4.00952 2.20745
489696 880 3.84299 1.37645
484734 913 5.14146 1.75752
572295 996 4.70794 2.21995
506993 1015 4.20689 2.14808
517393 986 4.3566 2.09747
495059 866 3.54948 1.82977
562785 960 4.53025 2.4656
522551 859 3.83321 2.01867
540330 1021 4.20297 2.17434
644654 810 3.9466 2.99949
502831 899 2.043 2.13637
388085 757 2.37097 1.42822
398135 738 2.87351 1.49289
687786 753 3.60624 2.81499
453986 823 2.49802 1.70415
749388 984 4.19147 3.03462
525683 886 3.87207 2.04856
596541 775 4.12382 2.38746
584697 842 5.5969 2.62119
425328 740 3.25284 1.46764
695984 805 4.58108 2.98253
535098 811 4.17164 1.9835
532938 756 4.81709 1.98026
567120 881 3.98252 2.09761
618759 924 4.74114 2.18008
756571 941 4.9442 2.95986
531480 905 5.3715 1.79401
604618 919 4.56212 2.13626
342689 1047 4.75771 0.799909
461636 613 2.86063 1.93847
453589 616 3.02032 1.82485
428687 603 2.95612 1.66414
503250 613 4.05475 1.96885
553410 630 3.40661 2.47878
426734 647 2.68262 1.69941
608528 608 2.79464 2.71588
393581 592 2.39183 1.47462
396450 563 2.53956 1.3787
474955 548 2.84808 1.8659
506301 637 3.08573 2.17983
410479 586 2.70551 1.70577
393952 575 2.34735 1.45925
410924 599 2.63512 1.50088
426365 550 2.24016 1.75132
542280 604 2.43099 2.48112
387760 654 2.68069 1.67274
562437 629 3.31585 2.42219
430441 653 2.85121 1.84895
393951 665 2.54241 1.73018
580243 617 3.16422 2.67972
567017 462 2.60016 1.93538
575823 651 2.96665 2.4171
398650 599 2.28425 1.54888
395736 640 2.62166 1.69482
680739 700 3.19202 3.64688
751493 706 3.75794 4.08892
588531 737 3.87161 2.73329
477520 639 2.58712 2.20587
441831 652 1.65529 2.0253
542825 614 1.92252 2.46584
533653 625 1.61639 2.39827
642888 648 2.77234 2.78916
523470 637 1.74671 2.21583
434472 641 1.25912 1.96453
416316 620 1.29114 1.80753
445228 677 1.45419 1.96089
445087 576 1.92522 2.19373
419359 648 2.80346 1.92687
332057 538 1.77748 1.40179
574002 619 2.67621 2.68869
392606 620 1.15274 1.56025
514713 607 1.35749 2.27152
423724 592 1.99895 1.87196
388893 619 1.927 1.81674
570755 623 3.22183 2.6512
631220 910 4.49971 3.05012
689862 1198 5.28869 3.94906
471208 1096 4.06018 2.1014
756021 1052 4.75497 3.6393
520946 1006 2.85508 2.20666
394377 921 3.56903 1.34522
529281 1111 2.89476 2.74118
781078 1008 5.62679 3.26945
588086 967 3.9964 2.79315
559676 922 3.9216 2.97719
538153 891 4.00952 2.33592
489696 880 3.84299 1.99303
484734 913 5.14146 1.99762
572295 996 4.70794 2.52939
506993 1015 4.20689 2.3449
517393 986 4.3566 2.47991
495059 866 3.54948 2.14919
562785 960 4.53025 2.66196
522551 859 3.83321 2.43363
540330 1021 4.20297 2.75447
644654 810 3.9466 3.02878
502831 899 2.043 2.49846
388085 757 2.37097 1.55788
398135 738 2.87351 1.64793
687786 753 3.60624 3.22316
453986 823 2.49802 1.85435
749388 984 4.19147 3.45049
525683 886 3.87207 2.23713
596541 775 4.12382 2.83011
584697 842 5.5969 3.05468
425328 740 3.25284 1.75864
695984 805 4.58108 3.12124
535098 811 4.17164 2.19866
532938 756 4.81709 2.12793
567120 881 3.98252 2.40604
618759 924 4.74114 2.44204
756571 941 4.9442 2.87499
531480 905 5.3715 1.48167
604618 919 4.56212 1.93937
342689 1047 4.75771 0.451235
461636 613 2.86063 1.58998
453589 616 3.02032 1.82847
428687 603 2.95612 1.77306
503250 613 4.05475 2.10326
553410 630 3.40661 2.53886
426734 647 2.68262 1.90539
608528 608 2.79464 3.52968
393581 592 2.39183 1.27298
396450 563 2.53956 1.15433
474955 548 2.84808 2.05838
506301 637 3.08573 2.25032
410479 586 2.70551 1.80705
393952 575 2.34735 1.29984
410924 599 2.63512 1.51769
426365 550 2.24016 1.92428
542280 604 2.43099 2.2441
387760 654 2.68069 1.59663
562437 629 3.31585 2.51863
430441 653 2.85121 1.57736
393951 665 2.54241 1.92291
580243 617 3.16422 1.81297
567017 462 2.60016 1.6396
575823 651 2.96665 2.63765
398650 599 2.28425 1.58708
395736 640 2.62166 1.47692
680739 700 3.19202 3.62483
751493 706 3.75794 2.66466
588531 737 3.87161 2.67551
477520 639 2.58712 2.13985
441831 652 1.65529 1.20352
542825 614 1.92252 1.48071
533653 625 1.61639 1.23174
642888 648 2.77234 1.41572
523470 637 1.74671 1.18268
434472 641 1.25912 1.716
416316 620 1.29114 1.95507
445228 677 1.45419 2.13601
445087 576 1.92522 2.05881
419359 648 2.80346 1.68581
332057 538 1.77748 1.501
574002 619 2.67621 2.7342
392606 620 1.15274 1.72568
514713 607 1.35749 2.52462
423724 592 1.99895 2.09252
388893 619 1.927 1.98338
570755 623 3.22183 3.02199
631220 910 4.49971 1.14058
689862 1198 5.28869 1.25377
471208 1096 4.06018 0.841075
756021 1052 4.75497 1.34175
520946 1006 2.85508 0.922727
394377 921 3.56903 0.696208
529281 1111 2.89476 0.9553
781078 1008 5.62679 1.39096
588086 967 3.9964 0.857486
559676 922 3.9216 1.00927
538153 891 4.00952 0.958255
489696 880 3.84299 0.866605
484734 913 5.14146 0.777216
572295 996 4.70794 0.488604
506993 1015 4.20689 0.455228
517393 986 4.3566 0.444703
495059 866 3.54948 0.617168
562785 960 4.53025 0.488849
522551 859 3.83321 0.446142
540330 1021 4.20297 0.480539
644654 810 3.9466 0.550388
502831 899 2.043 0.428185
388085 757 2.37097 0.434095
398135 738 2.87351 0.464127
687786 753 3.60624 1.10263
453986 823 2.49802 0.441468
749388 984 4.19147 0.849986
525683 886 3.87207 0.484043
596541 775 4.12382 0.543549
584697 842 5.5969 0.552225
425328 740 3.25284 0.471191
695984 805 4.58108 0.640095
535098 811 4.17164 0.585001
532938 756 4.81709 0.481481
567120 881 3.98252 0.504675
618759 924 4.74114 0.549255
756571 941 4.9442 0.836392
531480 905 5.3715 0.496645
604618 919 4.56212 0.817609
342689 1047 4.75771 0.473035
461636 613 2.86063 0.812509
453589 616 3.02032 0.809058
428687 603 2.95612 0.685183
503250 613 4.05475 0.81297
553410 630 3.40661 0.97846
426734 647 2.68262 0.761032
608528 608 2.79464 0.622054
393581 592 2.39183 0.384368
396450 563 2.53956 0.626839
474955 548 2.84808 0.836589
506301 637 3.08573 0.910455
410479 586 2.70551 0.72166
393952 575 2.34735 0.674736
410924 599 2.63512 0.669415
426365 550 2.24016 0.749684
542280 604 2.43099 0.778134
387760 654 2.68069 0.348727
562437 629 3.31585 0.967338
430441 653 2.85121 0.761408
393951 665 2.54241 0.697467
580243 617 3.16422 1.01889
567017 462 2.60016 1.01835
575823 651 2.96665 1.14211
398650 599 2.28425 0.774889
395736 640 2.62166 0.766369
680739 700 3.19202 1.35965
751493 706 3.75794 0.890868
588531 737 3.87161 0.808077
477520 639 2.58712 0.888655
441831 652 1.65529 0.706398
542825 614 1.92252 0.644585
533653 625 1.61639 0.444156
642888 648 2.77234 0.635128
523470 637 1.74671 0.76809
434472 641 1.25912 0.553445
416316 620 1.29114 0.548626
445228 677 1.45419 0.532692
445087 576 1.92522 0.789095
419359 648 2.80346 0.620818
332057 538 1.77748 0.546557
574002 619 2.67621 1.01403
392606 620 1.15274 0.692019
514713 607 1.35749 0.932182
423724 592 1.99895 0.586254
388893 619 1.927 0.69515
570755 623 3.22183 0.859246
624843 616 3.6168 0.895855
597049 673 1.39754 0.421478
623732 697 3.66402 0.961566
665888 678 3.3482 0.475774
631087 630 3.58925 0.494052
623891 650 3.61359 0.97908
575704 576 3.21773 0.841028
628377 676 1.40497 0.477964
625499 508 1.4068 0.431136
556466 623 1.23379 0.384306
528274 602 1.22001 0.355055
627892 609 3.83686 0.917431
519527 579 3.07226 0.776075
625863 633 3.65469 0.926295
621813 615 3.59586 0.928283
634491 639 3.33452 0.977818
555852 591 3.45969 0.823832
604856 591 3.74118 0.967761
644458 626 3.68898 0.996221
623286 681 1.4423 0.475444
626994 627 3.39966 0.945549
616925 640 3.37979 0.911054
573563 614 3.18421 0.886557
568451 572 3.16511 0.865655
577007 571 3.21995 0.861832
552968 620 3.13 0.817172
612063 658 3.63903 1.02075
620128 630 3.72168 0.975297
637419 673 3.80834 0.978085
613045 623 1.42531 0.435145
585150 629 3.33489 0.765592
573336 581 3.21973 0.843565
601522 635 1.47709 0.41583
655501 633 3.83531 1.03589
668833 633 1.50349 0.46577
661480 662 3.90103 1.07338
610495 605 3.63413 0.54978
664310 603 1.47752 0.469271
584658 596 3.47312 0.845668
629863 628 3.71262 0.925751
637062 618 3.72325 0.943616
606072 592 3.62213 0.863332
625867 616 1.46999 0.452398
612590 619 3.678 0.971472
595720 625 3.53313 0.87109
619192 654 2.84508 0.429393
584905 596 1.35337 0.397439
558634 597 3.38256 0.749445
547713 594 3.28594 0.786201
649131 530 1.48193 0.448867
679504 690 1.55289 0.478936
645683 648 3.66965 0.971402
586301 586 3.2851 0.408498
567939 620 3.34455 0.817585
537450 580 3.18267 0.819315
643058 684 3.66514 0.996175
710388 677 3.88025 1.13519
641141 636 3.6472 0.911956
629354 665 3.52828 0.939279
658739 662 1.46409 0.486642
678682 660 1.47973 0.471184
634741 422 1.50745 0.429537
698869 666 1.60298 0.490033
631658 673 3.65699 0.907862
642762 721 1.4227 0.500709
611702 717 1.47456 0.427286
702650 694 3.63018 1.05759
655453 743 4.06412 1.00191
671697 693 3.69988 1.04586
667400 703 3.93987 1.05167
586928 671 1.42984 0.407154
644420 629 1.45354 0.459145
621952 677 1.48045 0.442445
612750 653 2.74403 0.426324
621328 638 3.4427 0.832333
678053 643 3.68108 1.03297
622769 722 3.75362 0.905106
521530 582 3.03586 0.781031
601585 690 1.40379 0.412773
566444 606 3.60904 0.833867
600123 635 3.29297 0.804755
582108 626 3.33993 0.793585
611062 647 3.60239 1.0214
559678 636 3.54526 0.975071
607643 644 3.85546 1.00871
625329 640 3.96533 1.03919
624843 616 3.6168 3.45472
597049 673 1.39754 3.61849
623732 697 3.66402 4.76949
665888 678 3.3482 4.49254
631087 630 3.58925 3.83556
623891 650 3.61359 3.68572
575704 576 3.21773 2.94022
628377 676 1.40497 4.52114
625499 508 1.4068 3.18907
556466 623 1.23379 3.59498
528274 602 1.22001 2.82803
627892 609 3.83686 3.64632
519527 579 3.07226 2.9489
625863 633 3.65469 3.42743
621813 615 3.59586 3.71557
634491 639 3.33452 3.96548
555852 591 3.45969 2.95315
604856 591 3.74118 3.33893
644458 626 3.68898 1.50158
623286 681 1.4423 2.15505
626994 627 3.39966 4.00544
616925 640 3.37979 4.06871
573563 614 3.18421 3.7824
568451 572 3.16511 3.20763
577007 571 3.21995 3.24662
552968 620 3.13 2.99766
612063 658 3.63903 4.02902
620128 630 3.72168 3.45863
637419 673 3.80834 3.83301
613045 623 1.42531 3.4504
585150 629 3.33489 3.52087
573336 581 3.21973 2.48049
601522 635 1.47709 2.94528
655501 633 3.83531 3.46874
668833 633 1.50349 3.95189
661480 662 3.90103 3.80491
610495 605 3.63413 2.9376
664310 603 1.47752 3.82022
584658 596 3.47312 3.16508
629863 628 3.71262 3.40382
637062 618 3.72325 3.65067
606072 592 3.62213 3.05875
625867 616 1.46999 3.64536
612590 619 3.678 3.39151
595720 625 3.53313 3.3168
619192 654 2.84508 3.60227
584905 596 1.35337 3.26841
558634 597 3.38256 2.79038
547713 594 3.28594 2.93778
649131 530 1.48193 3.52081
679504 690 1.55289 4.7578
645683 648 3.66965 4.84103
586301 586 3.2851 3.13135
567939 620 3.34455 2.12747
537450 580 3.18267 3.01292
643058 684 3.66514 4.37663
710388 677 3.88025 5.18833
641141 636 3.6472 3.89072
629354 665 3.52828 3.83367
658739 662 1.46409 4.27376
678682 660 1.47973 4.65218
634741 422 1.50745 2.16393
698869 666 1.60298 4.20896
631658 673 3.65699 4.31297
642762 721 1.4227 4.83138
611702 717 1.47456 4.26798
702650 694 3.63018 5.34446
655453 743 4.06412 4.12764
671697 693 3.69988 4.73441
667400 703 3.93987 4.24303
586928 671 1.42984 3.36229
644420 629 1.45354 4.2209
621952 677 1.48045 3.75928
612750 653 2.74403 3.55026
621328 638 3.4427 3.84485
678053 643 3.68108 4.40067
622769 722 3.75362 4.12847
521530 582 3.03586 3.07896
601585 690 1.40379 4.34192
566444 606 3.60904 3.41321
600123 635 3.29297 2.34205
582108 626 3.33993 1.19051
611062 647 3.60239 1.31314
559678 636 3.54526 1.5635
607643 644 3.85546 3.68637
625329 640 3.96533 3.21303
624843 616 3.6168 1.40832
597049 673 1.39754 1.26647
623732 697 3.66402 1.72289
665888 678 3.3482 1.50247
631087 630 3.58925 1.40343
623891 650 3.61359 1.3533
575704 576 3.21773 1.12654
628377 676 1.40497 1.62406
625499 508 1.4068 1.2339
556466 623 1.23379 1.2349
528274 602 1.22001 1.05404
627892 609 3.83686 1.37801
519527 579 3.07226 1.12984
625863 633 3.65469 1.25448
621813 615 3.59586 1.44915
634491 639 3.33452 1.45217
555852 591 3.45969 1.09449
604856 591 3.74118 1.31144
644458 626 3.68898 1.39252
623286 681 1.4423 1.56709
626994 627 3.39966 1.37069
616925 640 3.37979 1.37075
573563 614 3.18421 1.36906
568451 572 3.16511 1.3151
577007 571 3.21995 1.22112
552968 620 3.13 1.10018
612063 658 3.63903 1.40297
620128 630 3.72168 1.23587
637419 673 3.80834 1.50971
613045 623 1.42531 1.25253
585150 629 3.33489 1.41047
573336 581 3.21973 1.16543
601522 635 1.47709 1.28158
655501 633 3.83531 1.47804
668833 633 1.50349 1.43356
661480 662 3.90103 1.64063
610495 605 3.63413 1.18998
664310 603 1.47752 1.49807
584658 596 3.47312 1.22867
629863 628 3.71262 1.26913
637062 618 3.72325 1.32751
606072 592 3.62213 1.24529
625867 616 1.46999 1.31102
612590 619 3.678 1.32687
595720 625 3.53313 1.23344
619192 654 2.84508 1.27336
584905 596 1.35337 1.22229
558634 597 3.38256 1.13144
547713 594 3.28594 1.06288
649131 530 1.48193 1.29707
679504 690 1.55289 1.73712
645683 648 3.66965 1.92905
586301 586 3.2851 1.25742
567939 620 3.34455 1.23043
537450 580 3.18267 1.23657
643058 684 3.66514 1.78112
710388 677 3.88025 1.69959
641141 636 3.6472 1.39446
629354 665 3.52828 1.42245
658739 662 1.46409 1.59112
678682 660 1.47973 1.66873
634741 422 1.50745 1.07504
698869 666 1.60298 1.69131
631658 673 3.65699 1.54717
642762 721 1.4227 1.64956
611702 717 1.47456 1.50318
702650 694 3.63018 1.94424
655453 743 4.06412 1.4604
671697 693 3.69988 1.62232
667400 703 3.93987 1.63447
586928 671 1.42984 1.27256
644420 629 1.45354 1.59233
621952 677 1.48045 1.36008
612750 653 2.74403 1.38708
621328 638 3.4427 1.39953
678053 643 3.68108 1.48873
622769 722 3.75362 1.42548
521530 582 3.03586 1.08393
601585 690 1.40379 1.63806
566444 606 3.60904 1.26114
600123 635 3.29297 1.23267
582108 626 3.33993 1.19405
611062 647 3.60239 1.37303
559678 636 3.54526 1.25857
607643 644 3.85546 1.43386
625329 640 3.96533 1.58077
624843 616 3.6168 1.07772
597049 673 1.39754 1.02221
623732 697 3.66402 1.07361
665888 678 3.3482 1.13512
631087 630 3.58925 1.0838
623891 650 3.61359 1.10885
575704 576 3.21773 0.979637
628377 676 1.40497 1.08091
625499 508 1.4068 1.06062
556466 623 1.23379 0.94361
528274 602 1.22001 0.895602
627892 609 3.83686 1.06326
519527 579 3.07226 0.871802
625863 633 3.65469 1.13389
621813 615 3.59586 1.06197
634491 639 3.33452 1.07635
555852 591 3.45969 1.00923
604856 591 3.74118 1.03439
644458 626 3.68898 1.14309
623286 681 1.4423 1.07088
626994 627 3.39966 1.09305
616925 640 3.37979 0.959298
573563 614 3.18421 1.03442
568451 572 3.16511 0.970328
577007 571 3.21995 1.01045
552968 620 3.13 0.934052
612063 658 3.63903 1.03375
620128 630 3.72168 1.06062
637419 673 3.80834 1.10455
613045 623 1.42531 1.04933
585150 629 3.33489 0.992357
573336 581 3.21973 0.975533
601522 635 1.47709 0.393052
655501 633 3.83531 1.12651
668833 633 1.50349 1.18889
661480 662 3.90103 1.13283
610495 605 3.63413 0.386082
664310 603 1.47752 0.421312
584658 596 3.47312 0.405704
629863 628 3.71262 1.09666
637062 618 3.72325 1.09548
606072 592 3.62213 1.03758
625867 616 1.46999 1.03213
612590 619 3.678 1.06093
595720 625 3.53313 1.00125
619192 654 2.84508 0.976812
584905 596 1.35337 0.396959
558634 597 3.38256 0.35286
547713 594 3.28594 0.358171
649131 530 1.48193 0.405831
679504 690 1.55289 0.46189
645683 648 3.66965 0.413601
586301 586 3.2851 0.411147
567939 620 3.34455 0.979976
537450 580 3.18267 0.935588
643058 684 3.66514 1.19265
710388 677 3.88025 1.26582
641141 636 3.6472 1.24811
629354 665 3.52828 1.07826
658739 662 1.46409 1.11612
678682 660 1.47973 1.15157
634741 422 1.50745 1.12516
698869 666 1.60298 1.19674
631658 673 3.65699 1.1608
642762 721 1.4227 1.13958
611702 717 1.47456 1.13626
702650 694 3.63018 1.22918
655453 743 4.06412 1.23319
671697 693 3.69988 1.20008
667400 703 3.93987 1.16577
586928 671 1.42984 1.0229
644420 629 1.45354 1.1192
621952 677 1.48045 1.10263
612750 653 2.74403 1.03999
621328 638 3.4427 0.754965
678053 643 3.68108 1.18577
622769 722 3.75362 1.13522
521530 582 3.03586 0.898666
601585 690 1.40379 0.821279
566444 606 3.60904 0.989545
600123 635 3.29297 1.0342
582108 626 3.33993 1.00369
611062 647 3.60239 1.04109
559678 636 3.54526 0.961003
607643 644 3.85546 1.0857
625329 640 3.96533 1.07125
624843 616 3.6168 2.34424
597049 673 1.39754 2.46908
623732 697 3.66402 3.22623
665888 678 3.3482 3.02811
631087 630 3.58925 2.61196
623891 650 3.61359 1.6227
575704 576 3.21773 1.67693
628377 676 1.40497 3.06165
625499 508 1.4068 2.29366
556466 623 1.23379 2.44442
528274 602 1.22001 1.93053
627892 609 3.83686 2.4503
519527 579 3.07226 0.676992
625863 633 3.65469 1.90495
621813 615 3.59586 2.55869
634491 639 3.33452 2.69314
555852 591 3.45969 2.01024
604856 591 3.74118 2.27618
644458 626 3.68898 2.94554
623286 681 1.4423 3.19901
626994 627 3.39966 2.79165
616925 640 3.37979 2.76267
573563 614 3.18421 2.51499
568451 572 3.16511 2.19304
577007 571 3.21995 0.92644
552968 620 3.13 0.701535
612063 658 3.63903 1.57126
620128 630 3.72168 2.38015
637419 673 3.80834 2.60748
613045 623 1.42531 1.25845
585150 629 3.33489 0.827114
573336 581 3.21973 0.692114
601522 635 1.47709 0.828139
655501 633 3.83531 0.939951
668833 633 1.50349 2.67351
661480 662 3.90103 2.48059
610495 605 3.63413 2.0991
664310 603 1.47752 2.55358
584658 596 3.47312 2.17599
629863 628 3.71262 2.34265
637062 618 3.72325 2.49486
606072 592 3.62213 2.10468
625867 616 1.46999 2.51921
612590 619 3.678 2.32378
595720 625 3.53313 2.27162
619192 654 2.84508 2.45258
584905 596 1.35337 2.23353
558634 597 3.38256 1.96441
547713 594 3.28594 2.00956
649131 530 1.48193 2.44284
679504 690 1.55289 3.26658
645683 648 3.66965 3.30776
586301 586 3.2851 2.26179
567939 620 3.34455 2.17653
537450 580 3.18267 2.07588
643058 684 3.66514 3.02499
710388 677 3.88025 3.57523
641141 636 3.6472 2.72719
629354 665 3.52828 2.70693
658739 662 1.46409 2.97782
678682 660 1.47973 3.16321
634741 422 1.50745 1.69141
698869 666 1.60298 2.86949
631658 673 3.65699 2.20225
642762 721 1.4227 2.49511
611702 717 1.47456 1.72091
702650 694 3.63018 3.7349
655453 743 4.06412 2.87899
671697 693 3.69988 3.267
667400 703 3.93987 2.98981
586928 671 1.42984 2.40606
644420 629 1.45354 2.9115
621952 677 1.48045 1.76308
612750 653 2.74403 0.834666
621328 638 3.4427 0.912052
678053 643 3.68108 1.03721
622769 722 3.75362 0.999528
521530 582 3.03586 0.725734
601585 690 1.40379 1.0073
566444 606 3.60904 1.024
600123 635 3.29297 2.3814
582108 626 3.33993 2.348
611062 647 3.60239 2.63335
559678 636 3.54526 2.2413
607643 644 3.85546 2.51529
625329 640 3.96533 2.5949
228745 624 1.71225 0.398935
232248 621 1.59809 0.411584
209814 669 1.55458 0.140247
218177 647 1.32109 0.146321
254562 619 1.50531 0.16223
208815 611 1.42276 0.149367
276046 607 1.69805 0.479613
247696 489 1.4216 0.427042
206078 602 1.31757 0.365988
173613 578 0.951803 0.118514
242021 614 1.61522 0.161081
273917 582 1.53489 0.472787
221026 606 1.72254 0.346106
325980 627 2.51661 0.430829
286321 615 1.83682 0.294149
256995 597 1.64599 0.233267
272279 587 2.65623 0.348036
265982 598 2.96077 0.451997
208894 656 2.53069 0.142665
242932 621 2.70435 0.425777
223740 575 0.910537 0.360863
201009 569 2.20573 0.12688
179322 560 1.88065 0.134457
194654 563 1.92618 0.332157
207481 604 2.11834 0.366156
236736 617 2.73235 0.413558
216224 588 1.88492 0.373819
316455 682 3.31254 0.538818
310514 615 1.98064 0.509794
255360 576 1.64143 0.430994
248766 565 1.83628 0.422989
313832 612 2.20383 0.540381
247024 586 1.90308 0.421913
315718 580 2.1144 0.512519
289423 631 1.92466 0.490058
289112 617 2.06252 0.193401
268484 567 1.87904 0.473177
269225 556 1.76951 0.295192
300024 617 2.11286 0.285567
242735 601 1.65718 0.25125
217353 590 2.08037 0.36786
270039 581 2.28838 0.462971
274894 602 2.63233 0.180131
304123 655 2.81538 0.532051
248504 566 2.06112 0.423054
302871 591 2.80447 0.510387
286933 572 1.16077 0.492468
276847 554 2.60863 0.465075
360015 682 1.45172 0.24618
204094 600 1.9947 0.148588
256669 562 1.95622 0.438028
214195 597 2.18207 0.363655
203775 551 0.89067 0.287466
299966 629 3.13387 0.196413
247258 677 2.4993 0.161147
260375 577 1.08764 0.172819
249627 665 2.34871 0.175735
282871 645 2.15413 0.490885
307320 658 3.17886 0.198055
219987 405 2.66611 0.380973
222835 654 2.41941 0.344469
237610 647 2.18866 0.412152
280171 659 1.45361 0.181907
299285 691 3.31461 0.50706
235284 645 2.81108 0.402979
240647 687 1.95546 0.425623
273465 644 1.92395 0.178031
219110 632 0.933927 0.383525
211482 636 1.43037 0.366958
214959 580 2.51677 0.369696
211942 606 1.64915 0.383854
251332 622 2.93966 0.402651
205951 613 0.890867 0.369737
203227 613 2.52041 0.29717
265381 651 1.5481 0.255557
177840 568 1.3731 0.231346
197349 616 0.84273 0.288444
191488 578 0.830814 0.134376
183425 558 2.22391 0.115016
220487 589 1.82129 0.377738
194771 585 2.31401 0.321014
189585 603 0.76762 0.129244
190949 591 2.24439 0.335182
194056 624 0.828893 0.333963
228745 624 1.71225 0.251178
232248 621 1.59809 0.182724
209814 669 1.55458 0.209905
218177 647 1.32109 0.23911
254562 619 1.50531 0.239698
208815 611 1.42276 0.248263
276046 607 1.69805 0.249814
247696 489 1.4216 0.322706
206078 602 1.31757 0.193129
173613 578 0.951803 0.156097
242021 614 1.61522 0.212867
273917 582 1.53489 0.275904
221026 606 1.72254 0.33033
325980 627 2.51661 0.364318
286321 615 1.83682 0.435006
256995 597 1.64599 0.448145
272279 587 2.65623 0.424679
265982 598 2.96077 0.448238
208894 656 2.53069 0.337635
242932 621 2.70435 0.36068
223740 575 0.910537 0.149806
201009 569 2.20573 0.28863
179322 560 1.88065 0.233238
194654 563 1.92618 0.312896
207481 604 2.11834 0.347258
236736 617 2.73235 0.387869
216224 588 1.88492 0.241401
316455 682 3.31254 0.269962
310514 615 1.98064 0.270473
255360 576 1.64143 0.23194
248766 565 1.83628 0.247123
313832 612 2.20383 0.364197
247024 586 1.90308 0.291607
315718 580 2.1144 0.391976
289423 631 1.92466 0.37649
289112 617 2.06252 0.317148
268484 567 1.87904 0.295191
269225 556 1.76951 0.28861
300024 617 2.11286 0.319232
242735 601 1.65718 0.27827
217353 590 2.08037 0.317727
270039 581 2.28838 0.35727
274894 602 2.63233 0.36001
304123 655 2.81538 0.433156
248504 566 2.06112 0.420572
302871 591 2.80447 0.453384
286933 572 1.16077 0.209737
276847 554 2.60863 0.407183
360015 682 1.45172 0.255125
204094 600 1.9947 0.301115
256669 562 1.95622 0.365959
214195 597 2.18207 0.32497
203775 551 0.89067 0.153306
299966 629 3.13387 0.463138
247258 677 2.4993 0.318085
260375 577 1.08764 0.168629
249627 665 2.34871 0.36154
282871 645 2.15413 0.463742
307320 658 3.17886 0.257976
219987 405 2.66611 0.351093
222835 654 2.41941 0.342973
237610 647 2.18866 0.248184
280171 659 1.45361 0.186377
299285 691 3.31461 0.438739
235284 645 2.81108 0.363955
240647 687 1.95546 0.150573
273465 644 1.92395 0.171864
219110 632 0.933927 0.138733
211482 636 1.43037 0.127897
214959 580 2.51677 0.353215
211942 606 1.64915 0.363607
251332 622 2.93966 0.440721
205951 613 0.890867 0.140723
203227 613 2.52041 0.336143
265381 651 1.5481 0.175424
177840 568 1.3731 0.113955
197349 616 0.84273 0.125697
191488 578 0.830814 0.119213
183425 558 2.22391 0.203946
220487 589 1.82129 0.369764
194771 585 2.31401 0.319678
189585 603 0.76762 0.125658
190949 591 2.24439 0.307352
194056 624 0.828893 0.119759
228745 624 1.71225 0.544589
232248 621 1.59809 0.524566
209814 669 1.55458 0.584957
218177 647 1.32109 0.568858
254562 619 1.50531 0.656296
208815 611 1.42276 0.455893
276046 607 1.69805 0.315824
247696 489 1.4216 0.245202
206078 602 1.31757 0.266066
173613 578 0.951803 0.391076
242021 614 1.61522 0.592983
273917 582 1.53489 0.682412
221026 606 1.72254 0.490437
325980 627 2.51661 0.633209
286321 615 1.83682 0.743671
256995 597 1.64599 0.575535
272279 587 2.65623 0.667684
265982 598 2.96077 0.678466
208894 656 2.53069 0.590244
242932 621 2.70435 0.521788
223740 575 0.910537 0.352869
201009 569 2.20573 0.209601
179322 560 1.88065 0.289081
194654 563 1.92618 0.421081
207481 604 2.11834 0.49031
236736 617 2.73235 0.599105
216224 588 1.88492 0.483702
316455 682 3.31254 0.761783
310514 615 1.98064 0.736193
255360 576 1.64143 0.609007
248766 565 1.83628 0.492115
313832 612 2.20383 0.677454
247024 586 1.90308 0.507835
315718 580 2.1144 0.706343
289423 631 1.92466 0.648798
289112 617 2.06252 0.57497
268484 567 1.87904 0.515971
269225 556 1.76951 0.593329
300024 617 2.11286 0.661642
242735 601 1.65718 0.547847
217353 590 2.08037 0.476821
270039 581 2.28838 0.60994
274894 602 2.63233 0.620012
304123 655 2.81538 0.654471
248504 566 2.06112 0.532022
302871 591 2.80447 0.649167
286933 572 1.16077 0.602263
276847 554 2.60863 0.612672
360015 682 1.45172 0.332032
204094 600 1.9947 0.167675
256669 562 1.95622 0.555902
214195 597 2.18207 0.502896
203775 551 0.89067 0.431305
299966 629 3.13387 0.754555
247258 677 2.4993 0.618221
260375 577 1.08764 0.618222
249627 665 2.34871 0.643174
282871 645 2.15413 0.252518
307320 658 3.17886 0.462133
219987 405 2.66611 0.122693
222835 654 2.41941 0.184789
237610 647 2.18866 0.204022
280171 659 1.45361 0.261883
299285 691 3.31461 0.269634
235284 645 2.81108 0.208497
240647 687 1.95546 0.19019
273465 644 1.92395 0.250884
219110 632 0.933927 0.176532
211482 636 1.43037 0.249328
214959 580 2.51677 0.198458
211942 606 1.64915 0.194317
251332 622 2.93966 0.554965
205951 613 0.890867 0.463127
203227 613 2.52041 0.471283
265381 651 1.5481 0.679802
177840 568 1.3731 0.380426
197349 616 0.84273 0.462843
191488 578 0.830814 0.26732
183425 558 2.22391 0.238959
220487 589 1.82129 0.24812
194771 585 2.31401 0.182665
189585 603 0.76762 0.158542
190949 591 2.24439 0.457413
194056 624 0.828893 0.461103
228745 624 1.71225 0.45228
232248 621 1.59809 0.406128
209814 669 1.55458 0.439811
218177 647 1.32109 0.468441
254562 619 1.50531 0.489584
208815 611 1.42276 0.371191
276046 607 1.69805 0.436141
247696 489 1.4216 0.345344
206078 602 1.31757 0.211917
173613 578 0.951803 0.195809
242021 614 1.61522 0.216413
273917 582 1.53489 0.274889
221026 606 1.72254 0.337493
325980 627 2.51661 0.53916
286321 615 1.83682 0.466419
256995 597 1.64599 0.259125
272279 587 2.65623 0.266866
265982 598 2.96077 0.301566
208894 656 2.53069 0.459972
242932 621 2.70435 0.279193
223740 575 0.910537 0.397795
201009 569 2.20573 0.350971
179322 560 1.88065 0.185835
194654 563 1.92618 0.237047
207481 604 2.11834 0.28067
236736 617 2.73235 0.240426
216224 588 1.88492 0.328752
316455 682 3.31254 0.532802
310514 615 1.98064 0.47564
255360 576 1.64143 0.359388
248766 565 1.83628 0.371921
313832 612 2.20383 0.501722
247024 586 1.90308 0.405915
315718 580 2.1144 0.439383
289423 631 1.92466 0.276062
289112 617 2.06252 0.271096
268484 567 1.87904 0.370421
269225 556 1.76951 0.41259
300024 617 2.11286 0.537802
242735 601 1.65718 0.44156
217353 590 2.08037 0.245423
270039 581 2.28838 0.42482
274894 602 2.63233 0.466134
304123 655 2.81538 0.449385
248504 566 2.06112 0.389495
302871 591 2.80447 0.443192
286933 572 1.16077 0.517649
276847 554 2.60863 0.429191
360015 682 1.45172 0.432262
204094 600 1.9947 0.313036
256669 562 1.95622 0.375308
214195 597 2.18207 0.245478
203775 551 0.89067 0.326792
299966 629 3.13387 0.499701
247258 677 2.4993 0.403675
260375 577 1.08764 0.401122
249627 665 2.34871 0.420868
282871 645 2.15413 0.50194
307320 658 3.17886 0.530873
219987 405 2.66611 0.310651
222835 654 2.41941 0.297589
237610 647 2.18866 0.410044
280171 659 1.45361 0.499482
299285 691 3.31461 0.506356
235284 645 2.81108 0.401005
240647 687 1.95546 0.419778
273465 644 1.92395 0.517543
219110 632 0.933927 0.25574
211482 636 1.43037 0.247277
214959 580 2.51677 0.206568
211942 606 1.64915 0.220204
251332 622 2.93966 0.471472
205951 613 0.890867 0.379615
203227 613 2.52041 0.330287
265381 651 1.5481 0.274635
177840 568 1.3731 0.286717
197349 616 0.84273 0.310247
191488 578 0.830814 0.297253
183425 558 2.22391 0.283791
220487 589 1.82129 0.339873
194771 585 2.31401 0.31896
189585 603 0.76762 0.302016
190949 591 2.24439 0.30318
194056 624 0.828893 0.293828
228745 624 1.71225 0.763549
232248 621 1.59809 0.581611
209814 669 1.55458 0.549592
218177 647 1.32109 0.805022
254562 619 1.50531 0.854988
208815 611 1.42276 0.665746
276046 607 1.69805 0.954365
247696 489 1.4216 0.619843
206078 602 1.31757 0.639641
173613 578 0.951803 0.556241
242021 614 1.61522 0.745415
273917 582 1.53489 0.615643
221026 606 1.72254 0.380829
325980 627 2.51661 1.11236
286321 615 1.83682 1.09776
256995 597 1.64599 0.782136
272279 587 2.65623 0.900038
265982 598 2.96077 0.917477
208894 656 2.53069 0.805301
242932 621 2.70435 0.845209
223740 575 0.910537 0.723415
201009 569 2.20573 0.641832
179322 560 1.88065 0.372383
194654 563 1.92618 0.482897
207481 604 2.11834 0.499694
236736 617 2.73235 0.548529
216224 588 1.88492 0.251225
316455 682 3.31254 0.853003
310514 615 1.98064 0.413614
255360 576 1.64143 0.29392
248766 565 1.83628 0.299914
313832 612 2.20383 0.821893
247024 586 1.90308 0.713769
315718 580 2.1144 0.933297
289423 631 1.92466 0.853954
289112 617 2.06252 0.830161
268484 567 1.87904 0.818935
269225 556 1.76951 0.620221
300024 617 2.11286 0.424883
242735 601 1.65718 0.272691
217353 590 2.08037 0.236366
270039 581 2.28838 0.28442
274894 602 2.63233 0.286053
304123 655 2.81538 0.356682
248504 566 2.06112 0.261792
302871 591 2.80447 0.761877
286933 572 1.16077 0.314209
276847 554 2.60863 0.302805
360015 682 1.45172 0.956722
204094 600 1.9947 0.648376
256669 562 1.95622 0.767747
214195 597 2.18207 0.672308
203775 551 0.89067 0.582645
299966 629 3.13387 1.03592
247258 677 2.4993 0.864865
260375 577 1.08764 0.749312
249627 665 2.34871 0.483055
282871 645 2.15413 0.36008
307320 658 3.17886 0.66619
219987 405 2.66611 0.266298
222835 654 2.41941 0.310617
237610 647 2.18866 0.586382
280171 659 1.45361 1.03296
299285 691 3.31461 1.09417
235284 645 2.81108 0.824511
240647 687 1.95546 0.773929
273465 644 1.92395 0.905636
219110 632 0.933927 0.252447
211482 636 1.43037 0.264208
214959 580 2.51677 0.2818
211942 606 1.64915 0.217751
251332 622 2.93966 0.273736
205951 613 0.890867 0.220022
203227 613 2.52041 0.615402
265381 651 1.5481 0.932822
177840 568 1.3731 0.554314
197349 616 0.84273 0.634497
191488 578 0.830814 0.636193
183425 558 2.22391 0.601821
220487 589 1.82129 0.259881
194771 585 2.31401 0.209289
189585 603 0.76762 0.656686
190949 591 2.24439 0.644607
194056 624 0.828893 0.644601
