102010 3025 1.80361 0.330436
109835 3267 1.92729 0.35252
123127 3146 2.09299 0.375086
116483 3178 1.97361 0.387006
108121 3210 1.9394 0.359941
111945 2924 1.92589 0.341459
105553 3191 1.93348 0.346867
109855 3032 1.84377 0.340859
112963 1333 1.47873 0.264188
110103 2980 1.93046 0.342363
88312 2959 1.5553 0.297884
116662 3302 2.05074 0.368042
87263 2852 1.45091 0.293665
104637 2927 1.85315 0.329368
121259 3629 2.1403 0.391038
111477 3076 1.91156 0.335531
103656 3081 1.78175 0.335973
111450 3187 1.9264 0.350983
114952 2957 1.96125 0.338202
111378 2889 1.9061 0.332815
116796 2970 2.00306 0.349966
110757 2783 1.88914 0.327173
97363 2743 1.61733 0.308273
103657 2988 1.76272 0.337126
99437 2856 1.66583 0.313434
100116 3107 1.80829 0.324184
108918 2820 1.79229 0.328144
121625 3239 2.15144 0.373579
120407 3378 2.07796 0.375295
138698 3429 2.47109 0.414045
125876 3185 2.24833 0.380589
113307 3000 2.05205 0.340295
119699 3189 2.10179 0.354701
107409 3103 1.94958 0.355097
134418 3632 2.53223 0.409285
128076 3701 2.34609 0.402063
116804 3091 2.02458 0.346786
113660 3202 1.96706 0.354008
112820 3105 1.91452 0.342912
111055 3275 1.93243 0.358611
111470 3213 1.91423 0.368953
100306 2875 1.84006 0.357503
113638 2567 1.80882 0.326974
123943 3082 2.20658 0.383121
112465 3077 1.93211 0.338961
107682 3123 1.85232 0.329694
98357 2930 1.71763 0.304867
100804 2953 1.76019 0.322566
98687 3158 1.73866 0.373053
105390 1900 1.52967 0.280107
100233 2658 1.649 0.302855
108940 3180 1.91689 0.334988
114703 3011 2.0229 0.349809
103692 2856 1.74784 0.318718
86723 2610 1.48961 0.28803
103871 2955 1.78767 0.336318
106758 2873 1.77673 0.323298
112226 3008 1.95462 0.337292
108412 2837 1.85657 0.326587
109985 2828 1.86453 0.329551
104222 2865 1.80746 0.322077
109381 1087 1.40884 0.237876
103816 3157 1.7881 0.341048
107534 3075 1.93621 0.404657
103972 2979 1.70321 0.348916
119683 3115 2.30124 0.479365
131499 3314 2.63906 0.460569
165842 4184 3.10017 0.526193
114414 2959 1.93593 0.354536
123957 3259 2.11789 0.366193
131647 3442 2.3566 0.402762
123074 3256 2.16107 0.383735
124325 3297 2.16848 0.374571
106203 3156 1.88837 0.348502
104634 2726 1.8263 0.310224
131024 3214 2.29942 0.385857
109154 2989 1.79022 0.341718
97805 2894 1.67367 0.302911
101365 2664 1.70495 0.306808
102928 2940 1.79031 0.3288
97259 2858 1.64135 0.30802
90244 2809 1.55975 0.288896
92543 2705 1.56211 0.301527
108519 2931 1.83534 0.321909
94057 2643 1.60752 0.300708
97442 2985 1.6495 0.32437
102010 3025 1.80361 0.941652
109835 3267 1.92729 1.06401
123127 3146 2.09299 1.14055
116483 3178 1.97361 1.14034
108121 3210 1.9394 1.14624
111945 2924 1.92589 0.990377
105553 3191 1.93348 1.05115
109855 3032 1.84377 1.01029
112963 1333 1.47873 0.538594
110103 2980 1.93046 1.04285
88312 2959 1.5553 1.0474
116662 3302 2.05074 1.13019
87263 2852 1.45091 0.888563
104637 2927 1.85315 1.08642
121259 3629 2.1403 1.38917
111477 3076 1.91156 1.01846
103656 3081 1.78175 0.970344
111450 3187 1.9264 1.14795
114952 2957 1.96125 1.02121
111378 2889 1.9061 0.985064
116796 2970 2.00306 1.03587
110757 2783 1.88914 0.945197
97363 2743 1.61733 0.91864
103657 2988 1.76272 0.959903
99437 2856 1.66583 0.88664
100116 3107 1.80829 1.04238
108918 2820 1.79229 0.97065
121625 3239 2.15144 1.17687
120407 3378 2.07796 1.11351
138698 3429 2.47109 1.35967
125876 3185 2.24833 1.2597
113307 3000 2.05205 1.02892
119699 3189 2.10179 1.09919
107409 3103 1.94958 0.98737
134418 3632 2.53223 1.38906
128076 3701 2.34609 1.41694
116804 3091 2.02458 1.04208
113660 3202 1.96706 1.0335
112820 3105 1.91452 1.02956
111055 3275 1.93243 1.04558
111470 3213 1.91423 1.05793
100306 2875 1.84006 0.956473
113638 2567 1.80882 0.991658
123943 3082 2.20658 1.17605
112465 3077 1.93211 0.97262
107682 3123 1.85232 0.947044
98357 2930 1.71763 0.949312
100804 2953 1.76019 0.970694
98687 3158 1.73866 1.01976
105390 1900 1.52967 0.706865
100233 2658 1.649 0.852425
108940 3180 1.91689 1.01148
114703 3011 2.0229 1.02777
103692 2856 1.74784 0.937321
86723 2610 1.48961 0.747387
103871 2955 1.78767 0.951094
106758 2873 1.77673 0.929941
112226 3008 1.95462 1.00862
108412 2837 1.85657 0.889199
109985 2828 1.86453 0.981638
104222 2865 1.80746 0.907882
109381 1087 1.40884 0.449885
103816 3157 1.7881 1.09758
107534 3075 1.93621 1.05033
103972 2979 1.70321 0.977467
119683 3115 2.30124 1.12708
131499 3314 2.63906 1.32059
165842 4184 3.10017 1.73457
114414 2959 1.93593 1.06317
123957 3259 2.11789 1.17625
131647 3442 2.3566 1.34259
123074 3256 2.16107 1.23647
124325 3297 2.16848 1.15201
106203 3156 1.88837 1.12045
104634 2726 1.8263 0.947405
131024 3214 2.29942 1.22628
109154 2989 1.79022 0.924357
97805 2894 1.67367 0.910287
101365 2664 1.70495 0.887779
102928 2940 1.79031 1.00548
97259 2858 1.64135 0.988604
90244 2809 1.55975 0.930516
92543 2705 1.56211 0.887148
108519 2931 1.83534 1.01356
94057 2643 1.60752 0.925297
97442 2985 1.6495 1.00289
102010 3025 1.80361 0.832712
109835 3267 1.92729 0.932998
123127 3146 2.09299 1.1833
116483 3178 1.97361 1.17632
108121 3210 1.9394 1.22
111945 2924 1.92589 1.0009
105553 3191 1.93348 1.12752
109855 3032 1.84377 0.996851
112963 1333 1.47873 0.631156
110103 2980 1.93046 1.09497
88312 2959 1.5553 0.948611
116662 3302 2.05074 0.980372
87263 2852 1.45091 0.791045
104637 2927 1.85315 0.907493
121259 3629 2.1403 1.20391
111477 3076 1.91156 0.907863
103656 3081 1.78175 0.853814
111450 3187 1.9264 0.980993
114952 2957 1.96125 0.902721
111378 2889 1.9061 0.882852
116796 2970 2.00306 0.947852
110757 2783 1.88914 0.891565
97363 2743 1.61733 0.811409
103657 2988 1.76272 0.823366
99437 2856 1.66583 0.854812
100116 3107 1.80829 1.01768
108918 2820 1.79229 0.81633
121625 3239 2.15144 1.08205
120407 3378 2.07796 0.998061
138698 3429 2.47109 1.13488
125876 3185 2.24833 1.06495
113307 3000 2.05205 0.944507
119699 3189 2.10179 1.00409
107409 3103 1.94958 0.959998
134418 3632 2.53223 1.23005
128076 3701 2.34609 1.21188
116804 3091 2.02458 0.948569
113660 3202 1.96706 0.970173
112820 3105 1.91452 0.965472
111055 3275 1.93243 0.937318
111470 3213 1.91423 1.0155
100306 2875 1.84006 0.886146
113638 2567 1.80882 0.891827
123943 3082 2.20658 1.04332
112465 3077 1.93211 0.933968
107682 3123 1.85232 0.884318
98357 2930 1.71763 0.903069
100804 2953 1.76019 0.883223
98687 3158 1.73866 0.872548
105390 1900 1.52967 0.674744
100233 2658 1.649 0.781181
108940 3180 1.91689 0.907184
114703 3011 2.0229 0.932037
103692 2856 1.74784 0.83842
86723 2610 1.48961 0.703748
103871 2955 1.78767 0.868761
106758 2873 1.77673 0.851879
112226 3008 1.95462 0.91306
108412 2837 1.85657 0.847786
109985 2828 1.86453 0.892661
104222 2865 1.80746 0.808699
109381 1087 1.40884 0.432384
103816 3157 1.7881 0.966701
107534 3075 1.93621 1.00103
103972 2979 1.70321 0.869437
119683 3115 2.30124 0.986016
131499 3314 2.63906 1.12009
165842 4184 3.10017 1.40551
114414 2959 1.93593 0.902673
123957 3259 2.11789 1.02096
131647 3442 2.3566 1.14593
123074 3256 2.16107 1.03861
124325 3297 2.16848 1.00366
106203 3156 1.88837 0.938009
104634 2726 1.8263 0.808474
131024 3214 2.29942 1.07311
109154 2989 1.79022 0.859648
97805 2894 1.67367 0.831484
101365 2664 1.70495 0.768929
102928 2940 1.79031 0.881067
97259 2858 1.64135 0.861497
90244 2809 1.55975 0.796819
92543 2705 1.56211 0.791038
108519 2931 1.83534 0.905831
94057 2643 1.60752 0.794134
97442 2985 1.6495 0.861233
102010 3025 1.80361 1.42814
109835 3267 1.92729 1.61967
123127 3146 2.09299 1.73805
116483 3178 1.97361 1.7247
108121 3210 1.9394 1.78259
111945 2924 1.92589 1.51165
105553 3191 1.93348 1.63104
109855 3032 1.84377 1.55034
112963 1333 1.47873 0.799059
110103 2980 1.93046 1.60775
88312 2959 1.5553 1.68986
116662 3302 2.05074 1.77378
87263 2852 1.45091 1.38036
104637 2927 1.85315 1.66424
121259 3629 2.1403 2.13298
111477 3076 1.91156 1.57572
103656 3081 1.78175 1.49487
111450 3187 1.9264 1.77701
114952 2957 1.96125 1.57818
111378 2889 1.9061 1.51856
116796 2970 2.00306 1.5877
110757 2783 1.88914 1.45195
97363 2743 1.61733 1.40762
103657 2988 1.76272 1.47314
99437 2856 1.66583 1.36829
100116 3107 1.80829 1.63074
108918 2820 1.79229 1.49206
121625 3239 2.15144 1.77882
120407 3378 2.07796 1.71037
138698 3429 2.47109 2.10899
125876 3185 2.24833 1.92843
113307 3000 2.05205 1.56847
119699 3189 2.10179 1.67888
107409 3103 1.94958 1.52693
134418 3632 2.53223 2.13224
128076 3701 2.34609 2.16749
116804 3091 2.02458 1.60178
113660 3202 1.96706 1.59526
112820 3105 1.91452 1.57497
111055 3275 1.93243 1.58182
111470 3213 1.91423 1.59585
100306 2875 1.84006 1.45512
113638 2567 1.80882 1.50468
123943 3082 2.20658 1.80983
112465 3077 1.93211 1.49146
107682 3123 1.85232 1.47822
98357 2930 1.71763 1.45005
100804 2953 1.76019 1.49638
98687 3158 1.73866 1.56086
105390 1900 1.52967 1.06746
100233 2658 1.649 1.30341
108940 3180 1.91689 1.54363
114703 3011 2.0229 1.56117
103692 2856 1.74784 1.42601
86723 2610 1.48961 1.14221
103871 2955 1.78767 1.46217
106758 2873 1.77673 1.43471
112226 3008 1.95462 1.58389
108412 2837 1.85657 1.40495
109985 2828 1.86453 1.51617
104222 2865 1.80746 1.40175
109381 1087 1.40884 0.671602
103816 3157 1.7881 1.69684
107534 3075 1.93621 1.62958
103972 2979 1.70321 1.46525
119683 3115 2.30124 1.71873
131499 3314 2.63906 2.02089
165842 4184 3.10017 2.6671
114414 2959 1.93593 1.64076
123957 3259 2.11789 1.80145
131647 3442 2.3566 2.06405
123074 3256 2.16107 1.8979
124325 3297 2.16848 1.7746
106203 3156 1.88837 1.73484
104634 2726 1.8263 1.45479
131024 3214 2.29942 1.87119
109154 2989 1.79022 1.40698
97805 2894 1.67367 1.40221
101365 2664 1.70495 1.36088
102928 2940 1.79031 1.54955
97259 2858 1.64135 1.5398
90244 2809 1.55975 1.4514
92543 2705 1.56211 1.33127
108519 2931 1.83534 1.53695
94057 2643 1.60752 1.41571
97442 2985 1.6495 1.53339
102010 3025 1.80361 0.276185
109835 3267 1.92729 0.288253
123127 3146 2.09299 0.313565
116483 3178 1.97361 0.290469
108121 3210 1.9394 0.279003
111945 2924 1.92589 0.290643
105553 3191 1.93348 0.270398
109855 3032 1.84377 0.277258
112963 1333 1.47873 0.231761
110103 2980 1.93046 0.284273
88312 2959 1.5553 0.23242
116662 3302 2.05074 0.299699
87263 2852 1.45091 0.245953
104637 2927 1.85315 0.261367
121259 3629 2.1403 0.342891
111477 3076 1.91156 0.292642
103656 3081 1.78175 0.263741
111450 3187 1.9264 0.287404
114952 2957 1.96125 0.279982
111378 2889 1.9061 0.278518
116796 2970 2.00306 0.287113
110757 2783 1.88914 0.274393
97363 2743 1.61733 0.215229
103657 2988 1.76272 0.21711
99437 2856 1.66583 0.254971
100116 3107 1.80829 0.257111
108918 2820 1.79229 0.268837
121625 3239 2.15144 0.304891
120407 3378 2.07796 0.315498
138698 3429 2.47109 0.335639
125876 3185 2.24833 0.181941
113307 3000 2.05205 0.248975
119699 3189 2.10179 0.305245
107409 3103 1.94958 0.278196
134418 3632 2.53223 0.388132
128076 3701 2.34609 0.354878
116804 3091 2.02458 0.365932
113660 3202 1.96706 0.305337
112820 3105 1.91452 0.346533
111055 3275 1.93243 0.31606
111470 3213 1.91423 0.385934
100306 2875 1.84006 0.392537
113638 2567 1.80882 0.40448
123943 3082 2.20658 0.357516
112465 3077 1.93211 0.389809
107682 3123 1.85232 0.449398
98357 2930 1.71763 0.361659
100804 2953 1.76019 0.365825
98687 3158 1.73866 0.442245
105390 1900 1.52967 0.341153
100233 2658 1.649 0.441739
108940 3180 1.91689 0.456108
114703 3011 2.0229 0.459275
103692 2856 1.74784 0.370768
86723 2610 1.48961 0.330489
103871 2955 1.78767 0.338806
106758 2873 1.77673 0.425366
112226 3008 1.95462 0.406413
108412 2837 1.85657 0.38096
109985 2828 1.86453 0.374506
104222 2865 1.80746 0.345929
109381 1087 1.40884 0.327621
103816 3157 1.7881 0.368805
107534 3075 1.93621 0.285969
103972 2979 1.70321 0.280332
119683 3115 2.30124 0.31321
131499 3314 2.63906 0.344398
165842 4184 3.10017 0.506062
114414 2959 1.93593 0.296863
123957 3259 2.11789 0.306255
131647 3442 2.3566 0.338669
123074 3256 2.16107 0.30228
124325 3297 2.16848 0.309142
106203 3156 1.88837 0.279848
104634 2726 1.8263 0.266437
131024 3214 2.29942 0.355004
109154 2989 1.79022 0.28098
97805 2894 1.67367 0.253857
101365 2664 1.70495 0.255616
102928 2940 1.79031 0.282585
97259 2858 1.64135 0.261315
90244 2809 1.55975 0.244294
92543 2705 1.56211 0.244823
108519 2931 1.83534 0.275627
94057 2643 1.60752 0.259062
97442 2985 1.6495 0.262092
179969 4165 2.97731 0.29059
179282 4021 3.38694 0.458594
173730 3864 3.05155 0.208584
165436 4237 3.39307 0.368124
180856 3873 3.14828 0.430025
155260 3720 2.56147 0.183636
156493 4311 2.60744 0.416278
181244 4259 2.85279 0.472894
154201 4001 2.41885 0.392095
180969 4030 3.12868 0.443979
181125 4248 3.12099 0.338715
163464 3799 2.80899 0.236083
176977 4212 3.12113 0.262932
180957 3928 3.16496 0.341368
166202 3544 2.60475 0.370565
154682 3577 2.68416 0.304755
156894 3736 2.38387 0.200098
154769 3787 2.56927 0.256491
180100 4229 2.96315 0.258668
172683 3865 2.93382 0.308094
172669 3820 2.94155 0.236556
169346 3856 2.62697 0.407074
174389 4086 3.02728 0.417945
181428 4349 2.98595 0.273257
175098 4169 3.11319 0.422345
182305 4358 3.06838 0.430239
180496 3990 3.24344 0.295626
168815 3853 2.92652 0.388497
169998 3813 2.71182 0.450228
183763 4275 3.23596 0.337404
179659 4155 2.9852 0.42801
177383 4157 3.09106 0.305321
182294 3137 2.57888 0.391912
180307 4004 3.0977 0.25189
168079 4030 2.67646 0.411152
168971 4201 3.13711 0.314074
161335 4322 2.84157 0.205757
182781 2445 2.46259 0.382032
177748 3752 3.06793 0.272149
162211 3776 3.07386 0.384251
154963 3749 2.56514 0.371525
181881 4031 3.25615 0.413522
176886 3736 3.20502 0.414447
172355 3576 2.8568 0.400233
177767 3838 3.23765 0.28744
186877 1241 2.32252 0.339862
180372 4118 3.12099 0.260837
179332 3806 3.15702 0.297203
180983 3873 3.06919 0.429356
191333 4132 3.31911 0.452639
179947 3808 3.18612 0.418052
176945 3852 3.04742 0.239425
178782 3949 2.97862 0.239901
175827 4157 2.97462 0.42294
184913 4476 3.17084 0.460222
179065 3796 2.90755 0.427156
179432 3898 3.13283 0.360141
183873 3935 2.90515 0.411734
175824 3895 2.70972 0.205212
149921 3866 2.19701 0.362298
157530 4125 2.54011 0.402856
153307 3775 2.24116 0.186393
153230 3972 2.47458 0.274643
156474 3810 2.37893 0.369414
159357 4096 2.17897 0.208754
179969 4165 2.97731 2.93972
179282 4021 3.38694 2.69956
173730 3864 3.05155 2.53811
165436 4237 3.39307 2.78941
180856 3873 3.14828 2.68246
155260 3720 2.56147 2.32515
156493 4311 2.60744 2.63142
181244 4259 2.85279 3.16825
154201 4001 2.41885 2.74637
180969 4030 3.12868 2.892
181125 4248 3.12099 3.26625
163464 3799 2.80899 2.78237
176977 4212 3.12113 3.06889
180957 3928 3.16496 2.71922
166202 3544 2.60475 2.27483
154682 3577 2.68416 2.37267
156894 3736 2.38387 2.56595
154769 3787 2.56927 2.49458
180100 4229 2.96315 2.79155
172683 3865 2.93382 2.68172
172669 3820 2.94155 2.3881
169346 3856 2.62697 2.74628
174389 4086 3.02728 2.6261
181428 4349 2.98595 2.89099
175098 4169 3.11319 2.94445
182305 4358 3.06838 3.23617
180496 3990 3.24344 2.80099
168815 3853 2.92652 2.59406
169998 3813 2.71182 2.3182
183763 4275 3.23596 2.83953
179659 4155 2.9852 2.94219
177383 4157 3.09106 2.93229
182294 3137 2.57888 2.50577
180307 4004 3.0977 2.87574
168079 4030 2.67646 2.95849
168971 4201 3.13711 2.69578
161335 4322 2.84157 2.56975
182781 2445 2.46259 1.88925
177748 3752 3.06793 2.61433
162211 3776 3.07386 2.39382
154963 3749 2.56514 2.5205
181881 4031 3.25615 2.85923
176886 3736 3.20502 2.71645
172355 3576 2.8568 2.51474
177767 3838 3.23765 2.32459
186877 1241 2.32252 1.08772
180372 4118 3.12099 3.17033
179332 3806 3.15702 2.52796
180983 3873 3.06919 2.66193
191333 4132 3.31911 2.47016
179947 3808 3.18612 2.67954
176945 3852 3.04742 2.51889
178782 3949 2.97862 2.90066
175827 4157 2.97462 2.82396
184913 4476 3.17084 2.78596
179065 3796 2.90755 2.50659
179432 3898 3.13283 2.4625
183873 3935 2.90515 2.59243
175824 3895 2.70972 2.96138
149921 3866 2.19701 2.57548
157530 4125 2.54011 2.3818
153307 3775 2.24116 2.40069
153230 3972 2.47458 2.40614
156474 3810 2.37893 2.5433
159357 4096 2.17897 2.56309
179969 4165 2.97731 0.347377
179282 4021 3.38694 0.362828
173730 3864 3.05155 0.51714
165436 4237 3.39307 0.58382
180856 3873 3.14828 0.392443
155260 3720 2.56147 0.458139
156493 4311 2.60744 0.363427
181244 4259 2.85279 0.505402
154201 4001 2.41885 0.370013
180969 4030 3.12868 0.491117
181125 4248 3.12099 0.417563
163464 3799 2.80899 0.347066
176977 4212 3.12113 0.525587
180957 3928 3.16496 0.391518
166202 3544 2.60475 0.368502
154682 3577 2.68416 0.2748
156894 3736 2.38387 0.445356
154769 3787 2.56927 0.270818
180100 4229 2.96315 0.497868
172683 3865 2.93382 0.343627
172669 3820 2.94155 0.322361
169346 3856 2.62697 0.48919
174389 4086 3.02728 0.428716
181428 4349 2.98595 0.41602
175098 4169 3.11319 0.498961
182305 4358 3.06838 0.479002
180496 3990 3.24344 0.375079
168815 3853 2.92652 0.553999
169998 3813 2.71182 0.258478
183763 4275 3.23596 0.51213
179659 4155 2.9852 0.53511
177383 4157 3.09106 0.452786
182294 3137 2.57888 0.361159
180307 4004 3.0977 0.517032
168079 4030 2.67646 0.499513
168971 4201 3.13711 0.405902
161335 4322 2.84157 0.356894
182781 2445 2.46259 0.547214
177748 3752 3.06793 0.302905
162211 3776 3.07386 0.457767
154963 3749 2.56514 0.282805
181881 4031 3.25615 0.513111
176886 3736 3.20502 0.375631
172355 3576 2.8568 0.478066
177767 3838 3.23765 0.414325
186877 1241 2.32252 0.374896
180372 4118 3.12099 0.366595
179332 3806 3.15702 0.486099
180983 3873 3.06919 0.401106
191333 4132 3.31911 0.504761
179947 3808 3.18612 0.53199
176945 3852 3.04742 0.501352
178782 3949 2.97862 0.292777
175827 4157 2.97462 0.506037
184913 4476 3.17084 0.450737
179065 3796 2.90755 0.445394
179432 3898 3.13283 0.396619
183873 3935 2.90515 0.37739
175824 3895 2.70972 0.539248
149921 3866 2.19701 0.338593
157530 4125 2.54011 0.473641
153307 3775 2.24116 0.269618
153230 3972 2.47458 0.455881
156474 3810 2.37893 0.320188
159357 4096 2.17897 0.471369
179969 4165 2.97731 0.925186
179282 4021 3.38694 1.25075
173730 3864 3.05155 1.41757
165436 4237 3.39307 1.35621
180856 3873 3.14828 1.26124
155260 3720 2.56147 1.04156
156493 4311 2.60744 1.31379
181244 4259 2.85279 1.30904
154201 4001 2.41885 1.16296
180969 4030 3.12868 1.36466
181125 4248 3.12099 1.29399
163464 3799 2.80899 1.08772
176977 4212 3.12113 1.46368
180957 3928 3.16496 1.11844
166202 3544 2.60475 1.04508
154682 3577 2.68416 1.19407
156894 3736 2.38387 1.04132
154769 3787 2.56927 1.25392
180100 4229 2.96315 1.37387
172683 3865 2.93382 1.21511
172669 3820 2.94155 1.22733
169346 3856 2.62697 1.155
174389 4086 3.02728 1.38408
181428 4349 2.98595 1.4475
175098 4169 3.11319 1.1275
182305 4358 3.06838 1.33223
180496 3990 3.24344 1.37332
168815 3853 2.92652 1.30607
169998 3813 2.71182 1.11084
183763 4275 3.23596 1.3861
179659 4155 2.9852 1.47726
177383 4157 3.09106 1.43534
182294 3137 2.57888 1.14207
180307 4004 3.0977 1.34302
168079 4030 2.67646 1.35721
168971 4201 3.13711 1.20126
161335 4322 2.84157 1.16903
182781 2445 2.46259 0.878824
177748 3752 3.06793 1.34671
162211 3776 3.07386 1.09337
154963 3749 2.56514 1.24544
181881 4031 3.25615 1.39178
176886 3736 3.20502 1.12716
172355 3576 2.8568 1.2147
177767 3838 3.23765 1.28913
186877 1241 2.32252 0.692976
180372 4118 3.12099 1.52029
179332 3806 3.15702 1.25168
180983 3873 3.06919 1.18796
191333 4132 3.31911 1.35988
179947 3808 3.18612 1.2256
176945 3852 3.04742 1.20494
178782 3949 2.97862 1.13569
175827 4157 2.97462 1.13634
184913 4476 3.17084 1.54169
179065 3796 2.90755 1.11604
179432 3898 3.13283 1.00828
183873 3935 2.90515 1.38907
175824 3895 2.70972 1.48509
149921 3866 2.19701 0.992373
157530 4125 2.54011 1.18091
153307 3775 2.24116 1.20489
153230 3972 2.47458 1.2244
156474 3810 2.37893 0.986307
159357 4096 2.17897 1.07904
179969 4165 2.97731 1.58483
179282 4021 3.38694 1.86029
173730 3864 3.05155 1.7662
165436 4237 3.39307 1.65283
180856 3873 3.14828 1.68788
155260 3720 2.56147 1.62799
156493 4311 2.60744 1.7766
181244 4259 2.85279 2.10978
154201 4001 2.41885 1.82274
180969 4030 3.12868 1.81103
181125 4248 3.12099 1.93069
163464 3799 2.80899 1.64246
176977 4212 3.12113 1.86897
180957 3928 3.16496 1.75575
166202 3544 2.60475 1.33093
154682 3577 2.68416 1.63682
156894 3736 2.38387 1.65831
154769 3787 2.56927 1.54324
180100 4229 2.96315 1.94679
172683 3865 2.93382 1.83758
172669 3820 2.94155 1.70786
169346 3856 2.62697 1.60933
174389 4086 3.02728 1.91721
181428 4349 2.98595 1.82963
175098 4169 3.11319 1.8365
182305 4358 3.06838 1.92115
180496 3990 3.24344 1.5508
168815 3853 2.92652 1.8064
169998 3813 2.71182 1.73644
183763 4275 3.23596 1.80915
179659 4155 2.9852 1.92435
177383 4157 3.09106 1.62695
182294 3137 2.57888 1.73661
180307 4004 3.0977 1.96689
168079 4030 2.67646 1.93637
168971 4201 3.13711 1.96469
161335 4322 2.84157 1.78871
182781 2445 2.46259 1.17472
177748 3752 3.06793 1.77218
162211 3776 3.07386 1.78529
154963 3749 2.56514 1.52226
181881 4031 3.25615 1.83992
176886 3736 3.20502 1.56239
172355 3576 2.8568 1.29549
177767 3838 3.23765 1.72076
186877 1241 2.32252 0.708017
180372 4118 3.12099 1.94946
179332 3806 3.15702 1.75674
180983 3873 3.06919 1.80912
191333 4132 3.31911 1.64717
179947 3808 3.18612 1.79951
176945 3852 3.04742 1.6514
178782 3949 2.97862 1.91171
175827 4157 2.97462 1.74667
184913 4476 3.17084 1.93842
179065 3796 2.90755 1.54383
179432 3898 3.13283 1.67086
183873 3935 2.90515 1.65687
175824 3895 2.70972 1.83534
149921 3866 2.19701 1.47492
157530 4125 2.54011 1.69537
153307 3775 2.24116 1.54326
153230 3972 2.47458 1.57124
156474 3810 2.37893 1.74602
159357 4096 2.17897 1.60524
382893 3197 13.1508 7.42666
403050 3357 13.7391 8.03747
360002 2946 12.3916 7.20349
417964 3414 14.2825 8.88868
465784 3845 16.752 10.3277
360875 2852 12.412 7.57497
368526 3327 13.8861 7.70858
349861 2830 11.7453 6.874
424691 1564 11.1108 4.68661
339021 2792 12.08 6.44944
335978 3417 11.592 7.50021
433153 3402 15.83 9.66842
332962 3230 11.2778 8.9411
399528 3320 13.8781 8.40366
386666 3409 13.8982 8.9787
383856 3002 13.309 7.14766
357230 3142 12.4403 7.18501
449652 3675 15.9178 9.67004
444344 3282 15.6186 8.92465
414960 3061 14.6211 8.48102
352741 2738 11.6215 6.371
394384 2920 13.3941 8.81721
307963 2666 10.2282 6.12502
351250 2898 12.139 5.98215
320682 2841 10.6505 4.92615
359026 3306 12.7234 5.87551
376223 2851 12.068 4.8679
438252 3498 15.6307 7.88764
465518 3725 16.5399 10.3149
406231 3050 14.4107 6.3922
408231 3267 14.4777 7.64821
372523 2996 13.0946 5.71761
393802 3120 13.8954 6.6463
413193 3521 14.4989 7.16789
439090 3470 16.5464 8.87331
463637 3739 17.2004 8.15246
426557 3324 15.2331 7.29773
407163 3217 14.4799 7.69567
374022 3013 13.2145 7.43682
378044 3224 13.9705 6.48869
415910 3515 14.9887 7.54563
399001 3248 14.483 9.40634
368803 2510 12.5777 6.07594
407700 3144 14.9382 7.24899
404929 3191 14.3614 6.82282
402553 3179 13.5752 6.35168
338813 2973 11.2551 6.0955
349335 3204 11.5248 6.02442
372085 3376 12.8347 6.04703
367917 2201 9.83431 3.82308
402297 3256 13.0606 6.15659
368286 2963 12.1267 5.05306
345603 2735 11.2636 4.98837
390601 3128 12.8609 6.04102
307277 2726 10.3277 5.20284
415685 3470 13.1156 7.84887
376478 3063 10.9427 5.66403
377404 3047 10.9948 6.11264
391320 2955 11.829 6.3415
394159 3146 13.6903 7.30514
398942 3227 12.1051 6.28402
329650 1138 7.40503 2.54897
431037 3778 14.6078 7.60392
327323 3102 9.94946 5.52606
412028 3292 13.6762 7.02394
475947 3317 15.8212 7.80049
447767 3359 13.9643 8.84954
486395 3735 16.2615 8.10001
414497 3086 14.3892 6.68438
367051 2965 12.3547 6.05186
442242 3450 15.8456 7.29626
387424 3071 16.062 7.25852
392263 3372 15.3485 6.66769
387718 3454 13.475 7.61305
365134 2780 12.3861 6.8548
335961 2710 11.2756 5.52948
398211 3049 13.4576 6.12737
334990 2898 11.5879 6.95135
393477 2989 13.3499 8.31289
337377 3028 11.7593 7.70572
387641 3194 12.8648 6.56714
308669 2929 10.0298 5.94508
360264 3075 12.1821 6.69145
382482 3307 12.6888 6.9543
344219 3015 11.4805 8.21783
374773 3337 12.4722 9.21538
382893 3197 13.1508 0.866238
403050 3357 13.7391 0.895179
360002 2946 12.3916 0.781533
417964 3414 14.2825 0.958787
465784 3845 16.752 1.06591
360875 2852 12.412 0.795855
368526 3327 13.8861 0.831943
349861 2830 11.7453 0.764166
424691 1564 11.1108 0.810129
339021 2792 12.08 0.742194
335978 3417 11.592 0.774747
433153 3402 15.83 0.954098
332962 3230 11.2778 0.760948
399528 3320 13.8781 0.897157
386666 3409 13.8982 0.867375
383856 3002 13.309 0.823225
357230 3142 12.4403 0.801926
449652 3675 15.9178 1.00404
444344 3282 15.6186 0.991338
414960 3061 14.6211 0.897194
352741 2738 11.6215 0.766323
394384 2920 13.3941 0.873108
307963 2666 10.2282 0.718283
351250 2898 12.139 0.785929
320682 2841 10.6505 0.704543
359026 3306 12.7234 0.788067
376223 2851 12.068 0.81256
438252 3498 15.6307 0.993981
465518 3725 16.5399 1.08459
406231 3050 14.4107 0.887172
408231 3267 14.4777 0.92532
372523 2996 13.0946 0.817023
393802 3120 13.8954 0.853771
413193 3521 14.4989 0.928361
439090 3470 16.5464 0.97979
463637 3739 17.2004 1.11722
426557 3324 15.2331 1.08861
407163 3217 14.4799 0.91824
374022 3013 13.2145 0.828447
378044 3224 13.9705 0.974628
415910 3515 14.9887 0.932219
399001 3248 14.483 0.990892
368803 2510 12.5777 0.797064
407700 3144 14.9382 0.947443
404929 3191 14.3614 0.709678
402553 3179 13.5752 0.854489
338813 2973 11.2551 0.457377
349335 3204 11.5248 0.631982
372085 3376 12.8347 0.818885
367917 2201 9.83431 0.732111
402297 3256 13.0606 0.844034
368286 2963 12.1267 0.648213
345603 2735 11.2636 0.569498
390601 3128 12.8609 0.85016
307277 2726 10.3277 0.496877
415685 3470 13.1156 0.745197
376478 3063 10.9427 0.619009
377404 3047 10.9948 0.792222
391320 2955 11.829 0.876772
394159 3146 13.6903 0.759244
398942 3227 12.1051 0.83846
329650 1138 7.40503 0.644185
431037 3778 14.6078 0.974637
327323 3102 9.94946 0.704743
412028 3292 13.6762 0.896117
475947 3317 15.8212 0.891658
447767 3359 13.9643 1.11321
486395 3735 16.2615 1.06176
414497 3086 14.3892 0.875039
367051 2965 12.3547 0.813672
442242 3450 15.8456 1.19482
387424 3071 16.062 1.09162
392263 3372 15.3485 0.885627
387718 3454 13.475 0.887822
365134 2780 12.3861 0.81962
335961 2710 11.2756 0.740662
398211 3049 13.4576 0.863723
334990 2898 11.5879 0.765998
393477 2989 13.3499 0.85722
337377 3028 11.7593 0.79041
387641 3194 12.8648 0.84058
308669 2929 10.0298 0.679142
360264 3075 12.1821 0.783096
382482 3307 12.6888 0.865752
344219 3015 11.4805 0.769892
374773 3337 12.4722 0.837956
382893 3197 13.1508 0.955564
403050 3357 13.7391 0.978839
360002 2946 12.3916 0.965327
417964 3414 14.2825 1.01532
465784 3845 16.752 1.15731
360875 2852 12.412 0.862264
368526 3327 13.8861 1.02916
349861 2830 11.7453 0.840005
424691 1564 11.1108 0.85521
339021 2792 12.08 0.799145
335978 3417 11.592 0.865049
433153 3402 15.83 1.04197
332962 3230 11.2778 0.946574
399528 3320 13.8781 0.970929
386666 3409 13.8982 0.975997
383856 3002 13.309 0.898946
357230 3142 12.4403 0.887638
449652 3675 15.9178 1.15756
444344 3282 15.6186 1.05715
414960 3061 14.6211 1.05508
352741 2738 11.6215 0.828474
394384 2920 13.3941 0.923616
307963 2666 10.2282 0.75686
351250 2898 12.139 0.949333
320682 2841 10.6505 0.798603
359026 3306 12.7234 0.926973
376223 2851 12.068 0.849417
438252 3498 15.6307 1.08608
465518 3725 16.5399 1.14468
406231 3050 14.4107 1.03099
408231 3267 14.4777 0.980368
372523 2996 13.0946 0.89984
393802 3120 13.8954 0.943121
413193 3521 14.4989 1.00636
439090 3470 16.5464 1.16874
463637 3739 17.2004 1.13519
426557 3324 15.2331 1.03515
407163 3217 14.4799 0.999183
374022 3013 13.2145 0.929728
378044 3224 13.9705 0.923432
415910 3515 14.9887 1.11767
399001 3248 14.483 0.983944
368803 2510 12.5777 0.845492
407700 3144 14.9382 0.977859
404929 3191 14.3614 0.965181
402553 3179 13.5752 1.04738
338813 2973 11.2551 0.820331
349335 3204 11.5248 0.874059
372085 3376 12.8347 0.911001
367917 2201 9.83431 0.808037
402297 3256 13.0606 0.948873
368286 2963 12.1267 0.893584
345603 2735 11.2636 0.902306
390601 3128 12.8609 0.926806
307277 2726 10.3277 0.744868
415685 3470 13.1156 1.0072
376478 3063 10.9427 0.901898
377404 3047 10.9948 0.945013
391320 2955 11.829 0.920627
394159 3146 13.6903 0.948375
398942 3227 12.1051 0.95151
329650 1138 7.40503 0.653616
431037 3778 14.6078 1.08916
327323 3102 9.94946 0.87279
412028 3292 13.6762 0.971188
475947 3317 15.8212 1.10569
447767 3359 13.9643 1.06492
486395 3735 16.2615 1.17975
414497 3086 14.3892 1.04446
367051 2965 12.3547 0.883765
442242 3450 15.8456 1.12599
387424 3071 16.062 0.943977
392263 3372 15.3485 0.961693
387718 3454 13.475 0.971299
365134 2780 12.3861 0.937641
335961 2710 11.2756 0.813794
398211 3049 13.4576 0.941412
334990 2898 11.5879 0.803852
393477 2989 13.3499 0.924199
337377 3028 11.7593 0.818831
387641 3194 12.8648 0.920601
308669 2929 10.0298 0.776333
360264 3075 12.1821 0.92865
382482 3307 12.6888 0.94043
344219 3015 11.4805 0.84278
374773 3337 12.4722 0.92695
382893 3197 13.1508 12.9116
403050 3357 13.7391 13.4188
360002 2946 12.3916 12.5741
417964 3414 14.2825 16.2424
465784 3845 16.752 19.7749
360875 2852 12.412 12.8583
368526 3327 13.8861 15.2509
349861 2830 11.7453 13.2424
424691 1564 11.1108 7.72868
339021 2792 12.08 12.7054
335978 3417 11.592 14.0663
433153 3402 15.83 17.2929
332962 3230 11.2778 14.4912
399528 3320 13.8781 15.2934
386666 3409 13.8982 16.0093
383856 3002 13.309 12.916
357230 3142 12.4403 14.0404
449652 3675 15.9178 18.23
444344 3282 15.6186 17.0739
414960 3061 14.6211 16.0958
352741 2738 11.6215 11.1434
394384 2920 13.3941 13.0334
307963 2666 10.2282 12.6021
351250 2898 12.139 11.6043
320682 2841 10.6505 10.3747
359026 3306 12.7234 14.1501
376223 2851 12.068 10.545
438252 3498 15.6307 17.6468
465518 3725 16.5399 17.4473
406231 3050 14.4107 14.287
408231 3267 14.4777 16.2904
372523 2996 13.0946 12.3358
393802 3120 13.8954 13.0654
413193 3521 14.4989 14.3338
439090 3470 16.5464 16.2778
463637 3739 17.2004 17.095
426557 3324 15.2331 12.7201
407163 3217 14.4799 13.9678
374022 3013 13.2145 11.3861
378044 3224 13.9705 11.7328
415910 3515 14.9887 12.3885
399001 3248 14.483 13.3154
368803 2510 12.5777 8.68351
407700 3144 14.9382 12.9617
404929 3191 14.3614 11.8858
402553 3179 13.5752 13.6009
338813 2973 11.2551 12.192
349335 3204 11.5248 10.6057
372085 3376 12.8347 12.6989
367917 2201 9.83431 6.92711
402297 3256 13.0606 12.4996
368286 2963 12.1267 10.6437
345603 2735 11.2636 9.18292
390601 3128 12.8609 13.7384
307277 2726 10.3277 9.01562
415685 3470 13.1156 14.9213
376478 3063 10.9427 12.069
377404 3047 10.9948 11.5237
391320 2955 11.829 12.37
394159 3146 13.6903 13.3333
398942 3227 12.1051 11.8271
329650 1138 7.40503 4.61471
431037 3778 14.6078 16.5944
327323 3102 9.94946 10.188
412028 3292 13.6762 11.8953
475947 3317 15.8212 14.4941
447767 3359 13.9643 15.7526
486395 3735 16.2615 16.1111
414497 3086 14.3892 15.0863
367051 2965 12.3547 11.3423
442242 3450 15.8456 13.3327
387424 3071 16.062 13.6402
392263 3372 15.3485 12.3527
387718 3454 13.475 12.7409
365134 2780 12.3861 10.3287
335961 2710 11.2756 10.7785
398211 3049 13.4576 12.7309
334990 2898 11.5879 12.999
393477 2989 13.3499 11.2689
337377 3028 11.7593 12.6318
387641 3194 12.8648 13.0099
308669 2929 10.0298 12.3388
360264 3075 12.1821 14.6018
382482 3307 12.6888 15.2161
344219 3015 11.4805 15.028
374773 3337 12.4722 15.0519
382893 3197 13.1508 21.2732
403050 3357 13.7391 20.7992
360002 2946 12.3916 18.9069
417964 3414 14.2825 24.345
465784 3845 16.752 28.746
360875 2852 12.412 19.3125
368526 3327 13.8861 22.8326
349861 2830 11.7453 19.0571
424691 1564 11.1108 9.90489
339021 2792 12.08 16.5422
335978 3417 11.592 20.8144
433153 3402 15.83 26.2719
332962 3230 11.2778 22.3256
399528 3320 13.8781 23.932
386666 3409 13.8982 24.9976
383856 3002 13.309 16.4287
357230 3142 12.4403 17.0005
449652 3675 15.9178 25.2537
444344 3282 15.6186 24.7866
414960 3061 14.6211 23.3021
352741 2738 11.6215 15.85
394384 2920 13.3941 19.1205
307963 2666 10.2282 17.4184
351250 2898 12.139 17.1829
320682 2841 10.6505 14.8461
359026 3306 12.7234 19.943
376223 2851 12.068 15.5324
438252 3498 15.6307 25.8355
465518 3725 16.5399 26.3639
406231 3050 14.4107 22.2323
408231 3267 14.4777 25.3762
372523 2996 13.0946 16.4012
393802 3120 13.8954 19.7384
413193 3521 14.4989 21.5389
439090 3470 16.5464 29.3388
463637 3739 17.2004 29.6498
426557 3324 15.2331 19.1184
407163 3217 14.4799 21.4516
374022 3013 13.2145 19.789
378044 3224 13.9705 19.7372
415910 3515 14.9887 20.9888
399001 3248 14.483 24.216
368803 2510 12.5777 15.3018
407700 3144 14.9382 23.0954
404929 3191 14.3614 20.2521
402553 3179 13.5752 21.823
338813 2973 11.2551 20.3567
349335 3204 11.5248 19.523
372085 3376 12.8347 22.6677
367917 2201 9.83431 13.6302
402297 3256 13.0606 21.5749
368286 2963 12.1267 18.4854
345603 2735 11.2636 16.2551
390601 3128 12.8609 22.19
307277 2726 10.3277 16.3876
415685 3470 13.1156 26.0096
376478 3063 10.9427 20.0797
377404 3047 10.9948 19.4465
391320 2955 11.829 20.0449
394159 3146 13.6903 22.2157
398942 3227 12.1051 20.4406
329650 1138 7.40503 7.54638
431037 3778 14.6078 28.4228
327323 3102 9.94946 18.9603
412028 3292 13.6762 21.7732
475947 3317 15.8212 24.6541
447767 3359 13.9643 25.1054
486395 3735 16.2615 26.0204
414497 3086 14.3892 23.8221
367051 2965 12.3547 19.5006
442242 3450 15.8456 23.4879
387424 3071 16.062 21.7824
392263 3372 15.3485 21.3397
387718 3454 13.475 23.079
365134 2780 12.3861 20.664
335961 2710 11.2756 18.8556
398211 3049 13.4576 19.9231
334990 2898 11.5879 20.1671
393477 2989 13.3499 19.8179
337377 3028 11.7593 21.0481
387641 3194 12.8648 21.7793
308669 2929 10.0298 17.8739
360264 3075 12.1821 22.6103
382482 3307 12.6888 23.4322
344219 3015 11.4805 21.2425
374773 3337 12.4722 23.1702
698683 4274 13.887 1.37262
724192 4568 14.0628 0.68575
630549 4213 20.4802 0.896915
649674 4249 16.436 1.25931
585903 3881 20.9686 1.03618
503828 3801 13.9765 0.444802
599071 3871 14.1678 0.539763
548863 1717 9.57584 0.992387
564007 3683 8.54425 1.08897
398179 3736 12.2439 0.331929
516411 3776 9.16212 0.414819
615224 4278 12.478 0.516501
410323 3551 5.03862 0.369562
593620 3998 7.8774 0.517308
454596 3382 15.534 0.904314
434680 3387 8.67859 0.366978
671489 4085 14.1783 0.531207
474366 3371 15.5609 0.836661
441074 3232 5.84856 0.783865
549980 3558 19.228 1.01504
592253 3739 22.7145 1.10713
349864 2812 11.388 0.644892
356296 3019 11.3633 0.612222
494784 3740 8.32505 0.429546
396940 2881 12.6284 0.774743
601786 4193 15.1442 0.482316
623808 4237 23.3335 1.16149
484986 3529 17.2557 0.89455
557892 3749 20.9094 1.03686
721122 4613 27.2442 1.3157
640144 4366 25.3281 1.19141
636015 4299 8.65587 0.54999
486991 3566 17.0987 0.881797
711745 4483 28.1173 1.29594
644991 4475 24.1349 1.19706
640591 4747 24.6871 1.54855
608359 4175 22.9359 0.920975
606619 3390 6.95405 0.501203
592340 3756 7.61931 0.465566
604826 3906 7.83755 0.68761
658365 4280 25.5727 1.49046
709232 4533 27.735 1.68093
607262 4364 24.2262 1.11874
540080 4269 14.4705 0.444475
609067 2556 18.4445 1.03778
452610 3539 5.16345 0.373648
448658 3437 14.7672 0.76076
619775 3860 11.2736 0.577799
667680 4359 24.3393 1.54995
547003 3869 19.6787 0.671999
630680 4175 8.63883 0.538292
411749 3074 4.68335 0.336565
475897 3547 9.97196 0.896354
549788 3450 12.8013 0.74137
567017 1379 15.0219 0.941697
543227 4271 19.3406 1.35527
493204 3783 17.6633 0.898156
492276 3598 16.3952 1.23466
545100 3743 19.3117 0.821899
600266 3733 10.9178 0.64112
648616 4233 16.5044 1.48725
753783 4449 29.1546 1.41408
770704 4641 31.3157 0.772486
577399 3988 11.6582 1.7948
443220 3356 9.16366 0.361856
542219 3927 19.2846 0.466155
510567 4057 16.8658 0.931426
561267 3622 20.7991 1.60262
416316 3278 13.8246 0.739435
412123 3205 13.4973 0.72522
500699 3663 9.98148 0.432759
779337 4818 31.6215 1.47271
365899 3140 12.2275 0.683498
451434 3564 14.945 0.782937
730435 4877 11.4055 0.803727
660899 4457 24.2182 0.568863
710252 4861 12.8666 0.657759
673969 4456 24.9907 1.32579
776858 5005 30.087 1.86595
698683 4274 13.887 1.37161
724192 4568 14.0628 1.41003
630549 4213 20.4802 1.20733
649674 4249 16.436 1.26003
585903 3881 20.9686 1.15616
503828 3801 13.9765 1.01426
599071 3871 14.1678 1.18623
548863 1717 9.57584 0.968539
564007 3683 8.54425 0.543987
398179 3736 12.2439 0.784514
516411 3776 9.16212 1.05409
615224 4278 12.478 1.16459
410323 3551 5.03862 0.414853
593620 3998 7.8774 1.17844
454596 3382 15.534 0.88388
434680 3387 8.67859 0.878427
671489 4085 14.1783 1.29006
474366 3371 15.5609 0.893818
441074 3232 5.84856 0.874793
549980 3558 19.228 1.04458
592253 3739 22.7145 1.1446
349864 2812 11.388 0.655397
356296 3019 11.3633 0.678704
494784 3740 8.32505 0.961601
396940 2881 12.6284 0.730224
601786 4193 15.1442 1.23547
623808 4237 23.3335 1.29363
484986 3529 17.2557 0.922006
557892 3749 20.9094 1.14156
721122 4613 27.2442 1.44964
640144 4366 25.3281 0.592032
636015 4299 8.65587 1.20965
486991 3566 17.0987 0.95261
711745 4483 28.1173 1.85663
644991 4475 24.1349 1.20807
640591 4747 24.6871 1.25283
608359 4175 22.9359 0.529488
606619 3390 6.95405 0.554884
592340 3756 7.61931 0.535084
604826 3906 7.83755 0.499025
658365 4280 25.5727 0.620626
709232 4533 27.735 1.41688
607262 4364 24.2262 1.20511
540080 4269 14.4705 0.538863
609067 2556 18.4445 0.528179
452610 3539 5.16345 0.865618
448658 3437 14.7672 0.859238
619775 3860 11.2736 1.173
667680 4359 24.3393 1.29842
547003 3869 19.6787 1.03001
630680 4175 8.63883 1.16733
411749 3074 4.68335 0.371082
475897 3547 9.97196 0.813208
549788 3450 12.8013 0.520206
567017 1379 15.0219 0.996161
543227 4271 19.3406 1.09827
493204 3783 17.6633 0.941484
492276 3598 16.3952 0.435547
545100 3743 19.3117 0.52922
600266 3733 10.9178 1.21981
648616 4233 16.5044 0.585934
753783 4449 29.1546 1.4762
770704 4641 31.3157 0.733111
577399 3988 11.6582 1.19976
443220 3356 9.16366 0.841001
542219 3927 19.2846 1.03377
510567 4057 16.8658 1.01637
561267 3622 20.7991 1.04971
416316 3278 13.8246 0.816947
412123 3205 13.4973 0.831315
500699 3663 9.98148 0.951129
779337 4818 31.6215 1.58417
365899 3140 12.2275 0.716614
451434 3564 14.945 0.964223
730435 4877 11.4055 1.43059
660899 4457 24.2182 1.78314
710252 4861 12.8666 1.43214
673969 4456 24.9907 1.38309
776858 5005 30.087 1.56014
698683 4274 13.887 7.28818
724192 4568 14.0628 6.62657
630549 4213 20.4802 5.43597
649674 4249 16.436 6.27861
585903 3881 20.9686 5.17083
503828 3801 13.9765 4.2668
599071 3871 14.1678 4.36632
548863 1717 9.57584 3.60422
564007 3683 8.54425 5.55783
398179 3736 12.2439 3.7716
516411 3776 9.16212 4.77169
615224 4278 12.478 5.78426
410323 3551 5.03862 3.95304
593620 3998 7.8774 5.60597
454596 3382 15.534 4.01892
434680 3387 8.67859 3.76109
671489 4085 14.1783 5.77058
474366 3371 15.5609 3.69215
441074 3232 5.84856 3.89057
549980 3558 19.228 5.11064
592253 3739 22.7145 5.50935
349864 2812 11.388 2.93662
356296 3019 11.3633 2.98306
494784 3740 8.32505 4.87919
396940 2881 12.6284 2.35982
601786 4193 15.1442 5.72456
623808 4237 23.3335 5.72829
484986 3529 17.2557 4.53318
557892 3749 20.9094 4.54258
721122 4613 27.2442 7.0039
640144 4366 25.3281 5.78515
636015 4299 8.65587 6.24336
486991 3566 17.0987 4.45966
711745 4483 28.1173 7.19093
644991 4475 24.1349 6.66513
640591 4747 24.6871 6.62285
608359 4175 22.9359 5.64818
606619 3390 6.95405 7.57942
592340 3756 7.61931 5.19482
604826 3906 7.83755 5.44037
658365 4280 25.5727 5.58445
709232 4533 27.735 6.43679
607262 4364 24.2262 5.94571
540080 4269 14.4705 4.73118
609067 2556 18.4445 4.36015
452610 3539 5.16345 3.8696
448658 3437 14.7672 3.69354
619775 3860 11.2736 6.49167
667680 4359 24.3393 7.01066
547003 3869 19.6787 5.39656
630680 4175 8.63883 5.28139
411749 3074 4.68335 3.27922
475897 3547 9.97196 4.7907
549788 3450 12.8013 4.84519
567017 1379 15.0219 2.12162
543227 4271 19.3406 4.78404
493204 3783 17.6633 4.21392
492276 3598 16.3952 3.71767
545100 3743 19.3117 5.55588
600266 3733 10.9178 5.3381
648616 4233 16.5044 5.15531
753783 4449 29.1546 6.40452
770704 4641 31.3157 7.59128
577399 3988 11.6582 5.77915
443220 3356 9.16366 3.75722
542219 3927 19.2846 4.85747
510567 4057 16.8658 4.30914
561267 3622 20.7991 4.48816
416316 3278 13.8246 4.05432
412123 3205 13.4973 2.68233
500699 3663 9.98148 5.49647
779337 4818 31.6215 7.66977
365899 3140 12.2275 3.14555
451434 3564 14.945 3.81243
730435 4877 11.4055 8.09967
660899 4457 24.2182 7.47041
710252 4861 12.8666 7.59752
673969 4456 24.9907 8.66461
776858 5005 30.087 8.98129
698683 4274 13.887 17.8601
724192 4568 14.0628 18.3353
630549 4213 20.4802 19.885
649674 4249 16.436 16.9528
585903 3881 20.9686 14.9157
503828 3801 13.9765 12.1602
599071 3871 14.1678 13.7304
548863 1717 9.57584 7.79806
564007 3683 8.54425 14.3622
398179 3736 12.2439 9.4073
516411 3776 9.16212 19.9546
615224 4278 12.478 29.7814
410323 3551 5.03862 16.5657
593620 3998 7.8774 20.9343
454596 3382 15.534 11.9704
434680 3387 8.67859 25.4949
671489 4085 14.1783 22.7728
474366 3371 15.5609 24.8935
441074 3232 5.84856 26.5019
549980 3558 19.228 33.7962
592253 3739 22.7145 40.6649
349864 2812 11.388 16.9986
356296 3019 11.3633 17.977
494784 3740 8.32505 34.8796
396940 2881 12.6284 16.691
601786 4193 15.1442 42.2253
623808 4237 23.3335 43.8218
484986 3529 17.2557 29.9155
557892 3749 20.9094 37.481
721122 4613 27.2442 51.0246
640144 4366 25.3281 46.185
636015 4299 8.65587 45.6663
486991 3566 17.0987 26.5773
711745 4483 28.1173 50.5835
644991 4475 24.1349 41.0672
640591 4747 24.6871 47.1716
608359 4175 22.9359 38.0832
606619 3390 6.95405 38.5783
592340 3756 7.61931 37.6272
604826 3906 7.83755 37.3686
658365 4280 25.5727 45.7623
709232 4533 27.735 43.6149
607262 4364 24.2262 23.5724
540080 4269 14.4705 15.5383
609067 2556 18.4445 21.7684
452610 3539 5.16345 21.4014
448658 3437 14.7672 14.1012
619775 3860 11.2736 29.0132
667680 4359 24.3393 45.2695
547003 3869 19.6787 35.9356
630680 4175 8.63883 42.2932
411749 3074 4.68335 15.1384
475897 3547 9.97196 17.1976
549788 3450 12.8013 27.3183
567017 1379 15.0219 11.9831
543227 4271 19.3406 38.5326
493204 3783 17.6633 29.1681
492276 3598 16.3952 24.3783
545100 3743 19.3117 33.5208
600266 3733 10.9178 34.818
648616 4233 16.5044 32.5466
753783 4449 29.1546 36.9902
770704 4641 31.3157 46.5713
577399 3988 11.6582 20.8834
443220 3356 9.16366 19.4597
542219 3927 19.2846 12.8518
510567 4057 16.8658 12.165
561267 3622 20.7991 35.1789
416316 3278 13.8246 15.1381
412123 3205 13.4973 8.17548
500699 3663 9.98148 13.2993
779337 4818 31.6215 27.1304
365899 3140 12.2275 8.59364
451434 3564 14.945 13.8793
730435 4877 11.4055 44.72
660899 4457 24.2182 37.9893
710252 4861 12.8666 30.0613
673969 4456 24.9907 36.1408
776858 5005 30.087 55.6292
698683 4274 13.887 11.1927
724192 4568 14.0628 19.6572
630549 4213 20.4802 25.4922
649674 4249 16.436 30.9952
585903 3881 20.9686 10.8216
503828 3801 13.9765 15.8297
599071 3871 14.1678 8.53044
548863 1717 9.57584 11.9999
564007 3683 8.54425 22.8375
398179 3736 12.2439 16.8204
516411 3776 9.16212 21.9274
615224 4278 12.478 27.4545
410323 3551 5.03862 15.8609
593620 3998 7.8774 25.0778
454596 3382 15.534 19.0644
434680 3387 8.67859 17.1371
671489 4085 14.1783 27.4282
474366 3371 15.5609 16.4717
441074 3232 5.84856 15.9194
549980 3558 19.228 21.2041
592253 3739 22.7145 25.4983
349864 2812 11.388 10.3542
356296 3019 11.3633 11.1764
494784 3740 8.32505 22.2924
396940 2881 12.6284 10.2242
601786 4193 15.1442 26.5853
623808 4237 23.3335 27.9846
484986 3529 17.2557 18.165
557892 3749 20.9094 24.1207
721122 4613 27.2442 31.6099
640144 4366 25.3281 28.0999
636015 4299 8.65587 29.0328
486991 3566 17.0987 16.1327
711745 4483 28.1173 32.3339
644991 4475 24.1349 26.5543
640591 4747 24.6871 30.4391
608359 4175 22.9359 25.0491
606619 3390 6.95405 23.4852
592340 3756 7.61931 23.9576
604826 3906 7.83755 23.0939
658365 4280 25.5727 28.1177
709232 4533 27.735 31.7977
607262 4364 24.2262 26.1369
540080 4269 14.4705 22.1546
609067 2556 18.4445 17.4559
452610 3539 5.16345 16.3402
448658 3437 14.7672 15.5714
619775 3860 11.2736 25.6195
667680 4359 24.3393 29.778
547003 3869 19.6787 23.0481
630680 4175 8.63883 27.0232
411749 3074 4.68335 13.399
475897 3547 9.97196 16.1201
549788 3450 12.8013 19.4023
567017 1379 15.0219 7.5271
543227 4271 19.3406 24.3631
493204 3783 17.6633 18.7279
492276 3598 16.3952 15.2418
545100 3743 19.3117 20.6686
600266 3733 10.9178 22.4136
648616 4233 16.5044 23.127
753783 4449 29.1546 30.1375
770704 4641 31.3157 31.2761
577399 3988 11.6582 21.487
443220 3356 9.16366 15.9538
542219 3927 19.2846 20.6509
510567 4057 16.8658 18.0412
561267 3622 20.7991 21.0095
416316 3278 13.8246 14.8453
412123 3205 13.4973 11.9417
500699 3663 9.98148 20.6111
779337 4818 31.6215 37.174
365899 3140 12.2275 12.5207
451434 3564 14.945 14.8187
730435 4877 11.4055 35.4334
660899 4457 24.2182 29.8896
710252 4861 12.8666 13.1879
673969 4456 24.9907 12.2816
776858 5005 30.087 23.1033
628409 4549 19.159 37.1325
536942 4247 17.5031 26.1488
555420 4198 14.7952 21.4228
554155 4417 19.5328 29.2187
526012 4851 14.2208 27.8253
545801 4178 15.1558 25.7835
504674 4381 20.2654 26.1757
523629 4032 18.7802 25.7773
523173 2313 13.4826 9.64188
616680 944 12.2508 3.15441
518494 4347 14.7396 23.0069
462484 4417 14.4953 26.6758
560430 4182 16.0068 24.685
458473 4155 13.0253 23.8833
547806 4528 14.9717 28.1679
580150 4656 17.1262 31.0932
514036 3974 15.151 23.2976
502669 3880 14.7864 21.0466
535120 4258 17.5961 31.7732
535196 3847 15.7312 24.7877
572348 4154 17.7376 30.5629
506191 3871 12.5349 22.2661
511456 3798 14.0427 23.8832
442011 3986 13.5136 24.3397
466377 3690 12.8452 21.7601
484949 3916 15.1787 26.4117
472924 4045 15.7549 28.3575
512346 3913 15.8087 22.1193
574968 4508 17.6173 31.4767
570567 4457 17.9379 29.6483
530186 3972 14.5697 25.5574
568957 4234 18.2852 31.3584
560999 4160 16.9753 32.2447
572563 4242 20.4162 28.7412
510976 4196 17.2604 30.2205
659824 4513 23.0276 42.5329
555029 4627 15.4884 30.5065
541854 4105 16.8096 23.4757
535636 4317 15.2945 26.6523
510649 4086 14.3309 26.8897
550674 4283 16.4706 30.343
325795 4443 7.08993 7.1482
462857 3827 13.5101 24.9337
562096 4226 20.0953 32.786
499209 3079 13.6185 28.1513
502466 3850 15.7633 28.5668
567234 3932 18.0777 32.0906
466994 3860 16.8654 25.0509
430604 3615 16.4085 22.371
465347 3992 17.8258 25.5643
437366 3998 17.0428 22.919
518434 2666 15.7292 16.534
509779 3775 19.7356 23.3114
476066 3547 20.5827 22.998
442558 3302 16.1701 18.4087
415407 3455 14.8065 20.9514
415933 3579 15.9434 20.8988
576413 3978 20.3626 36.4941
481972 3643 14.2931 25.0796
528352 3950 17.7513 28.654
499563 3722 15.7651 24.8261
488447 3569 16.1323 26.4903
501947 3803 16.2815 25.6807
457596 1353 11.2405 10.7594
468482 4303 14.5042 30.2667
485223 4183 15.7203 29.1516
485361 3639 14.3048 24.6443
507680 3876 15.8708 26.8126
480487 3779 14.7497 25.7728
571929 4022 18.0064 28.9224
522178 3639 16.272 31.0621
495607 3846 14.7057 25.9321
474582 3718 15.5274 22.8513
502605 3868 16.8893 28.8125
467594 3877 13.9534 23.8349
492110 4102 13.9799 30.4342
446818 3372 14.9224 23.9487
472148 3668 14.8245 23.8196
514395 3752 16.5933 25.823
472286 3798 17.873 30.0591
500004 3957 15.0995 27.7472
452901 3928 14.2752 27.6929
561052 4088 18.8831 37.0083
413635 3886 12.7249 22.8571
476782 3793 13.3346 28.5026
453507 3739 16.3623 25.2208
446360 3783 16.9091 27.1177
459467 4061 15.6617 27.1829
628409 4549 19.159 1.53992
536942 4247 17.5031 0.687877
555420 4198 14.7952 0.878428
554155 4417 19.5328 1.20576
526012 4851 14.2208 1.12821
545801 4178 15.1558 1.17719
504674 4381 20.2654 1.43354
523629 4032 18.7802 1.2696
523173 2313 13.4826 0.680481
616680 944 12.2508 0.812123
518494 4347 14.7396 1.09775
462484 4417 14.4953 1.00827
560430 4182 16.0068 0.972086
458473 4155 13.0253 0.765911
547806 4528 14.9717 1.16508
580150 4656 17.1262 1.28355
514036 3974 15.151 1.2395
502669 3880 14.7864 1.4036
535120 4258 17.5961 1.15514
535196 3847 15.7312 1.33045
572348 4154 17.7376 0.981084
506191 3871 12.5349 1.1253
511456 3798 14.0427 1.00943
442011 3986 13.5136 0.940961
466377 3690 12.8452 0.789497
484949 3916 15.1787 0.845518
472924 4045 15.7549 1.02355
512346 3913 15.8087 1.38681
574968 4508 17.6173 1.03145
570567 4457 17.9379 1.2462
530186 3972 14.5697 1.00772
568957 4234 18.2852 1.56797
560999 4160 16.9753 1.17999
572563 4242 20.4162 1.42909
510976 4196 17.2604 1.08802
659824 4513 23.0276 1.52826
555029 4627 15.4884 1.18724
541854 4105 16.8096 1.13402
535636 4317 15.2945 1.02013
510649 4086 14.3309 0.808986
550674 4283 16.4706 0.706176
325795 4443 7.08993 0.563566
462857 3827 13.5101 1.0012
562096 4226 20.0953 1.2067
499209 3079 13.6185 1.29578
502466 3850 15.7633 0.958933
567234 3932 18.0777 1.6684
466994 3860 16.8654 1.01664
430604 3615 16.4085 1.09543
465347 3992 17.8258 1.36284
437366 3998 17.0428 0.987912
518434 2666 15.7292 1.26514
509779 3775 19.7356 1.54297
476066 3547 20.5827 1.18183
442558 3302 16.1701 1.24321
415407 3455 14.8065 0.969137
415933 3579 15.9434 1.28926
576413 3978 20.3626 1.18902
481972 3643 14.2931 0.996728
528352 3950 17.7513 1.10077
499563 3722 15.7651 1.10538
488447 3569 16.1323 1.02531
501947 3803 16.2815 1.03983
457596 1353 11.2405 0.82123
468482 4303 14.5042 1.01137
485223 4183 15.7203 0.928346
485361 3639 14.3048 0.80393
507680 3876 15.8708 0.758713
480487 3779 14.7497 1.00003
571929 4022 18.0064 1.20606
522178 3639 16.272 1.0817
495607 3846 14.7057 1.03602
474582 3718 15.5274 1.01724
502605 3868 16.8893 1.05403
467594 3877 13.9534 1.00153
492110 4102 13.9799 1.06334
446818 3372 14.9224 0.953128
472148 3668 14.8245 1.00156
514395 3752 16.5933 1.20192
472286 3798 17.873 1.04014
500004 3957 15.0995 1.07667
452901 3928 14.2752 0.81641
561052 4088 18.8831 1.05741
413635 3886 12.7249 0.89475
476782 3793 13.3346 1.25295
453507 3739 16.3623 0.849287
446360 3783 16.9091 1.22364
459467 4061 15.6617 1.05006
628409 4549 19.159 24.0256
536942 4247 17.5031 17.3669
555420 4198 14.7952 16.8209
554155 4417 19.5328 20.4545
526012 4851 14.2208 19.0774
545801 4178 15.1558 18.2366
504674 4381 20.2654 18.8913
523629 4032 18.7802 17.7295
523173 2313 13.4826 7.86706
616680 944 12.2508 3.10016
518494 4347 14.7396 19.1462
462484 4417 14.4953 19.5786
560430 4182 16.0068 17.6769
458473 4155 13.0253 16.5588
547806 4528 14.9717 18.58
580150 4656 17.1262 22.0639
514036 3974 15.151 15.4774
502669 3880 14.7864 15.1405
535120 4258 17.5961 17.8273
535196 3847 15.7312 15.1082
572348 4154 17.7376 18.8151
506191 3871 12.5349 13.7863
511456 3798 14.0427 14.2534
442011 3986 13.5136 14.4762
466377 3690 12.8452 11.6423
484949 3916 15.1787 14.3504
472924 4045 15.7549 16.6311
512346 3913 15.8087 13.5623
574968 4508 17.6173 22.2877
570567 4457 17.9379 19.7191
530186 3972 14.5697 18.0326
568957 4234 18.2852 23.3043
560999 4160 16.9753 20.6462
572563 4242 20.4162 19.9396
510976 4196 17.2604 19.6412
659824 4513 23.0276 28.7132
555029 4627 15.4884 19.9592
541854 4105 16.8096 15.6254
535636 4317 15.2945 17.6047
510649 4086 14.3309 14.2121
550674 4283 16.4706 16.3428
325795 4443 7.08993 5.75317
462857 3827 13.5101 14.4169
562096 4226 20.0953 21.0404
499209 3079 13.6185 16.4132
502466 3850 15.7633 17.7425
567234 3932 18.0777 20.7697
466994 3860 16.8654 15.5954
430604 3615 16.4085 13.8772
465347 3992 17.8258 14.9466
437366 3998 17.0428 13.7229
518434 2666 15.7292 9.6961
509779 3775 19.7356 14.2204
476066 3547 20.5827 14.333
442558 3302 16.1701 13.1574
415407 3455 14.8065 13.7473
415933 3579 15.9434 14.1427
576413 3978 20.3626 22.06
481972 3643 14.2931 14.0255
528352 3950 17.7513 16.9122
499563 3722 15.7651 14.2204
488447 3569 16.1323 15.675
501947 3803 16.2815 15.5533
457596 1353 11.2405 6.65812
468482 4303 14.5042 18.3055
485223 4183 15.7203 17.7252
485361 3639 14.3048 12.4117
507680 3876 15.8708 15.0705
480487 3779 14.7497 14.3141
571929 4022 18.0064 17.7816
522178 3639 16.272 17.6427
495607 3846 14.7057 14.1564
474582 3718 15.5274 13.9963
502605 3868 16.8893 17.6237
467594 3877 13.9534 14.4166
492110 4102 13.9799 17.7499
446818 3372 14.9224 15.3651
472148 3668 14.8245 15.3475
514395 3752 16.5933 16.9462
472286 3798 17.873 18.2012
500004 3957 15.0995 16.7605
452901 3928 14.2752 16.4557
561052 4088 18.8831 22.8475
413635 3886 12.7249 13.3448
476782 3793 13.3346 19.4043
453507 3739 16.3623 16.8913
446360 3783 16.9091 18.1232
459467 4061 15.6617 18.1806
628409 4549 19.159 1.69907
536942 4247 17.5031 1.37965
555420 4198 14.7952 1.26916
554155 4417 19.5328 1.32997
526012 4851 14.2208 1.36014
545801 4178 15.1558 1.45411
504674 4381 20.2654 1.47749
523629 4032 18.7802 1.31554
523173 2313 13.4826 1.21735
616680 944 12.2508 1.16376
518494 4347 14.7396 1.33967
462484 4417 14.4953 1.18628
560430 4182 16.0068 1.4377
458473 4155 13.0253 1.14335
547806 4528 14.9717 1.42242
580150 4656 17.1262 1.50381
514036 3974 15.151 1.42936
502669 3880 14.7864 1.36554
535120 4258 17.5961 1.31901
535196 3847 15.7312 1.33267
572348 4154 17.7376 1.39872
506191 3871 12.5349 1.25674
511456 3798 14.0427 1.20811
442011 3986 13.5136 1.28445
466377 3690 12.8452 1.31561
484949 3916 15.1787 1.21966
472924 4045 15.7549 1.17709
512346 3913 15.8087 1.37725
574968 4508 17.6173 1.429
570567 4457 17.9379 1.39264
530186 3972 14.5697 1.29107
568957 4234 18.2852 1.45221
560999 4160 16.9753 1.37438
572563 4242 20.4162 1.37592
510976 4196 17.2604 1.40226
659824 4513 23.0276 1.60602
555029 4627 15.4884 1.3816
541854 4105 16.8096 1.38603
535636 4317 15.2945 1.32113
510649 4086 14.3309 1.22771
550674 4283 16.4706 1.38984
325795 4443 7.08993 0.940754
462857 3827 13.5101 1.16365
562096 4226 20.0953 1.51639
499209 3079 13.6185 1.46705
502466 3850 15.7633 1.78617
567234 3932 18.0777 1.87155
466994 3860 16.8654 1.55221
430604 3615 16.4085 1.36426
465347 3992 17.8258 1.27096
437366 3998 17.0428 1.33243
518434 2666 15.7292 1.25486
509779 3775 19.7356 1.47093
476066 3547 20.5827 1.35786
442558 3302 16.1701 1.26984
415407 3455 14.8065 1.0429
415933 3579 15.9434 1.18164
576413 3978 20.3626 1.43772
481972 3643 14.2931 1.14688
528352 3950 17.7513 1.34317
499563 3722 15.7651 1.20433
488447 3569 16.1323 1.15522
501947 3803 16.2815 1.24981
457596 1353 11.2405 1.01299
468482 4303 14.5042 1.25255
485223 4183 15.7203 1.22848
485361 3639 14.3048 1.17422
507680 3876 15.8708 1.34743
480487 3779 14.7497 1.17767
571929 4022 18.0064 1.40107
522178 3639 16.272 1.36225
495607 3846 14.7057 1.36742
474582 3718 15.5274 1.35097
502605 3868 16.8893 1.38124
467594 3877 13.9534 1.30498
492110 4102 13.9799 1.37992
446818 3372 14.9224 1.13607
472148 3668 14.8245 1.31224
514395 3752 16.5933 1.50272
472286 3798 17.873 1.12398
500004 3957 15.0995 1.23356
452901 3928 14.2752 1.13296
561052 4088 18.8831 1.45363
413635 3886 12.7249 1.05404
476782 3793 13.3346 1.28479
453507 3739 16.3623 1.44982
446360 3783 16.9091 1.30109
459467 4061 15.6617 1.59203
628409 4549 19.159 15.8206
536942 4247 17.5031 10.2932
555420 4198 14.7952 8.57235
554155 4417 19.5328 9.22766
526012 4851 14.2208 8.37317
545801 4178 15.1558 8.5972
504674 4381 20.2654 7.79423
523629 4032 18.7802 8.11142
523173 2313 13.4826 3.58428
616680 944 12.2508 1.93231
518494 4347 14.7396 9.74356
462484 4417 14.4953 8.98213
560430 4182 16.0068 8.9406
458473 4155 13.0253 8.43723
547806 4528 14.9717 9.62707
580150 4656 17.1262 11.4566
514036 3974 15.151 8.25054
502669 3880 14.7864 8.47598
535120 4258 17.5961 10.1621
535196 3847 15.7312 8.18013
572348 4154 17.7376 9.73214
506191 3871 12.5349 6.22116
511456 3798 14.0427 8.42064
442011 3986 13.5136 7.69215
466377 3690 12.8452 6.78819
484949 3916 15.1787 8.26716
472924 4045 15.7549 9.78143
512346 3913 15.8087 7.80389
574968 4508 17.6173 10.7777
570567 4457 17.9379 11.0528
530186 3972 14.5697 9.24009
568957 4234 18.2852 11.4822
560999 4160 16.9753 17.3919
572563 4242 20.4162 16.3823
510976 4196 17.2604 10.537
659824 4513 23.0276 13.1574
555029 4627 15.4884 10.207
541854 4105 16.8096 9.72422
535636 4317 15.2945 9.22514
510649 4086 14.3309 8.30338
550674 4283 16.4706 9.80852
325795 4443 7.08993 3.60506
462857 3827 13.5101 8.17913
562096 4226 20.0953 10.9625
499209 3079 13.6185 9.65832
502466 3850 15.7633 8.92307
567234 3932 18.0777 11.3781
466994 3860 16.8654 7.94285
430604 3615 16.4085 8.34428
465347 3992 17.8258 8.36929
437366 3998 17.0428 8.14644
518434 2666 15.7292 6.746
509779 3775 19.7356 9.17618
476066 3547 20.5827 8.05256
442558 3302 16.1701 7.49695
415407 3455 14.8065 7.72213
415933 3579 15.9434 7.34525
576413 3978 20.3626 12.1899
481972 3643 14.2931 9.13403
528352 3950 17.7513 10.8727
499563 3722 15.7651 9.18625
488447 3569 16.1323 10.3815
501947 3803 16.2815 9.59294
457596 1353 11.2405 4.55926
468482 4303 14.5042 11.2247
485223 4183 15.7203 9.90756
485361 3639 14.3048 8.37657
507680 3876 15.8708 7.55518
480487 3779 14.7497 8.3456
571929 4022 18.0064 9.88735
522178 3639 16.272 9.89908
495607 3846 14.7057 8.70786
474582 3718 15.5274 8.00141
502605 3868 16.8893 9.95514
467594 3877 13.9534 7.88274
492110 4102 13.9799 10.9063
446818 3372 14.9224 7.6782
472148 3668 14.8245 8.41148
514395 3752 16.5933 7.59678
472286 3798 17.873 8.64422
500004 3957 15.0995 7.13963
452901 3928 14.2752 8.04386
561052 4088 18.8831 10.1617
413635 3886 12.7249 6.22644
476782 3793 13.3346 8.26175
453507 3739 16.3623 8.76821
446360 3783 16.9091 16.6886
459467 4061 15.6617 11.6323
631220 3975 11.5877 17.064
689862 4768 11.3474 19.3966
471208 3952 6.78094 12.5151
756021 5106 13.4364 25.6588
520946 3958 8.1307 13.0774
394377 3637 6.61854 10.2555
529281 3727 8.80203 14.4231
781078 2586 10.7604 14.3019
588086 4114 9.89165 15.1071
559676 4273 10.0079 18.7712
538153 3932 8.81184 15.6339
489696 3798 7.95953 14.839
484734 4171 7.46693 13.2013
572295 4340 9.39273 17.067
506993 3789 7.98963 11.6316
517393 3810 8.25743 14.5871
495059 3900 7.91516 13.7258
562785 3843 9.55562 15.0638
522551 3615 8.81158 12.7576
540330 3802 10.031 14.827
644654 3857 12.291 28.2937
502831 3816 8.69238 31.2199
388085 3094 5.67898 18.3691
398135 3381 6.01017 17.3598
687786 4840 13.5486 42.5105
453986 3419 7.08651 13.9729
749388 4862 13.614 35.9096
525683 4004 8.67198 24.4464
596541 4048 10.5444 32.8773
584697 4021 10.1486 31.7479
425328 3404 6.82978 17.2491
695984 4704 12.1047 38.1835
535098 4113 8.70069 22.9871
532938 3727 9.27155 25.1446
567120 4352 9.62876 29.3879
618759 4054 11.5612 27.0954
756571 4647 14.2083 43.0811
531480 3785 9.43689 22.6266
604618 4062 10.8785 23.9575
342689 4925 4.17484 11.51
461636 3602 7.39579 32.3634
453589 3787 7.30016 31.7489
428687 2865 6.08424 20.6765
503250 3629 8.32876 30.6919
553410 3717 9.42589 34.8636
426734 3365 6.768 19.3706
608528 4110 11.0397 39.1489
393581 3515 6.46484 24.5487
396450 3659 6.39064 24.7571
474955 2522 6.25871 20.6138
506301 3584 8.11619 24.449
410479 2985 6.37927 16.8328
393952 2953 6.20522 16.0815
410924 3337 6.48662 24.4514
426365 3345 7.09453 25.6296
542280 3727 9.22261 35.8488
387760 3106 5.8146 19.4545
562437 3756 9.47741 34.4721
430441 3120 6.72493 21.9866
393951 3140 6.07901 21.5043
580243 3900 10.1479 38.0887
567017 1379 6.95091 12.0774
575823 4287 10.2611 27.9555
398650 3481 6.05442 18.8848
395736 3234 6.01056 14.3948
680739 4075 12.4819 35.0989
751493 4534 13.5136 34.6763
588531 4180 9.73292 24.496
477520 3275 8.08945 13.3304
441831 3211 6.98567 11.2449
542825 3734 9.90024 16.9008
533653 3854 9.09375 34.1374
642888 4204 10.8927 39.0804
523470 4004 9.09505 35.0612
434472 3087 6.70343 22.1198
416316 3278 6.71326 20.958
445228 3303 6.89035 21.2046
445087 3308 7.73498 29.1147
419359 3133 6.37587 21.2527
332057 3023 5.09085 21.1793
574002 3926 10.1159 33.1352
392606 3304 6.03084 22.9187
514713 3629 8.90197 34.4838
423724 3470 6.62496 25.0662
388893 3228 5.85074 21.394
570755 4274 9.80812 37.7573
631220 3975 11.5877 0.742459
689862 4768 11.3474 1.03435
471208 3952 6.78094 0.799882
756021 5106 13.4364 1.04029
520946 3958 8.1307 0.818674
394377 3637 6.61854 0.561528
529281 3727 8.80203 0.812231
781078 2586 10.7604 0.961574
588086 4114 9.89165 0.638164
559676 4273 10.0079 0.635201
538153 3932 8.81184 0.620627
489696 3798 7.95953 0.576111
484734 4171 7.46693 0.558327
572295 4340 9.39273 0.708629
506993 3789 7.98963 0.58034
517393 3810 8.25743 0.579671
495059 3900 7.91516 0.556309
562785 3843 9.55562 0.650151
522551 3615 8.81158 0.569721
540330 3802 10.031 0.616062
644654 3857 12.291 0.696805
502831 3816 8.69238 0.569404
388085 3094 5.67898 0.46878
398135 3381 6.01017 0.477904
687786 4840 13.5486 0.836708
453986 3419 7.08651 0.497202
749388 4862 13.614 1.09009
525683 4004 8.67198 0.594349
596541 4048 10.5444 0.709973
584697 4021 10.1486 0.666487
425328 3404 6.82978 0.49153
695984 4704 12.1047 0.79236
535098 4113 8.70069 0.599238
532938 3727 9.27155 0.596701
567120 4352 9.62876 0.638494
618759 4054 11.5612 0.71181
756571 4647 14.2083 0.855471
531480 3785 9.43689 0.581714
604618 4062 10.8785 0.699871
342689 4925 4.17484 0.431449
461636 3602 7.39579 0.516854
453589 3787 7.30016 0.512881
428687 2865 6.08424 0.443583
503250 3629 8.32876 0.553538
553410 3717 9.42589 0.639646
426734 3365 6.768 0.48817
608528 4110 11.0397 0.727172
393581 3515 6.46484 0.459705
396450 3659 6.39064 0.477868
474955 2522 6.25871 0.502326
506301 3584 8.11619 0.584675
410479 2985 6.37927 0.452892
393952 2953 6.20522 0.44282
410924 3337 6.48662 0.466538
426365 3345 7.09453 0.484238
542280 3727 9.22261 0.610069
387760 3106 5.8146 0.435667
562437 3756 9.47741 0.602384
430441 3120 6.72493 0.467562
393951 3140 6.07901 0.43307
580243 3900 10.1479 0.698447
567017 1379 6.95091 0.528525
575823 4287 10.2611 0.688559
398650 3481 6.05442 0.47274
395736 3234 6.01056 0.434451
680739 4075 12.4819 0.742643
751493 4534 13.5136 0.88585
588531 4180 9.73292 0.687604
477520 3275 8.08945 0.527691
441831 3211 6.98567 0.475931
542825 3734 9.90024 0.595774
533653 3854 9.09375 0.603969
642888 4204 10.8927 0.724453
523470 4004 9.09505 0.61731
434472 3087 6.70343 0.508629
416316 3278 6.71326 0.459906
445228 3303 6.89035 0.504976
445087 3308 7.73498 0.511538
419359 3133 6.37587 0.457711
332057 3023 5.09085 0.385352
574002 3926 10.1159 0.67408
392606 3304 6.03084 0.442803
514713 3629 8.90197 0.581377
423724 3470 6.62496 0.480226
388893 3228 5.85074 0.43721
570755 4274 9.80812 0.724888
631220 3975 11.5877 10.9702
689862 4768 11.3474 12.2771
471208 3952 6.78094 7.92341
756021 5106 13.4364 16.2841
520946 3958 8.1307 8.33069
394377 3637 6.61854 6.43701
529281 3727 8.80203 9.10119
781078 2586 10.7604 9.23769
588086 4114 9.89165 9.51403
559676 4273 10.0079 11.9887
538153 3932 8.81184 9.85062
489696 3798 7.95953 9.37822
484734 4171 7.46693 8.28661
572295 4340 9.39273 10.7494
506993 3789 7.98963 7.44728
517393 3810 8.25743 9.33426
495059 3900 7.91516 8.66076
562785 3843 9.55562 9.27063
522551 3615 8.81158 7.82472
540330 3802 10.031 9.3095
644654 3857 12.291 11.4376
502831 3816 8.69238 9.21219
388085 3094 5.67898 5.36036
398135 3381 6.01017 5.99896
687786 4840 13.5486 15.5668
453986 3419 7.08651 5.76864
749388 4862 13.614 15.0417
525683 4004 8.67198 8.64159
596541 4048 10.5444 11.4472
584697 4021 10.1486 11.7373
425328 3404 6.82978 6.42542
695984 4704 12.1047 14.4654
535098 4113 8.70069 9.11033
532938 3727 9.27155 10.3986
567120 4352 9.62876 11.4358
618759 4054 11.5612 11.4009
756571 4647 14.2083 15.5751
531480 3785 9.43689 9.48771
604618 4062 10.8785 10.9013
342689 4925 4.17484 3.22744
461636 3602 7.39579 8.70653
453589 3787 7.30016 8.01418
428687 2865 6.08424 5.76888
503250 3629 8.32876 9.42039
553410 3717 9.42589 10.4382
426734 3365 6.768 7.1061
608528 4110 11.0397 13.5724
393581 3515 6.46484 6.74892
396450 3659 6.39064 7.27494
474955 2522 6.25871 6.04263
506301 3584 8.11619 8.60969
410479 2985 6.37927 5.89882
393952 2953 6.20522 6.42105
410924 3337 6.48662 7.46983
426365 3345 7.09453 7.71563
542280 3727 9.22261 10.4029
387760 3106 5.8146 6.36182
562437 3756 9.47741 10.2482
430441 3120 6.72493 6.47567
393951 3140 6.07901 6.33326
580243 3900 10.1479 11.9158
567017 1379 6.95091 3.83374
575823 4287 10.2611 13.1969
398650 3481 6.05442 7.16701
395736 3234 6.01056 5.9166
680739 4075 12.4819 12.8981
751493 4534 13.5136 16.2208
588531 4180 9.73292 10.2196
477520 3275 8.08945 8.12204
441831 3211 6.98567 6.97121
542825 3734 9.90024 10.7302
533653 3854 9.09375 10.3629
642888 4204 10.8927 11.786
523470 4004 9.09505 10.3036
434472 3087 6.70343 6.9138
416316 3278 6.71326 7.31129
445228 3303 6.89035 6.89263
445087 3308 7.73498 8.96119
419359 3133 6.37587 6.47138
332057 3023 5.09085 6.22395
574002 3926 10.1159 11.241
392606 3304 6.03084 6.60943
514713 3629 8.90197 10.9205
423724 3470 6.62496 7.38788
388893 3228 5.85074 7.1479
570755 4274 9.80812 13.818
631220 3975 11.5877 0.791137
689862 4768 11.3474 0.727525
471208 3952 6.78094 0.491808
756021 5106 13.4364 0.781982
520946 3958 8.1307 0.556035
394377 3637 6.61854 0.436437
529281 3727 8.80203 0.536034
781078 2586 10.7604 0.752966
588086 4114 9.89165 0.608915
559676 4273 10.0079 0.593648
538153 3932 8.81184 0.56529
489696 3798 7.95953 0.501943
484734 4171 7.46693 0.541776
572295 4340 9.39273 0.60251
506993 3789 7.98963 0.506895
517393 3810 8.25743 0.581487
495059 3900 7.91516 0.611703
562785 3843 9.55562 0.66545
522551 3615 8.81158 0.61738
540330 3802 10.031 0.712723
644654 3857 12.291 0.795536
502831 3816 8.69238 0.594701
388085 3094 5.67898 0.403887
398135 3381 6.01017 0.434692
687786 4840 13.5486 0.724107
453986 3419 7.08651 0.524383
749388 4862 13.614 0.86408
525683 4004 8.67198 0.604724
596541 4048 10.5444 0.704202
584697 4021 10.1486 0.595591
425328 3404 6.82978 0.432576
695984 4704 12.1047 0.71152
535098 4113 8.70069 0.646011
532938 3727 9.27155 0.556042
567120 4352 9.62876 0.741402
618759 4054 11.5612 0.721377
756571 4647 14.2083 0.916859
531480 3785 9.43689 0.673464
604618 4062 10.8785 0.736122
342689 4925 4.17484 0.388046
461636 3602 7.39579 0.476492
453589 3787 7.30016 0.474156
428687 2865 6.08424 0.428403
503250 3629 8.32876 0.529283
553410 3717 9.42589 0.577047
426734 3365 6.768 0.465564
608528 4110 11.0397 0.632479
393581 3515 6.46484 0.401716
396450 3659 6.39064 0.424959
474955 2522 6.25871 0.458289
506301 3584 8.11619 0.503276
410479 2985 6.37927 0.422502
393952 2953 6.20522 0.385149
410924 3337 6.48662 0.434465
426365 3345 7.09453 0.428833
542280 3727 9.22261 0.573059
387760 3106 5.8146 0.383433
562437 3756 9.47741 0.575749
430441 3120 6.72493 0.422456
393951 3140 6.07901 0.40487
580243 3900 10.1479 0.595089
567017 1379 6.95091 0.503425
575823 4287 10.2611 0.627615
398650 3481 6.05442 0.44731
395736 3234 6.01056 0.432418
680739 4075 12.4819 0.749056
751493 4534 13.5136 0.856291
588531 4180 9.73292 0.616561
477520 3275 8.08945 0.476952
441831 3211 6.98567 0.464547
542825 3734 9.90024 0.632596
533653 3854 9.09375 0.554507
642888 4204 10.8927 0.70595
523470 4004 9.09505 0.551129
434472 3087 6.70343 0.435122
416316 3278 6.71326 0.438148
445228 3303 6.89035 0.460491
445087 3308 7.73498 0.465163
419359 3133 6.37587 0.429435
332057 3023 5.09085 0.35589
574002 3926 10.1159 0.618191
392606 3304 6.03084 0.415373
514713 3629 8.90197 0.540914
423724 3470 6.62496 0.44255
388893 3228 5.85074 0.458912
570755 4274 9.80812 0.624831
631220 3975 11.5877 9.01308
689862 4768 11.3474 8.85426
471208 3952 6.78094 6.3219
756021 5106 13.4364 12.1292
520946 3958 8.1307 4.73566
394377 3637 6.61854 3.42874
529281 3727 8.80203 5.3483
781078 2586 10.7604 5.8559
588086 4114 9.89165 4.84212
559676 4273 10.0079 6.06492
538153 3932 8.81184 4.93069
489696 3798 7.95953 5.24907
484734 4171 7.46693 4.64462
572295 4340 9.39273 5.91773
506993 3789 7.98963 4.42227
517393 3810 8.25743 5.88228
495059 3900 7.91516 6.14463
562785 3843 9.55562 6.45938
522551 3615 8.81158 5.99559
540330 3802 10.031 6.05709
644654 3857 12.291 7.62342
502831 3816 8.69238 6.63811
388085 3094 5.67898 4.22053
398135 3381 6.01017 4.42189
687786 4840 13.5486 8.815
453986 3419 7.08651 3.8751
749388 4862 13.614 7.06965
525683 4004 8.67198 4.73339
596541 4048 10.5444 5.53756
584697 4021 10.1486 5.59083
425328 3404 6.82978 3.47033
695984 4704 12.1047 6.90624
535098 4113 8.70069 4.84246
532938 3727 9.27155 5.34873
567120 4352 9.62876 5.61483
618759 4054 11.5612 5.76143
756571 4647 14.2083 7.95928
531480 3785 9.43689 4.90027
604618 4062 10.8785 5.59903
342689 4925 4.17484 1.89761
461636 3602 7.39579 4.43313
453589 3787 7.30016 4.26727
428687 2865 6.08424 3.48029
503250 3629 8.32876 4.98309
553410 3717 9.42589 5.56055
426734 3365 6.768 5.137
608528 4110 11.0397 6.53379
393581 3515 6.46484 3.45709
396450 3659 6.39064 3.84572
474955 2522 6.25871 3.61922
506301 3584 8.11619 4.38135
410479 2985 6.37927 3.39295
393952 2953 6.20522 3.27039
410924 3337 6.48662 3.48394
426365 3345 7.09453 3.99168
542280 3727 9.22261 5.40276
387760 3106 5.8146 3.10907
562437 3756 9.47741 4.95368
430441 3120 6.72493 3.77043
393951 3140 6.07901 3.42027
580243 3900 10.1479 5.63663
567017 1379 6.95091 2.34511
575823 4287 10.2611 6.3984
398650 3481 6.05442 3.70234
395736 3234 6.01056 3.25298
680739 4075 12.4819 6.33166
751493 4534 13.5136 7.87216
588531 4180 9.73292 5.33035
477520 3275 8.08945 4.41798
441831 3211 6.98567 3.83955
542825 3734 9.90024 5.06487
533653 3854 9.09375 5.40518
642888 4204 10.8927 6.03643
523470 4004 9.09505 5.2992
434472 3087 6.70343 3.74013
416316 3278 6.71326 3.94877
445228 3303 6.89035 3.66475
445087 3308 7.73498 4.66616
419359 3133 6.37587 3.52348
332057 3023 5.09085 3.43298
574002 3926 10.1159 5.84228
392606 3304 6.03084 3.61409
514713 3629 8.90197 5.2535
423724 3470 6.62496 3.91755
388893 3228 5.85074 3.59077
570755 4274 9.80812 6.44863
624843 4280 12.8746 1.23277
597049 4165 19.1234 1.16014
623732 4161 19.3885 0.563775
665888 4529 22.2221 0.569041
631087 4436 21.4814 0.598588
623891 4061 13.5563 0.495874
575704 4437 8.11178 0.488617
628377 4285 8.3178 0.61197
625499 1917 16.9604 1.16639
556466 3972 7.4296 1.10661
528274 4622 18.5668 1.06193
627892 4483 8.4682 1.26631
519527 4339 18.1837 1.04349
625863 4573 15.4222 1.25325
621813 4729 20.7834 1.37787
634491 4320 20.6719 1.2506
555852 4161 17.2057 1.12967
604856 4490 13.5613 1.24408
644458 4115 20.4816 1.40252
623286 4227 21.0016 1.22557
626994 4198 21.7335 1.19654
616925 4131 19.7346 1.28903
573563 4057 18.5625 1.10391
568451 4024 7.59056 0.491741
577007 4197 18.4897 1.11392
552968 4438 19.6116 1.07681
612063 4100 18.715 1.19836
620128 4676 9.74364 1.18855
637419 4348 21.0962 0.573314
613045 4204 8.21208 1.26526
585150 4233 7.95122 0.486567
573336 4052 19.7113 0.473367
601522 4215 15.385 0.492876
655501 4663 24.8032 0.619081
668833 4545 12.7091 0.570809
661480 4705 15.4962 0.576938
610495 3994 9.15448 1.29489
664310 4398 18.8805 1.28686
584658 4138 8.64382 1.12979
629863 4697 17.2928 1.31905
637062 4492 11.7772 1.24888
606072 4376 7.86872 1.10467
625867 3573 17.7843 1.28271
612590 4270 16.1706 1.18378
595720 4124 21.5613 1.17551
619192 4271 17.4074 1.18653
584905 4239 21.006 1.29275
558634 4291 20.0929 1.07423
547713 4374 19.9744 1.07625
649131 3079 19.604 1.32265
679504 4325 25.1026 1.30612
645683 3878 23.5143 1.33733
586301 3826 18.4058 1.1181
567939 4029 20.3639 1.08154
537450 3947 16.468 1.01703
643058 4430 22.9195 1.32626
710388 4104 16.6757 1.36962
641141 4043 15.7684 1.31115
629354 3893 18.5263 1.19474
658739 4174 16.1235 1.26109
678682 4347 22.4487 1.39141
634741 1519 12.141 1.11323
698869 4891 25.6207 1.40523
631658 4640 9.8121 1.23241
642762 4091 13.5016 1.23882
611702 4076 15.9055 1.244
702650 4200 23.7939 1.33628
655453 4555 7.99884 1.31969
671697 4279 12.7135 1.32392
667400 4442 22.6185 1.32133
586928 4290 19.8555 1.23709
644420 4307 23.4826 1.23106
621952 4588 20.0074 1.18575
612750 4612 10.0524 1.33141
621328 3956 13.0942 1.17827
678053 4196 8.81865 1.30062
622769 4119 12.4094 1.19297
521530 3935 18.6288 0.991984
601585 3974 15.6021 1.15325
566444 4397 6.55446 1.19527
600123 4136 20.5362 1.15353
582108 4316 7.08504 1.13617
611062 4303 19.8817 1.26171
559678 4283 19.4318 1.09358
607643 4307 20.2503 1.1931
625329 4557 21.1331 1.15095
624843 4280 12.8746 14.5029
597049 4165 19.1234 10.8748
623732 4161 19.3885 18.5202
665888 4529 22.2221 27.4466
631087 4436 21.4814 12.3858
623891 4061 13.5563 13.9293
575704 4437 8.11178 21.994
628377 4285 8.3178 13.7956
625499 1917 16.9604 3.73088
556466 3972 7.4296 10.5413
528274 4622 18.5668 20.0541
627892 4483 8.4682 12.6112
519527 4339 18.1837 22.867
625863 4573 15.4222 25.1921
621813 4729 20.7834 23.6548
634491 4320 20.6719 23.5858
555852 4161 17.2057 16.2764
604856 4490 13.5613 17.5283
644458 4115 20.4816 20.4296
623286 4227 21.0016 22.3915
626994 4198 21.7335 10.5353
616925 4131 19.7346 21.3667
573563 4057 18.5625 8.0604
568451 4024 7.59056 20.0961
577007 4197 18.4897 7.7906
552968 4438 19.6116 7.53776
612063 4100 18.715 14.8914
620128 4676 9.74364 24.9891
637419 4348 21.0962 25.385
613045 4204 8.21208 18.9108
585150 4233 7.95122 21.1193
573336 4052 19.7113 20.5816
601522 4215 15.385 22.0506
655501 4663 24.8032 15.0435
668833 4545 12.7091 9.58223
661480 4705 15.4962 9.5765
610495 3994 9.15448 7.38081
664310 4398 18.8805 15.8259
584658 4138 8.64382 12.5041
629863 4697 17.2928 22.623
637062 4492 11.7772 9.46973
606072 4376 7.86872 22.7692
625867 3573 17.7843 22.2878
612590 4270 16.1706 14.1122
595720 4124 21.5613 7.72492
619192 4271 17.4074 21.6935
584905 4239 21.006 11.1059
558634 4291 20.0929 17.2021
547713 4374 19.9744 13.4899
649131 3079 19.604 8.79467
679504 4325 25.1026 24.0238
645683 3878 23.5143 12.7485
586301 3826 18.4058 6.14271
567939 4029 20.3639 7.11505
537450 3947 16.468 6.40732
643058 4430 22.9195 12.0078
710388 4104 16.6757 16.7848
641141 4043 15.7684 7.23156
629354 3893 18.5263 6.62795
658739 4174 16.1235 8.17576
678682 4347 22.4487 26.4076
634741 1519 12.141 9.45119
698869 4891 25.6207 28.6824
631658 4640 9.8121 23.9153
642762 4091 13.5016 21.5353
611702 4076 15.9055 19.2624
702650 4200 23.7939 27.0094
655453 4555 7.99884 21.3507
671697 4279 12.7135 21.268
667400 4442 22.6185 7.9814
586928 4290 19.8555 9.06347
644420 4307 23.4826 23.5109
621952 4588 20.0074 20.5663
612750 4612 10.0524 16.8847
621328 3956 13.0942 6.82575
678053 4196 8.81865 16.0891
622769 4119 12.4094 19.1517
521530 3935 18.6288 6.10436
601585 3974 15.6021 18.3615
566444 4397 6.55446 20.595
600123 4136 20.5362 22.2858
582108 4316 7.08504 20.6026
611062 4303 19.8817 22.7378
559678 4283 19.4318 19.5473
607643 4307 20.2503 10.4167
625329 4557 21.1331 7.94607
624843 4280 12.8746 1.0863
597049 4165 19.1234 1.03765
623732 4161 19.3885 1.03504
665888 4529 22.2221 1.14189
631087 4436 21.4814 1.02698
623891 4061 13.5563 0.527504
575704 4437 8.11178 1.02207
628377 4285 8.3178 0.560199
625499 1917 16.9604 1.01607
556466 3972 7.4296 0.505808
528274 4622 18.5668 0.933572
627892 4483 8.4682 0.620284
519527 4339 18.1837 0.934534
625863 4573 15.4222 1.04274
621813 4729 20.7834 1.03339
634491 4320 20.6719 0.975813
555852 4161 17.2057 0.929361
604856 4490 13.5613 0.54787
644458 4115 20.4816 1.03331
623286 4227 21.0016 1.06658
626994 4198 21.7335 1.07965
616925 4131 19.7346 1.00985
573563 4057 18.5625 0.840093
568451 4024 7.59056 0.510923
577007 4197 18.4897 0.994319
552968 4438 19.6116 0.941485
612063 4100 18.715 0.566668
620128 4676 9.74364 0.590703
637419 4348 21.0962 1.05603
613045 4204 8.21208 0.542795
585150 4233 7.95122 0.521991
573336 4052 19.7113 0.938084
601522 4215 15.385 1.12693
655501 4663 24.8032 1.21823
668833 4545 12.7091 0.555748
661480 4705 15.4962 1.24569
610495 3994 9.15448 1.02513
664310 4398 18.8805 0.53673
584658 4138 8.64382 0.452802
629863 4697 17.2928 1.17409
637062 4492 11.7772 0.490902
606072 4376 7.86872 0.950771
625867 3573 17.7843 0.484896
612590 4270 16.1706 0.461802
595720 4124 21.5613 0.461517
619192 4271 17.4074 1.02901
584905 4239 21.006 1.0589
558634 4291 20.0929 1.02426
547713 4374 19.9744 1.05736
649131 3079 19.604 1.14114
679504 4325 25.1026 1.28794
645683 3878 23.5143 1.20722
586301 3826 18.4058 0.473622
567939 4029 20.3639 1.04311
537450 3947 16.468 0.972574
643058 4430 22.9195 1.18453
710388 4104 16.6757 0.935347
641141 4043 15.7684 1.1878
629354 3893 18.5263 1.15249
658739 4174 16.1235 1.22067
678682 4347 22.4487 1.26136
634741 1519 12.141 0.441854
698869 4891 25.6207 1.31267
631658 4640 9.8121 0.502246
642762 4091 13.5016 0.502468
611702 4076 15.9055 1.12841
702650 4200 23.7939 1.30612
655453 4555 7.99884 0.500488
671697 4279 12.7135 1.2576
667400 4442 22.6185 0.672933
586928 4290 19.8555 1.06333
644420 4307 23.4826 1.16393
621952 4588 20.0074 0.501471
612750 4612 10.0524 1.14796
621328 3956 13.0942 0.474859
678053 4196 8.81865 0.504272
622769 4119 12.4094 1.15345
521530 3935 18.6288 0.961619
601585 3974 15.6021 0.942411
566444 4397 6.55446 0.522647
600123 4136 20.5362 1.10119
582108 4316 7.08504 0.475109
611062 4303 19.8817 1.12877
559678 4283 19.4318 1.02896
607643 4307 20.2503 1.10865
625329 4557 21.1331 1.19518
624843 4280 12.8746 11.9951
597049 4165 19.1234 10.9688
623732 4161 19.3885 10.9991
665888 4529 22.2221 15.5335
631087 4436 21.4814 18.3292
623891 4061 13.5563 34.6633
575704 4437 8.11178 15.6598
628377 4285 8.3178 12.4358
625499 1917 16.9604 6.00356
556466 3972 7.4296 10.7012
528274 4622 18.5668 12.7432
627892 4483 8.4682 13.0021
519527 4339 18.1837 12.3002
625863 4573 15.4222 13.5289
621813 4729 20.7834 21.1899
634491 4320 20.6719 12.8108
555852 4161 17.2057 11.1949
604856 4490 13.5613 12.5199
644458 4115 20.4816 13.2789
623286 4227 21.0016 12.1716
626994 4198 21.7335 11.8532
616925 4131 19.7346 19.508
573563 4057 18.5625 28.3333
568451 4024 7.59056 31.3051
577007 4197 18.4897 36.0643
552968 4438 19.6116 15.231
612063 4100 18.715 11.2474
620128 4676 9.74364 24.2453
637419 4348 21.0962 13.6152
613045 4204 8.21208 17.0616
585150 4233 7.95122 35.9537
573336 4052 19.7113 29.7574
601522 4215 15.385 11.8642
655501 4663 24.8032 17.1732
668833 4545 12.7091 15.406
661480 4705 15.4962 39.7981
610495 3994 9.15448 11.653
664310 4398 18.8805 14.3329
584658 4138 8.64382 12.2773
629863 4697 17.2928 12.6776
637062 4492 11.7772 18.18
606072 4376 7.86872 35.4301
625867 3573 17.7843 34.01
612590 4270 16.1706 35.4508
595720 4124 21.5613 35.1925
619192 4271 17.4074 13.9854
584905 4239 21.006 18.7413
558634 4291 20.0929 11.335
547713 4374 19.9744 11.1346
649131 3079 19.604 10.5282
679504 4325 25.1026 16.3558
645683 3878 23.5143 26.1969
586301 3826 18.4058 9.78674
567939 4029 20.3639 11.4726
537450 3947 16.468 18.2908
643058 4430 22.9195 13.9675
710388 4104 16.6757 28.8844
641141 4043 15.7684 11.6113
629354 3893 18.5263 10.6149
658739 4174 16.1235 13.1585
678682 4347 22.4487 17.2863
634741 1519 12.141 5.21983
698869 4891 25.6207 16.1643
631658 4640 9.8121 14.5589
642762 4091 13.5016 12.5995
611702 4076 15.9055 10.7794
702650 4200 23.7939 15.1404
655453 4555 7.99884 12.0211
671697 4279 12.7135 13.3884
667400 4442 22.6185 12.8264
586928 4290 19.8555 27.5272
644420 4307 23.4826 34.8183
621952 4588 20.0074 30.2133
612750 4612 10.0524 33.9894
621328 3956 13.0942 29.7311
678053 4196 8.81865 35.8879
622769 4119 12.4094 28.4485
521530 3935 18.6288 25.9757
601585 3974 15.6021 28.1332
566444 4397 6.55446 29.8949
600123 4136 20.5362 32.8831
582108 4316 7.08504 30.2754
611062 4303 19.8817 33.4488
559678 4283 19.4318 28.9009
607643 4307 20.2503 31.6519
625329 4557 21.1331 33.8208
624843 4280 12.8746 4.76423
597049 4165 19.1234 3.8046
623732 4161 19.3885 4.39839
665888 4529 22.2221 5.94728
631087 4436 21.4814 6.66916
623891 4061 13.5563 5.29996
575704 4437 8.11178 5.45555
628377 4285 8.3178 5.83696
625499 1917 16.9604 3.24212
556466 3972 7.4296 3.72422
528274 4622 18.5668 4.68744
627892 4483 8.4682 5.93648
519527 4339 18.1837 4.70882
625863 4573 15.4222 5.54683
621813 4729 20.7834 5.53361
634491 4320 20.6719 5.30903
555852 4161 17.2057 4.26244
604856 4490 13.5613 5.13311
644458 4115 20.4816 4.96889
623286 4227 21.0016 3.9757
626994 4198 21.7335 5.58527
616925 4131 19.7346 5.05059
573563 4057 18.5625 5.11219
568451 4024 7.59056 4.91598
577007 4197 18.4897 4.64872
552968 4438 19.6116 4.66386
612063 4100 18.715 4.32151
620128 4676 9.74364 5.26887
637419 4348 21.0962 5.118
613045 4204 8.21208 4.96969
585150 4233 7.95122 4.62792
573336 4052 19.7113 4.54411
601522 4215 15.385 5.64215
655501 4663 24.8032 5.38646
668833 4545 12.7091 5.7708
661480 4705 15.4962 5.82657
610495 3994 9.15448 4.69504
664310 4398 18.8805 5.41661
584658 4138 8.64382 5.3195
629863 4697 17.2928 5.18088
637062 4492 11.7772 6.00878
606072 4376 7.86872 4.92454
625867 3573 17.7843 4.85763
612590 4270 16.1706 4.61087
595720 4124 21.5613 4.28531
619192 4271 17.4074 4.54171
584905 4239 21.006 4.81255
558634 4291 20.0929 4.60277
547713 4374 19.9744 3.88677
649131 3079 19.604 4.64503
679504 4325 25.1026 5.04973
645683 3878 23.5143 4.41015
586301 3826 18.4058 3.84191
567939 4029 20.3639 4.28988
537450 3947 16.468 4.52342
643058 4430 22.9195 6.22897
710388 4104 16.6757 5.51925
641141 4043 15.7684 4.06533
629354 3893 18.5263 4.86051
658739 4174 16.1235 5.28202
678682 4347 22.4487 5.21113
634741 1519 12.141 2.50427
698869 4891 25.6207 6.94736
631658 4640 9.8121 5.71172
642762 4091 13.5016 4.63258
611702 4076 15.9055 4.05832
702650 4200 23.7939 5.43612
655453 4555 7.99884 4.9331
671697 4279 12.7135 6.36578
667400 4442 22.6185 4.97127
586928 4290 19.8555 4.25347
644420 4307 23.4826 5.07895
621952 4588 20.0074 4.54967
612750 4612 10.0524 5.35731
621328 3956 13.0942 5.49323
678053 4196 8.81865 4.82477
622769 4119 12.4094 4.86403
521530 3935 18.6288 3.79459
601585 3974 15.6021 4.88435
566444 4397 6.55446 5.18611
600123 4136 20.5362 4.22938
582108 4316 7.08504 4.54202
611062 4303 19.8817 6.32406
559678 4283 19.4318 4.67034
607643 4307 20.2503 5.87074
625329 4557 21.1331 4.56474
228745 3507 4.48921 2.25127
232248 3524 1.70852 2.85683
209814 3092 1.44994 2.24016
218177 3577 1.61342 2.00013
254562 3770 1.96647 2.39924
208815 3653 1.57575 3.44332
276046 3881 2.16323 4.99039
247696 1708 3.59298 1.98804
206078 3264 3.49967 1.82975
173613 3454 1.27024 1.76333
242021 3681 4.7744 1.4876
273917 4151 2.80633 3.6393
221026 3442 1.61673 3.37666
325980 4428 6.97531 2.37355
286321 4031 5.91436 1.9637
256995 3704 5.38253 1.82301
272279 4153 6.09563 1.94488
265982 3427 5.70615 3.53756
208894 3115 3.50619 2.20724
242932 3451 4.81201 1.36933
223740 3181 3.61716 1.75354
201009 3240 3.57049 2.51726
179322 3056 2.90691 2.29994
194654 3208 4.08333 1.90808
207481 3616 4.12016 2.37144
236736 3354 4.0399 1.37626
216224 3505 4.71797 1.69438
316455 4238 7.10787 4.82787
310514 3937 4.84907 4.46818
255360 3793 2.61308 4.06654
248766 3607 3.68796 3.94927
313832 4080 2.80326 4.51915
247024 3764 3.47897 1.59026
315718 4288 5.06361 2.30992
289423 4201 6.87142 2.07329
289112 3832 2.68886 1.79619
268484 3784 4.74609 1.73066
269225 3717 3.4831 1.73264
300024 4276 2.47129 1.94147
242735 3968 1.83463 1.54305
217353 3673 4.51358 1.4
270039 2963 5.31139 3.08451
274894 3837 2.85393 1.87912
304123 3928 3.31203 1.95015
248504 3926 2.1843 1.64979
302871 4370 5.80991 2.18128
286933 4326 5.79555 2.00957
276847 2513 1.92249 1.27193
360015 4728 5.64545 2.50515
204094 3216 1.94608 1.05487
256669 3519 6.04078 1.4469
214195 3327 4.71181 1.19589
203775 3279 4.48224 1.13195
299966 4119 6.81129 1.99263
247258 3661 5.31314 1.43851
260375 3585 5.27706 1.43107
249627 3453 3.68701 1.41288
282871 3590 3.50454 1.68955
307320 4084 4.76504 1.85696
219987 1171 2.43386 0.452386
222835 3813 2.22161 1.42382
237610 3658 4.65468 1.39028
280171 3957 5.60657 1.79711
299285 4103 6.11549 1.87987
235284 3354 3.73909 2.5471
240647 3660 2.47487 3.5323
273465 3701 5.43898 4.84319
219110 3397 1.80024 1.29469
211482 3317 4.23037 1.09289
214959 3229 4.67092 1.25381
211942 3510 4.28056 1.16218
251332 3855 5.22955 2.94233
205951 3123 2.96629 3.09926
203227 3117 3.64754 3.24638
265381 3754 4.61478 4.7554
177840 3105 2.80406 3.00553
197349 2918 3.858 0.989142
191488 3178 3.95519 1.05088
183425 3115 1.90247 1.01358
220487 3508 3.9743 4.04412
194771 3161 2.8688 3.18044
189585 3141 3.75817 3.11576
190949 3203 3.17701 3.08854
194056 3453 3.49576 3.37279
228745 3507 4.48921 1.12055
232248 3524 1.70852 1.00638
209814 3092 1.44994 0.712993
218177 3577 1.61342 0.807682
254562 3770 1.96647 0.929829
208815 3653 1.57575 0.7455
276046 3881 2.16323 1.35074
247696 1708 3.59298 0.745425
206078 3264 3.49967 1.00429
173613 3454 1.27024 0.994818
242021 3681 4.7744 1.11567
273917 4151 2.80633 1.26434
221026 3442 1.61673 1.11908
325980 4428 6.97531 1.70613
286321 4031 5.91436 1.40727
256995 3704 5.38253 1.51441
272279 4153 6.09563 1.35135
265982 3427 5.70615 1.25565
208894 3115 3.50619 0.848078
242932 3451 4.81201 1.01224
223740 3181 3.61716 0.923813
201009 3240 3.57049 0.869124
179322 3056 2.90691 0.767358
194654 3208 4.08333 0.825838
207481 3616 4.12016 1.00939
236736 3354 4.0399 0.985521
216224 3505 4.71797 1.14158
316455 4238 7.10787 1.92675
310514 3937 4.84907 1.54731
255360 3793 2.61308 1.30002
248766 3607 3.68796 1.24197
313832 4080 2.80326 1.52284
247024 3764 3.47897 1.09363
315718 4288 5.06361 1.83103
289423 4201 6.87142 1.3651
289112 3832 2.68886 1.28782
268484 3784 4.74609 1.4422
269225 3717 3.4831 1.02523
300024 4276 2.47129 1.21524
242735 3968 1.83463 0.913385
217353 3673 4.51358 0.802264
270039 2963 5.31139 1.08086
274894 3837 2.85393 1.61028
304123 3928 3.31203 1.70345
248504 3926 2.1843 1.18911
302871 4370 5.80991 1.56507
286933 4326 5.79555 1.45851
276847 2513 1.92249 1.07251
360015 4728 5.64545 1.81465
204094 3216 1.94608 0.937449
256669 3519 6.04078 1.16536
214195 3327 4.71181 0.914958
203775 3279 4.48224 0.926135
299966 4119 6.81129 1.38832
247258 3661 5.31314 1.33654
260375 3585 5.27706 1.35381
249627 3453 3.68701 0.984731
282871 3590 3.50454 1.02372
307320 4084 4.76504 1.13746
219987 1171 2.43386 0.324962
222835 3813 2.22161 1.00705
237610 3658 4.65468 1.10008
280171 3957 5.60657 1.35553
299285 4103 6.11549 1.1863
235284 3354 3.73909 0.817251
240647 3660 2.47487 1.03173
273465 3701 5.43898 1.42039
219110 3397 1.80024 0.927213
211482 3317 4.23037 0.890269
214959 3229 4.67092 1.07614
211942 3510 4.28056 0.967741
251332 3855 5.22955 1.208
205951 3123 2.96629 0.909928
203227 3117 3.64754 0.893835
265381 3754 4.61478 1.17469
177840 3105 2.80406 0.853346
197349 2918 3.858 0.867882
191488 3178 3.95519 0.96409
183425 3115 1.90247 0.801718
220487 3508 3.9743 0.974778
194771 3161 2.8688 0.966508
189585 3141 3.75817 0.908305
190949 3203 3.17701 0.838837
194056 3453 3.49576 0.966209
228745 3507 4.48921 0.272665
232248 3524 1.70852 0.526501
209814 3092 1.44994 0.209876
218177 3577 1.61342 0.501867
254562 3770 1.96647 0.568074
208815 3653 1.57575 0.466199
276046 3881 2.16323 0.580804
247696 1708 3.59298 0.466394
206078 3264 3.49967 0.436702
173613 3454 1.27024 0.408717
242021 3681 4.7744 0.554748
273917 4151 2.80633 0.743406
221026 3442 1.61673 0.244411
325980 4428 6.97531 0.359823
286321 4031 5.91436 0.666045
256995 3704 5.38253 0.541354
272279 4153 6.09563 0.60417
265982 3427 5.70615 0.538982
208894 3115 3.50619 0.455288
242932 3451 4.81201 0.511028
223740 3181 3.61716 0.295769
201009 3240 3.57049 0.250895
179322 3056 2.90691 0.237687
194654 3208 4.08333 0.218648
207481 3616 4.12016 0.231656
236736 3354 4.0399 0.535464
216224 3505 4.71797 0.474258
316455 4238 7.10787 0.703579
310514 3937 4.84907 0.373027
255360 3793 2.61308 0.557032
248766 3607 3.68796 0.446983
313832 4080 2.80326 0.298311
247024 3764 3.47897 0.274045
315718 4288 5.06361 0.524037
289423 4201 6.87142 0.584356
289112 3832 2.68886 0.407157
268484 3784 4.74609 0.261578
269225 3717 3.4831 0.358455
300024 4276 2.47129 0.366997
242735 3968 1.83463 0.500637
217353 3673 4.51358 0.396915
270039 2963 5.31139 0.596321
274894 3837 2.85393 0.562292
304123 3928 3.31203 0.616108
248504 3926 2.1843 0.40225
302871 4370 5.80991 0.697205
286933 4326 5.79555 0.541037
276847 2513 1.92249 0.376656
360015 4728 5.64545 0.656496
204094 3216 1.94608 0.414174
256669 3519 6.04078 0.486876
214195 3327 4.71181 0.52086
203775 3279 4.48224 0.306786
299966 4119 6.81129 0.661568
247258 3661 5.31314 0.345491
260375 3585 5.27706 0.481052
249627 3453 3.68701 0.608378
282871 3590 3.50454 0.470552
307320 4084 4.76504 0.647092
219987 1171 2.43386 0.404374
222835 3813 2.22161 0.260499
237610 3658 4.65468 0.559382
280171 3957 5.60657 0.449368
299285 4103 6.11549 0.511402
235284 3354 3.73909 0.467476
240647 3660 2.47487 0.58856
273465 3701 5.43898 0.561657
219110 3397 1.80024 0.445697
211482 3317 4.23037 0.340106
214959 3229 4.67092 0.503259
211942 3510 4.28056 0.482133
251332 3855 5.22955 0.53584
205951 3123 2.96629 0.415557
203227 3117 3.64754 0.470402
265381 3754 4.61478 0.570184
177840 3105 2.80406 0.437723
197349 2918 3.858 0.165641
191488 3178 3.95519 0.190905
183425 3115 1.90247 0.344556
220487 3508 3.9743 0.261534
194771 3161 2.8688 0.21741
189585 3141 3.75817 0.172022
190949 3203 3.17701 0.189293
194056 3453 3.49576 0.395249
228745 3507 4.48921 4.82132
232248 3524 1.70852 5.15313
209814 3092 1.44994 4.05031
218177 3577 1.61342 6.0126
254562 3770 1.96647 6.08064
208815 3653 1.57575 5.05981
276046 3881 2.16323 7.20347
247696 1708 3.59298 1.6472
206078 3264 3.49967 1.72955
173613 3454 1.27024 3.24786
242021 3681 4.7744 6.20646
273917 4151 2.80633 5.62356
221026 3442 1.61673 2.09071
325980 4428 6.97531 6.07356
286321 4031 5.91436 4.65528
256995 3704 5.38253 6.03957
272279 4153 6.09563 3.34442
265982 3427 5.70615 2.478
208894 3115 3.50619 2.65654
242932 3451 4.81201 5.25566
223740 3181 3.61716 5.01507
201009 3240 3.57049 1.93815
179322 3056 2.90691 1.63074
194654 3208 4.08333 1.71748
207481 3616 4.12016 2.54711
236736 3354 4.0399 2.26535
216224 3505 4.71797 3.31541
316455 4238 7.10787 4.65981
310514 3937 4.84907 3.68644
255360 3793 2.61308 3.06066
248766 3607 3.68796 3.13377
313832 4080 2.80326 3.86293
247024 3764 3.47897 3.57993
315718 4288 5.06361 4.51201
289423 4201 6.87142 8.85902
289112 3832 2.68886 7.37232
268484 3784 4.74609 7.36581
269225 3717 3.4831 6.54434
300024 4276 2.47129 8.69292
242735 3968 1.83463 6.25753
217353 3673 4.51358 5.69225
270039 2963 5.31139 6.73584
274894 3837 2.85393 7.86221
304123 3928 3.31203 8.75009
248504 3926 2.1843 7.49896
302871 4370 5.80991 9.74064
286933 4326 5.79555 8.81878
276847 2513 1.92249 4.93912
360015 4728 5.64545 9.03612
204094 3216 1.94608 2.38042
256669 3519 6.04078 3.81467
214195 3327 4.71181 2.62139
203775 3279 4.48224 2.87271
299966 4119 6.81129 7.43939
247258 3661 5.31314 4.45388
260375 3585 5.27706 3.94835
249627 3453 3.68701 3.36036
282871 3590 3.50454 4.38726
307320 4084 4.76504 6.21209
219987 1171 2.43386 1.81674
222835 3813 2.22161 4.02964
237610 3658 4.65468 2.28955
280171 3957 5.60657 2.86056
299285 4103 6.11549 3.08091
235284 3354 3.73909 2.44601
240647 3660 2.47487 5.6084
273465 3701 5.43898 5.61861
219110 3397 1.80024 2.13639
211482 3317 4.23037 1.92665
214959 3229 4.67092 5.98334
211942 3510 4.28056 5.58317
251332 3855 5.22955 5.00345
205951 3123 2.96629 1.88153
203227 3117 3.64754 2.18589
265381 3754 4.61478 4.08776
177840 3105 2.80406 1.66882
197349 2918 3.858 1.7447
191488 3178 3.95519 4.81389
183425 3115 1.90247 4.42341
220487 3508 3.9743 5.65943
194771 3161 2.8688 4.61755
189585 3141 3.75817 4.40326
190949 3203 3.17701 2.76975
194056 3453 3.49576 2.89643
228745 3507 4.48921 0.248217
232248 3524 1.70852 0.182383
209814 3092 1.44994 0.160131
218177 3577 1.61342 0.169144
254562 3770 1.96647 0.201162
208815 3653 1.57575 0.189498
276046 3881 2.16323 0.223164
247696 1708 3.59298 0.495968
206078 3264 3.49967 0.386787
173613 3454 1.27024 0.150559
242021 3681 4.7744 0.449156
273917 4151 2.80633 0.241478
221026 3442 1.61673 0.187033
325980 4428 6.97531 0.59846
286321 4031 5.91436 0.424903
256995 3704 5.38253 0.277967
272279 4153 6.09563 0.493804
265982 3427 5.70615 0.475528
208894 3115 3.50619 0.416789
242932 3451 4.81201 0.243621
223740 3181 3.61716 0.414996
201009 3240 3.57049 0.236829
179322 3056 2.90691 0.343952
194654 3208 4.08333 0.405215
207481 3616 4.12016 0.374198
236736 3354 4.0399 0.425183
216224 3505 4.71797 0.355834
316455 4238 7.10787 0.595159
310514 3937 4.84907 0.344357
255360 3793 2.61308 0.304782
248766 3607 3.68796 0.327507
313832 4080 2.80326 0.252963
247024 3764 3.47897 0.206854
315718 4288 5.06361 0.312547
289423 4201 6.87142 0.52531
289112 3832 2.68886 0.243191
268484 3784 4.74609 0.493088
269225 3717 3.4831 0.24885
300024 4276 2.47129 0.243242
242735 3968 1.83463 0.457144
217353 3673 4.51358 0.46857
270039 2963 5.31139 0.526763
274894 3837 2.85393 0.222303
304123 3928 3.31203 0.246478
248504 3926 2.1843 0.522413
302871 4370 5.80991 0.555857
286933 4326 5.79555 0.2665
276847 2513 1.92249 0.250879
360015 4728 5.64545 0.355647
204094 3216 1.94608 0.187815
256669 3519 6.04078 0.495649
214195 3327 4.71181 0.382093
203775 3279 4.48224 0.375439
299966 4119 6.81129 0.548635
247258 3661 5.31314 0.468594
260375 3585 5.27706 0.519822
249627 3453 3.68701 0.423969
282871 3590 3.50454 0.353584
307320 4084 4.76504 0.41672
219987 1171 2.43386 0.350894
222835 3813 2.22161 0.202776
237610 3658 4.65468 0.433152
280171 3957 5.60657 0.393506
299285 4103 6.11549 0.560003
235284 3354 3.73909 0.46188
240647 3660 2.47487 0.221579
273465 3701 5.43898 0.45091
219110 3397 1.80024 0.410369
211482 3317 4.23037 0.395387
214959 3229 4.67092 0.202502
211942 3510 4.28056 0.427443
251332 3855 5.22955 0.452892
205951 3123 2.96629 0.175668
203227 3117 3.64754 0.291251
265381 3754 4.61478 0.449142
177840 3105 2.80406 0.357073
197349 2918 3.858 0.289053
191488 3178 3.95519 0.350988
183425 3115 1.90247 0.250335
220487 3508 3.9743 0.45246
194771 3161 2.8688 0.183737
189585 3141 3.75817 0.389876
190949 3203 3.17701 0.358092
194056 3453 3.49576 0.396711
