obj_search:
  camera_z: 1.7
  ceiling_z: 2.27
  floor_z: 0
  object_query: {K: 5}
  processed_data_dir: /home/michal/Downloads/pcddata/processed/
  raw_data_dir: /media/michal/Pauli/masterdata/raw/
object_query: {K: 10, cluster_maxsize: 500, cluster_minsize: 12, cluster_tolerance: 0.25,
  clusters_to_results: true, extract_mult: 1.3, match: nonPlanes<fpfh_iss, n_max_points: 400,
  output_dir: 'NULL', query_features: '/home/michal/Downloads/pcddata/processed/query/queryobjects/0,01/pillow/features/rgb_0003_label_pillow<fpfh_iss_2015-05-26_14-59-04.pcd',
  results_out: '/home/michal/Downloads/pcddata/processed/query/k10_mx400_t0,25/rares',
  subdirs: 4, target_features: /media/michal/Pauli/masterdata/processed/annotated/rares,
  x_step_hough: 0.05, y_step_hough: 0.05, z_step_hough: 0.05}
rosdistro: 'indigo

  '
roslaunch:
  uris: {host_tycho__38453: 'http://tycho:38453/', host_tycho__40210: 'http://tycho:40210/',
    host_tycho__42191: 'http://tycho:42191/'}
rosversion: '1.11.10

  '
run_id: 38d91d24-0719-11e5-9c81-3c970e77227e
BEGIN_DATA
# fname t_query t_hough t_cluster cluster_n cluster_scores cluster_points cluster_inobb n_hough_tot nonzero_hough hough_votes boxpts boxvotes maxpts maxvotes maxboxpts maxboxvotes hough_hist box_hist max_hist boxmax_hist
/media/michal/Pauli/masterdata/processed/annotated/rares/20140820/patrol_run_2/room_1/features/nonPlanes<fpfh_iss_2015-05-17_17-47-10.pcd 0.00913554 0.0022347 0.00290756 8 156,153,58,58,54,46,35,22 61,61,32,29,35,25,21,15 -1 386100 419 770 -1 -1 400 751 -1 -1 385681,245,95,26,29,12,9,1,1,0,0,0,1 -1 0,226,95,26,29,12,9,1,1,0,0,0,1 -1
/media/michal/Pauli/masterdata/processed/annotated/rares/20140820/patrol_run_4/room_0/features/nonPlanes<fpfh_iss_2015-05-17_17-47-20.pcd 0.0048324 0.00129286 0.00267994 8 145,109,85,59,53,40,39,37 58,54,45,38,25,22,15,22 -1 413127 399 770 -1 -1 399 770 -1 -1 412728,248,66,29,23,17,7,3,1,2,1,1,0,0,0,0,1 -1 0,248,66,29,23,17,7,3,1,2,1,1,0,0,0,0,1 -1
/media/michal/Pauli/masterdata/processed/annotated/rares/20140828/patrol_run_19/room_3/features/nonPlanes<fpfh_iss_2015-05-17_17-47-28.pcd 0.0101734 0.000941476 0.00303551 8 170,118,91,78,37,25,17,14 81,47,42,48,17,13,13,12 -1 400554 414 770 -1 -1 400 756 -1 -1 400140,254,81,32,20,10,6,4,4,1,0,1,1 -1 0,240,81,32,20,10,6,4,4,1,0,1,1 -1
/media/michal/Pauli/masterdata/processed/annotated/rares/20140829/patrol_run_20/room_3/features/nonPlanes<fpfh_iss_2015-05-17_17-47-37.pcd 0.00967897 0.00100927 0.00190959 3 196,165,29 84,76,24 -1 382336 394 770 -1 -1 394 770 -1 -1 381942,235,70,40,19,15,3,3,4,2,0,2,0,1 -1 0,235,70,40,19,15,3,3,4,2,0,2,0,1 -1
/media/michal/Pauli/masterdata/processed/annotated/rares/20140829/patrol_run_26/room_2/features/nonPlanes<fpfh_iss_2015-05-17_17-47-46.pcd 0.00771043 0.000669633 0.000831951 9 168,166,42,33,31,27,24,23,15 67,60,20,20,15,13,18,12,13 0,0,0,0,0,0,0,0,0 393822 369 770 19 72 369 770 19 72 393453,216,61,35,23,13,8,3,3,3,2,0,0,1,0,0,0,1 0,6,2,3,4,1,1,0,0,1,0,0,0,0,0,0,0,1 0,216,61,35,23,13,8,3,3,3,2,0,0,1,0,0,0,1 0,6,2,3,4,1,1,0,0,1,0,0,0,0,0,0,0,1
/media/michal/Pauli/masterdata/processed/annotated/rares/20140901/patrol_run_27/room_2/features/nonPlanes<fpfh_iss_2015-05-17_17-47-53.pcd 0.0061047 0.00144203 0.00203229 6 126,102,101,61,30,24 58,30,55,24,13,13 -1 375705 357 770 -1 -1 357 770 -1 -1 375348,198,72,31,16,16,7,8,1,3,2,0,1,2 -1 0,198,72,31,16,16,7,8,1,3,2,0,1,2 -1
/media/michal/Pauli/masterdata/processed/annotated/rares/20140901/patrol_run_31/room_2/features/nonPlanes<fpfh_iss_2015-05-17_17-48-01.pcd 0.00775982 0.000826021 0.00224595 5 103,81,69,68,56 51,27,23,23,24 -1 408408 357 770 -1 -1 357 770 -1 -1 408051,200,68,26,19,17,12,8,2,0,4,1 -1 0,200,68,26,19,17,12,8,2,0,4,1 -1
/media/michal/Pauli/masterdata/processed/annotated/rares/20140901/patrol_run_32/room_2/features/nonPlanes<fpfh_iss_2015-05-17_17-48-08.pcd 0.0094074 0.000956922 0.00206163 7 97,90,39,37,31,27,26 34,25,19,18,15,12,18 -1 404976 336 770 -1 -1 336 770 -1 -1 404640,179,67,30,19,14,10,4,5,2,1,1,1,1,1,1 -1 0,179,67,30,19,14,10,4,5,2,1,1,1,1,1,1 -1
/media/michal/Pauli/masterdata/processed/annotated/rares/20140901/patrol_run_33/room_1/features/nonPlanes<fpfh_iss_2015-05-17_17-48-15.pcd 0.00633071 0.000687565 0.001557 6 269,56,41,40,29,13 116,21,16,12,13,12 -1 391680 355 770 -1 -1 355 770 -1 -1 391325,183,75,40,27,8,6,5,5,2,4 -1 0,183,75,40,27,8,6,5,5,2,4 -1
/media/michal/Pauli/masterdata/processed/annotated/rares/20140902/patrol_run_35/room_2/features/nonPlanes<fpfh_iss_2015-05-17_17-48-23.pcd 0.00575589 0.000636451 0.0015912 8 123,99,97,72,57,41,28,22 43,47,39,27,23,13,18,13 -1 378972 343 770 -1 -1 343 770 -1 -1 378629,183,68,26,26,13,11,5,4,5,0,0,1,0,1 -1 0,183,68,26,26,13,11,5,4,5,0,0,1,0,1 -1
/media/michal/Pauli/masterdata/processed/annotated/rares/20140902/patrol_run_38/room_0/features/nonPlanes<fpfh_iss_2015-05-17_17-48-30.pcd 0.0069336 0.000742833 0.00157418 3 186,57,56 93,12,12 0,0,0 420420 321 770 17 61 321 770 17 61 420099,184,43,32,20,14,4,4,8,0,5,2,2,2,0,0,1 0,3,3,2,5,2,0,0,2,0,0,0,0,0,0,0,0 0,184,43,32,20,14,4,4,8,0,5,2,2,2,0,0,1 0,3,3,2,5,2,0,0,2,0,0,0,0,0,0,0,0
/media/michal/Pauli/masterdata/processed/annotated/rares/20140903/patrol_run_1/room_4/features/nonPlanes<fpfh_iss_2015-05-17_17-48-37.pcd 0.0069848 0.000748553 0.00159409 6 124,113,43,26,21,14 51,44,12,16,12,12 0,0,0,0,0,0 418077 361 770 14 37 361 770 14 37 417716,198,68,36,20,17,9,7,1,2,1,0,2 0,6,3,3,0,0,1,0,0,0,1,0,0 0,198,68,36,20,17,9,7,1,2,1,0,2 0,6,3,3,0,0,1,0,0,0,1,0,0
/media/michal/Pauli/masterdata/processed/annotated/rares/20140903/patrol_run_10/room_2/features/nonPlanes<fpfh_iss_2015-05-17_17-48-46.pcd 0.00607949 0.000768338 0.00234999 7 116,81,68,49,34,28,26 49,38,27,23,22,15,14 -1 401082 333 770 -1 -1 333 770 -1 -1 400749,173,70,36,12,15,3,7,8,2,5,0,0,1,1 -1 0,173,70,36,12,15,3,7,8,2,5,0,0,1,1 -1
/media/michal/Pauli/masterdata/processed/annotated/rares/20140903/patrol_run_12/room_2/features/nonPlanes<fpfh_iss_2015-05-17_17-48-53.pcd 0.00325813 0.000391043 0.000815711 6 138,84,65,45,43,33 53,43,16,18,19,18 -1 393294 331 770 -1 -1 331 770 -1 -1 392963,181,53,34,24,11,8,7,4,5,0,0,2,0,0,0,2 -1 0,181,53,34,24,11,8,7,4,5,0,0,2,0,0,0,2 -1
/media/michal/Pauli/masterdata/processed/annotated/rares/20140903/patrol_run_14/room_1/features/nonPlanes<fpfh_iss_2015-05-17_17-49-01.pcd 0.00591938 0.000775958 0.00172952 5 108,71,50,44,24 40,32,25,24,17 -1 411840 348 770 -1 -1 348 770 -1 -1 411492,192,74,26,22,11,3,4,5,1,2,4,2,2 -1 0,192,74,26,22,11,3,4,5,1,2,4,2,2 -1
/media/michal/Pauli/masterdata/processed/annotated/rares/20140903/patrol_run_2/room_4/features/nonPlanes<fpfh_iss_2015-05-17_17-49-09.pcd 0.00676258 0.000682857 0.00199383 8 229,95,75,52,36,26,23,18 106,38,32,26,19,15,14,13 0,0,0,0,1,0,0,0 397188 408 770 12 29 400 762 12 29 396780,242,74,41,26,10,7,5,2,0,1 0,6,2,0,2,1,1,0,0,0,0 0,234,74,41,26,10,7,5,2,0,1 0,6,2,0,2,1,1,0,0,0,0
/media/michal/Pauli/masterdata/processed/annotated/rares/20140903/patrol_run_9/room_2/features/nonPlanes<fpfh_iss_2015-05-17_17-49-17.pcd 0.00926668 0.000688941 0.00247207 5 312,47,47,37,29 144,26,20,19,14 -1 428340 369 770 -1 -1 369 770 -1 -1 427971,208,70,32,30,14,4,1,4,0,2,2,0,1,0,0,0,0,1 -1 0,208,70,32,30,14,4,1,4,0,2,2,0,1,0,0,0,0,1 -1
/media/michal/Pauli/masterdata/processed/annotated/rares/20140904/patrol_run_15/room_2/features/nonPlanes<fpfh_iss_2015-05-17_17-49-25.pcd 0.00957582 0.000665193 0.00297889 9 105,87,81,65,53,40,36,35,29 51,44,34,25,28,14,15,19,15 -1 394284 399 770 -1 -1 399 770 -1 -1 393885,232,80,36,20,18,5,5,1,1,0,0,0,0,0,0,0,0,1 -1 0,232,80,36,20,18,5,5,1,1,0,0,0,0,0,0,0,0,1 -1
/media/michal/Pauli/masterdata/processed/annotated/rares/20140905/patrol_run_17/room_2/features/nonPlanes<fpfh_iss_2015-05-17_17-49-35.pcd 0.003359 0.000360874 0.000782126 11 172,60,49,49,46,38,35,30,30,25,19 55,29,24,19,25,17,16,13,12,12,16 -1 408408 372 770 -1 -1 372 770 -1 -1 408036,205,77,38,22,10,8,2,5,2,2,0,0,0,0,0,0,0,0,1 -1 0,205,77,38,22,10,8,2,5,2,2,0,0,0,0,0,0,0,0,1 -1
/media/michal/Pauli/masterdata/processed/annotated/rares/20140905/patrol_run_19/room_1/features/nonPlanes<fpfh_iss_2015-05-17_17-49-45.pcd 0.00929336 0.000635871 0.00268602 6 171,150,59,25,24,22 92,52,26,14,12,14 -1 388416 365 770 -1 -1 365 770 -1 -1 388051,212,64,26,25,11,12,5,6,3,0,0,0,0,0,1 -1 0,212,64,26,25,11,12,5,6,3,0,0,0,0,0,1 -1
/media/michal/Pauli/masterdata/processed/annotated/rares/20140905/patrol_run_21/room_2/features/nonPlanes<fpfh_iss_2015-05-17_17-49-56.pcd 0.00890511 0.00113181 0.000746327 8 93,68,59,58,47,42,30,15 40,23,23,31,20,13,17,12 -1 401082 353 770 -1 -1 353 770 -1 -1 400729,191,79,27,15,14,10,4,4,5,1,2,0,1 -1 0,191,79,27,15,14,10,4,4,5,1,2,0,1 -1
/media/michal/Pauli/masterdata/processed/annotated/rares/20140905/patrol_run_23/room_2/features/nonPlanes<fpfh_iss_2015-05-17_17-50-04.pcd 0.00682958 0.000754325 0.00160921 7 124,108,65,57,39,37,24 46,40,23,17,25,14,13 -1 404481 324 770 -1 -1 324 770 -1 -1 404157,170,61,32,16,10,15,5,4,3,6,1,0,1 -1 0,170,61,32,16,10,15,5,4,3,6,1,0,1 -1
/media/michal/Pauli/masterdata/processed/annotated/rares/20140905/patrol_run_25/room_1/features/nonPlanes<fpfh_iss_2015-05-17_17-50-11.pcd 0.00656064 0.00102009 0.00134218 8 89,80,70,49,34,30,24,22 36,29,33,22,16,20,13,13 -1 397188 319 770 -1 -1 319 770 -1 -1 396869,171,59,29,14,17,7,5,5,1,3,3,3,1,0,1 -1 0,171,59,29,14,17,7,5,5,1,3,3,3,1,0,1 -1
/media/michal/Pauli/masterdata/processed/annotated/rares/20140905/patrol_run_27/room_2/features/nonPlanes<fpfh_iss_2015-05-17_17-50-18.pcd 0.00641166 0.000707482 0.00142912 7 137,105,54,51,41,33,26 39,29,30,18,16,14,12 -1 405768 318 770 -1 -1 318 770 -1 -1 405450,173,55,25,18,15,9,10,6,2,0,1,0,1,0,2,0,0,0,0,0,1 -1 0,173,55,25,18,15,9,10,6,2,0,1,0,1,0,2,0,0,0,0,0,1 -1
/media/michal/Pauli/masterdata/processed/annotated/rares/20140905/patrol_run_29/room_2/features/nonPlanes<fpfh_iss_2015-05-17_17-50-25.pcd 0.00878421 0.000947359 0.00196946 7 149,60,54,43,42,31,21 53,12,32,14,21,16,12 -1 383295 317 770 -1 -1 317 770 -1 -1 382978,168,60,26,20,10,12,6,3,2,3,1,4,1,0,0,1 -1 0,168,60,26,20,10,12,6,3,2,3,1,4,1,0,0,1 -1
/media/michal/Pauli/masterdata/processed/annotated/rares/20140905/patrol_run_30/room_1/features/nonPlanes<fpfh_iss_2015-05-17_17-50-31.pcd 0.00846613 0.000943334 0.000744617 6 236,178,46,42,34,18 97,60,18,24,14,14 -1 386100 341 770 -1 -1 341 770 -1 -1 385759,182,73,33,15,12,6,8,2,2,2,3,2,0,0,0,0,0,0,0,1 -1 0,182,73,33,15,12,6,8,2,2,2,3,2,0,0,0,0,0,0,0,1 -1
/media/michal/Pauli/masterdata/processed/annotated/rares/20140905/patrol_run_30/room_7/features/nonPlanes<fpfh_iss_2015-05-17_17-50-38.pcd 0.00715742 0.00111282 0.00170878 10 112,92,74,48,44,40,34,31,19,16 52,30,16,30,15,27,19,13,12,12 -1 393294 370 770 -1 -1 370 770 -1 -1 392924,214,68,36,14,11,8,9,7,0,1,1,0,1 -1 0,214,68,36,14,11,8,9,7,0,1,1,0,1 -1
/media/michal/Pauli/masterdata/processed/annotated/rares/20140908/patrol_run_32/room_2/features/nonPlanes<fpfh_iss_2015-05-17_17-50-47.pcd 0.00822633 0.00111643 0.00210534 5 172,88,48,41,19 73,30,18,24,12 -1 388416 333 770 -1 -1 333 770 -1 -1 388083,184,58,30,14,18,10,5,3,6,1,1,2,0,0,0,1 -1 0,184,58,30,14,18,10,5,3,6,1,1,2,0,0,0,1 -1
/media/michal/Pauli/masterdata/processed/annotated/rares/20140908/patrol_run_34/room_2/features/nonPlanes<fpfh_iss_2015-05-17_17-50-55.pcd 0.00418164 0.000769716 0.00139768 7 200,122,96,39,27,25,22 92,49,59,18,19,13,13 -1 404976 398 770 -1 -1 398 770 -1 -1 404578,232,75,40,22,13,9,4,0,2,0,0,0,0,0,1 -1 0,232,75,40,22,13,9,4,0,2,0,0,0,0,0,1 -1
/media/michal/Pauli/masterdata/processed/annotated/rares/20140908/patrol_run_36/room_3/features/nonPlanes<fpfh_iss_2015-05-17_17-51-05.pcd 0.00571642 0.00147235 0.00160961 8 192,76,60,55,48,36,30,25 79,24,24,20,22,13,16,16 -1 380919 341 770 -1 -1 341 770 -1 -1 380578,177,72,33,22,11,10,3,6,2,2,1,1,0,0,0,0,1 -1 0,177,72,33,22,11,10,3,6,2,2,1,1,0,0,0,0,1 -1
/media/michal/Pauli/masterdata/processed/annotated/rares/20140908/patrol_run_38/room_2/features/nonPlanes<fpfh_iss_2015-05-17_17-51-14.pcd 0.00611875 0.000943517 0.0011966 4 241,113,61,55 77,54,23,24 -1 419331 340 770 -1 -1 340 770 -1 -1 418991,170,73,45,11,18,8,3,4,3,2,0,2,1 -1 0,170,73,45,11,18,8,3,4,3,2,0,2,1 -1
/media/michal/Pauli/masterdata/processed/annotated/rares/20140908/patrol_run_39/room_3/features/nonPlanes<fpfh_iss_2015-05-17_17-51-22.pcd 0.00801006 0.000625256 0.00234519 7 133,115,108,51,45,37,25 43,46,38,15,28,17,15 -1 397188 353 770 -1 -1 353 770 -1 -1 396835,197,55,38,20,22,6,8,2,2,2,0,0,1 -1 0,197,55,38,20,22,6,8,2,2,2,0,0,1 -1
/media/michal/Pauli/masterdata/processed/annotated/rares/20140908/patrol_run_41/room_3/features/nonPlanes<fpfh_iss_2015-05-17_17-51-30.pcd 0.00638422 0.00105159 0.00160975 8 168,93,63,44,42,29,25,19 58,33,24,26,14,12,21,15 -1 394548 358 770 -1 -1 358 770 -1 -1 394190,186,83,31,22,13,9,4,4,3,2,1 -1 0,186,83,31,22,13,9,4,4,3,2,1 -1
/media/michal/Pauli/masterdata/processed/annotated/rares/20140908/patrol_run_43/room_3/features/nonPlanes<fpfh_iss_2015-05-17_17-51-41.pcd 0.00716746 0.000994182 0.00185535 6 176,71,59,57,37,21 44,20,20,19,24,12 -1 403920 315 770 -1 -1 315 770 -1 -1 403605,178,55,18,23,13,9,3,2,2,2,4,3,0,0,2,0,0,0,0,0,0,0,0,0,0,0,0,0,0,0,0,1 -1 0,178,55,18,23,13,9,3,2,2,2,4,3,0,0,2,0,0,0,0,0,0,0,0,0,0,0,0,0,0,0,0,1 -1
/media/michal/Pauli/masterdata/processed/annotated/rares/20140908/patrol_run_45/room_2/features/nonPlanes<fpfh_iss_2015-05-17_17-51-50.pcd 0.00720309 0.000501991 0.00262697 7 243,99,65,56,33,30,25 82,49,33,32,20,12,15 -1 388773 396 770 -1 -1 396 770 -1 -1 388377,231,85,37,18,10,4,1,2,5,0,0,0,2,0,0,0,0,1 -1 0,231,85,37,18,10,4,1,2,5,0,0,0,2,0,0,0,0,1 -1
/media/michal/Pauli/masterdata/processed/annotated/rares/20140908/patrol_run_47/room_3/features/nonPlanes<fpfh_iss_2015-05-17_17-52-02.pcd 0.00812695 0.00129895 0.0018831 5 241,116,50,47,43 89,68,36,24,24 -1 391314 418 770 -1 -1 400 752 -1 -1 390896,247,91,34,20,14,2,5,3,2 -1 0,229,91,34,20,14,2,5,3,2 -1
/media/michal/Pauli/masterdata/processed/annotated/rares/20140909/patrol_run_49/room_3/features/nonPlanes<fpfh_iss_2015-05-17_17-52-14.pcd 0.00937219 0.001004 0.00255626 8 111,105,55,51,33,31,31,19 44,49,26,20,19,16,12,12 -1 434511 366 770 -1 -1 366 770 -1 -1 434145,194,78,35,25,12,13,3,2,2,1,0,1 -1 0,194,78,35,25,12,13,3,2,2,1,0,1 -1
/media/michal/Pauli/masterdata/processed/annotated/rares/20140909/patrol_run_51/room_3/features/nonPlanes<fpfh_iss_2015-05-17_17-52-23.pcd 0.0059453 0.00220457 0.00108434 7 195,115,56,49,43,33,19 72,42,27,27,33,13,13 -1 702702 376 770 -1 -1 376 770 -1 -1 702326,209,75,36,29,13,4,3,2,2,0,0,1,1,0,0,0,0,1 -1 0,209,75,36,29,13,4,3,2,2,0,0,1,1,0,0,0,0,1 -1
/media/michal/Pauli/masterdata/processed/annotated/rares/20140909/patrol_run_53/room_3/features/nonPlanes<fpfh_iss_2015-05-17_17-52-32.pcd 0.0060335 0.000683699 0.00198675 7 173,103,80,76,58,29,16 71,51,42,32,24,17,14 -1 392224 373 770 -1 -1 373 770 -1 -1 391851,194,92,38,19,12,5,5,2,2,2,1,1 -1 0,194,92,38,19,12,5,5,2,2,2,1,1 -1
/media/michal/Pauli/masterdata/processed/annotated/rares/20140909/patrol_run_55/room_3/features/nonPlanes<fpfh_iss_2015-05-17_17-52-39.pcd 0.0102724 0.00141976 0.00213406 9 132,92,59,54,50,29,28,28,22 56,40,23,21,24,20,17,16,12 -1 434511 375 770 -1 -1 375 770 -1 -1 434136,223,61,28,27,11,9,8,5,2,1 -1 0,223,61,28,27,11,9,8,5,2,1 -1
/media/michal/Pauli/masterdata/processed/annotated/rares/20140909/patrol_run_59/room_3/features/nonPlanes<fpfh_iss_2015-05-18_11-53-29.pcd 0.00903131 0.000647924 0.0023951 8 135,73,68,64,49,47,33,24 55,27,26,22,27,25,22,13 -1 432300 371 770 -1 -1 371 770 -1 -1 431929,207,78,39,17,9,7,6,2,0,2,2,0,1,0,0,0,0,0,0,0,0,1 -1 0,207,78,39,17,9,7,6,2,0,2,2,0,1,0,0,0,0,0,0,0,0,1 -1
/media/michal/Pauli/masterdata/processed/annotated/rares/20140909/patrol_run_59/room_3/features/nonPlanes<fpfh_iss_2015-05-18_11-55-44.pcd 0.006328 0.00051791 0.00160141 8 135,73,68,64,49,47,33,24 55,27,26,22,27,25,22,13 -1 432300 371 770 -1 -1 371 770 -1 -1 431929,207,78,39,17,9,7,6,2,0,2,2,0,1,0,0,0,0,0,0,0,0,1 -1 0,207,78,39,17,9,7,6,2,0,2,2,0,1,0,0,0,0,0,0,0,0,1 -1
/media/michal/Pauli/masterdata/processed/annotated/rares/20140909/patrol_run_61/room_3/features/nonPlanes<fpfh_iss_2015-05-18_11-56-01.pcd 0.00639063 0.00070454 0.00155796 7 118,97,60,47,39,36,19 46,33,24,16,19,19,13 -1 430122 344 770 -1 -1 344 770 -1 -1 429778,181,59,51,21,10,7,4,3,2,4,0,0,1,0,0,0,0,0,1 -1 0,181,59,51,21,10,7,4,3,2,4,0,0,1,0,0,0,0,0,1 -1
/media/michal/Pauli/masterdata/processed/annotated/rares/20140909/patrol_run_63/room_3/features/nonPlanes<fpfh_iss_2015-05-18_11-56-22.pcd 0.00252671 0.000345941 0.00063175 5 102,72,62,41,18 38,36,32,14,13 0,0,0,0,0 391314 339 770 22 54 339 770 22 54 390975,184,70,30,14,15,7,8,2,1,1,1,2,2,0,1,1 0,10,6,0,2,3,0,0,0,1,0,0,0,0,0,0,0 0,184,70,30,14,15,7,8,2,1,1,1,2,2,0,1,1 0,10,6,0,2,3,0,0,0,1,0,0,0,0,0,0,0
/media/michal/Pauli/masterdata/processed/annotated/rares/20140910/patrol_run_67/room_3/features/nonPlanes<fpfh_iss_2015-05-18_11-56-44.pcd 0.00673382 0.000751573 0.00174631 6 234,85,55,44,31,27 94,42,23,21,18,16 -1 460647 367 770 -1 -1 367 770 -1 -1 460280,210,64,34,22,18,8,4,0,4,0,0,2,0,0,0,1 -1 0,210,64,34,22,18,8,4,0,4,0,0,2,0,0,0,1 -1
/media/michal/Pauli/masterdata/processed/annotated/rares/20140910/patrol_run_69/room_3/features/nonPlanes<fpfh_iss_2015-05-18_11-57-05.pcd 0.00553597 0.00110407 0.00273767 5 216,135,76,37,35 94,55,43,22,19 -1 382239 397 770 -1 -1 397 770 -1 -1 381842,234,77,36,23,9,7,3,2,4,1,0,1 -1 0,234,77,36,23,9,7,3,2,4,1,0,1 -1
/media/michal/Pauli/masterdata/processed/annotated/rares/20140910/patrol_run_71/room_3/features/nonPlanes<fpfh_iss_2015-05-18_11-57-27.pcd 0.00669029 0.000891593 0.00247143 9 129,104,71,63,39,32,29,25,21 48,51,32,23,18,17,17,12,12 -1 472461 380 770 -1 -1 380 770 -1 -1 472081,215,72,44,20,11,6,3,5,1,1,1,0,0,0,0,0,1 -1 0,215,72,44,20,11,6,3,5,1,1,1,0,0,0,0,0,1 -1
/media/michal/Pauli/masterdata/processed/annotated/rares/20140910/patrol_run_74/room_3/features/nonPlanes<fpfh_iss_2015-05-18_11-57-45.pcd 0.00294397 0.000367709 0.00077899 9 124,73,68,44,40,39,23,23,22 27,34,36,23,15,14,14,12,12 -1 426888 321 770 -1 -1 321 770 -1 -1 426567,158,75,29,25,7,5,5,4,6,0,2,2,1,0,2 -1 0,158,75,29,25,7,5,5,4,6,0,2,2,1,0,2 -1
/media/michal/Pauli/masterdata/processed/annotated/rares/20140910/patrol_run_77/room_4/features/nonPlanes<fpfh_iss_2015-05-18_11-58-02.pcd 0.00647607 0.000652421 0.00138225 6 100,87,62,53,33,29 33,23,28,22,22,16 -1 392700 311 770 -1 -1 311 770 -1 -1 392389,180,47,28,19,12,1,4,6,2,0,0,3,1,4,0,3,0,0,0,0,0,0,1 -1 0,180,47,28,19,12,1,4,6,2,0,0,3,1,4,0,3,0,0,0,0,0,0,1 -1
/media/michal/Pauli/masterdata/processed/annotated/rares/20140910/patrol_run_79/room_2/features/nonPlanes<fpfh_iss_2015-05-18_11-58-22.pcd 0.00555527 0.000460195 0.0014687 7 106,55,54,53,51,43,39 33,22,35,16,16,20,15 -1 381376 321 770 -1 -1 321 770 -1 -1 381055,177,45,25,29,18,10,6,1,1,2,3,2,2 -1 0,177,45,25,29,18,10,6,1,1,2,3,2,2 -1
/media/michal/Pauli/masterdata/processed/annotated/rares/20140910/patrol_run_81/room_2/features/nonPlanes<fpfh_iss_2015-05-18_11-58-38.pcd 0.00593752 0.00064136 0.00144627 6 140,94,75,43,42,38 49,41,22,17,20,17 -1 389400 315 770 -1 -1 315 770 -1 -1 389085,167,61,28,14,15,10,5,2,4,3,2,1,0,0,0,1,0,0,1,1 -1 0,167,61,28,14,15,10,5,2,4,3,2,1,0,0,0,1,0,0,1,1 -1
/media/michal/Pauli/masterdata/processed/annotated/rares/20140911/patrol_run_82/room_3/features/nonPlanes<fpfh_iss_2015-05-18_11-58-56.pcd 0.00594017 0.000729065 0.00157574 6 120,91,73,54,51,21 47,34,31,16,23,13 -1 445269 342 770 -1 -1 342 770 -1 -1 444927,180,67,34,20,15,12,4,3,3,0,3,0,0,0,1 -1 0,180,67,34,20,15,12,4,3,3,0,3,0,0,0,1 -1
/media/michal/Pauli/masterdata/processed/annotated/rares/20140911/patrol_run_84/room_3/features/nonPlanes<fpfh_iss_2015-05-18_11-59-13.pcd 0.00629114 0.000666266 0.000887828 7 274,96,49,39,36,29,28 124,38,33,26,14,15,18 -1 388773 400 770 -1 -1 400 770 -1 -1 388373,234,77,41,23,9,4,6,3,1,1,0,0,1 -1 0,234,77,41,23,9,4,6,3,1,1,0,0,1 -1
/media/michal/Pauli/masterdata/processed/annotated/rares/20140911/patrol_run_88/room_3/features/nonPlanes<fpfh_iss_2015-05-18_11-59-29.pcd 0.00666836 0.000695521 0.00193985 5 215,147,135,29,21 79,57,60,16,14 -1 393294 376 770 -1 -1 376 770 -1 -1 392918,220,69,30,24,11,10,1,5,2,2,0,1,0,1 -1 0,220,69,30,24,11,10,1,5,2,2,0,1,0,1 -1
/media/michal/Pauli/masterdata/processed/annotated/rares/20140911/patrol_run_90/room_3/features/nonPlanes<fpfh_iss_2015-05-18_11-59-48.pcd 0.00566297 0.000678731 0.00176103 7 161,94,74,70,60,42,31 48,22,44,37,39,23,12 -1 393822 352 770 -1 -1 352 770 -1 -1 393470,191,70,31,20,17,10,3,4,3,1,0,0,0,0,1,1 -1 0,191,70,31,20,17,10,3,4,3,1,0,0,0,0,1,1 -1
/media/michal/Pauli/masterdata/processed/annotated/rares/20140911/patrol_run_92/room_3/features/nonPlanes<fpfh_iss_2015-05-18_12-00-03.pcd 0.00836842 0.000645482 0.00247955 9 153,123,89,53,35,28,24,23,20 63,46,45,26,16,14,13,12,12 -1 408408 365 770 -1 -1 365 770 -1 -1 408043,187,80,46,22,10,13,0,1,1,3,2 -1 0,187,80,46,22,10,13,0,1,1,3,2 -1
/media/michal/Pauli/masterdata/processed/annotated/rares/20140912/patrol_run_100/room_3/features/nonPlanes<fpfh_iss_2015-05-18_12-00-19.pcd 0.00912266 0.000630137 0.00269539 6 219,98,96,47,26,26 82,42,48,27,16,12 -1 380919 382 770 -1 -1 382 770 -1 -1 380537,221,65,41,22,13,11,4,1,2,0,1,1 -1 0,221,65,41,22,13,11,4,1,2,0,1,1 -1
/media/michal/Pauli/masterdata/processed/annotated/rares/20140912/patrol_run_102/room_3/features/nonPlanes<fpfh_iss_2015-05-18_12-00-41.pcd 0.00735412 0.00075592 0.00182488 8 179,136,65,44,43,32,24,21 62,63,32,27,22,14,12,14 -1 455466 379 770 -1 -1 379 770 -1 -1 455087,230,65,30,19,9,10,7,4,1,1,1,1,0,0,0,1 -1 0,230,65,30,19,9,10,7,4,1,1,1,1,0,0,0,1 -1
/media/michal/Pauli/masterdata/processed/annotated/rares/20140912/patrol_run_104/room_3/features/nonPlanes<fpfh_iss_2015-05-18_12-01-00.pcd 0.00836466 0.000714719 0.00206175 7 134,129,109,88,60,30,16 61,56,46,40,28,20,12 -1 398574 396 770 -1 -1 396 770 -1 -1 398178,224,87,40,14,9,11,6,2,3 -1 0,224,87,40,14,9,11,6,2,3 -1
/media/michal/Pauli/masterdata/processed/annotated/rares/20140912/patrol_run_94/room_3/features/nonPlanes<fpfh_iss_2015-05-18_12-01-19.pcd 0.00777487 0.0011887 0.00204329 7 127,112,73,61,51,41,23 61,45,32,39,32,25,13 -1 426888 421 770 -1 -1 400 749 -1 -1 426467,262,74,36,24,10,6,5,2,1,1 -1 0,241,74,36,24,10,6,5,2,1,1 -1
/media/michal/Pauli/masterdata/processed/annotated/rares/20140912/patrol_run_96/room_2/features/nonPlanes<fpfh_iss_2015-05-18_12-01-46.pcd 0.00650297 0.000718945 0.00175541 7 176,88,66,58,40,30,30 68,41,34,26,18,12,12 -1 375144 350 770 -1 -1 350 770 -1 -1 374794,201,54,38,16,13,8,7,3,7,1,0,2 -1 0,201,54,38,16,13,8,7,3,7,1,0,2 -1
/media/michal/Pauli/masterdata/processed/annotated/rares/20140912/patrol_run_98/room_3/features/nonPlanes<fpfh_iss_2015-05-18_12-02-12.pcd 0.00980643 0.00106474 0.00252516 7 140,98,85,67,55,38,38 53,44,46,28,23,25,18 -1 385506 371 770 -1 -1 371 770 -1 -1 385135,211,72,37,22,15,1,7,0,1,2,2,0,0,0,0,0,0,0,0,0,0,0,0,0,0,0,0,0,0,0,0,0,0,0,1 -1 0,211,72,37,22,15,1,7,0,1,2,2,0,0,0,0,0,0,0,0,0,0,0,0,0,0,0,0,0,0,0,0,0,0,0,1 -1
/media/michal/Pauli/masterdata/processed/annotated/rares/20140921/patrol_run_110/room_2/features/nonPlanes<fpfh_iss_2015-05-18_12-02-42.pcd 0.00733034 0.000647715 0.00152592 8 97,71,65,44,44,39,30,29 43,28,19,17,12,15,16,15 -1 404481 328 770 -1 -1 328 770 -1 -1 404153,163,71,28,25,12,8,10,5,2,2,0,1,1 -1 0,163,71,28,25,12,8,10,5,2,2,0,1,1 -1
/media/michal/Pauli/masterdata/processed/annotated/rares/20140921/patrol_run_112/room_2/features/nonPlanes<fpfh_iss_2015-05-18_12-03-03.pcd 0.0102966 0.000631946 0.00283113 9 173,69,65,38,37,25,25,24,20 62,47,32,17,17,18,13,15,15 0,0,0,0,1,0,0,0,0 408408 398 770 7 15 398 770 7 15 408010,232,85,35,15,15,6,2,3,1,2,1,0,0,1 0,3,3,0,0,0,1,0,0,0,0,0,0,0,0 0,232,85,35,15,15,6,2,3,1,2,1,0,0,1 0,3,3,0,0,0,1,0,0,0,0,0,0,0,0
/media/michal/Pauli/masterdata/processed/annotated/rares/20140921/patrol_run_114/room_1/features/nonPlanes<fpfh_iss_2015-05-18_12-03-34.pcd 0.0063032 0.00100903 0.00207521 4 180,88,57,25 91,35,23,16 0,0,0,0 410652 347 770 14 29 347 770 14 29 410305,195,68,25,20,11,8,5,3,5,3,3,0,0,1 0,8,3,1,1,0,0,0,1,0,0,0,0,0,0 0,195,68,25,20,11,8,5,3,5,3,3,0,0,1 0,8,3,1,1,0,0,0,1,0,0,0,0,0,0
/media/michal/Pauli/masterdata/processed/annotated/rares/20140922/patrol_run_116/room_2/features/nonPlanes<fpfh_iss_2015-05-18_12-03-52.pcd 0.00599619 0.000520289 0.00150215 4 163,121,40,30 53,47,20,16 0,0,0,0 414018 349 770 15 41 349 770 15 41 413669,199,57,29,23,13,7,10,4,4,2,0,0,1 0,4,4,3,1,2,1,0,0,0,0,0,0,0 0,199,57,29,23,13,7,10,4,4,2,0,0,1 0,4,4,3,1,2,1,0,0,0,0,0,0,0
/media/michal/Pauli/masterdata/processed/annotated/rares/20140922/patrol_run_118/room_2/features/nonPlanes<fpfh_iss_2015-05-18_12-04-13.pcd 0.00644178 0.000606254 0.00153741 8 189,82,54,48,45,40,37,19 73,36,17,19,20,12,13,12 0,0,0,0,0,0,0,0 403293 351 770 13 30 351 770 13 30 402942,200,63,34,20,9,9,4,1,2,2,1,4,1,0,0,0,1 0,4,5,2,1,0,1,0,0,0,0,0,0,0,0,0,0,0 0,200,63,34,20,9,9,4,1,2,2,1,4,1,0,0,0,1 0,4,5,2,1,0,1,0,0,0,0,0,0,0,0,0,0,0
/media/michal/Pauli/masterdata/processed/annotated/rares/20140922/patrol_run_120/room_1/features/nonPlanes<fpfh_iss_2015-05-18_12-04-34.pcd 0.00705229 0.000710644 0.00188242 7 152,128,71,45,44,37,28 72,54,41,32,29,15,12 0,0,0,0,0,0,0 416658 410 770 5 6 400 760 5 6 416248,247,79,36,20,8,9,8,1,1,1 0,4,1,0,0,0,0,0,0,0,0 0,237,79,36,20,8,9,8,1,1,1 0,4,1,0,0,0,0,0,0,0,0
/media/michal/Pauli/masterdata/processed/annotated/rares/20140922/patrol_run_124/room_2/features/nonPlanes<fpfh_iss_2015-05-18_12-04-55.pcd 0.00655033 0.000657888 0.0027102 9 199,60,37,35,34,32,29,23,23 82,29,17,18,16,16,13,18,13 0,1,0,0,0,0,0,0,0 463320 418 770 11 20 400 752 11 20 462902,250,88,33,18,15,7,4,1,1,0,1 0,7,2,0,1,1,0,0,0,0,0,0 0,232,88,33,18,15,7,4,1,1,0,1 0,7,2,0,1,1,0,0,0,0,0,0
/media/michal/Pauli/masterdata/processed/annotated/rares/20140922/patrol_run_126/room_2/features/nonPlanes<fpfh_iss_2015-05-18_12-05-15.pcd 0.00660351 0.000749408 0.00209916 7 135,129,98,70,67,30,25 65,55,39,26,27,17,13 0,0,0,0,0,0,0 416262 373 770 11 32 373 770 11 32 415889,201,65,50,30,14,5,2,2,1,3 0,3,3,3,1,0,0,0,0,0,1 0,201,65,50,30,14,5,2,2,1,3 0,3,3,3,1,0,0,0,0,0,1
/media/michal/Pauli/masterdata/processed/annotated/rares/20140922/patrol_run_128/room_2/features/nonPlanes<fpfh_iss_2015-05-18_12-05-33.pcd 0.00765301 0.000675918 0.00128556 8 131,76,60,49,41,40,29,24 58,21,26,18,19,17,14,13 0,0,0,1,0,0,0,0 403293 363 770 9 22 363 770 9 22 402930,194,78,31,25,14,10,6,2,0,1,1,0,0,0,0,0,0,1 0,3,3,0,2,1,0,0,0,0,0,0,0,0,0,0,0,0,0 0,194,78,31,25,14,10,6,2,0,1,1,0,0,0,0,0,0,1 0,3,3,0,2,1,0,0,0,0,0,0,0,0,0,0,0,0,0
/media/michal/Pauli/masterdata/processed/annotated/rares/20140922/patrol_run_130/room_2/features/nonPlanes<fpfh_iss_2015-05-18_12-05-51.pcd 0.00658489 0.000707781 0.0017475 9 132,91,65,57,50,44,37,19,17 53,38,32,28,28,20,20,13,14 0,0,0,0,0,0,0,0,0 432300 389 770 7 23 389 770 7 23 431911,231,74,26,30,11,6,4,3,1,0,0,1,1,0,0,1 0,2,1,1,1,1,0,1,0,0,0,0,0,0,0,0,0 0,231,74,26,30,11,6,4,3,1,0,0,1,1,0,0,1 0,2,1,1,1,1,0,1,0,0,0,0,0,0,0,0,0
/media/michal/Pauli/masterdata/processed/annotated/rares/20140922/patrol_run_132/room_1/features/nonPlanes<fpfh_iss_2015-05-18_12-06-12.pcd 0.00682093 0.000687638 0.00187151 7 163,130,69,31,24,23,20 56,41,27,21,17,14,17 0,0,1,0,0,0,0 404976 352 770 5 14 352 770 5 14 404624,203,66,25,12,17,12,9,2,2,2,0,0,1,0,0,0,0,0,0,0,0,0,0,0,1 0,2,1,0,0,2,0,0,0,0,0,0,0,0,0,0,0,0,0,0,0,0,0,0,0,0 0,203,66,25,12,17,12,9,2,2,2,0,0,1,0,0,0,0,0,0,0,0,0,0,0,1 0,2,1,0,0,2,0,0,0,0,0,0,0,0,0,0,0,0,0,0,0,0,0,0,0,0
/media/michal/Pauli/masterdata/processed/annotated/rares/20140922/patrol_run_134/room_2/features/nonPlanes<fpfh_iss_2015-05-18_12-06-31.pcd 0.00800624 0.000703397 0.00192327 8 182,73,65,34,31,30,27,26 75,36,26,15,20,15,18,16 0,0,0,1,0,0,0,0 400554 412 770 8 19 400 758 8 19 400142,234,100,30,21,12,9,4,1,0,0,0,1 0,2,3,1,2,0,0,0,0,0,0,0,0 0,222,100,30,21,12,9,4,1,0,0,0,1 0,2,3,1,2,0,0,0,0,0,0,0,0
/media/michal/Pauli/masterdata/processed/annotated/rares/20140922/patrol_run_138/room_2/features/nonPlanes<fpfh_iss_2015-05-18_12-06-57.pcd 0.00613235 0.000657961 0.000864219 9 104,78,67,51,48,48,39,27,24 33,35,13,14,20,20,12,13,13 0,0,1,0,0,0,0,0,0 412335 337 770 5 18 337 770 5 18 411998,189,62,28,17,10,7,8,8,1,3,0,1,2,0,0,1 0,1,1,0,2,0,0,1,0,0,0,0,0,0,0,0,0 0,189,62,28,17,10,7,8,8,1,3,0,1,2,0,0,1 0,1,1,0,2,0,0,1,0,0,0,0,0,0,0,0,0
/media/michal/Pauli/masterdata/processed/annotated/rares/20140923/patrol_run_139/room_2/features/nonPlanes<fpfh_iss_2015-05-18_12-07-13.pcd 0.00662993 0.000693995 0.00186215 7 177,121,118,57,41,34,20 73,40,67,29,24,18,16 0,0,0,0,0,1,0 404481 400 770 2 2 400 770 2 2 404081,236,72,39,25,14,6,5,1,1,0,0,0,0,0,1 0,2,0,0,0,0,0,0,0,0,0,0,0,0,0,0 0,236,72,39,25,14,6,5,1,1,0,0,0,0,0,1 0,2,0,0,0,0,0,0,0,0,0,0,0,0,0,0
/media/michal/Pauli/masterdata/processed/annotated/rares/20140923/patrol_run_141/room_2/features/nonPlanes<fpfh_iss_2015-05-18_12-07-31.pcd 0.00599051 0.00064728 0.00162845 9 112,89,60,53,46,30,25,21,18 36,40,24,15,29,13,12,18,13 0,0,0,0,0,0,0,0,0 407286 372 770 4 14 372 770 4 14 406914,214,63,39,23,10,10,5,3,1,2,1,1 0,1,1,0,0,1,1,0,0,0,0,0,0 0,214,63,39,23,10,10,5,3,1,2,1,1 0,1,1,0,0,1,1,0,0,0,0,0,0
/media/michal/Pauli/masterdata/processed/annotated/rares/20140923/patrol_run_144/room_2/features/nonPlanes<fpfh_iss_2015-05-18_12-07-49.pcd 0.00652947 0.000638382 0.00182502 8 157,82,44,43,41,41,39,37 62,32,23,19,22,15,13,14 0,0,0,0,0,0,0,0 383724 356 770 3 7 356 770 3 7 383368,192,74,36,17,12,8,9,2,3,0,1,1,0,0,0,0,1 0,1,1,0,1,0,0,0,0,0,0,0,0,0,0,0,0,0 0,192,74,36,17,12,8,9,2,3,0,1,1,0,0,0,0,1 0,1,1,0,1,0,0,0,0,0,0,0,0,0,0,0,0,0
/media/michal/Pauli/masterdata/processed/annotated/rares/20140923/patrol_run_146/room_2/features/nonPlanes<fpfh_iss_2015-05-18_12-08-08.pcd 0.00630786 0.000482178 0.001481 7 96,95,72,55,33,22,22 35,27,32,20,18,14,13 0,1,0,0,0,0,0 384384 333 770 11 39 333 770 11 39 384051,177,59,32,23,12,10,12,3,0,0,3,0,2 0,3,2,2,1,0,1,0,2,0,0,0,0,0 0,177,59,32,23,12,10,12,3,0,0,3,0,2 0,3,2,2,1,0,1,0,2,0,0,0,0,0
/media/michal/Pauli/masterdata/processed/annotated/rares/20140923/patrol_run_148/room_2/features/nonPlanes<fpfh_iss_2015-05-18_12-08-24.pcd 0.00612907 0.000591627 0.00155668 8 135,115,65,51,45,41,30,21 61,36,26,21,21,17,13,13 0,0,0,0,0,0,0,0 391545 341 770 11 52 341 770 11 52 391204,188,62,37,17,8,13,2,3,3,2,1,2,2,0,1 0,1,2,3,0,1,1,0,1,1,1,0,0,0,0,0 0,188,62,37,17,8,13,2,3,3,2,1,2,2,0,1 0,1,2,3,0,1,1,0,1,1,1,0,0,0,0,0
/media/michal/Pauli/masterdata/processed/annotated/rares/20140923/patrol_run_150/room_2/features/nonPlanes<fpfh_iss_2015-05-18_12-08-41.pcd 0.00612031 0.000680953 0.00223751 5 152,137,95,92,61 63,55,50,50,16 0,0,0,0,0 383295 356 770 10 17 356 770 10 17 382939,186,76,41,14,16,7,8,2,2,3,1 0,5,3,2,0,0,0,0,0,0,0,0 0,186,76,41,14,16,7,8,2,2,3,1 0,5,3,2,0,0,0,0,0,0,0,0
/media/michal/Pauli/masterdata/processed/annotated/rares/20140924/patrol_run_152/room_2/features/nonPlanes<fpfh_iss_2015-05-18_12-08-56.pcd 0.00669704 0.000678029 0.00223187 7 285,121,50,48,38,32,31 116,48,27,30,15,18,12 0,0,0,0,0,0,0 365568 365 770 9 18 365 770 9 18 365203,218,59,34,11,15,9,9,3,3,1,1,2 0,5,1,2,0,1,0,0,0,0,0,0,0 0,218,59,34,11,15,9,9,3,3,1,1,2 0,5,1,2,0,1,0,0,0,0,0,0,0
/media/michal/Pauli/masterdata/processed/annotated/rares/20140924/patrol_run_156/room_2/features/nonPlanes<fpfh_iss_2015-05-18_12-09-13.pcd 0.00377225 0.000371063 0.00196209 6 252,83,58,42,41,23 119,29,18,16,14,13 0,0,0,0,0,0 373296 351 770 8 28 351 770 8 28 372945,199,62,30,19,15,6,9,2,6,1,0,0,1,1 0,3,0,1,1,2,0,0,1,0,0,0,0,0,0 0,199,62,30,19,15,6,9,2,6,1,0,0,1,1 0,3,0,1,1,2,0,0,1,0,0,0,0,0,0
/media/michal/Pauli/masterdata/processed/annotated/rares/20140924/patrol_run_158/room_1/features/nonPlanes<fpfh_iss_2015-05-18_12-09-28.pcd 0.00703018 0.000658822 0.00195884 7 151,119,51,47,36,30,29 54,38,21,20,15,16,18 0,0,0,1,0,0,0 383724 356 770 5 15 356 770 5 15 383368,199,70,38,13,8,7,5,4,8,2,1,0,1 0,0,4,0,0,0,0,1,0,0,0,0,0,0 0,199,70,38,13,8,7,5,4,8,2,1,0,1 0,0,4,0,0,0,0,1,0,0,0,0,0,0
/media/michal/Pauli/masterdata/processed/annotated/rares/20140924/patrol_run_162/room_2/features/nonPlanes<fpfh_iss_2015-05-18_12-09-42.pcd 0.00514111 0.000437806 0.00176119 5 217,173,71,35,30 92,60,27,21,12 -1 423654 363 770 -1 -1 363 770 -1 -1 423291,214,64,30,16,14,9,2,4,5,2,1,0,0,2 -1 0,214,64,30,16,14,9,2,4,5,2,1,0,0,2 -1
/media/michal/Pauli/masterdata/processed/annotated/rares/20140924/patrol_run_164/room_1/features/nonPlanes<fpfh_iss_2015-05-18_12-10-00.pcd 0.00740643 0.00112175 0.00165368 8 214,120,43,41,38,29,22,18 74,44,30,16,13,20,16,13 -1 394284 378 770 -1 -1 378 770 -1 -1 393906,218,81,25,23,11,5,6,1,1,3,2,0,1,1 -1 0,218,81,25,23,11,5,6,1,1,3,2,0,1,1 -1
/media/michal/Pauli/masterdata/processed/annotated/rares/20140924/patrol_run_166/room_2/features/nonPlanes<fpfh_iss_2015-05-18_12-10-17.pcd 0.00643597 0.00069616 0.00183991 4 193,138,75,44 70,64,37,17 -1 378378 372 770 -1 -1 372 770 -1 -1 378006,203,73,47,17,14,6,3,5,1,1,0,1,0,1 -1 0,203,73,47,17,14,6,3,5,1,1,0,1,0,1 -1
