obj_search:
  camera_z: 1.7
  ceiling_z: 2.27
  floor_z: 0
  object_query: {K: 5}
  processed_data_dir: /home/michal/Downloads/pcddata/processed/
  raw_data_dir: /media/michal/Pauli/masterdata/raw/
object_query: {K: 10, cluster_maxsize: 500, cluster_minsize: 12, cluster_tolerance: 0.2,
  clusters_to_results: true, extract_mult: 1.3, match: nonPlanes<pfhrgb_uniform, n_max_points: 400,
  output_dir: 'NULL', query_features: '/home/michal/Downloads/pcddata/processed/query/queryobjects/0,01/pillow/features/rgb_0003_label_pillow<pfhrgb_uniform_2015-05-26_14-51-38.pcd',
  results_out: '/home/michal/Downloads/pcddata/processed/query/k10_mx400_t0,2/iter100',
  subdirs: 4, target_features: /media/michal/Pauli/masterdata/processed/paramtest/iter100,
  x_step_hough: 0.05, y_step_hough: 0.05, z_step_hough: 0.05}
rosdistro: 'indigo

  '
roslaunch:
  uris: {host_tycho__39930: 'http://tycho:39930/'}
rosversion: '1.11.10

  '
run_id: cde0b410-0744-11e5-94b9-3c970e77227e
BEGIN_DATA
# fname t_query t_hough t_cluster cluster_n cluster_scores cluster_points cluster_inobb n_hough_tot nonzero_hough hough_votes boxpts boxvotes maxpts maxvotes maxboxpts maxboxvotes hough_hist box_hist max_hist boxmax_hist
/media/michal/Pauli/masterdata/processed/paramtest/iter100/annotated/rares/20140820/patrol_run_4/room_0/features/nonPlanes<pfhrgb_uniform_2015-05-21_09-21-27.pcd 0.300367 0.00148358 0.00199079 8 251,202,192,123,102,86,31,19 38,33,55,33,21,19,18,14 -1 1139050 453 1380 -1 -1 400 1327 -1 -1 1138597,225,86,41,31,18,7,10,2,2,6,5,3,1,1,4,0,3,1,0,1,0,0,0,2,1,0,0,0,1,0,0,1,0,0,0,0,0,0,1 -1 0,172,86,41,31,18,7,10,2,2,6,5,3,1,1,4,0,3,1,0,1,0,0,0,2,1,0,0,0,1,0,0,1,0,0,0,0,0,0,1 -1
/media/michal/Pauli/masterdata/processed/paramtest/iter100/annotated/rares/20140828/patrol_run_19/room_3/features/nonPlanes<pfhrgb_uniform_2015-05-21_09-23-53.pcd 0.409104 0.00164339 0.00275819 9 122,97,96,90,57,51,44,44,26 22,13,39,36,14,17,20,15,18 -1 1240738 499 1380 -1 -1 400 1281 -1 -1 1240239,259,85,49,30,16,14,14,5,4,6,1,2,2,1,4,1,0,0,2,0,2,0,0,0,1,0,0,0,0,1 -1 0,160,85,49,30,16,14,14,5,4,6,1,2,2,1,4,1,0,0,2,0,2,0,0,0,1,0,0,0,0,1 -1
/media/michal/Pauli/masterdata/processed/paramtest/iter100/annotated/rares/20140829/patrol_run_20/room_3/features/nonPlanes<pfhrgb_uniform_2015-05-21_09-27-00.pcd 0.345654 0.00461768 0.00225311 8 116,94,82,61,60,57,55,52 19,20,22,13,15,17,26,15 -1 1240624 473 1380 -1 -1 400 1307 -1 -1 1240151,220,105,45,27,23,11,11,7,3,2,3,3,0,2,2,2,2,1,0,0,0,1,0,0,0,0,0,0,0,1,0,0,0,0,0,0,0,0,0,0,1,1 -1 0,147,105,45,27,23,11,11,7,3,2,3,3,0,2,2,2,2,1,0,0,0,1,0,0,0,0,0,0,0,1,0,0,0,0,0,0,0,0,0,0,1,1 -1
/media/michal/Pauli/masterdata/processed/paramtest/iter100/annotated/rares/20140829/patrol_run_26/room_2/features/nonPlanes<pfhrgb_uniform_2015-05-21_09-29-05.pcd 0.347081 0.00150113 0.00186009 8 347,68,65,49,44,42,25,17 54,31,17,17,20,16,15,14 1,0,0,0,0,0,0,0 1135060 528 1380 43 280 400 1252 41 278 1134532,281,90,57,22,26,8,14,6,0,5,6,0,5,0,1,1,0,2,0,0,2,1,0,1 0,6,4,5,5,4,0,7,2,0,3,2,0,1,0,0,0,0,2,0,0,1,0,0,1 0,153,90,57,22,26,8,14,6,0,5,6,0,5,0,1,1,0,2,0,0,2,1,0,1 0,4,4,5,5,4,0,7,2,0,3,2,0,1,0,0,0,0,2,0,0,1,0,0,1
/media/michal/Pauli/masterdata/processed/paramtest/iter100/annotated/rares/20140901/patrol_run_27/room_2/features/nonPlanes<pfhrgb_uniform_2015-05-21_09-33-01.pcd 0.384458 0.00140817 0.00173832 5 227,155,129,121,28 38,32,39,28,16 -1 1094400 503 1380 -1 -1 400 1277 -1 -1 1093897,255,82,58,28,17,14,10,6,7,6,6,5,2,2,2,0,1,0,2 -1 0,152,82,58,28,17,14,10,6,7,6,6,5,2,2,2,0,1,0,2 -1
/media/michal/Pauli/masterdata/processed/paramtest/iter100/annotated/rares/20140901/patrol_run_31/room_2/features/nonPlanes<pfhrgb_uniform_2015-05-21_09-35-28.pcd 0.348342 0.00162392 0.00242322 7 257,184,56,40,33,32,21 40,28,23,16,12,17,12 -1 1264640 426 1380 -1 -1 400 1354 -1 -1 1264214,215,73,33,33,16,10,7,5,5,1,4,2,5,2,2,5,0,1,0,0,0,1,0,0,0,0,0,2,0,0,2,0,0,0,1,0,0,0,0,1 -1 0,189,73,33,33,16,10,7,5,5,1,4,2,5,2,2,5,0,1,0,0,0,1,0,0,0,0,0,2,0,0,2,0,0,0,1,0,0,0,0,1 -1
/media/michal/Pauli/masterdata/processed/paramtest/iter100/annotated/rares/20140901/patrol_run_32/room_2/features/nonPlanes<pfhrgb_uniform_2015-05-21_09-36-59.pcd 0.301364 0.00165765 0.00222971 5 286,128,82,64,60 58,25,26,17,26 -1 1201408 544 1380 -1 -1 400 1236 -1 -1 1200864,270,123,43,33,27,11,6,5,5,3,5,3,2,2,1,3,1,0,0,1 -1 0,126,123,43,33,27,11,6,5,5,3,5,3,2,2,1,3,1,0,0,1 -1
/media/michal/Pauli/masterdata/processed/paramtest/iter100/annotated/rares/20140901/patrol_run_33/room_1/features/nonPlanes<pfhrgb_uniform_2015-05-21_09-39-34.pcd 0.260865 0.00150662 0.00163127 10 223,179,92,89,79,72,67,59,24,19 36,56,16,26,13,14,15,25,15,12 -1 1186056 368 1380 -1 -1 368 1380 -1 -1 1185688,164,64,39,22,11,10,12,9,2,3,5,4,3,1,1,3,1,1,3,2,0,2,0,0,1,2,0,1,0,0,1,0,1 -1 0,164,64,39,22,11,10,12,9,2,3,5,4,3,1,1,3,1,1,3,2,0,2,0,0,1,2,0,1,0,0,1,0,1 -1
/media/michal/Pauli/masterdata/processed/paramtest/iter100/annotated/rares/20140902/patrol_run_35/room_2/features/nonPlanes<pfhrgb_uniform_2015-05-21_09-43-14.pcd 0.384422 0.00187834 0.00234937 6 180,150,67,36,36,20 46,14,17,15,13,12 -1 1120164 509 1380 -1 -1 400 1271 -1 -1 1119655,267,83,55,25,21,10,13,9,5,3,5,2,1,2,0,1,1,2,1,1,0,0,1,0,0,0,0,1 -1 0,158,83,55,25,21,10,13,9,5,3,5,2,1,2,0,1,1,2,1,1,0,0,1,0,0,0,0,1 -1
/media/michal/Pauli/masterdata/processed/paramtest/iter100/annotated/rares/20140902/patrol_run_38/room_0/features/nonPlanes<pfhrgb_uniform_2015-05-21_09-46-07.pcd 0.309439 0.00168119 0.00160464 8 189,146,111,72,57,47,21,13 35,35,17,16,21,16,12,12 0,1,0,0,0,0,0,0 1060884 436 1380 23 124 400 1344 23 124 1060448,225,76,40,21,16,12,5,3,6,2,7,6,1,4,1,1,1,2,1,0,1,0,0,0,0,1,0,0,0,0,0,1,1,0,1,0,0,0,0,0,0,0,0,0,0,1 0,7,1,3,3,2,1,0,0,1,1,0,2,0,1,0,0,0,0,0,0,1,0,0,0,0,0,0,0,0,0,0,0,0,0,0,0,0,0,0,0,0,0,0,0,0,0 0,189,76,40,21,16,12,5,3,6,2,7,6,1,4,1,1,1,2,1,0,1,0,0,0,0,1,0,0,0,0,0,1,1,0,1,0,0,0,0,0,0,0,0,0,0,1 0,7,1,3,3,2,1,0,0,1,1,0,2,0,1,0,0,0,0,0,0,1,0,0,0,0,0,0,0,0,0,0,0,0,0,0,0,0,0,0,0,0,0,0,0,0,0
/media/michal/Pauli/masterdata/processed/paramtest/iter100/annotated/rares/20140903/patrol_run_1/room_4/features/nonPlanes<pfhrgb_uniform_2015-05-21_09-49-27.pcd 0.333303 0.00142158 0.00171342 5 401,119,85,36,30 58,23,34,25,12 0,0,0,0,0 1165840 424 1380 20 69 400 1356 20 69 1165416,213,72,29,25,18,16,8,8,4,6,6,2,1,1,1,2,0,2,2,0,2,0,1,0,2,1,1,1 0,5,6,2,1,1,4,0,0,0,0,0,0,1,0,0,0,0,0,0,0,0,0,0,0,0,0,0,0 0,189,72,29,25,18,16,8,8,4,6,6,2,1,1,1,2,0,2,2,0,2,0,1,0,2,1,1,1 0,5,6,2,1,1,4,0,0,0,0,0,0,1,0,0,0,0,0,0,0,0,0,0,0,0,0,0,0
/media/michal/Pauli/masterdata/processed/paramtest/iter100/annotated/rares/20140903/patrol_run_10/room_2/features/nonPlanes<pfhrgb_uniform_2015-05-21_09-51-45.pcd 0.361565 0.001429 0.00174866 9 232,153,132,62,55,54,36,31,20 40,31,41,15,16,16,18,14,14 -1 1150032 478 1380 -1 -1 400 1302 -1 -1 1149554,238,100,35,28,22,11,8,5,5,1,8,0,5,3,2,0,2,1,1,0,0,0,0,0,0,0,0,1,0,0,0,0,0,1,0,0,0,0,0,1 -1 0,160,100,35,28,22,11,8,5,5,1,8,0,5,3,2,0,2,1,1,0,0,0,0,0,0,0,0,1,0,0,0,0,0,1,0,0,0,0,0,1 -1
/media/michal/Pauli/masterdata/processed/paramtest/iter100/annotated/rares/20140903/patrol_run_12/room_2/features/nonPlanes<pfhrgb_uniform_2015-05-21_09-53-43.pcd 0.395986 0.00145695 0.00171142 7 271,172,62,61,61,60,39 74,38,14,21,12,12,12 -1 1093032 493 1380 -1 -1 400 1287 -1 -1 1092539,238,94,53,35,16,14,7,11,3,5,4,2,3,1,0,3,1,0,0,0,1,0,0,0,0,0,0,0,1,0,0,0,0,0,0,0,0,0,0,0,1 -1 0,145,94,53,35,16,14,7,11,3,5,4,2,3,1,0,3,1,0,0,0,1,0,0,0,0,0,0,0,1,0,0,0,0,0,0,0,0,0,0,0,1 -1
/media/michal/Pauli/masterdata/processed/paramtest/iter100/annotated/rares/20140903/patrol_run_14/room_1/features/nonPlanes<pfhrgb_uniform_2015-05-21_09-55-34.pcd 0.339279 0.00140066 0.00258735 6 326,203,104,93,67,31 49,34,27,26,36,19 -1 1236064 499 1380 -1 -1 400 1281 -1 -1 1235565,257,79,48,32,19,19,6,9,6,8,4,3,3,1,1,1,2,0,0,0,0,0,0,0,0,0,0,0,0,0,0,0,0,0,0,0,0,1 -1 0,158,79,48,32,19,19,6,9,6,8,4,3,3,1,1,1,2,0,0,0,0,0,0,0,0,0,0,0,0,0,0,0,0,0,0,0,0,1 -1
/media/michal/Pauli/masterdata/processed/paramtest/iter100/annotated/rares/20140903/patrol_run_2/room_4/features/nonPlanes<pfhrgb_uniform_2015-05-21_09-58-49.pcd 0.373983 0.00144472 0.00179087 6 353,179,108,86,68,47 51,24,34,23,19,23 0,1,0,0,0,0 1119404 438 1380 18 151 400 1342 18 151 1118966,213,76,48,19,20,14,5,4,9,4,5,6,2,1,2,2,0,1,1,1,1,0,1,0,0,1,0,0,0,0,1,0,0,0,0,1 0,4,3,2,0,3,0,0,0,0,0,0,2,0,1,0,0,0,0,0,1,0,0,0,0,0,1,0,0,0,0,0,0,0,0,0,1 0,175,76,48,19,20,14,5,4,9,4,5,6,2,1,2,2,0,1,1,1,1,0,1,0,0,1,0,0,0,0,1,0,0,0,0,1 0,4,3,2,0,3,0,0,0,0,0,0,2,0,1,0,0,0,0,0,1,0,0,0,0,0,1,0,0,0,0,0,0,0,0,0,1
/media/michal/Pauli/masterdata/processed/paramtest/iter100/annotated/rares/20140903/patrol_run_9/room_2/features/nonPlanes<pfhrgb_uniform_2015-05-21_10-01-28.pcd 0.368201 0.00149767 0.00165433 9 83,81,70,69,51,48,37,37,22 13,21,31,14,14,20,19,17,14 -1 1234240 490 1380 -1 -1 400 1290 -1 -1 1233750,243,93,44,37,25,10,9,3,7,0,2,4,1,1,3,0,1,2,0,0,1,0,1,0,1,1,0,0,0,0,0,0,0,0,0,0,0,0,0,0,0,0,0,0,0,1 -1 0,153,93,44,37,25,10,9,3,7,0,2,4,1,1,3,0,1,2,0,0,1,0,1,0,1,1,0,0,0,0,0,0,0,0,0,0,0,0,0,0,0,0,0,0,0,1 -1
/media/michal/Pauli/masterdata/processed/paramtest/iter100/annotated/rares/20140904/patrol_run_15/room_2/features/nonPlanes<pfhrgb_uniform_2015-05-21_10-03-33.pcd 0.394659 0.00143392 0.00270733 8 315,183,71,63,47,39,24,17 52,54,34,12,15,19,14,14 -1 1260004 483 1380 -1 -1 400 1297 -1 -1 1259521,244,92,31,32,16,18,17,5,4,6,4,3,1,2,0,1,2,0,2,0,0,1,0,0,0,0,1,0,0,1 -1 0,161,92,31,32,16,18,17,5,4,6,4,3,1,2,0,1,2,0,2,0,0,1,0,0,0,0,1,0,0,1 -1
/media/michal/Pauli/masterdata/processed/paramtest/iter100/annotated/rares/20140905/patrol_run_17/room_2/features/nonPlanes<pfhrgb_uniform_2015-05-21_10-04-58.pcd 0.354015 0.00140254 0.0017054 8 130,98,83,79,79,48,37,17 17,36,18,30,27,20,15,15 -1 1161888 413 1380 -1 -1 400 1367 -1 -1 1161475,195,76,49,25,16,5,3,2,6,4,6,5,5,2,2,0,2,0,1,0,1,1,1,0,0,1,3,0,0,0,1,0,0,0,0,0,0,0,1 -1 0,182,76,49,25,16,5,3,2,6,4,6,5,5,2,2,0,2,0,1,0,1,1,1,0,0,1,3,0,0,0,1,0,0,0,0,0,0,0,1 -1
/media/michal/Pauli/masterdata/processed/paramtest/iter100/annotated/rares/20140905/patrol_run_19/room_1/features/nonPlanes<pfhrgb_uniform_2015-05-21_10-07-28.pcd 0.349652 0.00141875 0.00168225 10 218,141,105,55,49,43,42,40,37,33 60,23,13,17,14,17,14,14,13,20 -1 1118416 445 1380 -1 -1 400 1335 -1 -1 1117971,217,84,39,32,17,5,14,4,5,3,2,5,2,2,3,0,1,4,0,0,0,1,1,0,0,2,0,0,0,1,0,0,1 -1 0,172,84,39,32,17,5,14,4,5,3,2,5,2,2,3,0,1,4,0,0,0,1,1,0,0,2,0,0,0,1,0,0,1 -1
/media/michal/Pauli/masterdata/processed/paramtest/iter100/annotated/rares/20140905/patrol_run_21/room_2/features/nonPlanes<pfhrgb_uniform_2015-05-21_10-09-53.pcd 0.365364 0.00144464 0.00155822 6 106,103,91,80,75,51 18,19,23,21,15,14 -1 1181040 394 1380 -1 -1 394 1380 -1 -1 1180646,181,83,31,23,16,8,8,6,2,7,3,4,3,1,0,4,1,3,2,1,0,1,0,2,1,0,0,1,0,0,0,0,0,0,0,1,0,0,0,0,0,1 -1 0,181,83,31,23,16,8,8,6,2,7,3,4,3,1,0,4,1,3,2,1,0,1,0,2,1,0,0,1,0,0,0,0,0,0,0,1,0,0,0,0,0,1 -1
/media/michal/Pauli/masterdata/processed/paramtest/iter100/annotated/rares/20140905/patrol_run_23/room_2/features/nonPlanes<pfhrgb_uniform_2015-05-21_10-12-13.pcd 0.372526 0.00141298 0.00153062 7 211,90,87,81,51,48,15 33,13,14,32,15,13,12 -1 1000688 394 1380 -1 -1 394 1380 -1 -1 1000294,206,71,29,20,14,6,7,3,6,2,3,1,5,1,3,1,1,1,1,2,1,0,1,0,1,0,0,0,2,0,1,3,0,1,0,0,0,0,0,0,0,0,0,0,1 -1 0,206,71,29,20,14,6,7,3,6,2,3,1,5,1,3,1,1,1,1,2,1,0,1,0,1,0,0,0,2,0,1,3,0,1,0,0,0,0,0,0,0,0,0,0,1 -1
/media/michal/Pauli/masterdata/processed/paramtest/iter100/annotated/rares/20140905/patrol_run_25/room_1/features/nonPlanes<pfhrgb_uniform_2015-05-21_10-15-59.pcd 0.3466 0.00139396 0.00168273 5 224,207,181,72,50 46,43,16,21,16 -1 1075896 415 1380 -1 -1 400 1365 -1 -1 1075481,187,107,31,17,15,9,7,6,2,4,5,11,1,0,2,1,0,0,0,1,1,3,1,0,0,0,0,0,0,0,0,1,0,1,0,0,0,0,0,0,0,0,1,0,0,0,0,0,1 -1 0,172,107,31,17,15,9,7,6,2,4,5,11,1,0,2,1,0,0,0,1,1,3,1,0,0,0,0,0,0,0,0,1,0,1,0,0,0,0,0,0,0,0,1,0,0,0,0,0,1 -1
/media/michal/Pauli/masterdata/processed/paramtest/iter100/annotated/rares/20140905/patrol_run_27/room_2/features/nonPlanes<pfhrgb_uniform_2015-05-21_10-18-02.pcd 0.324107 0.00347591 0.00171526 8 90,81,80,73,49,49,47,36 16,17,23,18,19,16,14,13 -1 1058400 414 1380 -1 -1 400 1366 -1 -1 1057986,181,93,42,24,14,9,6,9,4,4,4,1,5,2,2,2,1,1,4,0,2,0,0,0,2,0,0,0,0,0,1,1 -1 0,167,93,42,24,14,9,6,9,4,4,4,1,5,2,2,2,1,1,4,0,2,0,0,0,2,0,0,0,0,0,1,1 -1
/media/michal/Pauli/masterdata/processed/paramtest/iter100/annotated/rares/20140905/patrol_run_29/room_2/features/nonPlanes<pfhrgb_uniform_2015-05-21_10-18-58.pcd 0.318074 0.00131836 0.00168685 5 163,155,121,67,60 18,54,26,20,20 -1 988992 427 1380 -1 -1 400 1353 -1 -1 988565,212,81,37,21,9,11,12,9,5,4,4,2,4,0,2,5,1,1,0,1,0,0,0,1,1,1,0,0,1,1,0,0,0,0,0,0,0,0,0,1 -1 0,185,81,37,21,9,11,12,9,5,4,4,2,4,0,2,5,1,1,0,1,0,0,0,1,1,1,0,0,1,1,0,0,0,0,0,0,0,0,0,1 -1
/media/michal/Pauli/masterdata/processed/paramtest/iter100/annotated/rares/20140905/patrol_run_30/room_1/features/nonPlanes<pfhrgb_uniform_2015-05-21_10-20-35.pcd 0.316789 0.00127837 0.00164986 6 189,116,91,59,47,32 52,28,21,24,16,12 -1 950232 412 1380 -1 -1 400 1368 -1 -1 949820,187,79,35,27,24,8,8,7,8,3,3,5,3,1,3,2,2,2,0,0,0,1,0,1,0,0,0,0,0,0,1,1,0,0,0,0,0,1 -1 0,175,79,35,27,24,8,8,7,8,3,3,5,3,1,3,2,2,2,0,0,0,1,0,1,0,0,0,0,0,0,1,1,0,0,0,0,0,1 -1
/media/michal/Pauli/masterdata/processed/paramtest/iter100/annotated/rares/20140905/patrol_run_30/room_7/features/nonPlanes<pfhrgb_uniform_2015-05-21_10-24-39.pcd 0.253491 0.00151049 0.0017967 8 231,129,114,74,71,65,42,27 39,26,29,29,23,18,14,13 -1 1158544 454 1380 -1 -1 400 1326 -1 -1 1158090,222,88,37,36,14,8,2,7,7,6,7,2,3,3,2,1,2,2,0,0,0,1,2,1,0,1 -1 0,168,88,37,36,14,8,2,7,7,6,7,2,3,3,2,1,2,2,0,0,0,1,2,1,0,1 -1
/media/michal/Pauli/masterdata/processed/paramtest/iter100/annotated/rares/20140908/patrol_run_32/room_2/features/nonPlanes<pfhrgb_uniform_2015-05-21_10-26-33.pcd 0.336837 0.00148795 0.00227874 7 282,209,157,58,54,52,51 33,31,20,20,16,19,16 -1 1146802 389 1380 -1 -1 389 1380 -1 -1 1146413,193,72,34,18,9,8,8,9,3,5,3,5,5,0,1,3,1,1,2,0,2,1,0,0,0,0,0,1,0,1,0,0,0,0,0,1,0,1,0,1,1 -1 0,193,72,34,18,9,8,8,9,3,5,3,5,5,0,1,3,1,1,2,0,2,1,0,0,0,0,0,1,0,1,0,0,0,0,0,1,0,1,0,1,1 -1
/media/michal/Pauli/masterdata/processed/paramtest/iter100/annotated/rares/20140908/patrol_run_34/room_2/features/nonPlanes<pfhrgb_uniform_2015-05-21_10-30-54.pcd 0.297851 0.00152059 0.0023842 7 257,237,159,62,46,29,28 26,34,19,12,24,13,14 -1 1146612 392 1380 -1 -1 392 1380 -1 -1 1146220,178,75,35,26,13,14,5,3,5,3,7,5,4,3,3,2,1,0,2,0,0,2,0,2,1,1,2 -1 0,178,75,35,26,13,14,5,3,5,3,7,5,4,3,3,2,1,0,2,0,0,2,0,2,1,1,2 -1
/media/michal/Pauli/masterdata/processed/paramtest/iter100/annotated/rares/20140908/patrol_run_36/room_3/features/nonPlanes<pfhrgb_uniform_2015-05-21_10-33-20.pcd 0.313135 0.00123493 0.00256693 9 299,220,69,46,36,31,29,27,16 42,24,25,19,15,13,16,16,15 -1 949620 386 1380 -1 -1 386 1380 -1 -1 949234,183,74,29,26,10,10,6,3,7,4,6,7,4,1,1,1,2,1,1,1,2,2,1,0,1,1,0,0,0,0,0,0,1,0,0,0,0,0,0,0,0,0,0,0,0,0,0,1 -1 0,183,74,29,26,10,10,6,3,7,4,6,7,4,1,1,1,2,1,1,1,2,2,1,0,1,1,0,0,0,0,0,0,1,0,0,0,0,0,0,0,0,0,0,0,0,0,0,1 -1
/media/michal/Pauli/masterdata/processed/paramtest/iter100/annotated/rares/20140908/patrol_run_38/room_2/features/nonPlanes<pfhrgb_uniform_2015-05-21_10-36-24.pcd 0.371424 0.00116896 0.00169646 9 145,119,93,88,69,56,46,36,27 27,23,19,12,18,15,15,19,14 -1 942956 417 1380 -1 -1 400 1363 -1 -1 942539,204,63,43,32,17,11,5,5,5,3,6,4,2,1,0,3,3,1,0,2,1,2,0,0,1,1,0,1,0,0,0,0,0,0,0,0,1 -1 0,187,63,43,32,17,11,5,5,5,3,6,4,2,1,0,3,3,1,0,2,1,2,0,0,1,1,0,1,0,0,0,0,0,0,0,0,1 -1
/media/michal/Pauli/masterdata/processed/paramtest/iter100/annotated/rares/20140908/patrol_run_39/room_3/features/nonPlanes<pfhrgb_uniform_2015-05-21_10-39-09.pcd 0.375981 0.00151847 0.00231851 7 188,154,63,57,55,37,26 27,52,13,15,23,14,14 -1 1107662 421 1380 -1 -1 400 1359 -1 -1 1107241,199,88,33,22,18,7,11,8,7,3,4,2,2,1,4,1,2,0,0,0,0,2,0,2,0,2,1,0,0,0,1,1 -1 0,178,88,33,22,18,7,11,8,7,3,4,2,2,1,4,1,2,0,0,0,0,2,0,2,0,2,1,0,0,0,1,1 -1
/media/michal/Pauli/masterdata/processed/paramtest/iter100/annotated/rares/20140908/patrol_run_41/room_3/features/nonPlanes<pfhrgb_uniform_2015-05-21_10-40-56.pcd 0.426711 0.0017352 0.00258672 5 212,202,174,60,35 42,35,26,19,22 -1 1040400 397 1380 -1 -1 397 1380 -1 -1 1040003,180,75,29,24,23,18,5,10,6,4,1,5,2,2,1,1,2,1,1,0,0,0,0,2,0,1,0,0,1,0,2,0,0,0,0,0,0,0,0,0,0,0,1 -1 0,180,75,29,24,23,18,5,10,6,4,1,5,2,2,1,1,2,1,1,0,0,0,0,2,0,1,0,0,1,0,2,0,0,0,0,0,0,0,0,0,0,0,1 -1
/media/michal/Pauli/masterdata/processed/paramtest/iter100/annotated/rares/20140908/patrol_run_43/room_3/features/nonPlanes<pfhrgb_uniform_2015-05-21_10-44-06.pcd 0.298421 0.00136912 0.0014952 6 265,126,118,116,26,21 27,22,35,19,14,17 -1 1100784 377 1380 -1 -1 377 1380 -1 -1 1100407,168,82,29,19,17,8,5,8,5,9,1,4,3,2,1,1,2,4,0,1,1,0,1,0,1,0,0,0,1,0,1,0,0,1,1,0,1 -1 0,168,82,29,19,17,8,5,8,5,9,1,4,3,2,1,1,2,4,0,1,1,0,1,0,1,0,0,0,1,0,1,0,0,1,1,0,1 -1
/media/michal/Pauli/masterdata/processed/paramtest/iter100/annotated/rares/20140908/patrol_run_45/room_2/features/nonPlanes<pfhrgb_uniform_2015-05-21_10-45-24.pcd 0.303214 0.00128297 0.00250344 8 200,191,124,114,51,47,29,25 54,45,22,15,17,13,12,13 -1 1109600 447 1380 -1 -1 400 1333 -1 -1 1109153,224,84,40,21,20,9,9,7,4,5,3,2,3,3,3,0,0,1,3,2,0,1,0,1,1,0,0,0,0,0,0,0,0,0,0,0,0,0,0,0,0,0,0,0,0,0,0,0,0,0,0,0,0,0,0,1 -1 0,177,84,40,21,20,9,9,7,4,5,3,2,3,3,3,0,0,1,3,2,0,1,0,1,1,0,0,0,0,0,0,0,0,0,0,0,0,0,0,0,0,0,0,0,0,0,0,0,0,0,0,0,0,0,0,1 -1
/media/michal/Pauli/masterdata/processed/paramtest/iter100/annotated/rares/20140908/patrol_run_47/room_3/features/nonPlanes<pfhrgb_uniform_2015-05-21_10-46-55.pcd 0.287402 0.00112551 0.00190239 8 275,148,127,100,63,56,50,39 41,30,42,26,16,22,14,13 -1 1105800 470 1380 -1 -1 400 1310 -1 -1 1105330,229,86,35,27,26,17,7,8,8,1,9,3,3,6,4,0,0,0,0,0,1 -1 0,159,86,35,27,26,17,7,8,8,1,9,3,3,6,4,0,0,0,0,0,1 -1
/media/michal/Pauli/masterdata/processed/paramtest/iter100/annotated/rares/20140909/patrol_run_49/room_3/features/nonPlanes<pfhrgb_uniform_2015-05-21_10-48-26.pcd 0.362853 0.00139349 0.00233107 8 200,143,104,102,48,40,32,22 39,26,14,39,15,17,12,13 -1 1049598 426 1380 -1 -1 400 1354 -1 -1 1049172,198,87,42,29,16,7,9,3,6,1,3,3,5,0,1,3,1,1,1,2,1,0,1,2,1,0,1,1,0,1 -1 0,172,87,42,29,16,7,9,3,6,1,3,3,5,0,1,3,1,1,1,2,1,0,1,2,1,0,1,1,0,1 -1
/media/michal/Pauli/masterdata/processed/paramtest/iter100/annotated/rares/20140909/patrol_run_51/room_3/features/nonPlanes<pfhrgb_uniform_2015-05-21_10-50-08.pcd 0.447484 0.00258009 0.0016042 9 126,83,79,49,48,40,35,30,26 18,26,19,16,14,13,14,13,15 -1 1987742 408 1380 -1 -1 400 1372 -1 -1 1987334,192,79,38,28,14,10,4,6,10,2,3,4,1,1,3,0,3,3,2,0,0,0,0,0,1,1,0,0,0,0,1,0,0,0,0,0,0,1,0,0,0,0,0,0,0,0,0,0,0,0,0,0,0,0,0,0,0,0,0,0,0,0,0,0,0,0,0,0,0,0,0,1 -1 0,184,79,38,28,14,10,4,6,10,2,3,4,1,1,3,0,3,3,2,0,0,0,0,0,1,1,0,0,0,0,1,0,0,0,0,0,0,1,0,0,0,0,0,0,0,0,0,0,0,0,0,0,0,0,0,0,0,0,0,0,0,0,0,0,0,0,0,0,0,0,0,1 -1
/media/michal/Pauli/masterdata/processed/paramtest/iter100/annotated/rares/20140909/patrol_run_53/room_3/features/nonPlanes<pfhrgb_uniform_2015-05-21_10-53-36.pcd 0.374516 0.00132652 0.00273905 9 205,171,150,97,96,45,30,25,18 15,40,43,23,18,13,13,16,14 -1 1102608 426 1380 -1 -1 400 1354 -1 -1 1102182,218,72,31,23,18,11,15,5,4,3,5,3,1,1,2,2,1,2,2,0,0,2,1,0,1,0,0,0,0,1,0,0,0,1,0,0,0,0,1 -1 0,192,72,31,23,18,11,15,5,4,3,5,3,1,1,2,2,1,2,2,0,0,2,1,0,1,0,0,0,0,1,0,0,0,1,0,0,0,0,1 -1
/media/michal/Pauli/masterdata/processed/paramtest/iter100/annotated/rares/20140909/patrol_run_55/room_3/features/nonPlanes<pfhrgb_uniform_2015-05-21_10-55-52.pcd 0.379911 0.00139942 0.00259584 10 174,148,77,64,63,61,48,42,27,24 22,40,22,23,27,30,15,14,13,12 -1 1020908 490 1380 -1 -1 400 1290 -1 -1 1020418,255,91,52,25,17,10,1,6,8,2,2,1,4,4,2,2,1,0,2,1,0,1,0,0,0,1,0,1,0,0,0,0,0,0,0,0,0,0,0,1 -1 0,165,91,52,25,17,10,1,6,8,2,2,1,4,4,2,2,1,0,2,1,0,1,0,0,0,1,0,1,0,0,0,0,0,0,0,0,0,0,0,1 -1
/media/michal/Pauli/masterdata/processed/paramtest/iter100/annotated/rares/20140909/patrol_run_57/room_3/features/nonPlanes<pfhrgb_uniform_2015-05-21_10-58-49.pcd 0.316648 0.00294708 0.00259179 7 515,162,69,51,46,45,18 56,53,12,20,14,23,15 -1 2799460 424 1380 -1 -1 400 1356 -1 -1 2799036,206,81,41,27,14,11,7,4,3,6,1,3,3,2,0,1,2,2,3,1,1,0,0,0,0,0,0,1,0,0,0,0,0,1,1,1,0,0,0,0,0,0,0,0,0,1 -1 0,182,81,41,27,14,11,7,4,3,6,1,3,3,2,0,1,2,2,3,1,1,0,0,0,0,0,0,1,0,0,0,0,0,1,1,1,0,0,0,0,0,0,0,0,0,1 -1
/media/michal/Pauli/masterdata/processed/paramtest/iter100/annotated/rares/20140909/patrol_run_59/room_3/features/nonPlanes<pfhrgb_uniform_2015-05-21_10-59-33.pcd 0.286886 0.000876409 0.00252936 9 119,84,84,67,66,64,50,47,45 34,30,24,31,16,24,12,15,13 -1 446622 444 1380 -1 -1 400 1336 -1 -1 446178,199,85,42,38,21,10,8,7,8,5,2,4,3,4,1,1,1,1,0,0,0,1,1,0,0,0,1,0,0,0,1 -1 0,155,85,42,38,21,10,8,7,8,5,2,4,3,4,1,1,1,1,0,0,0,1,1,0,0,0,1,0,0,0,1 -1
/media/michal/Pauli/masterdata/processed/paramtest/iter100/annotated/rares/20140909/patrol_run_61/room_3/features/nonPlanes<pfhrgb_uniform_2015-05-21_11-01-46.pcd 0.305107 0.00112005 0.00259588 6 201,184,106,93,46,41 62,39,34,23,13,14 -1 447579 436 1380 -1 -1 400 1344 -1 -1 447143,208,82,39,23,16,16,11,10,8,4,1,2,2,1,4,1,0,0,0,4,2,0,0,0,0,0,1,0,0,0,0,0,0,0,0,0,0,0,0,0,0,0,0,0,0,0,0,0,0,0,0,0,0,1 -1 0,172,82,39,23,16,16,11,10,8,4,1,2,2,1,4,1,0,0,0,4,2,0,0,0,0,0,1,0,0,0,0,0,0,0,0,0,0,0,0,0,0,0,0,0,0,0,0,0,0,0,0,0,0,1 -1
/media/michal/Pauli/masterdata/processed/paramtest/iter100/annotated/rares/20140909/patrol_run_63/room_3/features/nonPlanes<pfhrgb_uniform_2015-05-21_11-04-02.pcd 0.193321 0.000869262 0.00253504 7 329,178,104,58,45,36,19 52,40,29,22,22,15,15 0,0,0,0,0,0,0 420420 470 1380 0 0 400 1310 0 0 419950,225,94,42,30,18,15,5,8,5,5,6,4,3,2,1,1,1,0,1,0,1,0,0,2,0,0,0,0,0,1 0,0,0,0,0,0,0,0,0,0,0,0,0,0,0,0,0,0,0,0,0,0,0,0,0,0,0,0,0,0,0 0,155,94,42,30,18,15,5,8,5,5,6,4,3,2,1,1,1,0,1,0,1,0,0,2,0,0,0,0,0,1 0,0,0,0,0,0,0,0,0,0,0,0,0,0,0,0,0,0,0,0,0,0,0,0,0,0,0,0,0,0,0
/media/michal/Pauli/masterdata/processed/paramtest/iter100/annotated/rares/20140910/patrol_run_67/room_3/features/nonPlanes<pfhrgb_uniform_2015-05-21_11-05-47.pcd 0.250488 0.000943555 0.00209538 8 253,129,108,93,80,78,76,37 44,52,21,21,29,20,13,21 -1 473286 442 1380 -1 -1 400 1338 -1 -1 472844,208,85,41,31,13,12,12,6,5,8,1,2,2,3,2,0,3,1,2,1,1,0,0,1,1,0,0,0,0,0,1 -1 0,166,85,41,31,13,12,12,6,5,8,1,2,2,3,2,0,3,1,2,1,1,0,0,1,1,0,0,0,0,0,1 -1
/media/michal/Pauli/masterdata/processed/paramtest/iter100/annotated/rares/20140910/patrol_run_69/room_3/features/nonPlanes<pfhrgb_uniform_2015-05-21_11-07-06.pcd 0.249957 0.000876118 0.00177388 8 336,200,105,48,46,45,44,42 80,47,12,20,14,22,12,25 -1 446622 461 1380 -1 -1 400 1319 -1 -1 446161,220,89,40,32,22,9,11,6,5,4,4,4,2,1,1,1,2,3,2,1,0,0,1,0,0,0,0,1 -1 0,159,89,40,32,22,9,11,6,5,4,4,4,2,1,1,1,2,3,2,1,0,0,1,0,0,0,0,1 -1
/media/michal/Pauli/masterdata/processed/paramtest/iter100/annotated/rares/20140910/patrol_run_71/room_3/features/nonPlanes<pfhrgb_uniform_2015-05-21_11-09-26.pcd 0.247478 0.000843816 0.00271284 8 184,117,86,75,59,54,39,18 59,27,14,29,26,13,12,14 -1 477048 421 1380 -1 -1 400 1359 -1 -1 476627,201,87,33,26,14,7,7,8,11,3,4,2,3,2,1,2,0,1,0,0,2,1,0,0,1,0,0,1,2,0,0,1,0,0,0,0,0,0,0,0,1 -1 0,180,87,33,26,14,7,7,8,11,3,4,2,3,2,1,2,0,1,0,0,2,1,0,0,1,0,0,1,2,0,0,1,0,0,0,0,0,0,0,0,1 -1
/media/michal/Pauli/masterdata/processed/paramtest/iter100/annotated/rares/20140910/patrol_run_74/room_3/features/nonPlanes<pfhrgb_uniform_2015-05-21_11-11-39.pcd 0.346108 0.000821986 0.00266598 9 336,175,122,43,32,23,22,21,18 46,49,26,15,16,15,12,12,13 -1 442200 422 1380 -1 -1 400 1358 -1 -1 441778,192,84,43,27,14,14,7,4,7,4,6,3,2,1,1,1,2,2,0,2,1,0,1,0,1,0,0,0,0,1,1,1 -1 0,170,84,43,27,14,14,7,4,7,4,6,3,2,1,1,1,2,2,0,2,1,0,1,0,1,0,0,0,0,1,1,1 -1
/media/michal/Pauli/masterdata/processed/paramtest/iter100/annotated/rares/20140910/patrol_run_77/room_4/features/nonPlanes<pfhrgb_uniform_2015-05-21_11-14-47.pcd 0.255631 0.000833421 0.00231933 6 208,147,136,91,82,80 34,35,24,16,15,30 -1 446622 382 1380 -1 -1 382 1380 -1 -1 446240,165,70,44,22,18,11,6,8,7,2,4,4,2,4,0,0,1,4,2,1,0,1,0,2,0,1,0,0,0,0,3 -1 0,165,70,44,22,18,11,6,8,7,2,4,4,2,4,0,0,1,4,2,1,0,1,0,2,0,1,0,0,0,0,3 -1
/media/michal/Pauli/masterdata/processed/paramtest/iter100/annotated/rares/20140910/patrol_run_79/room_2/features/nonPlanes<pfhrgb_uniform_2015-05-21_11-16-02.pcd 0.292256 0.0011581 0.00276466 11 139,138,123,110,69,67,53,52,40,32,17 49,18,33,18,26,18,16,13,17,13,14 -1 396627 436 1380 -1 -1 400 1344 -1 -1 396191,209,79,39,22,20,14,11,6,5,5,6,2,4,1,1,2,4,1,0,3,0,0,0,0,0,1,0,0,1 -1 0,173,79,39,22,20,14,11,6,5,5,6,2,4,1,1,2,4,1,0,3,0,0,0,0,0,1,0,0,1 -1
/media/michal/Pauli/masterdata/processed/paramtest/iter100/annotated/rares/20140910/patrol_run_81/room_2/features/nonPlanes<pfhrgb_uniform_2015-05-21_11-16-59.pcd 0.154969 0.000801997 0.00206044 7 377,206,170,101,40,31,26 42,45,45,43,12,13,12 -1 432300 372 1380 -1 -1 372 1380 -1 -1 431928,157,67,39,27,14,14,12,7,3,3,6,4,0,3,1,1,2,1,3,0,1,1,1,0,1,0,2,0,0,0,0,0,0,0,0,2 -1 0,157,67,39,27,14,14,12,7,3,3,6,4,0,3,1,1,2,1,3,0,1,1,1,0,1,0,2,0,0,0,0,0,0,0,0,2 -1
/media/michal/Pauli/masterdata/processed/paramtest/iter100/annotated/rares/20140911/patrol_run_82/room_3/features/nonPlanes<pfhrgb_uniform_2015-05-21_11-18-51.pcd 0.290934 0.000777845 0.00271063 8 254,185,73,56,47,36,35,16 36,48,13,22,28,20,13,13 -1 473154 483 1380 -1 -1 400 1297 -1 -1 472671,256,93,38,20,20,9,11,5,6,3,4,2,3,1,1,4,0,0,0,3,1,0,0,0,0,0,1,1,0,0,0,0,0,0,0,0,0,0,0,0,0,0,0,0,0,0,0,0,0,0,0,0,1 -1 0,173,93,38,20,20,9,11,5,6,3,4,2,3,1,1,4,0,0,0,3,1,0,0,0,0,0,1,1,0,0,0,0,0,0,0,0,0,0,0,0,0,0,0,0,0,0,0,0,0,0,0,0,1 -1
/media/michal/Pauli/masterdata/processed/paramtest/iter100/annotated/rares/20140911/patrol_run_84/room_3/features/nonPlanes<pfhrgb_uniform_2015-05-21_11-21-22.pcd 0.287422 0.00108801 0.00295287 7 176,171,149,75,54,29,27 32,58,44,18,16,14,18 -1 455400 480 1380 -1 -1 400 1300 -1 -1 454920,245,88,47,25,18,10,11,11,2,2,2,1,5,2,3,0,2,1,0,0,0,1,0,0,0,1,1,1,0,0,0,0,0,0,0,0,0,1 -1 0,165,88,47,25,18,10,11,11,2,2,2,1,5,2,3,0,2,1,0,0,0,1,0,0,0,1,1,1,0,0,0,0,0,0,0,0,0,1 -1
/media/michal/Pauli/masterdata/processed/paramtest/iter100/annotated/rares/20140911/patrol_run_88/room_3/features/nonPlanes<pfhrgb_uniform_2015-05-21_11-22-24.pcd 0.278059 0.00152031 0.00278213 6 237,229,201,159,43,12 66,68,42,12,12,12 -1 474606 428 1380 -1 -1 400 1352 -1 -1 474178,187,91,37,29,20,19,6,8,9,4,2,0,1,2,2,2,2,2,0,0,2,0,0,0,1,0,0,0,0,0,0,0,0,0,0,0,0,1,0,0,0,0,1 -1 0,159,91,37,29,20,19,6,8,9,4,2,0,1,2,2,2,2,2,0,0,2,0,0,0,1,0,0,0,0,0,0,0,0,0,0,0,0,1,0,0,0,0,1 -1
/media/michal/Pauli/masterdata/processed/paramtest/iter100/annotated/rares/20140911/patrol_run_90/room_3/features/nonPlanes<pfhrgb_uniform_2015-05-21_11-23-26.pcd 0.229406 0.000963553 0.00189071 6 579,130,107,69,45,38 71,59,38,12,27,12 -1 408408 430 1380 -1 -1 400 1350 -1 -1 407978,212,85,39,15,17,13,5,9,6,2,4,3,1,3,1,0,2,1,3,0,2,1,1,0,2,0,3 -1 0,182,85,39,15,17,13,5,9,6,2,4,3,1,3,1,0,2,1,3,0,2,1,1,0,2,0,3 -1
/media/michal/Pauli/masterdata/processed/paramtest/iter100/annotated/rares/20140911/patrol_run_92/room_3/features/nonPlanes<pfhrgb_uniform_2015-05-21_11-24-28.pcd 0.201601 0.00117548 0.00171951 7 416,115,110,96,94,71,35 48,55,22,18,38,12,12 -1 454740 390 1380 -1 -1 390 1380 -1 -1 454350,169,80,42,27,13,15,9,2,3,5,2,1,3,1,2,2,3,1,0,2,0,1,0,1,0,1,0,0,1,1,1,0,0,0,0,0,0,0,1,0,0,0,0,0,0,0,1 -1 0,169,80,42,27,13,15,9,2,3,5,2,1,3,1,2,2,3,1,0,2,0,1,0,1,0,1,0,0,1,1,1,0,0,0,0,0,0,0,1,0,0,0,0,0,0,0,1 -1
/media/michal/Pauli/masterdata/processed/paramtest/iter100/annotated/rares/20140912/patrol_run_100/room_3/features/nonPlanes<pfhrgb_uniform_2015-05-21_11-25-36.pcd 0.273705 0.000841012 0.00268915 9 202,128,105,98,43,34,32,28,26 25,35,21,24,20,14,13,12,14 -1 437778 426 1380 -1 -1 400 1354 -1 -1 437352,211,77,31,31,15,6,16,5,1,5,5,5,3,2,0,4,3,0,1,0,0,0,0,0,0,1,1,0,0,0,1,0,0,0,0,1,0,0,0,1 -1 0,185,77,31,31,15,6,16,5,1,5,5,5,3,2,0,4,3,0,1,0,0,0,0,0,0,1,1,0,0,0,1,0,0,0,0,1,0,0,0,1 -1
/media/michal/Pauli/masterdata/processed/paramtest/iter100/annotated/rares/20140912/patrol_run_102/room_3/features/nonPlanes<pfhrgb_uniform_2015-05-21_11-27-06.pcd 0.205861 0.00101035 0.00175388 7 303,183,137,69,61,44,42 45,43,34,14,23,13,15 -1 463320 402 1380 -1 -1 400 1378 -1 -1 462918,181,73,39,19,18,15,6,11,11,4,2,3,4,4,2,2,0,0,3,1,0,0,0,0,0,2,2 -1 0,179,73,39,19,18,15,6,11,11,4,2,3,4,4,2,2,0,0,3,1,0,0,0,0,0,2,2 -1
/media/michal/Pauli/masterdata/processed/paramtest/iter100/annotated/rares/20140912/patrol_run_104/room_3/features/nonPlanes<pfhrgb_uniform_2015-05-21_11-28-04.pcd 0.269932 0.000867508 0.00198023 7 236,146,114,87,66,31,29 40,21,26,22,20,18,12 -1 445500 387 1380 -1 -1 387 1380 -1 -1 445113,162,80,28,25,20,15,9,8,6,8,3,8,3,0,1,2,1,1,0,0,1,1,2,0,1,0,1,0,0,0,0,1 -1 0,162,80,28,25,20,15,9,8,6,8,3,8,3,0,1,2,1,1,0,0,1,1,2,0,1,0,1,0,0,0,0,1 -1
/media/michal/Pauli/masterdata/processed/paramtest/iter100/annotated/rares/20140912/patrol_run_94/room_3/features/nonPlanes<pfhrgb_uniform_2015-05-21_11-30-05.pcd 0.298674 0.0017003 0.00240293 8 291,90,85,66,50,31,30,29 25,32,28,14,13,16,14,13 -1 445500 405 1380 -1 -1 400 1375 -1 -1 445095,198,74,31,28,16,13,4,9,5,2,2,3,2,3,3,3,0,0,0,1,1,0,1,1,0,0,0,0,2,0,1,0,0,0,0,0,0,0,0,0,0,0,0,0,0,0,0,0,0,0,0,1,0,0,0,0,0,1 -1 0,193,74,31,28,16,13,4,9,5,2,2,3,2,3,3,3,0,0,0,1,1,0,1,1,0,0,0,0,2,0,1,0,0,0,0,0,0,0,0,0,0,0,0,0,0,0,0,0,0,0,0,1,0,0,0,0,0,1 -1
/media/michal/Pauli/masterdata/processed/paramtest/iter100/annotated/rares/20140912/patrol_run_96/room_2/features/nonPlanes<pfhrgb_uniform_2015-05-21_11-31-53.pcd 0.299075 0.00134744 0.00259225 4 312,113,101,80 57,16,17,39 -1 434511 384 1380 -1 -1 384 1380 -1 -1 434127,150,90,45,21,13,12,6,7,7,4,5,4,2,1,4,1,4,1,0,1,1,0,2,0,0,0,0,0,0,0,0,1,0,1,1 -1 0,150,90,45,21,13,12,6,7,7,4,5,4,2,1,4,1,4,1,0,1,1,0,2,0,0,0,0,0,0,0,0,1,0,1,1 -1
/media/michal/Pauli/masterdata/processed/paramtest/iter100/annotated/rares/20140912/patrol_run_98/room_3/features/nonPlanes<pfhrgb_uniform_2015-05-21_11-32-58.pcd 0.287314 0.00086549 0.00297137 11 243,238,98,84,64,60,54,32,29,23,19 39,55,21,14,15,28,18,13,12,12,12 -1 446622 406 1380 -1 -1 400 1374 -1 -1 446216,181,80,39,28,22,9,7,7,4,5,4,1,5,0,2,1,0,0,0,2,1,1,2,0,1,1,0,1,0,1,0,0,0,0,0,0,0,0,0,0,0,0,0,0,0,0,0,0,0,1 -1 0,175,80,39,28,22,9,7,7,4,5,4,1,5,0,2,1,0,0,0,2,1,1,2,0,1,1,0,1,0,1,0,0,0,0,0,0,0,0,0,0,0,0,0,0,0,0,0,0,0,1 -1
/media/michal/Pauli/masterdata/processed/paramtest/iter100/annotated/rares/20140921/patrol_run_110/room_2/features/nonPlanes<pfhrgb_uniform_2015-05-21_11-35-18.pcd 0.130837 0.00116778 0.00222975 6 594,124,115,89,88,13 116,19,15,16,19,12 -1 411840 276 1380 -1 -1 276 1380 -1 -1 411564,109,43,32,16,11,11,4,5,3,3,6,1,3,6,0,3,1,2,1,1,4,3,1,0,0,0,0,0,2,0,0,0,1,0,0,0,0,0,0,1,0,0,0,1,2 -1 0,109,43,32,16,11,11,4,5,3,3,6,1,3,6,0,3,1,2,1,1,4,3,1,0,0,0,0,0,2,0,0,0,1,0,0,0,0,0,0,1,0,0,0,1,2 -1
/media/michal/Pauli/masterdata/processed/paramtest/iter100/annotated/rares/20140921/patrol_run_112/room_2/features/nonPlanes<pfhrgb_uniform_2015-05-21_11-36-47.pcd 0.303436 0.00116674 0.00282766 8 385,135,82,62,58,54,39,26 57,40,15,22,21,26,19,12 0,0,0,0,0,0,0,0 419265 486 1380 10 55 400 1294 7 52 418779,249,85,37,33,24,13,11,6,6,4,4,2,0,2,0,4,0,0,1,1,0,0,0,1,2,0,0,1 0,4,1,1,0,0,0,0,0,2,0,0,1,0,0,0,1,0,0,0,0,0,0,0,0,0,0,0,0 0,163,85,37,33,24,13,11,6,6,4,4,2,0,2,0,4,0,0,1,1,0,0,0,1,2,0,0,1 0,1,1,1,0,0,0,0,0,2,0,0,1,0,0,0,1,0,0,0,0,0,0,0,0,0,0,0,0
/media/michal/Pauli/masterdata/processed/paramtest/iter100/annotated/rares/20140921/patrol_run_114/room_1/features/nonPlanes<pfhrgb_uniform_2015-05-21_11-38-22.pcd 0.208064 0.000823075 0.00172354 6 471,117,59,57,45,41 97,37,21,13,20,25 0,0,0,1,0,0 421476 510 1380 13 49 400 1270 11 47 420966,254,108,39,28,20,13,8,12,8,5,2,3,2,2,1,2,0,1,0,0,0,0,0,0,1,0,1 0,2,4,0,3,2,0,1,0,0,1,0,0,0,0,0,0,0,0,0,0,0,0,0,0,0,0,0 0,144,108,39,28,20,13,8,12,8,5,2,3,2,2,1,2,0,1,0,0,0,0,0,0,1,0,1 0,0,4,0,3,2,0,1,0,0,1,0,0,0,0,0,0,0,0,0,0,0,0,0,0,0,0,0
/media/michal/Pauli/masterdata/processed/paramtest/iter100/annotated/rares/20140922/patrol_run_116/room_2/features/nonPlanes<pfhrgb_uniform_2015-05-21_11-40-03.pcd 0.215874 0.0011421 0.0024161 11 131,120,103,98,81,66,65,60,45,44,29 26,31,24,27,15,13,14,12,15,21,13 0,0,0,0,0,0,0,0,0,0,0 424116 442 1380 2 2 400 1338 1 1 423674,207,91,37,27,13,16,9,9,6,3,2,4,3,3,0,2,2,2,1,1,0,0,2,0,1,0,0,0,1 0,2,0,0,0,0,0,0,0,0,0,0,0,0,0,0,0,0,0,0,0,0,0,0,0,0,0,0,0,0 0,165,91,37,27,13,16,9,9,6,3,2,4,3,3,0,2,2,2,1,1,0,0,2,0,1,0,0,0,1 0,1,0,0,0,0,0,0,0,0,0,0,0,0,0,0,0,0,0,0,0,0,0,0,0,0,0,0,0,0
/media/michal/Pauli/masterdata/processed/paramtest/iter100/annotated/rares/20140922/patrol_run_118/room_2/features/nonPlanes<pfhrgb_uniform_2015-05-21_11-41-56.pcd 0.244642 0.000853373 0.00192533 7 614,115,93,58,50,45,35 112,40,19,24,22,20,13 0,0,0,0,0,0,0 451044 455 1380 1 1 400 1325 1 1 450589,225,80,48,27,16,9,8,6,6,6,2,2,4,4,2,1,0,3,2,1,0,1,0,0,1,0,0,0,0,0,0,1 0,1,0,0,0,0,0,0,0,0,0,0,0,0,0,0,0,0,0,0,0,0,0,0,0,0,0,0,0,0,0,0,0 0,170,80,48,27,16,9,8,6,6,6,2,2,4,4,2,1,0,3,2,1,0,1,0,0,1,0,0,0,0,0,0,1 0,1,0,0,0,0,0,0,0,0,0,0,0,0,0,0,0,0,0,0,0,0,0,0,0,0,0,0,0,0,0,0,0
/media/michal/Pauli/masterdata/processed/paramtest/iter100/annotated/rares/20140922/patrol_run_120/room_1/features/nonPlanes<pfhrgb_uniform_2015-05-21_11-45-39.pcd 0.255529 0.000793691 0.00175927 9 149,144,140,74,68,65,49,24,23 16,17,43,12,27,15,21,12,12 0,0,0,0,0,0,0,0,0 478401 400 1380 0 0 400 1380 0 0 478001,180,85,36,25,9,11,17,5,6,3,2,1,2,6,2,0,0,1,0,3,1,0,0,1,0,0,0,0,0,0,0,1,0,0,0,1,0,1,0,0,0,0,0,0,0,0,0,0,0,0,0,0,0,0,0,0,0,0,0,0,0,0,0,0,1 0,0,0,0,0,0,0,0,0,0,0,0,0,0,0,0,0,0,0,0,0,0,0,0,0,0,0,0,0,0,0,0,0,0,0,0,0,0,0,0,0,0,0,0,0,0,0,0,0,0,0,0,0,0,0,0,0,0,0,0,0,0,0,0,0,0 0,180,85,36,25,9,11,17,5,6,3,2,1,2,6,2,0,0,1,0,3,1,0,0,1,0,0,0,0,0,0,0,1,0,0,0,1,0,1,0,0,0,0,0,0,0,0,0,0,0,0,0,0,0,0,0,0,0,0,0,0,0,0,0,0,1 0,0,0,0,0,0,0,0,0,0,0,0,0,0,0,0,0,0,0,0,0,0,0,0,0,0,0,0,0,0,0,0,0,0,0,0,0,0,0,0,0,0,0,0,0,0,0,0,0,0,0,0,0,0,0,0,0,0,0,0,0,0,0,0,0,0
/media/michal/Pauli/masterdata/processed/paramtest/iter100/annotated/rares/20140922/patrol_run_124/room_2/features/nonPlanes<pfhrgb_uniform_2015-05-21_11-49-47.pcd 0.296191 0.000866383 0.00242659 8 257,164,85,71,56,50,40,20 30,39,19,24,30,16,15,12 0,0,0,0,0,0,0,0 483516 505 1380 4 4 400 1275 0 0 483011,272,91,37,32,23,10,5,7,5,4,2,1,1,3,3,1,1,0,1,3,0,0,0,0,1,0,1,0,0,0,0,0,0,0,0,0,0,1 0,4,0,0,0,0,0,0,0,0,0,0,0,0,0,0,0,0,0,0,0,0,0,0,0,0,0,0,0,0,0,0,0,0,0,0,0,0,0 0,167,91,37,32,23,10,5,7,5,4,2,1,1,3,3,1,1,0,1,3,0,0,0,0,1,0,1,0,0,0,0,0,0,0,0,0,0,1 0,0,0,0,0,0,0,0,0,0,0,0,0,0,0,0,0,0,0,0,0,0,0,0,0,0,0,0,0,0,0,0,0,0,0,0,0,0,0
/media/michal/Pauli/masterdata/processed/paramtest/iter100/annotated/rares/20140922/patrol_run_126/room_2/features/nonPlanes<pfhrgb_uniform_2015-05-21_11-52-22.pcd 0.200309 0.000931527 0.00190257 8 201,166,162,126,85,52,42,40 21,35,39,25,27,23,16,18 0,0,0,0,0,0,0,0 455499 393 1380 0 0 393 1380 0 0 455106,180,60,53,16,13,14,12,7,3,4,3,4,4,5,1,5,3,0,0,1,0,0,1,2,0,1,0,0,0,0,0,0,0,0,1 0,0,0,0,0,0,0,0,0,0,0,0,0,0,0,0,0,0,0,0,0,0,0,0,0,0,0,0,0,0,0,0,0,0,0,0 0,180,60,53,16,13,14,12,7,3,4,3,4,4,5,1,5,3,0,0,1,0,0,1,2,0,1,0,0,0,0,0,0,0,0,1 0,0,0,0,0,0,0,0,0,0,0,0,0,0,0,0,0,0,0,0,0,0,0,0,0,0,0,0,0,0,0,0,0,0,0,0
/media/michal/Pauli/masterdata/processed/paramtest/iter100/annotated/rares/20140922/patrol_run_128/room_2/features/nonPlanes<pfhrgb_uniform_2015-05-21_11-54-34.pcd 0.187547 0.000900042 0.00198476 8 304,278,140,70,69,41,41,24 49,47,48,16,16,21,17,13 0,0,0,0,0,0,0,0 454410 419 1380 1 1 400 1361 1 1 453991,200,74,32,32,17,12,9,5,9,4,1,2,4,2,3,1,3,1,0,2,1,1,1,0,2,1 0,1,0,0,0,0,0,0,0,0,0,0,0,0,0,0,0,0,0,0,0,0,0,0,0,0,0 0,181,74,32,32,17,12,9,5,9,4,1,2,4,2,3,1,3,1,0,2,1,1,1,0,2,1 0,1,0,0,0,0,0,0,0,0,0,0,0,0,0,0,0,0,0,0,0,0,0,0,0,0,0
/media/michal/Pauli/masterdata/processed/paramtest/iter100/annotated/rares/20140922/patrol_run_130/room_2/features/nonPlanes<pfhrgb_uniform_2015-05-21_11-56-24.pcd 0.303631 0.000800036 0.00244481 11 168,128,118,117,106,84,40,34,27,20,18 39,45,16,22,14,20,16,16,12,12,12 0,0,0,0,0,0,0,0,0,0,0 443289 397 1380 1 1 397 1380 1 1 442892,176,75,42,27,12,13,9,6,4,2,4,7,3,2,3,2,1,0,1,1,0,1,2,1,1,0,1,0,0,0,0,0,0,0,0,0,0,0,0,0,0,0,1 0,1,0,0,0,0,0,0,0,0,0,0,0,0,0,0,0,0,0,0,0,0,0,0,0,0,0,0,0,0,0,0,0,0,0,0,0,0,0,0,0,0,0,0 0,176,75,42,27,12,13,9,6,4,2,4,7,3,2,3,2,1,0,1,1,0,1,2,1,1,0,1,0,0,0,0,0,0,0,0,0,0,0,0,0,0,0,1 0,1,0,0,0,0,0,0,0,0,0,0,0,0,0,0,0,0,0,0,0,0,0,0,0,0,0,0,0,0,0,0,0,0,0,0,0,0,0,0,0,0,0,0
/media/michal/Pauli/masterdata/processed/paramtest/iter100/annotated/rares/20140922/patrol_run_132/room_1/features/nonPlanes<pfhrgb_uniform_2015-05-21_11-59-20.pcd 0.260054 0.00100564 0.00213847 7 220,113,78,65,48,37,25 44,14,16,31,19,12,15 0,0,1,0,0,0,0 454740 456 1380 13 27 400 1324 7 21 454284,219,101,41,22,15,11,8,9,3,3,2,2,4,0,4,2,2,1,1,1,1,1,1,0,0,0,0,0,0,0,0,1,0,0,0,0,0,0,0,0,0,0,1 0,6,5,0,0,1,1,0,0,0,0,0,0,0,0,0,0,0,0,0,0,0,0,0,0,0,0,0,0,0,0,0,0,0,0,0,0,0,0,0,0,0,0,0 0,163,101,41,22,15,11,8,9,3,3,2,2,4,0,4,2,2,1,1,1,1,1,1,0,0,0,0,0,0,0,0,1,0,0,0,0,0,0,0,0,0,0,1 0,0,5,0,0,1,1,0,0,0,0,0,0,0,0,0,0,0,0,0,0,0,0,0,0,0,0,0,0,0,0,0,0,0,0,0,0,0,0,0,0,0,0,0
/media/michal/Pauli/masterdata/processed/paramtest/iter100/annotated/rares/20140922/patrol_run_134/room_2/features/nonPlanes<pfhrgb_uniform_2015-05-21_12-02-20.pcd 0.240169 0.00141456 0.0030563 8 267,199,57,50,41,34,22,18 41,24,31,18,12,19,16,12 0,0,0,0,0,0,0,0 411840 457 1380 0 0 400 1323 0 0 411383,252,77,32,28,11,11,8,5,3,6,1,1,5,1,3,0,2,1,1,1,0,2,1,0,2,0,1,1,0,0,0,0,0,0,0,0,0,0,0,0,0,0,0,0,0,0,0,0,0,0,0,1 0,0,0,0,0,0,0,0,0,0,0,0,0,0,0,0,0,0,0,0,0,0,0,0,0,0,0,0,0,0,0,0,0,0,0,0,0,0,0,0,0,0,0,0,0,0,0,0,0,0,0,0,0 0,195,77,32,28,11,11,8,5,3,6,1,1,5,1,3,0,2,1,1,1,0,2,1,0,2,0,1,1,0,0,0,0,0,0,0,0,0,0,0,0,0,0,0,0,0,0,0,0,0,0,0,1 0,0,0,0,0,0,0,0,0,0,0,0,0,0,0,0,0,0,0,0,0,0,0,0,0,0,0,0,0,0,0,0,0,0,0,0,0,0,0,0,0,0,0,0,0,0,0,0,0,0,0,0,0
/media/michal/Pauli/masterdata/processed/paramtest/iter100/annotated/rares/20140922/patrol_run_138/room_2/features/nonPlanes<pfhrgb_uniform_2015-05-21_12-06-08.pcd 0.221488 0.000850434 0.00285466 7 264,237,141,98,72,35,31 72,64,31,12,15,12,14 0,0,0,1,0,0,0 443223 505 1380 15 107 400 1275 13 105 442718,254,92,44,34,22,14,11,7,7,3,2,5,1,3,1,2,0,0,0,0,0,1,0,2 0,2,0,2,1,2,2,1,1,0,1,0,2,0,0,0,0,0,0,0,0,0,0,0,1 0,149,92,44,34,22,14,11,7,7,3,2,5,1,3,1,2,0,0,0,0,0,1,0,2 0,0,0,2,1,2,2,1,1,0,1,0,2,0,0,0,0,0,0,0,0,0,0,0,1
/media/michal/Pauli/masterdata/processed/paramtest/iter100/annotated/rares/20140923/patrol_run_139/room_2/features/nonPlanes<pfhrgb_uniform_2015-05-21_12-09-12.pcd 0.23892 0.00176266 0.00176731 6 241,112,104,72,30,29 23,36,12,22,20,16 0,0,0,0,0,0 430782 433 1380 12 18 400 1347 12 18 430349,214,83,37,34,15,9,7,6,3,3,3,2,1,2,0,1,0,2,1,0,0,1,0,0,0,2,2,2,0,0,1,0,0,0,0,0,1,0,0,0,0,0,0,0,0,0,0,0,1 0,7,4,1,0,0,0,0,0,0,0,0,0,0,0,0,0,0,0,0,0,0,0,0,0,0,0,0,0,0,0,0,0,0,0,0,0,0,0,0,0,0,0,0,0,0,0,0,0,0 0,181,83,37,34,15,9,7,6,3,3,3,2,1,2,0,1,0,2,1,0,0,1,0,0,0,2,2,2,0,0,1,0,0,0,0,0,1,0,0,0,0,0,0,0,0,0,0,0,1 0,7,4,1,0,0,0,0,0,0,0,0,0,0,0,0,0,0,0,0,0,0,0,0,0,0,0,0,0,0,0,0,0,0,0,0,0,0,0,0,0,0,0,0,0,0,0,0,0,0
/media/michal/Pauli/masterdata/processed/paramtest/iter100/annotated/rares/20140923/patrol_run_141/room_2/features/nonPlanes<pfhrgb_uniform_2015-05-21_12-11-28.pcd 0.200933 0.00122037 0.00232097 9 432,84,65,57,57,55,49,39,28 38,36,16,15,12,24,15,16,18 0,0,0,0,0,0,0,0,0 407286 381 1380 4 4 381 1380 4 4 406905,168,77,34,26,17,7,10,6,7,3,3,3,3,3,1,1,4,0,1,0,0,1,0,0,0,1,0,2,0,0,0,1,0,1,0,0,0,0,0,0,0,0,0,0,0,0,0,0,0,0,0,0,0,0,0,0,0,0,0,0,0,0,0,0,0,0,0,0,0,0,0,0,0,0,0,1 0,4,0,0,0,0,0,0,0,0,0,0,0,0,0,0,0,0,0,0,0,0,0,0,0,0,0,0,0,0,0,0,0,0,0,0,0,0,0,0,0,0,0,0,0,0,0,0,0,0,0,0,0,0,0,0,0,0,0,0,0,0,0,0,0,0,0,0,0,0,0,0,0,0,0,0,0 0,168,77,34,26,17,7,10,6,7,3,3,3,3,3,1,1,4,0,1,0,0,1,0,0,0,1,0,2,0,0,0,1,0,1,0,0,0,0,0,0,0,0,0,0,0,0,0,0,0,0,0,0,0,0,0,0,0,0,0,0,0,0,0,0,0,0,0,0,0,0,0,0,0,0,0,1 0,4,0,0,0,0,0,0,0,0,0,0,0,0,0,0,0,0,0,0,0,0,0,0,0,0,0,0,0,0,0,0,0,0,0,0,0,0,0,0,0,0,0,0,0,0,0,0,0,0,0,0,0,0,0,0,0,0,0,0,0,0,0,0,0,0,0,0,0,0,0,0,0,0,0,0,0
/media/michal/Pauli/masterdata/processed/paramtest/iter100/annotated/rares/20140923/patrol_run_144/room_2/features/nonPlanes<pfhrgb_uniform_2015-05-21_12-13-40.pcd 0.25323 0.0012263 0.00216488 6 223,142,97,89,67,35 44,28,22,20,28,12 0,0,0,0,0,0 438471 460 1380 5 5 400 1320 0 0 438011,228,93,46,24,11,13,9,2,2,5,5,3,3,3,1,2,1,1,2,1,0,2,0,1,0,0,0,0,0,0,0,0,0,0,1,0,1 0,5,0,0,0,0,0,0,0,0,0,0,0,0,0,0,0,0,0,0,0,0,0,0,0,0,0,0,0,0,0,0,0,0,0,0,0,0 0,168,93,46,24,11,13,9,2,2,5,5,3,3,3,1,2,1,1,2,1,0,2,0,1,0,0,0,0,0,0,0,0,0,0,1,0,1 0,0,0,0,0,0,0,0,0,0,0,0,0,0,0,0,0,0,0,0,0,0,0,0,0,0,0,0,0,0,0,0,0,0,0,0,0,0
/media/michal/Pauli/masterdata/processed/paramtest/iter100/annotated/rares/20140923/patrol_run_146/room_2/features/nonPlanes<pfhrgb_uniform_2015-05-21_12-16-03.pcd 0.226 0.000815979 0.00189366 7 157,154,146,135,102,90,75 74,18,39,40,21,22,18 0,0,0,0,0,0,0 391248 424 1380 2 4 400 1356 2 4 390824,218,80,39,18,9,17,6,1,5,2,8,2,3,0,1,2,3,0,1,1,1,1,0,0,0,1,0,0,0,0,2,0,0,1,0,0,0,0,0,0,0,0,0,0,0,0,1,0,0,0,1 0,0,2,0,0,0,0,0,0,0,0,0,0,0,0,0,0,0,0,0,0,0,0,0,0,0,0,0,0,0,0,0,0,0,0,0,0,0,0,0,0,0,0,0,0,0,0,0,0,0,0,0 0,194,80,39,18,9,17,6,1,5,2,8,2,3,0,1,2,3,0,1,1,1,1,0,0,0,1,0,0,0,0,2,0,0,1,0,0,0,0,0,0,0,0,0,0,0,0,1,0,0,0,1 0,0,2,0,0,0,0,0,0,0,0,0,0,0,0,0,0,0,0,0,0,0,0,0,0,0,0,0,0,0,0,0,0,0,0,0,0,0,0,0,0,0,0,0,0,0,0,0,0,0,0,0
/media/michal/Pauli/masterdata/processed/paramtest/iter100/annotated/rares/20140923/patrol_run_148/room_2/features/nonPlanes<pfhrgb_uniform_2015-05-21_12-18-38.pcd 0.255679 0.000871338 0.00309965 8 452,132,98,79,71,67,61,36 75,27,32,19,33,25,18,15 0,0,0,0,0,0,0,0 444246 438 1380 0 0 400 1342 0 0 443808,214,80,38,31,11,13,8,5,4,5,5,4,2,4,2,0,4,2,1,1,1,1,1,0,0,0,0,0,1 0,0,0,0,0,0,0,0,0,0,0,0,0,0,0,0,0,0,0,0,0,0,0,0,0,0,0,0,0,0 0,176,80,38,31,11,13,8,5,4,5,5,4,2,4,2,0,4,2,1,1,1,1,1,0,0,0,0,0,1 0,0,0,0,0,0,0,0,0,0,0,0,0,0,0,0,0,0,0,0,0,0,0,0,0,0,0,0,0,0
/media/michal/Pauli/masterdata/processed/paramtest/iter100/annotated/rares/20140923/patrol_run_150/room_2/features/nonPlanes<pfhrgb_uniform_2015-05-21_12-20-44.pcd 0.191741 0.000824588 0.00181341 9 209,147,128,111,74,56,51,36,17 44,20,32,38,23,12,27,12,12 0,0,0,0,0,0,0,0,0 454740 454 1380 6 16 400 1326 3 13 454286,216,81,38,38,18,14,7,9,3,7,6,2,1,4,2,3,1,1,0,0,0,1,0,1,0,1 0,3,1,1,0,0,0,0,1,0,0,0,0,0,0,0,0,0,0,0,0,0,0,0,0,0,0 0,162,81,38,38,18,14,7,9,3,7,6,2,1,4,2,3,1,1,0,0,0,1,0,1,0,1 0,0,1,1,0,0,0,0,1,0,0,0,0,0,0,0,0,0,0,0,0,0,0,0,0,0,0
/media/michal/Pauli/masterdata/processed/paramtest/iter100/annotated/rares/20140924/patrol_run_152/room_2/features/nonPlanes<pfhrgb_uniform_2015-05-21_12-21-48.pcd 0.21552 0.000817946 0.00176707 8 246,198,175,82,45,39,28,20 57,27,34,21,21,16,12,13 0,1,0,0,0,0,0,0 384087 493 1380 19 123 400 1287 17 121 383594,229,98,58,34,22,5,15,7,1,8,0,3,4,2,2,0,0,2,0,0,1,0,1,0,0,0,0,0,1 0,2,4,3,1,0,0,2,1,0,2,0,1,1,0,1,0,0,1,0,0,0,0,0,0,0,0,0,0,0 0,136,98,58,34,22,5,15,7,1,8,0,3,4,2,2,0,0,2,0,0,1,0,1,0,0,0,0,0,1 0,0,4,3,1,0,0,2,1,0,2,0,1,1,0,1,0,0,1,0,0,0,0,0,0,0,0,0,0,0
/media/michal/Pauli/masterdata/processed/paramtest/iter100/annotated/rares/20140924/patrol_run_156/room_2/features/nonPlanes<pfhrgb_uniform_2015-05-21_12-23-30.pcd 0.218226 0.000795626 0.00180734 9 330,169,164,101,58,31,23,23,15 53,24,51,40,12,14,14,14,13 0,1,0,0,0,0,0,0,0 395010 501 1380 21 142 400 1279 17 138 394509,272,92,43,21,22,5,7,8,5,3,4,2,3,2,0,4,0,1,0,1,1,0,3,0,0,0,1,0,1 0,6,3,1,1,3,1,0,0,0,2,0,0,0,0,0,1,0,0,0,1,0,0,2,0,0,0,0,0,0 0,171,92,43,21,22,5,7,8,5,3,4,2,3,2,0,4,0,1,0,1,1,0,3,0,0,0,1,0,1 0,2,3,1,1,3,1,0,0,0,2,0,0,0,0,0,1,0,0,0,1,0,0,2,0,0,0,0,0,0
/media/michal/Pauli/masterdata/processed/paramtest/iter100/annotated/rares/20140924/patrol_run_158/room_1/features/nonPlanes<pfhrgb_uniform_2015-05-21_12-24-27.pcd 0.264461 0.000779222 0.0028352 7 251,173,124,121,86,35,28 43,24,38,50,32,18,13 0,1,0,0,0,0,0 438471 539 1380 26 118 400 1241 19 111 437932,296,98,42,30,21,12,7,5,5,5,5,1,1,1,2,1,1,1,2,1,0,0,1,0,1 0,7,4,3,3,3,1,0,0,3,0,1,0,0,0,0,0,0,0,0,0,0,0,1,0,0 0,157,98,42,30,21,12,7,5,5,5,5,1,1,1,2,1,1,1,2,1,0,0,1,0,1 0,0,4,3,3,3,1,0,0,3,0,1,0,0,0,0,0,0,0,0,0,0,0,1,0,0
/media/michal/Pauli/masterdata/processed/paramtest/iter100/annotated/rares/20140924/patrol_run_162/room_2/features/nonPlanes<pfhrgb_uniform_2015-05-21_12-25-56.pcd 0.23331 0.000836539 0.00275841 8 229,183,92,76,67,66,31,27 45,50,34,23,16,21,17,14 -1 435600 496 1380 -1 -1 400 1284 -1 -1 435104,238,92,55,31,18,14,10,9,3,5,5,4,5,2,3,0,1,1 -1 0,142,92,55,31,18,14,10,9,3,5,5,4,5,2,3,0,1,1 -1
/media/michal/Pauli/masterdata/processed/paramtest/iter100/annotated/rares/20140924/patrol_run_164/room_1/features/nonPlanes<pfhrgb_uniform_2015-05-21_12-27-00.pcd 0.276533 0.00074152 0.00263084 11 170,136,127,92,75,66,62,55,36,32,24 29,35,34,17,17,23,16,22,13,16,12 -1 425568 506 1380 -1 -1 400 1274 -1 -1 425062,245,116,45,22,15,12,9,9,9,7,6,2,1,1,3,3,0,0,0,0,0,0,0,0,0,0,0,0,0,0,0,0,0,0,0,0,1 -1 0,139,116,45,22,15,12,9,9,9,7,6,2,1,1,3,3,0,0,0,0,0,0,0,0,0,0,0,0,0,0,0,0,0,0,0,0,1 -1
/media/michal/Pauli/masterdata/processed/paramtest/iter100/annotated/rares/20140924/patrol_run_166/room_2/features/nonPlanes<pfhrgb_uniform_2015-05-21_12-27-59.pcd 0.319542 0.00121555 0.00278168 6 193,99,81,70,67,30 30,32,33,21,18,16 -1 411642 521 1380 -1 -1 400 1259 -1 -1 411121,261,103,49,33,19,14,10,6,4,4,5,3,5,1,0,0,0,1,0,0,1,0,0,0,1,0,1 -1 0,140,103,49,33,19,14,10,6,4,4,5,3,5,1,0,0,0,1,0,0,1,0,0,0,1,0,1 -1
