obj_search:
  camera_z: 1.7
  ceiling_z: 2.27
  floor_z: 0
  object_query: {K: 5}
  processed_data_dir: /home/michal/Downloads/pcddata/processed/
  raw_data_dir: /media/michal/Pauli/masterdata/raw/
object_query: {K: 10, cluster_maxsize: 500, cluster_minsize: 12, cluster_tolerance: 0.2,
  clusters_to_results: true, extract_mult: 1.3, match: nonPlanes<pfhrgb_iss, n_max_points: 400,
  output_dir: 'NULL', query_features: '/home/michal/Downloads/pcddata/processed/query/queryobjects/0,01/backpack2/features/rgb_0003_label_backpack2<pfhrgb_iss_2015-05-26_15-02-55.pcd',
  results_out: '/home/michal/Downloads/pcddata/processed/query/k10_mx400_t0,2/dt0,02_mp8000_pp0,001',
  subdirs: 4, target_features: '/home/michal/Downloads/pcddata/processed/paramtest/dt0,02_mp8000_pp0,001',
  x_step_hough: 0.05, y_step_hough: 0.05, z_step_hough: 0.05}
rosdistro: 'indigo

  '
roslaunch:
  uris: {host_tycho__46620: 'http://tycho:46620/'}
rosversion: '1.11.10

  '
run_id: ff6ee91c-0798-11e5-b12a-3c970e77227e
BEGIN_DATA
# fname t_query t_hough t_cluster cluster_n cluster_scores cluster_points cluster_inobb n_hough_tot nonzero_hough hough_votes boxpts boxvotes maxpts maxvotes maxboxpts maxboxvotes hough_hist box_hist max_hist boxmax_hist
/home/michal/Downloads/pcddata/processed/paramtest/dt0,02_mp8000_pp0,001/annotated/rares/20140820/patrol_run_2/room_1/features/nonPlanes<pfhrgb_iss_2015-05-22_03-21-21.pcd 0.0542882 0.000741523 0.00228158 4 148,101,55,46 45,39,17,20 1,0,0,0 386100 271 630 38 131 271 630 38 131 385829,129,50,31,29,19,5,4,1,1,1,0,1 0,11,4,7,6,4,3,1,0,0,1,0,1 0,129,50,31,29,19,5,4,1,1,1,0,1 0,11,4,7,6,4,3,1,0,0,1,0,1
/home/michal/Downloads/pcddata/processed/paramtest/dt0,02_mp8000_pp0,001/annotated/rares/20140820/patrol_run_4/room_0/features/nonPlanes<pfhrgb_iss_2015-05-22_03-23-14.pcd 0.0462913 0.0017469 0.00209227 6 185,76,44,34,32,29 47,42,19,17,17,13 1,0,0,0,0,0 413127 284 630 33 157 284 630 33 157 412843,138,66,42,12,8,9,2,2,1,1,1,1,0,0,0,0,0,0,0,1 0,4,8,5,3,2,3,2,2,1,0,1,1,0,0,0,0,0,0,0,1 0,138,66,42,12,8,9,2,2,1,1,1,1,0,0,0,0,0,0,0,1 0,4,8,5,3,2,3,2,2,1,0,1,1,0,0,0,0,0,0,0,1
/home/michal/Downloads/pcddata/processed/paramtest/dt0,02_mp8000_pp0,001/annotated/rares/20140828/patrol_run_19/room_3/features/nonPlanes<pfhrgb_iss_2015-05-22_03-24-57.pcd 0.056054 0.00135216 0.00147598 4 99,89,26,24 47,32,21,14 0,0,0,0 400554 277 630 24 50 277 630 24 50 400277,142,54,27,20,17,5,4,2,3,1,1,1 0,13,5,0,3,3,0,0,0,0,0,0,0 0,142,54,27,20,17,5,4,2,3,1,1,1 0,13,5,0,3,3,0,0,0,0,0,0,0
/home/michal/Downloads/pcddata/processed/paramtest/dt0,02_mp8000_pp0,001/annotated/rares/20140829/patrol_run_20/room_3/features/nonPlanes<pfhrgb_iss_2015-05-22_03-26-44.pcd 0.0636558 0.000812958 0.00190508 4 202,52,33,31 54,21,14,14 1,0,0,0 394284 237 630 39 144 237 630 39 144 394047,105,42,26,22,14,11,7,6,1,2,0,0,1 0,7,8,7,3,4,5,3,1,1,0,0,0,0 0,105,42,26,22,14,11,7,6,1,2,0,0,1 0,7,8,7,3,4,5,3,1,1,0,0,0,0
/home/michal/Downloads/pcddata/processed/paramtest/dt0,02_mp8000_pp0,001/annotated/rares/20140829/patrol_run_26/room_2/features/nonPlanes<pfhrgb_iss_2015-05-22_03-27-37.pcd 0.0444097 0.00166021 0.00122152 7 103,85,49,45,43,35,27 26,41,14,17,18,17,14 1,0,0,0,0,0,0 393822 252 630 23 87 252 630 23 87 393570,109,53,33,22,13,10,3,4,2,2,0,1 0,5,6,2,2,3,2,0,1,1,0,0,1 0,109,53,33,22,13,10,3,4,2,2,0,1 0,5,6,2,2,3,2,0,1,1,0,0,1
/home/michal/Downloads/pcddata/processed/paramtest/dt0,02_mp8000_pp0,001/annotated/rares/20140901/patrol_run_27/room_2/features/nonPlanes<pfhrgb_iss_2015-05-22_03-28-25.pcd 0.0348315 0.000564272 0.00211014 4 201,75,35,24 70,33,14,12 1,0,0,0 371910 264 630 30 128 264 630 30 128 371646,130,46,36,18,13,7,5,2,3,2,1,1 0,5,4,4,2,6,5,1,0,2,1,0,0 0,130,46,36,18,13,7,5,2,3,2,1,1 0,5,4,4,2,6,5,1,0,2,1,0,0
/home/michal/Downloads/pcddata/processed/paramtest/dt0,02_mp8000_pp0,001/annotated/rares/20140901/patrol_run_31/room_2/features/nonPlanes<pfhrgb_iss_2015-05-22_03-29-06.pcd 0.053156 0.00110215 0.00148637 4 116,96,86,29 28,40,24,14 0,0,1,0 408408 225 630 18 76 225 630 18 76 408183,98,38,27,20,10,19,4,4,2,0,0,1,0,0,0,1,0,0,0,0,0,0,0,0,1 0,3,2,2,2,2,5,1,1,0,0,0,0,0,0,0,0,0,0,0,0,0,0,0,0,0 0,98,38,27,20,10,19,4,4,2,0,0,1,0,0,0,1,0,0,0,0,0,0,0,0,1 0,3,2,2,2,2,5,1,1,0,0,0,0,0,0,0,0,0,0,0,0,0,0,0,0,0
/home/michal/Downloads/pcddata/processed/paramtest/dt0,02_mp8000_pp0,001/annotated/rares/20140901/patrol_run_32/room_2/features/nonPlanes<pfhrgb_iss_2015-05-22_03-30-33.pcd 0.0544727 0.000494771 0.00173358 4 136,53,38,32 42,27,17,15 1,0,0,0 392704 246 630 28 90 246 630 28 90 392458,110,47,30,23,14,8,5,3,2,0,1,2,0,1 0,10,4,2,6,3,0,1,1,0,0,0,1,0,0 0,110,47,30,23,14,8,5,3,2,0,1,2,0,1 0,10,4,2,6,3,0,1,1,0,0,0,1,0,0
/home/michal/Downloads/pcddata/processed/paramtest/dt0,02_mp8000_pp0,001/annotated/rares/20140901/patrol_run_33/room_1/features/nonPlanes<pfhrgb_iss_2015-05-22_03-31-49.pcd 0.0577343 0.000724822 0.00145046 6 86,82,59,49,36,17 19,31,20,12,18,13 -1 399960 269 630 -1 -1 269 630 -1 -1 399691,145,52,29,13,11,5,4,1,2,0,0,2,1,1,1,1,0,0,0,0,1 -1 0,145,52,29,13,11,5,4,1,2,0,0,2,1,1,1,1,0,0,0,0,1 -1
/home/michal/Downloads/pcddata/processed/paramtest/dt0,02_mp8000_pp0,001/annotated/rares/20140902/patrol_run_35/room_2/features/nonPlanes<pfhrgb_iss_2015-05-22_03-33-14.pcd 0.0351012 0.000529085 0.00129663 4 211,71,50,47 60,33,21,19 0,0,0,0 378972 262 630 27 119 262 630 27 119 378710,119,52,31,25,17,9,5,1,1,1,0,0,1 0,3,4,4,4,5,3,2,0,0,1,0,0,1 0,119,52,31,25,17,9,5,1,1,1,0,0,1 0,3,4,4,4,5,3,2,0,0,1,0,0,1
/home/michal/Downloads/pcddata/processed/paramtest/dt0,02_mp8000_pp0,001/annotated/rares/20140902/patrol_run_38/room_0/features/nonPlanes<pfhrgb_iss_2015-05-22_03-34-47.pcd 0.0505806 0.000691707 0.00107867 5 146,75,48,39,33 49,17,12,22,19 0,1,0,0,0 420420 232 630 14 67 232 630 14 67 420188,92,49,36,18,11,10,5,2,4,2,0,2,0,1 0,0,5,2,2,0,2,0,0,1,1,0,1,0,0 0,92,49,36,18,11,10,5,2,4,2,0,2,0,1 0,0,5,2,2,0,2,0,0,1,1,0,1,0,0
/home/michal/Downloads/pcddata/processed/paramtest/dt0,02_mp8000_pp0,001/annotated/rares/20140903/patrol_run_1/room_4/features/nonPlanes<pfhrgb_iss_2015-05-22_03-35-54.pcd 0.0550313 0.000732463 0.00202611 3 236,75,17 87,18,12 1,0,0 418077 271 630 46 169 271 630 46 169 417806,125,62,36,21,9,4,6,4,2,0,0,1,0,0,0,1 0,8,10,8,6,5,3,3,1,1,0,0,1,0,0,0,0 0,125,62,36,21,9,4,6,4,2,0,0,1,0,0,0,1 0,8,10,8,6,5,3,3,1,1,0,0,1,0,0,0,0
/home/michal/Downloads/pcddata/processed/paramtest/dt0,02_mp8000_pp0,001/annotated/rares/20140903/patrol_run_10/room_2/features/nonPlanes<pfhrgb_iss_2015-05-22_03-36-58.pcd 0.0668994 0.000690494 0.00102427 6 90,84,79,63,39,36 18,29,20,18,19,15 1,0,0,0,0,0 401082 231 630 15 88 231 630 15 88 400851,100,41,34,19,10,8,5,7,1,1,1,2,1,1 0,2,2,2,1,2,0,1,2,0,0,0,1,1,1 0,100,41,34,19,10,8,5,7,1,1,1,2,1,1 0,2,2,2,1,2,0,1,2,0,0,0,1,1,1
/home/michal/Downloads/pcddata/processed/paramtest/dt0,02_mp8000_pp0,001/annotated/rares/20140903/patrol_run_12/room_2/features/nonPlanes<pfhrgb_iss_2015-05-22_03-38-22.pcd 0.0597276 0.000992442 0.00190292 3 305,42,25 98,13,16 1,0,0 393294 253 630 39 167 253 630 39 167 393041,109,48,47,19,11,10,2,2,1,1,0,1,0,0,0,2 0,8,6,10,4,0,4,1,2,0,1,0,1,0,0,0,2 0,109,48,47,19,11,10,2,2,1,1,0,1,0,0,0,2 0,8,6,10,4,0,4,1,2,0,1,0,1,0,0,0,2
/home/michal/Downloads/pcddata/processed/paramtest/dt0,02_mp8000_pp0,001/annotated/rares/20140903/patrol_run_14/room_1/features/nonPlanes<pfhrgb_iss_2015-05-22_03-39-03.pcd 0.0499085 0.000717535 0.00150526 6 114,89,51,34,33,17 49,28,22,13,12,15 1,0,0,0,0,0 415800 290 630 17 50 290 630 17 50 415510,143,61,38,23,9,6,8,0,1,0,0,0,1 0,6,3,2,3,0,1,2,0,0,0,0,0,0 0,143,61,38,23,9,6,8,0,1,0,0,0,1 0,6,3,2,3,0,1,2,0,0,0,0,0,0
/home/michal/Downloads/pcddata/processed/paramtest/dt0,02_mp8000_pp0,001/annotated/rares/20140903/patrol_run_2/room_4/features/nonPlanes<pfhrgb_iss_2015-05-22_03-39-43.pcd 0.0511571 0.00146923 0.00137631 4 234,79,57,49 75,44,25,18 1,0,0,0 397188 270 630 42 145 270 630 42 145 396918,127,55,28,29,12,11,4,2,0,0,1,1 0,8,9,6,9,3,5,0,1,0,0,0,1 0,127,55,28,29,12,11,4,2,0,0,1,1 0,8,9,6,9,3,5,0,1,0,0,0,1
/home/michal/Downloads/pcddata/processed/paramtest/dt0,02_mp8000_pp0,001/annotated/rares/20140903/patrol_run_9/room_2/features/nonPlanes<pfhrgb_iss_2015-05-22_03-41-24.pcd 0.0473306 0.000518665 0.00205834 5 243,68,37,34,23 68,34,13,14,13 1,0,0,0,0 428340 275 630 47 189 275 630 47 189 428065,140,43,37,26,12,8,3,2,1,1,1,0,0,1 0,6,6,13,7,7,3,0,2,0,1,1,0,0,1 0,140,43,37,26,12,8,3,2,1,1,1,0,0,1 0,6,6,13,7,7,3,0,2,0,1,1,0,0,1
/home/michal/Downloads/pcddata/processed/paramtest/dt0,02_mp8000_pp0,001/annotated/rares/20140904/patrol_run_15/room_2/features/nonPlanes<pfhrgb_iss_2015-05-22_03-41-58.pcd 0.0454404 0.000723349 0.00142235 5 236,93,41,41,30 73,47,23,14,19 1,0,0,0,0 382336 275 630 40 139 275 630 40 139 382061,124,65,35,19,16,7,5,2,1,0,0,0,1 0,9,6,5,8,6,2,3,1,0,0,0,0,0 0,124,65,35,19,16,7,5,2,1,0,0,0,1 0,9,6,5,8,6,2,3,1,0,0,0,0,0
/home/michal/Downloads/pcddata/processed/paramtest/dt0,02_mp8000_pp0,001/annotated/rares/20140905/patrol_run_17/room_2/features/nonPlanes<pfhrgb_iss_2015-05-22_03-42-53.pcd 0.0394147 0.000533331 0.00128269 8 126,64,43,43,34,31,24,21 38,27,25,16,12,16,12,15 1,0,0,0,0,0,0,0 404481 275 630 24 103 275 630 24 103 404206,121,70,29,25,14,7,4,3,2 0,2,2,4,6,4,3,1,2,0 0,121,70,29,25,14,7,4,3,2 0,2,2,4,6,4,3,1,2,0
/home/michal/Downloads/pcddata/processed/paramtest/dt0,02_mp8000_pp0,001/annotated/rares/20140905/patrol_run_19/room_1/features/nonPlanes<pfhrgb_iss_2015-05-22_03-43-36.pcd 0.0393431 0.000658011 0.00117238 5 134,61,47,42,39 52,29,14,20,16 1,0,0,0,0 388416 265 630 19 80 265 630 19 80 388151,126,51,35,21,13,4,7,3,0,4,1 0,4,3,1,5,2,1,0,0,0,2,1 0,126,51,35,21,13,4,7,3,0,4,1 0,4,3,1,5,2,1,0,0,0,2,1
/home/michal/Downloads/pcddata/processed/paramtest/dt0,02_mp8000_pp0,001/annotated/rares/20140905/patrol_run_21/room_2/features/nonPlanes<pfhrgb_iss_2015-05-22_03-44-16.pcd 0.0379756 0.000521675 0.00123172 5 156,63,52,37,22 72,20,28,20,12 0,0,0,0,0 401082 281 630 20 66 281 630 20 66 400801,129,63,35,28,14,2,5,4,1 0,4,4,3,5,2,0,1,1,0 0,129,63,35,28,14,2,5,4,1 0,4,4,3,5,2,0,1,1,0
/home/michal/Downloads/pcddata/processed/paramtest/dt0,02_mp8000_pp0,001/annotated/rares/20140905/patrol_run_23/room_2/features/nonPlanes<pfhrgb_iss_2015-05-22_03-44-59.pcd 0.0358097 0.00144997 0.00136454 4 216,36,33,24 70,20,14,12 1,0,0,0 392224 261 630 33 136 261 630 33 136 391963,123,43,37,23,14,8,8,2,2,1 0,6,1,9,7,1,2,4,0,2,1 0,123,43,37,23,14,8,8,2,2,1 0,6,1,9,7,1,2,4,0,2,1
/home/michal/Downloads/pcddata/processed/paramtest/dt0,02_mp8000_pp0,001/annotated/rares/20140905/patrol_run_25/room_1/features/nonPlanes<pfhrgb_iss_2015-05-22_03-45-43.pcd 0.0399083 0.000520563 0.00124364 7 125,69,56,49,47,35,15 43,25,17,25,24,16,12 1,0,0,0,0,0,0 397188 274 630 24 84 274 630 24 84 396914,137,45,38,18,16,11,4,3,1,1 0,6,3,4,0,7,3,1,0,0,0 0,137,45,38,18,16,11,4,3,1,1 0,6,3,4,0,7,3,1,0,0,0
/home/michal/Downloads/pcddata/processed/paramtest/dt0,02_mp8000_pp0,001/annotated/rares/20140905/patrol_run_27/room_2/features/nonPlanes<pfhrgb_iss_2015-05-22_03-47-26.pcd 0.0408104 0.000694644 0.00180349 6 173,55,54,41,37,36 67,15,21,13,15,17 1,0,0,0,0,0 409596 269 630 36 122 269 630 36 122 409327,132,45,30,31,12,9,6,1,1,1,1 0,10,6,2,8,3,2,5,0,0,0,0 0,132,45,30,31,12,9,6,1,1,1,1 0,10,6,2,8,3,2,5,0,0,0,0
/home/michal/Downloads/pcddata/processed/paramtest/dt0,02_mp8000_pp0,001/annotated/rares/20140905/patrol_run_29/room_2/features/nonPlanes<pfhrgb_iss_2015-05-22_03-48-59.pcd 0.0496027 0.000668889 0.00122959 4 170,58,54,29 45,18,19,15 1,0,0,0 383295 246 630 33 132 246 630 33 132 383049,98,51,35,24,12,17,5,4 0,6,5,4,4,3,6,3,2 0,98,51,35,24,12,17,5,4 0,6,5,4,4,3,6,3,2
/home/michal/Downloads/pcddata/processed/paramtest/dt0,02_mp8000_pp0,001/annotated/rares/20140905/patrol_run_30/room_1/features/nonPlanes<pfhrgb_iss_2015-05-22_03-50-43.pcd 0.0563116 0.000882329 0.00172511 6 104,85,48,40,37,33 28,14,20,22,17,17 0,0,0,0,0,0 382239 252 630 6 21 252 630 6 21 381987,115,52,30,23,9,5,8,6,1,0,1,1,0,0,0,0,0,1 0,2,1,1,0,0,1,0,1,0,0,0,0,0,0,0,0,0,0 0,115,52,30,23,9,5,8,6,1,0,1,1,0,0,0,0,0,1 0,2,1,1,0,0,1,0,1,0,0,0,0,0,0,0,0,0,0
/home/michal/Downloads/pcddata/processed/paramtest/dt0,02_mp8000_pp0,001/annotated/rares/20140905/patrol_run_30/room_7/features/nonPlanes<pfhrgb_iss_2015-05-22_03-52-16.pcd 0.0390895 0.000625992 0.0011895 6 101,62,54,33,32,22 37,20,26,17,16,12 0,0,1,0,0,0 381376 270 630 18 41 270 630 18 41 381106,117,68,37,14,21,6,1,2,1,1,0,1,0,0,1 0,8,5,1,1,2,1,0,0,0,0,0,0,0,0,0 0,117,68,37,14,21,6,1,2,1,1,0,1,0,0,1 0,8,5,1,1,2,1,0,0,0,0,0,0,0,0,0
/home/michal/Downloads/pcddata/processed/paramtest/dt0,02_mp8000_pp0,001/annotated/rares/20140908/patrol_run_32/room_2/features/nonPlanes<pfhrgb_iss_2015-05-22_03-54-06.pcd 0.0400223 0.00105681 0.00155579 5 185,62,50,40,38 91,28,16,14,16 1,0,0,0,0 404481 303 630 29 75 303 630 29 75 404178,144,75,37,26,10,7,3,1 0,10,8,3,5,0,2,0,1 0,144,75,37,26,10,7,3,1 0,10,8,3,5,0,2,0,1
/home/michal/Downloads/pcddata/processed/paramtest/dt0,02_mp8000_pp0,001/annotated/rares/20140908/patrol_run_34/room_2/features/nonPlanes<pfhrgb_iss_2015-05-22_03-55-59.pcd 0.0409092 0.00107716 0.0022101 5 187,87,66,36,32 60,36,34,23,14 1,0,0,0,0 404976 303 630 46 146 303 630 46 146 404673,165,66,25,16,11,8,7,3,2 0,13,8,9,4,5,3,2,1,1 0,165,66,25,16,11,8,7,3,2 0,13,8,9,4,5,3,2,1,1
/home/michal/Downloads/pcddata/processed/paramtest/dt0,02_mp8000_pp0,001/annotated/rares/20140908/patrol_run_36/room_3/features/nonPlanes<pfhrgb_iss_2015-05-22_03-57-28.pcd 0.0514054 0.000667275 0.0019077 5 249,48,38,28,24 82,24,17,16,12 1,0,0,0,0 369376 265 630 37 126 265 630 37 126 369111,109,61,46,23,11,5,5,1,2,0,1,1 0,6,8,9,6,3,1,3,0,0,0,1,0 0,109,61,46,23,11,5,5,1,2,0,1,1 0,6,8,9,6,3,1,3,0,0,0,1,0
/home/michal/Downloads/pcddata/processed/paramtest/dt0,02_mp8000_pp0,001/annotated/rares/20140908/patrol_run_38/room_2/features/nonPlanes<pfhrgb_iss_2015-05-22_03-59-07.pcd 0.0418957 0.000707256 0.00151108 4 245,70,37,31 73,28,18,12 1,0,0,0 406624 260 630 38 158 260 630 38 158 406364,114,49,38,23,17,9,7,3 0,2,8,7,4,7,4,4,2 0,114,49,38,23,17,9,7,3 0,2,8,7,4,7,4,4,2
/home/michal/Downloads/pcddata/processed/paramtest/dt0,02_mp8000_pp0,001/annotated/rares/20140908/patrol_run_39/room_3/features/nonPlanes<pfhrgb_iss_2015-05-22_04-00-47.pcd 0.0445329 0.000713584 0.00227577 6 96,62,49,41,33,20 42,36,24,12,14,13 -1 397188 302 630 -1 -1 302 630 -1 -1 396886,157,63,38,15,13,6,8,2 -1 0,157,63,38,15,13,6,8,2 -1
/home/michal/Downloads/pcddata/processed/paramtest/dt0,02_mp8000_pp0,001/annotated/rares/20140908/patrol_run_41/room_3/features/nonPlanes<pfhrgb_iss_2015-05-22_04-02-19.pcd 0.0422579 0.000653838 0.00177379 5 248,50,35,31,28 74,21,18,14,14 1,0,0,0,0 379456 267 630 37 160 267 630 37 160 379189,136,51,28,20,11,9,3,2,1,2,1,1,0,0,2 0,11,5,3,3,3,4,2,1,1,1,1,1,0,0,1 0,136,51,28,20,11,9,3,2,1,2,1,1,0,0,2 0,11,5,3,3,3,4,2,1,1,1,1,1,0,0,1
/home/michal/Downloads/pcddata/processed/paramtest/dt0,02_mp8000_pp0,001/annotated/rares/20140908/patrol_run_43/room_3/features/nonPlanes<pfhrgb_iss_2015-05-22_04-03-58.pcd 0.0406667 0.000709236 0.00173003 4 166,55,49,25 58,25,17,13 1,0,0,0 399960 273 630 39 133 273 630 39 133 399687,127,55,33,28,14,7,5,1,3 0,10,7,3,11,3,1,0,1,3 0,127,55,33,28,14,7,5,1,3 0,10,7,3,11,3,1,0,1,3
/home/michal/Downloads/pcddata/processed/paramtest/dt0,02_mp8000_pp0,001/annotated/rares/20140908/patrol_run_45/room_2/features/nonPlanes<pfhrgb_iss_2015-05-22_04-05-43.pcd 0.0495164 0.00175465 0.00133985 3 122,62,25 39,26,14 1,0,0 388773 273 630 36 116 273 630 36 116 388500,126,58,33,24,13,12,1,5,1 0,10,7,6,3,4,3,0,3,0 0,126,58,33,24,13,12,1,5,1 0,10,7,6,3,4,3,0,3,0
/home/michal/Downloads/pcddata/processed/paramtest/dt0,02_mp8000_pp0,001/annotated/rares/20140908/patrol_run_47/room_3/features/nonPlanes<pfhrgb_iss_2015-05-22_04-07-17.pcd 0.0407639 0.000517923 0.00128663 4 147,70,61,52 47,29,23,25 1,0,0,0 395307 284 630 27 96 284 630 27 96 395023,148,56,21,23,15,14,5,0,1,0,0,1 0,4,5,5,6,2,2,3,0,0,0,0,0 0,148,56,21,23,15,14,5,0,1,0,0,1 0,4,5,5,6,2,2,3,0,0,0,0,0
/home/michal/Downloads/pcddata/processed/paramtest/dt0,02_mp8000_pp0,001/annotated/rares/20140909/patrol_run_49/room_3/features/nonPlanes<pfhrgb_iss_2015-05-22_04-09-02.pcd 0.0399677 0.000795078 0.00147297 6 112,100,55,49,48,32 36,55,23,22,22,17 1,0,0,0,0,0 434511 307 630 18 80 307 630 18 80 434204,166,64,35,16,15,3,2,3,0,1,1,0,0,0,1 0,4,1,4,2,3,1,0,1,0,1,0,0,0,0,1 0,166,64,35,16,15,3,2,3,0,1,1,0,0,0,1 0,4,1,4,2,3,1,0,1,0,1,0,0,0,0,1
/home/michal/Downloads/pcddata/processed/paramtest/dt0,02_mp8000_pp0,001/annotated/rares/20140909/patrol_run_51/room_3/features/nonPlanes<pfhrgb_iss_2015-05-22_04-10-34.pcd 0.0405507 0.000962784 0.00134195 4 258,68,42,15 71,27,26,13 1,0,0,0 698841 270 630 46 194 270 630 46 194 698571,127,60,29,20,17,7,3,3,2,0,1,0,0,0,1 0,7,7,6,5,10,5,3,1,0,0,1,0,0,0,1 0,127,60,29,20,17,7,3,3,2,0,1,0,0,0,1 0,7,7,6,5,10,5,3,1,0,0,1,0,0,0,1
/home/michal/Downloads/pcddata/processed/paramtest/dt0,02_mp8000_pp0,001/annotated/rares/20140909/patrol_run_53/room_3/features/nonPlanes<pfhrgb_iss_2015-05-22_04-12-43.pcd 0.0371788 0.000709401 0.00142147 6 244,40,39,38,33,31 91,18,18,21,19,18 1,0,0,0,0,0 404481 298 630 32 114 298 630 32 114 404183,158,54,36,25,9,7,5,2,2 0,8,2,8,4,3,3,3,1,0 0,158,54,36,25,9,7,5,2,2 0,8,2,8,4,3,3,3,1,0
/home/michal/Downloads/pcddata/processed/paramtest/dt0,02_mp8000_pp0,001/annotated/rares/20140909/patrol_run_55/room_3/features/nonPlanes<pfhrgb_iss_2015-05-22_04-14-33.pcd 0.0431557 0.00107916 0.00144169 7 227,57,35,31,24,23,23 75,27,23,17,15,14,14 1,0,0,0,0,0,0 421344 294 630 41 158 294 630 41 158 421050,145,71,32,17,14,8,2,1,3,0,0,1 0,8,7,5,5,8,4,1,0,2,0,0,1 0,145,71,32,17,14,8,2,1,3,0,0,1 0,8,7,5,5,8,4,1,0,2,0,0,1
/home/michal/Downloads/pcddata/processed/paramtest/dt0,02_mp8000_pp0,001/annotated/rares/20140909/patrol_run_59/room_3/features/nonPlanes<pfhrgb_iss_2015-05-22_04-16-26.pcd 0.049474 0.000729122 0.00125277 7 157,92,40,37,34,30,23 53,31,16,13,13,15,16 1,0,0,0,0,0,0 432300 278 630 27 101 278 630 27 101 432022,128,66,40,16,12,6,3,3,1,0,1,1,1 0,6,5,5,5,1,1,2,0,0,0,0,1,1 0,128,66,40,16,12,6,3,3,1,0,1,1,1 0,6,5,5,5,1,1,2,0,0,0,0,1,1
/home/michal/Downloads/pcddata/processed/paramtest/dt0,02_mp8000_pp0,001/annotated/rares/20140909/patrol_run_61/room_3/features/nonPlanes<pfhrgb_iss_2015-05-22_04-18-26.pcd 0.0462119 0.00203844 0.00194651 5 136,119,82,41,21 50,42,23,23,14 0,0,0,0,0 430122 271 630 19 53 271 630 19 53 429851,127,51,36,29,12,8,3,1,2,1,0,1 0,6,3,5,2,1,1,1,0,0,0,0,0 0,127,51,36,29,12,8,3,1,2,1,0,1 0,6,3,5,2,1,1,1,0,0,0,0,0
/home/michal/Downloads/pcddata/processed/paramtest/dt0,02_mp8000_pp0,001/annotated/rares/20140909/patrol_run_63/room_3/features/nonPlanes<pfhrgb_iss_2015-05-22_04-20-03.pcd 0.053373 0.00102558 0.00210376 3 127,60,38 55,32,16 0,0,0 391314 312 630 1 1 312 630 1 1 391002,164,70,32,23,11,7,1,3,0,1 0,1,0,0,0,0,0,0,0,0,0 0,164,70,32,23,11,7,1,3,0,1 0,1,0,0,0,0,0,0,0,0,0
/home/michal/Downloads/pcddata/processed/paramtest/dt0,02_mp8000_pp0,001/annotated/rares/20140910/patrol_run_67/room_3/features/nonPlanes<pfhrgb_iss_2015-05-22_04-21-55.pcd 0.0446653 0.00114192 0.00168956 6 226,65,54,38,37,35 77,35,23,19,13,19 1,0,0,0,0,0 460647 281 630 41 148 281 630 41 148 460366,139,54,34,23,14,9,5,1,0,1,0,1 0,9,6,7,7,5,4,1,0,0,1,0,1 0,139,54,34,23,14,9,5,1,0,1,0,1 0,9,6,7,7,5,4,1,0,0,1,0,1
/home/michal/Downloads/pcddata/processed/paramtest/dt0,02_mp8000_pp0,001/annotated/rares/20140910/patrol_run_69/room_3/features/nonPlanes<pfhrgb_iss_2015-05-22_04-23-31.pcd 0.0440485 0.00171782 0.00150433 5 233,88,62,39,29 70,38,30,13,15 1,0,0,0,0 382239 269 630 40 152 269 630 40 152 381970,123,57,38,24,9,8,4,1,2,1,1,0,0,0,1 0,5,6,8,11,3,4,0,1,1,0,1,0,0,0,0 0,123,57,38,24,9,8,4,1,2,1,1,0,0,0,1 0,5,6,8,11,3,4,0,1,1,0,1,0,0,0,0
/home/michal/Downloads/pcddata/processed/paramtest/dt0,02_mp8000_pp0,001/annotated/rares/20140910/patrol_run_71/room_3/features/nonPlanes<pfhrgb_iss_2015-05-22_04-25-01.pcd 0.0491926 0.00157496 0.00162153 3 237,92,67 79,45,24 1,0,0 472461 280 630 48 160 280 630 48 160 472181,140,46,42,20,16,11,1,1,1,1,0,1 0,12,5,8,11,5,5,1,1,0,0,0,0 0,140,46,42,20,16,11,1,1,1,1,0,1 0,12,5,8,11,5,5,1,1,0,0,0,0
/home/michal/Downloads/pcddata/processed/paramtest/dt0,02_mp8000_pp0,001/annotated/rares/20140910/patrol_run_74/room_3/features/nonPlanes<pfhrgb_iss_2015-05-22_04-26-24.pcd 0.0467961 0.0010883 0.00128746 6 144,144,47,44,40,22 59,45,21,20,13,12 0,1,0,0,0,0 426888 279 630 19 74 279 630 19 74 426609,121,65,45,26,9,6,2,3,1,0,0,1 0,2,4,4,5,1,0,1,1,0,0,0,1 0,121,65,45,26,9,6,2,3,1,0,0,1 0,2,4,4,5,1,0,1,1,0,0,0,1
/home/michal/Downloads/pcddata/processed/paramtest/dt0,02_mp8000_pp0,001/annotated/rares/20140910/patrol_run_77/room_4/features/nonPlanes<pfhrgb_iss_2015-05-22_04-27-43.pcd 0.0497036 0.00069898 0.00194799 5 114,88,56,38,24 28,36,19,21,14 0,1,0,0,0 392700 271 630 20 35 271 630 20 35 392429,121,58,42,22,9,9,4,3,2,1 0,12,3,4,0,1,0,0,0,0,0 0,121,58,42,22,9,9,4,3,2,1 0,12,3,4,0,1,0,0,0,0,0
/home/michal/Downloads/pcddata/processed/paramtest/dt0,02_mp8000_pp0,001/annotated/rares/20140910/patrol_run_79/room_2/features/nonPlanes<pfhrgb_iss_2015-05-22_04-29-04.pcd 0.0573472 0.00111696 0.00112699 4 116,62,52,29 29,33,20,13 0,0,0,0 393294 255 630 4 7 255 630 4 7 393039,123,39,33,32,10,5,6,2,1,0,2,0,0,0,1,0,0,1 0,3,0,0,1,0,0,0,0,0,0,0,0,0,0,0,0,0,0 0,123,39,33,32,10,5,6,2,1,0,2,0,0,0,1,0,0,1 0,3,0,0,1,0,0,0,0,0,0,0,0,0,0,0,0,0,0
/home/michal/Downloads/pcddata/processed/paramtest/dt0,02_mp8000_pp0,001/annotated/rares/20140910/patrol_run_81/room_2/features/nonPlanes<pfhrgb_iss_2015-05-22_04-29-37.pcd 0.0576464 0.00127255 0.00159711 5 103,55,38,23,20 22,20,12,12,12 0,0,0,0,0 377600 294 630 2 2 294 630 2 2 377306,158,67,21,15,11,13,2,2,1,3,0,0,1 0,2,0,0,0,0,0,0,0,0,0,0,0,0 0,158,67,21,15,11,13,2,2,1,3,0,0,1 0,2,0,0,0,0,0,0,0,0,0,0,0,0
/home/michal/Downloads/pcddata/processed/paramtest/dt0,02_mp8000_pp0,001/annotated/rares/20140911/patrol_run_82/room_3/features/nonPlanes<pfhrgb_iss_2015-05-22_04-30-56.pcd 0.0625929 0.00113802 0.00230054 4 231,61,35,20 66,26,12,13 1,0,0,0 449592 268 630 43 177 268 630 43 177 449324,129,48,38,15,22,5,6,1,1,1,2 0,8,6,5,6,9,2,3,1,0,1,2 0,129,48,38,15,22,5,6,1,1,1,2 0,8,6,5,6,9,2,3,1,0,1,2
/home/michal/Downloads/pcddata/processed/paramtest/dt0,02_mp8000_pp0,001/annotated/rares/20140911/patrol_run_84/room_3/features/nonPlanes<pfhrgb_iss_2015-05-22_04-31-46.pcd 0.0626987 0.00199622 0.00207474 4 198,39,36,29 57,18,17,12 1,0,0,0 388773 277 630 36 137 277 630 36 137 388496,127,70,27,17,19,10,2,2,2,0,1 0,5,5,6,7,8,2,1,1,1,0,0 0,127,70,27,17,19,10,2,2,2,0,1 0,5,5,6,7,8,2,1,1,1,0,0
/home/michal/Downloads/pcddata/processed/paramtest/dt0,02_mp8000_pp0,001/annotated/rares/20140911/patrol_run_88/room_3/features/nonPlanes<pfhrgb_iss_2015-05-22_04-32-29.pcd 0.0462693 0.000699411 0.00158045 6 168,61,47,44,42,31 62,22,16,16,18,15 1,0,0,0,0,0 393294 290 630 38 119 290 630 38 119 393004,137,66,41,19,14,8,2,1,0,1,0,1 0,12,5,7,7,3,1,1,1,0,0,0,1 0,137,66,41,19,14,8,2,1,0,1,0,1 0,12,5,7,7,3,1,1,1,0,0,0,1
/home/michal/Downloads/pcddata/processed/paramtest/dt0,02_mp8000_pp0,001/annotated/rares/20140911/patrol_run_90/room_3/features/nonPlanes<pfhrgb_iss_2015-05-22_04-33-05.pcd 0.0431586 0.000504586 0.00127759 5 140,86,43,43,36 46,38,23,21,19 1,0,0,0,0 393822 286 630 28 95 286 630 28 95 393536,137,54,35,35,17,4,2,1,1 0,5,6,4,6,4,1,1,0,1 0,137,54,35,35,17,4,2,1,1 0,5,6,4,6,4,1,1,0,1
/home/michal/Downloads/pcddata/processed/paramtest/dt0,02_mp8000_pp0,001/annotated/rares/20140911/patrol_run_92/room_3/features/nonPlanes<pfhrgb_iss_2015-05-22_04-33-40.pcd 0.0476032 0.00059332 0.00141246 7 106,58,50,44,29,29,16 35,28,18,27,18,14,12 1,0,0,0,0,0,0 396032 310 630 26 87 310 630 26 87 395722,163,68,37,19,10,4,5,2,1,1 0,5,5,5,3,5,1,2,0,0,0 0,163,68,37,19,10,4,5,2,1,1 0,5,5,5,3,5,1,2,0,0,0
/home/michal/Downloads/pcddata/processed/paramtest/dt0,02_mp8000_pp0,001/annotated/rares/20140912/patrol_run_100/room_3/features/nonPlanes<pfhrgb_iss_2015-05-22_04-34-14.pcd 0.0608949 0.000605872 0.00198816 5 141,72,41,34,30 40,32,14,15,15 1,0,0,0,0 369376 273 630 23 100 273 630 23 100 369103,131,57,26,29,12,8,6,3,0,0,0,0,0,0,0,0,1 0,3,2,4,7,3,1,1,1,0,0,0,0,0,0,0,0,1 0,131,57,26,29,12,8,6,3,0,0,0,0,0,0,0,0,1 0,3,2,4,7,3,1,1,1,0,0,0,0,0,0,0,0,1
/home/michal/Downloads/pcddata/processed/paramtest/dt0,02_mp8000_pp0,001/annotated/rares/20140912/patrol_run_102/room_3/features/nonPlanes<pfhrgb_iss_2015-05-22_04-35-16.pcd 0.0566691 0.000745783 0.00146065 5 242,51,43,37,32 73,23,17,15,17 1,0,0,0,0 441664 259 630 46 176 259 630 46 176 441405,115,52,36,20,19,9,4,0,0,1,1,1,1 0,6,8,6,10,8,4,3,0,0,0,1,0,0 0,115,52,36,20,19,9,4,0,0,1,1,1,1 0,6,8,6,10,8,4,3,0,0,0,1,0,0
/home/michal/Downloads/pcddata/processed/paramtest/dt0,02_mp8000_pp0,001/annotated/rares/20140912/patrol_run_104/room_3/features/nonPlanes<pfhrgb_iss_2015-05-22_04-36-08.pcd 0.0563768 0.00100118 0.00239908 8 123,69,64,33,31,25,25,21 51,32,30,16,14,14,12,13 1,0,0,0,0,0,0,0 386496 322 630 27 87 322 630 27 87 386174,178,60,43,21,11,3,3,2,1 0,8,2,6,6,2,0,2,0,1 0,178,60,43,21,11,3,3,2,1 0,8,2,6,6,2,0,2,0,1
/home/michal/Downloads/pcddata/processed/paramtest/dt0,02_mp8000_pp0,001/annotated/rares/20140912/patrol_run_94/room_3/features/nonPlanes<pfhrgb_iss_2015-05-22_04-36-50.pcd 0.0444169 0.000547122 0.0017054 5 213,81,41,35,34 69,39,13,15,18 1,0,0,0,0 431244 279 630 34 134 279 630 34 134 430965,133,59,39,19,9,10,6,2,0,0,1,1 0,6,6,5,3,5,4,3,1,0,0,1,0 0,133,59,39,19,9,10,6,2,0,0,1,1 0,6,6,5,3,5,4,3,1,0,0,1,0
/home/michal/Downloads/pcddata/processed/paramtest/dt0,02_mp8000_pp0,001/annotated/rares/20140912/patrol_run_96/room_2/features/nonPlanes<pfhrgb_iss_2015-05-22_04-37-31.pcd 0.0511751 0.000702985 0.00208415 7 257,76,34,32,30,28,24 92,34,22,13,14,15,12 1,0,0,0,0,0,0 375144 274 630 37 144 274 630 37 144 374870,127,62,38,20,14,4,3,1,1,1,1,0,1,0,0,0,0,0,1 0,9,5,7,6,4,0,2,1,1,1,0,0,0,0,0,0,0,0,1 0,127,62,38,20,14,4,3,1,1,1,1,0,1,0,0,0,0,0,1 0,9,5,7,6,4,0,2,1,1,1,0,0,0,0,0,0,0,0,1
/home/michal/Downloads/pcddata/processed/paramtest/dt0,02_mp8000_pp0,001/annotated/rares/20140912/patrol_run_98/room_3/features/nonPlanes<pfhrgb_iss_2015-05-22_04-38-23.pcd 0.0479587 0.000665824 0.00136801 6 217,54,35,31,30,23 68,27,19,13,21,12 1,0,0,0,0,0 385506 289 630 33 132 289 630 33 132 385217,141,61,36,27,9,7,4,2,1,0,1 0,8,0,6,7,2,5,3,1,1,0,0 0,141,61,36,27,9,7,4,2,1,0,1 0,8,0,6,7,2,5,3,1,1,0,0
/home/michal/Downloads/pcddata/processed/paramtest/dt0,02_mp8000_pp0,001/annotated/rares/20140921/patrol_run_110/room_2/features/nonPlanes<pfhrgb_iss_2015-05-22_04-39-11.pcd 0.0458093 0.000543054 0.00131084 4 186,25,24,22 47,13,12,13 0,0,0,0 392224 219 630 0 0 219 630 0 0 392005,94,49,25,11,9,7,6,4,3,4,2,2,1,1,0,0,0,1 0,0,0,0,0,0,0,0,0,0,0,0,0,0,0,0,0,0,0 0,94,49,25,11,9,7,6,4,3,4,2,2,1,1,0,0,0,1 0,0,0,0,0,0,0,0,0,0,0,0,0,0,0,0,0,0,0
/home/michal/Downloads/pcddata/processed/paramtest/dt0,02_mp8000_pp0,001/annotated/rares/20140921/patrol_run_112/room_2/features/nonPlanes<pfhrgb_iss_2015-05-22_04-40-50.pcd 0.0458335 0.000529018 0.00143445 5 159,41,39,37,20 71,17,19,15,15 0,0,0,0,0 408408 310 630 13 33 310 630 13 33 408098,155,70,39,25,12,5,4 0,3,5,1,3,1,0,0 0,155,70,39,25,12,5,4 0,3,5,1,3,1,0,0
/home/michal/Downloads/pcddata/processed/paramtest/dt0,02_mp8000_pp0,001/annotated/rares/20140921/patrol_run_114/room_1/features/nonPlanes<pfhrgb_iss_2015-05-22_04-42-22.pcd 0.0541721 0.0019346 0.00131859 4 145,58,38,19 50,26,13,12 0,0,0,0 410652 275 630 5 24 275 630 5 24 410377,139,42,36,25,16,11,4,0,0,1,0,0,0,0,1 0,2,1,0,0,1,0,0,0,0,0,0,0,0,0,1 0,139,42,36,25,16,11,4,0,0,1,0,0,0,0,1 0,2,1,0,0,1,0,0,0,0,0,0,0,0,0,1
/home/michal/Downloads/pcddata/processed/paramtest/dt0,02_mp8000_pp0,001/annotated/rares/20140922/patrol_run_116/room_2/features/nonPlanes<pfhrgb_iss_2015-05-22_04-43-08.pcd 0.0392069 0.000719059 0.00125499 6 160,81,37,34,25,17 53,27,13,19,12,14 0,0,0,1,0,0 409959 273 630 13 28 273 630 13 28 409686,134,56,27,24,9,10,6,4,2,1 0,8,2,1,1,0,0,0,0,1,0 0,134,56,27,24,9,10,6,4,2,1 0,8,2,1,1,0,0,0,0,1,0
/home/michal/Downloads/pcddata/processed/paramtest/dt0,02_mp8000_pp0,001/annotated/rares/20140922/patrol_run_118/room_2/features/nonPlanes<pfhrgb_iss_2015-05-22_04-44-05.pcd 0.0469309 0.000731393 0.00235682 7 102,100,91,74,43,23,22 40,45,35,22,31,12,12 0,0,0,1,0,0,0 403293 293 630 21 72 293 630 21 72 403000,136,73,33,29,12,5,2,1,1,0,0,1 0,6,4,2,4,3,0,0,0,1,0,0,1 0,136,73,33,29,12,5,2,1,1,0,0,1 0,6,4,2,4,3,0,0,0,1,0,0,1
/home/michal/Downloads/pcddata/processed/paramtest/dt0,02_mp8000_pp0,001/annotated/rares/20140922/patrol_run_120/room_1/features/nonPlanes<pfhrgb_iss_2015-05-22_04-44-43.pcd 0.044696 0.00130195 0.00130706 7 86,84,46,41,38,38,37 31,26,21,18,25,21,14 0,1,0,0,0,0,0 407808 285 630 23 72 285 630 23 72 407523,131,67,33,27,14,8,2,1,2 0,4,7,3,6,1,0,1,0,1 0,131,67,33,27,14,8,2,1,2 0,4,7,3,6,1,0,1,0,1
/home/michal/Downloads/pcddata/processed/paramtest/dt0,02_mp8000_pp0,001/annotated/rares/20140922/patrol_run_124/room_2/features/nonPlanes<pfhrgb_iss_2015-05-22_04-46-08.pcd 0.059645 0.000989625 0.00231559 7 84,79,48,46,43,41,20 38,42,25,14,25,20,13 0,0,0,1,0,0,0 459030 337 630 13 44 337 630 13 44 458693,190,77,25,24,15,2,4 0,3,2,1,3,3,0,1 0,190,77,25,24,15,2,4 0,3,2,1,3,3,0,1
/home/michal/Downloads/pcddata/processed/paramtest/dt0,02_mp8000_pp0,001/annotated/rares/20140922/patrol_run_126/room_2/features/nonPlanes<pfhrgb_iss_2015-05-22_04-47-23.pcd 0.053974 0.000765605 0.0024323 7 74,72,51,43,43,24,21 23,39,23,26,25,12,12 0,0,0,0,0,0,0 407456 317 630 9 19 317 630 9 19 407139,160,82,36,20,11,4,1,1,0,1,0,0,0,1 0,4,3,1,0,0,1,0,0,0,0,0,0,0,0 0,160,82,36,20,11,4,1,1,0,1,0,0,0,1 0,4,3,1,0,0,1,0,0,0,0,0,0,0,0
/home/michal/Downloads/pcddata/processed/paramtest/dt0,02_mp8000_pp0,001/annotated/rares/20140922/patrol_run_128/room_2/features/nonPlanes<pfhrgb_iss_2015-05-22_04-49-21.pcd 0.0567024 0.000771844 0.0022777 7 87,80,69,47,40,20,19 38,26,23,13,18,12,14 0,1,0,0,0,0,0 391072 281 630 22 71 281 630 22 71 390791,142,60,30,18,14,6,4,1,3,1,1,0,0,0,0,1 0,5,5,3,3,3,2,0,1,0,0,0,0,0,0,0,0 0,142,60,30,18,14,6,4,1,3,1,1,0,0,0,0,1 0,5,5,3,3,3,2,0,1,0,0,0,0,0,0,0,0
/home/michal/Downloads/pcddata/processed/paramtest/dt0,02_mp8000_pp0,001/annotated/rares/20140922/patrol_run_130/room_2/features/nonPlanes<pfhrgb_iss_2015-05-22_04-50-13.pcd 0.0560559 0.00174163 0.00187848 5 104,83,56,40,25 33,38,36,15,13 1,0,0,0,0 419200 279 630 28 95 279 630 28 95 418921,139,64,26,19,14,4,6,2,1,0,2,0,2 0,8,5,5,3,2,2,1,1,0,0,0,0,1 0,139,64,26,19,14,4,6,2,1,0,2,0,2 0,8,5,5,3,2,2,1,1,0,0,0,0,1
/home/michal/Downloads/pcddata/processed/paramtest/dt0,02_mp8000_pp0,001/annotated/rares/20140922/patrol_run_132/room_1/features/nonPlanes<pfhrgb_iss_2015-05-22_04-50-48.pcd 0.0440963 0.000694236 0.00132659 6 114,89,54,50,38,28 39,35,16,26,21,18 -1 397188 288 630 -1 -1 288 630 -1 -1 396900,141,66,32,20,13,6,2,6,2 -1 0,141,66,32,20,13,6,2,6,2 -1
/home/michal/Downloads/pcddata/processed/paramtest/dt0,02_mp8000_pp0,001/annotated/rares/20140922/patrol_run_134/room_2/features/nonPlanes<pfhrgb_iss_2015-05-22_04-51-33.pcd 0.0475962 0.000690958 0.0015867 7 80,79,56,55,40,40,37 29,31,30,25,23,15,19 1,0,0,0,0,0,0 400554 300 630 23 72 300 630 23 72 400254,145,74,29,31,10,6,2,2,0,1 0,8,3,2,5,2,2,0,0,0,1 0,145,74,29,31,10,6,2,2,0,1 0,8,3,2,5,2,2,0,0,0,1
/home/michal/Downloads/pcddata/processed/paramtest/dt0,02_mp8000_pp0,001/annotated/rares/20140922/patrol_run_138/room_2/features/nonPlanes<pfhrgb_iss_2015-05-22_04-52-23.pcd 0.0518477 0.0016017 0.00151999 5 83,75,55,54,40 31,26,25,20,15 0,0,0,0,1 408408 273 630 11 33 273 630 11 33 408135,131,58,28,26,13,5,4,4,1,2,1 0,2,4,0,3,1,1,0,0,0,0,0 0,131,58,28,26,13,5,4,4,1,2,1 0,2,4,0,3,1,1,0,0,0,0,0
/home/michal/Downloads/pcddata/processed/paramtest/dt0,02_mp8000_pp0,001/annotated/rares/20140923/patrol_run_139/room_2/features/nonPlanes<pfhrgb_iss_2015-05-22_04-53-50.pcd 0.0524192 0.000975176 0.00182004 8 136,80,54,46,42,35,35,31 41,32,23,18,17,22,22,16 1,0,0,0,0,0,0,0 392224 277 630 34 123 277 630 34 123 391947,128,63,31,22,16,9,6,1,0,0,1 0,6,9,4,3,4,5,2,0,0,0,1 0,128,63,31,22,16,9,6,1,0,0,1 0,6,9,4,3,4,5,2,0,0,0,1
/home/michal/Downloads/pcddata/processed/paramtest/dt0,02_mp8000_pp0,001/annotated/rares/20140923/patrol_run_141/room_2/features/nonPlanes<pfhrgb_iss_2015-05-22_04-54-30.pcd 0.0586914 0.00104931 0.00214697 8 142,74,49,48,39,35,28,25 36,24,27,25,19,18,21,12 1,0,0,0,0,0,0,0 407286 268 630 33 138 268 630 33 138 407018,119,66,35,15,13,8,6,4,0,0,0,1,0,0,1 0,3,13,3,3,1,2,4,2,0,0,0,1,0,0,1 0,119,66,35,15,13,8,6,4,0,0,0,1,0,0,1 0,3,13,3,3,1,2,4,2,0,0,0,1,0,0,1
/home/michal/Downloads/pcddata/processed/paramtest/dt0,02_mp8000_pp0,001/annotated/rares/20140923/patrol_run_144/room_2/features/nonPlanes<pfhrgb_iss_2015-05-22_04-56-01.pcd 0.0668966 0.00304417 0.00202229 5 142,105,78,53,22 47,43,37,25,12 1,0,0,0,0 375744 288 630 26 97 288 630 26 97 375456,139,63,32,27,14,6,3,3,0,1 0,2,7,3,7,4,1,0,1,0,1 0,139,63,32,27,14,6,3,3,0,1 0,2,7,3,7,4,1,0,1,0,1
/home/michal/Downloads/pcddata/processed/paramtest/dt0,02_mp8000_pp0,001/annotated/rares/20140923/patrol_run_146/room_2/features/nonPlanes<pfhrgb_iss_2015-05-22_04-56-39.pcd 0.058231 0.000688383 0.00203468 6 157,97,66,46,38,32 54,40,31,18,16,12 1,0,0,0,0,0 380688 263 630 27 94 263 630 27 94 380425,110,65,38,18,11,13,4,1,0,1,1,0,0,1 0,9,5,2,1,3,4,1,1,0,0,1,0,0,0 0,110,65,38,18,11,13,4,1,0,1,1,0,0,1 0,9,5,2,1,3,4,1,1,0,0,1,0,0,0
/home/michal/Downloads/pcddata/processed/paramtest/dt0,02_mp8000_pp0,001/annotated/rares/20140923/patrol_run_148/room_2/features/nonPlanes<pfhrgb_iss_2015-05-22_04-57-17.pcd 0.0513635 0.00116484 0.00228153 7 89,67,53,51,49,34,31 33,25,26,23,26,23,13 0,0,0,0,0,0,1 391545 279 630 11 24 279 630 11 24 391266,135,65,27,18,13,9,7,1,4 0,5,3,1,0,2,0,0,0,0 0,135,65,27,18,13,9,7,1,4 0,5,3,1,0,2,0,0,0,0
/home/michal/Downloads/pcddata/processed/paramtest/dt0,02_mp8000_pp0,001/annotated/rares/20140923/patrol_run_150/room_2/features/nonPlanes<pfhrgb_iss_2015-05-22_04-58-20.pcd 0.0922206 0.001713 0.00223541 5 122,79,70,51,26 48,30,37,28,14 0,1,0,0,0 368448 286 630 21 62 286 630 21 62 368162,131,76,30,19,13,7,8,1,0,1 0,5,7,2,2,2,2,1,0,0,0 0,131,76,30,19,13,7,8,1,0,1 0,5,7,2,2,2,2,1,0,0,0
/home/michal/Downloads/pcddata/processed/paramtest/dt0,02_mp8000_pp0,001/annotated/rares/20140924/patrol_run_152/room_2/features/nonPlanes<pfhrgb_iss_2015-05-22_04-59-39.pcd 0.0576691 0.00236394 0.00178058 6 111,69,37,37,34,31 38,23,18,15,12,12 1,0,0,0,0,0 365568 271 630 35 101 271 630 35 101 365297,122,55,40,23,14,9,6,0,0,2 0,10,11,4,0,5,3,2,0,0,0 0,122,55,40,23,14,9,6,0,0,2 0,10,11,4,0,5,3,2,0,0,0
/home/michal/Downloads/pcddata/processed/paramtest/dt0,02_mp8000_pp0,001/annotated/rares/20140924/patrol_run_156/room_2/features/nonPlanes<pfhrgb_iss_2015-05-22_05-00-21.pcd 0.0518873 0.000669089 0.00198282 5 106,61,55,41,30 44,25,24,20,16 0,1,0,0,0 369600 282 630 19 48 282 630 19 48 369318,134,54,42,22,16,6,7,0,1 0,5,8,2,1,2,0,1,0,0 0,134,54,42,22,16,6,7,0,1 0,5,8,2,1,2,0,1,0,0
/home/michal/Downloads/pcddata/processed/paramtest/dt0,02_mp8000_pp0,001/annotated/rares/20140924/patrol_run_158/room_1/features/nonPlanes<pfhrgb_iss_2015-05-22_05-01-59.pcd 0.0599851 0.000658562 0.00203929 8 77,64,63,43,41,41,39,34 32,24,23,20,16,14,21,18 0,0,1,0,0,0,0,0 379962 268 630 20 55 268 630 20 55 379694,116,53,42,34,14,3,0,1,2,2,0,1 0,9,2,2,4,2,0,0,0,0,1,0,0 0,116,53,42,34,14,3,0,1,2,2,0,1 0,9,2,2,4,2,0,0,0,0,1,0,0
/home/michal/Downloads/pcddata/processed/paramtest/dt0,02_mp8000_pp0,001/annotated/rares/20140924/patrol_run_162/room_2/features/nonPlanes<pfhrgb_iss_2015-05-22_05-02-49.pcd 0.0617261 0.00208568 0.00180692 4 124,83,42,20 37,18,22,12 -1 410816 253 630 -1 -1 253 630 -1 -1 410563,118,50,28,19,15,7,6,3,4,1,1,1 -1 0,118,50,28,19,15,7,6,3,4,1,1,1 -1
/home/michal/Downloads/pcddata/processed/paramtest/dt0,02_mp8000_pp0,001/annotated/rares/20140924/patrol_run_164/room_1/features/nonPlanes<pfhrgb_iss_2015-05-22_05-03-36.pcd 0.0632462 0.00109211 0.00213923 6 156,55,44,27,26,26 62,21,13,17,13,13 -1 394284 284 630 -1 -1 284 630 -1 -1 394000,145,52,34,28,8,8,3,2,2,0,1,0,1 -1 0,145,52,34,28,8,8,3,2,2,0,1,0,1 -1
/home/michal/Downloads/pcddata/processed/paramtest/dt0,02_mp8000_pp0,001/annotated/rares/20140924/patrol_run_166/room_2/features/nonPlanes<pfhrgb_iss_2015-05-22_05-04-30.pcd 0.0707344 0.00102694 0.00117124 3 182,64,51 66,20,12 -1 378378 255 630 -1 -1 255 630 -1 -1 378123,114,54,27,21,18,9,5,2,4,0,0,1 -1 0,114,54,27,21,18,9,5,2,4,0,0,1 -1
