obj_search:
  camera_z: 1.7
  ceiling_z: 2.27
  floor_z: 0
  object_query: {K: 5}
  processed_data_dir: /home/michal/Downloads/pcddata/processed/
  raw_data_dir: /media/michal/Pauli/masterdata/raw/
object_query: {K: 10, cluster_maxsize: 500, cluster_minsize: 12, cluster_tolerance: 0.25,
  clusters_to_results: true, extract_mult: 1.3, match: nonPlanes<pfhrgb_iss, n_max_points: 400,
  output_dir: 'NULL', query_features: '/home/michal/Downloads/pcddata/processed/query/queryobjects/0,01/backpack2/features/rgb_0003_label_backpack2<pfhrgb_iss_2015-05-26_15-02-55.pcd',
  results_out: '/home/michal/Downloads/pcddata/processed/query/k10_mx400_t0,25/dt0,02_mp8000_pp0,001',
  subdirs: 4, target_features: '/media/michal/Pauli/masterdata/processed/paramtest/dt0,02_mp8000_pp0,001',
  x_step_hough: 0.05, y_step_hough: 0.05, z_step_hough: 0.05}
rosdistro: 'indigo

  '
roslaunch:
  uris: {host_tycho__34406: 'http://tycho:34406/'}
rosversion: '1.11.10

  '
run_id: c77f4fd2-08ca-11e5-ae41-3c970e77227e
BEGIN_DATA
# fname t_query t_hough t_cluster cluster_n cluster_scores cluster_points cluster_inobb n_hough_tot nonzero_hough hough_votes boxpts boxvotes maxpts maxvotes maxboxpts maxboxvotes hough_hist box_hist max_hist boxmax_hist
/media/michal/Pauli/masterdata/processed/paramtest/dt0,02_mp8000_pp0,001/annotated/rares/20140820/patrol_run_2/room_1/features/nonPlanes<pfhrgb_iss_2015-05-22_03-21-21.pcd 0.0701112 0.00111136 0.00230588 6 159,110,60,59,26,20 53,43,21,26,17,13 1,0,0,0,0,0 386100 271 630 38 131 271 630 38 131 385829,129,50,31,29,19,5,4,1,1,1,0,1 0,11,4,7,6,4,3,1,0,0,1,0,1 0,129,50,31,29,19,5,4,1,1,1,0,1 0,11,4,7,6,4,3,1,0,0,1,0,1
/media/michal/Pauli/masterdata/processed/paramtest/dt0,02_mp8000_pp0,001/annotated/rares/20140820/patrol_run_4/room_0/features/nonPlanes<pfhrgb_iss_2015-05-22_03-23-14.pcd 0.050129 0.00158529 0.00193843 7 200,77,44,36,34,29,25 53,43,19,18,19,13,13 1,0,0,0,0,0,0 413127 284 630 33 157 284 630 33 157 412843,138,66,42,12,8,9,2,2,1,1,1,1,0,0,0,0,0,0,0,1 0,4,8,5,3,2,3,2,2,1,0,1,1,0,0,0,0,0,0,0,1 0,138,66,42,12,8,9,2,2,1,1,1,1,0,0,0,0,0,0,0,1 0,4,8,5,3,2,3,2,2,1,0,1,1,0,0,0,0,0,0,0,1
/media/michal/Pauli/masterdata/processed/paramtest/dt0,02_mp8000_pp0,001/annotated/rares/20140828/patrol_run_19/room_3/features/nonPlanes<pfhrgb_iss_2015-05-22_03-24-57.pcd 0.0539625 0.00103705 0.00128412 5 105,102,26,24,23 37,49,21,14,12 0,1,0,0,0 400554 277 630 24 50 277 630 24 50 400277,142,54,27,20,17,5,4,2,3,1,1,1 0,13,5,0,3,3,0,0,0,0,0,0,0 0,142,54,27,20,17,5,4,2,3,1,1,1 0,13,5,0,3,3,0,0,0,0,0,0,0
/media/michal/Pauli/masterdata/processed/paramtest/dt0,02_mp8000_pp0,001/annotated/rares/20140829/patrol_run_20/room_3/features/nonPlanes<pfhrgb_iss_2015-05-22_03-26-44.pcd 0.0630828 0.000717135 0.00193832 4 226,55,44,34 63,24,18,15 1,0,0,0 394284 237 630 39 144 237 630 39 144 394047,105,42,26,22,14,11,7,6,1,2,0,0,1 0,7,8,7,3,4,5,3,1,1,0,0,0,0 0,105,42,26,22,14,11,7,6,1,2,0,0,1 0,7,8,7,3,4,5,3,1,1,0,0,0,0
/media/michal/Pauli/masterdata/processed/paramtest/dt0,02_mp8000_pp0,001/annotated/rares/20140829/patrol_run_26/room_2/features/nonPlanes<pfhrgb_iss_2015-05-22_03-27-37.pcd 0.0482555 0.00179162 0.00197212 7 103,97,61,51,51,45,45 26,44,24,27,16,20,17 1,0,0,0,0,0,0 393822 252 630 23 87 252 630 23 87 393570,109,53,33,22,13,10,3,4,2,2,0,1 0,5,6,2,2,3,2,0,1,1,0,0,1 0,109,53,33,22,13,10,3,4,2,2,0,1 0,5,6,2,2,3,2,0,1,1,0,0,1
/media/michal/Pauli/masterdata/processed/paramtest/dt0,02_mp8000_pp0,001/annotated/rares/20140901/patrol_run_27/room_2/features/nonPlanes<pfhrgb_iss_2015-05-22_03-28-25.pcd 0.0455331 0.000707881 0.00200175 5 201,76,58,46,24 70,34,18,18,12 1,0,0,0,0 371910 264 630 30 128 264 630 30 128 371646,130,46,36,18,13,7,5,2,3,2,1,1 0,5,4,4,2,6,5,1,0,2,1,0,0 0,130,46,36,18,13,7,5,2,3,2,1,1 0,5,4,4,2,6,5,1,0,2,1,0,0
/media/michal/Pauli/masterdata/processed/paramtest/dt0,02_mp8000_pp0,001/annotated/rares/20140901/patrol_run_31/room_2/features/nonPlanes<pfhrgb_iss_2015-05-22_03-29-06.pcd 0.0729148 0.00131891 0.00180743 5 116,96,87,43,29 28,40,25,16,14 0,0,1,0,0 408408 225 630 18 76 225 630 18 76 408183,98,38,27,20,10,19,4,4,2,0,0,1,0,0,0,1,0,0,0,0,0,0,0,0,1 0,3,2,2,2,2,5,1,1,0,0,0,0,0,0,0,0,0,0,0,0,0,0,0,0,0 0,98,38,27,20,10,19,4,4,2,0,0,1,0,0,0,1,0,0,0,0,0,0,0,0,1 0,3,2,2,2,2,5,1,1,0,0,0,0,0,0,0,0,0,0,0,0,0,0,0,0,0
/media/michal/Pauli/masterdata/processed/paramtest/dt0,02_mp8000_pp0,001/annotated/rares/20140901/patrol_run_32/room_2/features/nonPlanes<pfhrgb_iss_2015-05-22_03-30-33.pcd 0.049647 0.000690357 0.00110543 5 151,53,38,32,27 47,27,17,15,13 0,0,0,0,0 392704 246 630 28 90 246 630 28 90 392458,110,47,30,23,14,8,5,3,2,0,1,2,0,1 0,10,4,2,6,3,0,1,1,0,0,0,1,0,0 0,110,47,30,23,14,8,5,3,2,0,1,2,0,1 0,10,4,2,6,3,0,1,1,0,0,0,1,0,0
/media/michal/Pauli/masterdata/processed/paramtest/dt0,02_mp8000_pp0,001/annotated/rares/20140901/patrol_run_33/room_1/features/nonPlanes<pfhrgb_iss_2015-05-22_03-31-49.pcd 0.0498364 0.000740748 0.00190297 8 90,86,68,49,36,31,25,17 35,19,22,12,18,20,15,13 -1 399960 269 630 -1 -1 269 630 -1 -1 399691,145,52,29,13,11,5,4,1,2,0,0,2,1,1,1,1,0,0,0,0,1 -1 0,145,52,29,13,11,5,4,1,2,0,0,2,1,1,1,1,0,0,0,0,1 -1
/media/michal/Pauli/masterdata/processed/paramtest/dt0,02_mp8000_pp0,001/annotated/rares/20140902/patrol_run_35/room_2/features/nonPlanes<pfhrgb_iss_2015-05-22_03-33-14.pcd 0.0429083 0.0012359 0.00212268 4 215,71,59,52 63,33,23,23 0,0,0,0 378972 262 630 27 119 262 630 27 119 378710,119,52,31,25,17,9,5,1,1,1,0,0,1 0,3,4,4,4,5,3,2,0,0,1,0,0,1 0,119,52,31,25,17,9,5,1,1,1,0,0,1 0,3,4,4,4,5,3,2,0,0,1,0,0,1
/media/michal/Pauli/masterdata/processed/paramtest/dt0,02_mp8000_pp0,001/annotated/rares/20140902/patrol_run_38/room_0/features/nonPlanes<pfhrgb_iss_2015-05-22_03-34-47.pcd 0.0572859 0.000730167 0.00189162 4 194,104,75,34 61,34,17,20 0,0,1,0 420420 232 630 14 67 232 630 14 67 420188,92,49,36,18,11,10,5,2,4,2,0,2,0,1 0,0,5,2,2,0,2,0,0,1,1,0,1,0,0 0,92,49,36,18,11,10,5,2,4,2,0,2,0,1 0,0,5,2,2,0,2,0,0,1,1,0,1,0,0
/media/michal/Pauli/masterdata/processed/paramtest/dt0,02_mp8000_pp0,001/annotated/rares/20140903/patrol_run_1/room_4/features/nonPlanes<pfhrgb_iss_2015-05-22_03-35-54.pcd 0.0629426 0.000528928 0.0025648 3 237,83,17 88,21,12 1,0,0 418077 271 630 46 169 271 630 46 169 417806,125,62,36,21,9,4,6,4,2,0,0,1,0,0,0,1 0,8,10,8,6,5,3,3,1,1,0,0,1,0,0,0,0 0,125,62,36,21,9,4,6,4,2,0,0,1,0,0,0,1 0,8,10,8,6,5,3,3,1,1,0,0,1,0,0,0,0
/media/michal/Pauli/masterdata/processed/paramtest/dt0,02_mp8000_pp0,001/annotated/rares/20140903/patrol_run_10/room_2/features/nonPlanes<pfhrgb_iss_2015-05-22_03-36-58.pcd 0.0668348 0.00127387 0.00143686 5 153,85,79,48,36 36,30,20,26,15 1,0,0,0,0 401082 231 630 15 88 231 630 15 88 400851,100,41,34,19,10,8,5,7,1,1,1,2,1,1 0,2,2,2,1,2,0,1,2,0,0,0,1,1,1 0,100,41,34,19,10,8,5,7,1,1,1,2,1,1 0,2,2,2,1,2,0,1,2,0,0,0,1,1,1
/media/michal/Pauli/masterdata/processed/paramtest/dt0,02_mp8000_pp0,001/annotated/rares/20140903/patrol_run_12/room_2/features/nonPlanes<pfhrgb_iss_2015-05-22_03-38-22.pcd 0.0602664 0.000603273 0.00210712 3 311,42,41 100,13,23 1,0,0 393294 253 630 39 167 253 630 39 167 393041,109,48,47,19,11,10,2,2,1,1,0,1,0,0,0,2 0,8,6,10,4,0,4,1,2,0,1,0,1,0,0,0,2 0,109,48,47,19,11,10,2,2,1,1,0,1,0,0,0,2 0,8,6,10,4,0,4,1,2,0,1,0,1,0,0,0,2
/media/michal/Pauli/masterdata/processed/paramtest/dt0,02_mp8000_pp0,001/annotated/rares/20140903/patrol_run_14/room_1/features/nonPlanes<pfhrgb_iss_2015-05-22_03-39-03.pcd 0.0448152 0.000762059 0.00188335 6 144,89,57,51,34,17 62,28,22,22,13,15 1,0,0,0,0,0 415800 290 630 17 50 290 630 17 50 415510,143,61,38,23,9,6,8,0,1,0,0,0,1 0,6,3,2,3,0,1,2,0,0,0,0,0,0 0,143,61,38,23,9,6,8,0,1,0,0,0,1 0,6,3,2,3,0,1,2,0,0,0,0,0,0
/media/michal/Pauli/masterdata/processed/paramtest/dt0,02_mp8000_pp0,001/annotated/rares/20140903/patrol_run_2/room_4/features/nonPlanes<pfhrgb_iss_2015-05-22_03-39-43.pcd 0.0579379 0.00159593 0.0015738 4 284,123,59,32 94,58,27,17 1,0,0,0 397188 270 630 42 145 270 630 42 145 396918,127,55,28,29,12,11,4,2,0,0,1,1 0,8,9,6,9,3,5,0,1,0,0,0,1 0,127,55,28,29,12,11,4,2,0,0,1,1 0,8,9,6,9,3,5,0,1,0,0,0,1
/media/michal/Pauli/masterdata/processed/paramtest/dt0,02_mp8000_pp0,001/annotated/rares/20140903/patrol_run_9/room_2/features/nonPlanes<pfhrgb_iss_2015-05-22_03-41-24.pcd 0.0532337 0.000708204 0.00231817 5 249,68,40,34,23 73,34,16,14,13 1,0,0,0,0 428340 275 630 47 189 275 630 47 189 428065,140,43,37,26,12,8,3,2,1,1,1,0,0,1 0,6,6,13,7,7,3,0,2,0,1,1,0,0,1 0,140,43,37,26,12,8,3,2,1,1,1,0,0,1 0,6,6,13,7,7,3,0,2,0,1,1,0,0,1
/media/michal/Pauli/masterdata/processed/paramtest/dt0,02_mp8000_pp0,001/annotated/rares/20140904/patrol_run_15/room_2/features/nonPlanes<pfhrgb_iss_2015-05-22_03-41-58.pcd 0.0499427 0.000717909 0.00150776 4 243,149,43,33 79,77,16,21 1,0,0,0 382336 275 630 40 139 275 630 40 139 382061,124,65,35,19,16,7,5,2,1,0,0,0,1 0,9,6,5,8,6,2,3,1,0,0,0,0,0 0,124,65,35,19,16,7,5,2,1,0,0,0,1 0,9,6,5,8,6,2,3,1,0,0,0,0,0
/media/michal/Pauli/masterdata/processed/paramtest/dt0,02_mp8000_pp0,001/annotated/rares/20140905/patrol_run_17/room_2/features/nonPlanes<pfhrgb_iss_2015-05-22_03-42-53.pcd 0.0441838 0.00106411 0.00151373 8 161,64,44,43,35,31,29,21 58,27,17,25,13,16,15,15 1,0,0,0,0,0,0,0 404481 275 630 24 103 275 630 24 103 404206,121,70,29,25,14,7,4,3,2 0,2,2,4,6,4,3,1,2,0 0,121,70,29,25,14,7,4,3,2 0,2,2,4,6,4,3,1,2,0
/media/michal/Pauli/masterdata/processed/paramtest/dt0,02_mp8000_pp0,001/annotated/rares/20140905/patrol_run_19/room_1/features/nonPlanes<pfhrgb_iss_2015-05-22_03-43-36.pcd 0.0439757 0.000691169 0.00171553 6 183,63,62,61,47,34 78,24,20,29,14,14 0,0,0,0,0,0 388416 265 630 19 80 265 630 19 80 388151,126,51,35,21,13,4,7,3,0,4,1 0,4,3,1,5,2,1,0,0,0,2,1 0,126,51,35,21,13,4,7,3,0,4,1 0,4,3,1,5,2,1,0,0,0,2,1
/media/michal/Pauli/masterdata/processed/paramtest/dt0,02_mp8000_pp0,001/annotated/rares/20140905/patrol_run_21/room_2/features/nonPlanes<pfhrgb_iss_2015-05-22_03-44-16.pcd 0.0457348 0.000711207 0.00228367 7 163,74,72,57,55,33,25 75,23,27,30,27,16,13 0,0,0,0,0,0,0 401082 281 630 20 66 281 630 20 66 400801,129,63,35,28,14,2,5,4,1 0,4,4,3,5,2,0,1,1,0 0,129,63,35,28,14,2,5,4,1 0,4,4,3,5,2,0,1,1,0
/media/michal/Pauli/masterdata/processed/paramtest/dt0,02_mp8000_pp0,001/annotated/rares/20140905/patrol_run_23/room_2/features/nonPlanes<pfhrgb_iss_2015-05-22_03-44-59.pcd 0.0501712 0.00209924 0.00157184 4 277,58,45,43 98,27,16,14 0,0,0,0 392224 261 630 33 136 261 630 33 136 391963,123,43,37,23,14,8,8,2,2,1 0,6,1,9,7,1,2,4,0,2,1 0,123,43,37,23,14,8,8,2,2,1 0,6,1,9,7,1,2,4,0,2,1
/media/michal/Pauli/masterdata/processed/paramtest/dt0,02_mp8000_pp0,001/annotated/rares/20140905/patrol_run_25/room_1/features/nonPlanes<pfhrgb_iss_2015-05-22_03-45-43.pcd 0.0440513 0.00373923 0.00230497 6 234,86,47,39,35,15 87,34,24,13,16,12 0,0,0,0,0,0 397188 274 630 24 84 274 630 24 84 396914,137,45,38,18,16,11,4,3,1,1 0,6,3,4,0,7,3,1,0,0,0 0,137,45,38,18,16,11,4,3,1,1 0,6,3,4,0,7,3,1,0,0,0
/media/michal/Pauli/masterdata/processed/paramtest/dt0,02_mp8000_pp0,001/annotated/rares/20140905/patrol_run_27/room_2/features/nonPlanes<pfhrgb_iss_2015-05-22_03-47-26.pcd 0.0418597 0.000713911 0.00214342 7 187,55,54,41,37,36,18 75,15,21,13,15,17,12 1,0,0,0,0,0,0 409596 269 630 36 122 269 630 36 122 409327,132,45,30,31,12,9,6,1,1,1,1 0,10,6,2,8,3,2,5,0,0,0,0 0,132,45,30,31,12,9,6,1,1,1,1 0,10,6,2,8,3,2,5,0,0,0,0
/media/michal/Pauli/masterdata/processed/paramtest/dt0,02_mp8000_pp0,001/annotated/rares/20140905/patrol_run_29/room_2/features/nonPlanes<pfhrgb_iss_2015-05-22_03-48-59.pcd 0.0555546 0.000823813 0.00180132 3 257,58,31 81,18,15 1,0,0 383295 246 630 33 132 246 630 33 132 383049,98,51,35,24,12,17,5,4 0,6,5,4,4,3,6,3,2 0,98,51,35,24,12,17,5,4 0,6,5,4,4,3,6,3,2
/media/michal/Pauli/masterdata/processed/paramtest/dt0,02_mp8000_pp0,001/annotated/rares/20140905/patrol_run_30/room_1/features/nonPlanes<pfhrgb_iss_2015-05-22_03-50-43.pcd 0.0739041 0.000972065 0.00196277 7 104,85,77,48,40,35,23 28,14,38,20,22,18,13 0,0,0,0,0,0,0 382239 252 630 6 21 252 630 6 21 381987,115,52,30,23,9,5,8,6,1,0,1,1,0,0,0,0,0,1 0,2,1,1,0,0,1,0,1,0,0,0,0,0,0,0,0,0,0 0,115,52,30,23,9,5,8,6,1,0,1,1,0,0,0,0,0,1 0,2,1,1,0,0,1,0,1,0,0,0,0,0,0,0,0,0,0
/media/michal/Pauli/masterdata/processed/paramtest/dt0,02_mp8000_pp0,001/annotated/rares/20140905/patrol_run_30/room_7/features/nonPlanes<pfhrgb_iss_2015-05-22_03-52-16.pcd 0.040063 0.000590802 0.00122726 4 113,101,84,32 54,37,32,16 0,0,0,0 381376 270 630 18 41 270 630 18 41 381106,117,68,37,14,21,6,1,2,1,1,0,1,0,0,1 0,8,5,1,1,2,1,0,0,0,0,0,0,0,0,0 0,117,68,37,14,21,6,1,2,1,1,0,1,0,0,1 0,8,5,1,1,2,1,0,0,0,0,0,0,0,0,0
/media/michal/Pauli/masterdata/processed/paramtest/dt0,02_mp8000_pp0,001/annotated/rares/20140908/patrol_run_32/room_2/features/nonPlanes<pfhrgb_iss_2015-05-22_03-54-06.pcd 0.0374164 0.000527405 0.00142628 5 187,62,50,46,40 92,28,16,21,14 1,0,0,0,0 404481 303 630 29 75 303 630 29 75 404178,144,75,37,26,10,7,3,1 0,10,8,3,5,0,2,0,1 0,144,75,37,26,10,7,3,1 0,10,8,3,5,0,2,0,1
/media/michal/Pauli/masterdata/processed/paramtest/dt0,02_mp8000_pp0,001/annotated/rares/20140908/patrol_run_34/room_2/features/nonPlanes<pfhrgb_iss_2015-05-22_03-55-59.pcd 0.0443525 0.000536405 0.002487 7 189,108,67,42,33,31,18 62,49,35,28,15,13,14 1,0,0,0,0,0,0 404976 303 630 46 146 303 630 46 146 404673,165,66,25,16,11,8,7,3,2 0,13,8,9,4,5,3,2,1,1 0,165,66,25,16,11,8,7,3,2 0,13,8,9,4,5,3,2,1,1
/media/michal/Pauli/masterdata/processed/paramtest/dt0,02_mp8000_pp0,001/annotated/rares/20140908/patrol_run_36/room_3/features/nonPlanes<pfhrgb_iss_2015-05-22_03-57-28.pcd 0.0391102 0.000471956 0.0013735 6 250,80,39,38,31,24 83,37,17,17,18,12 1,0,0,0,0,0 369376 265 630 37 126 265 630 37 126 369111,109,61,46,23,11,5,5,1,2,0,1,1 0,6,8,9,6,3,1,3,0,0,0,1,0 0,109,61,46,23,11,5,5,1,2,0,1,1 0,6,8,9,6,3,1,3,0,0,0,1,0
/media/michal/Pauli/masterdata/processed/paramtest/dt0,02_mp8000_pp0,001/annotated/rares/20140908/patrol_run_38/room_2/features/nonPlanes<pfhrgb_iss_2015-05-22_03-59-07.pcd 0.0502698 0.000782676 0.00161194 3 306,104,31 101,43,12 1,0,0 406624 260 630 38 158 260 630 38 158 406364,114,49,38,23,17,9,7,3 0,2,8,7,4,7,4,4,2 0,114,49,38,23,17,9,7,3 0,2,8,7,4,7,4,4,2
/media/michal/Pauli/masterdata/processed/paramtest/dt0,02_mp8000_pp0,001/annotated/rares/20140908/patrol_run_39/room_3/features/nonPlanes<pfhrgb_iss_2015-05-22_04-00-47.pcd 0.0495512 0.00134058 0.0025019 6 180,59,43,41,33,22 88,28,22,12,14,13 -1 397188 302 630 -1 -1 302 630 -1 -1 396886,157,63,38,15,13,6,8,2 -1 0,157,63,38,15,13,6,8,2 -1
/media/michal/Pauli/masterdata/processed/paramtest/dt0,02_mp8000_pp0,001/annotated/rares/20140908/patrol_run_41/room_3/features/nonPlanes<pfhrgb_iss_2015-05-22_04-02-19.pcd 0.0472683 0.000697006 0.0021306 5 248,54,50,32,28 74,26,21,15,14 1,0,0,0,0 379456 267 630 37 160 267 630 37 160 379189,136,51,28,20,11,9,3,2,1,2,1,1,0,0,2 0,11,5,3,3,3,4,2,1,1,1,1,1,0,0,1 0,136,51,28,20,11,9,3,2,1,2,1,1,0,0,2 0,11,5,3,3,3,4,2,1,1,1,1,1,0,0,1
/media/michal/Pauli/masterdata/processed/paramtest/dt0,02_mp8000_pp0,001/annotated/rares/20140908/patrol_run_43/room_3/features/nonPlanes<pfhrgb_iss_2015-05-22_04-03-58.pcd 0.0425821 0.000727167 0.00135456 3 192,116,25 70,47,13 1,0,0 399960 273 630 39 133 273 630 39 133 399687,127,55,33,28,14,7,5,1,3 0,10,7,3,11,3,1,0,1,3 0,127,55,33,28,14,7,5,1,3 0,10,7,3,11,3,1,0,1,3
/media/michal/Pauli/masterdata/processed/paramtest/dt0,02_mp8000_pp0,001/annotated/rares/20140908/patrol_run_45/room_2/features/nonPlanes<pfhrgb_iss_2015-05-22_04-05-43.pcd 0.0532045 0.00124508 0.00207768 4 138,63,58,41 46,27,27,16 1,0,0,0 388773 273 630 36 116 273 630 36 116 388500,126,58,33,24,13,12,1,5,1 0,10,7,6,3,4,3,0,3,0 0,126,58,33,24,13,12,1,5,1 0,10,7,6,3,4,3,0,3,0
/media/michal/Pauli/masterdata/processed/paramtest/dt0,02_mp8000_pp0,001/annotated/rares/20140908/patrol_run_47/room_3/features/nonPlanes<pfhrgb_iss_2015-05-22_04-07-17.pcd 0.0460394 0.000615598 0.00130293 5 147,134,71,42,17 47,55,35,18,12 1,0,0,0,0 395307 284 630 27 96 284 630 27 96 395023,148,56,21,23,15,14,5,0,1,0,0,1 0,4,5,5,6,2,2,3,0,0,0,0,0 0,148,56,21,23,15,14,5,0,1,0,0,1 0,4,5,5,6,2,2,3,0,0,0,0,0
/media/michal/Pauli/masterdata/processed/paramtest/dt0,02_mp8000_pp0,001/annotated/rares/20140909/patrol_run_49/room_3/features/nonPlanes<pfhrgb_iss_2015-05-22_04-09-02.pcd 0.0438552 0.000605075 0.00251708 8 175,104,61,50,48,32,28,17 63,57,29,24,17,17,13,12 0,0,0,0,0,0,0,0 434511 307 630 18 80 307 630 18 80 434204,166,64,35,16,15,3,2,3,0,1,1,0,0,0,1 0,4,1,4,2,3,1,0,1,0,1,0,0,0,0,1 0,166,64,35,16,15,3,2,3,0,1,1,0,0,0,1 0,4,1,4,2,3,1,0,1,0,1,0,0,0,0,1
/media/michal/Pauli/masterdata/processed/paramtest/dt0,02_mp8000_pp0,001/annotated/rares/20140909/patrol_run_51/room_3/features/nonPlanes<pfhrgb_iss_2015-05-22_04-10-34.pcd 0.0439871 0.0014847 0.00215902 4 277,69,45,28 78,28,28,18 1,0,0,0 698841 270 630 46 194 270 630 46 194 698571,127,60,29,20,17,7,3,3,2,0,1,0,0,0,1 0,7,7,6,5,10,5,3,1,0,0,1,0,0,0,1 0,127,60,29,20,17,7,3,3,2,0,1,0,0,0,1 0,7,7,6,5,10,5,3,1,0,0,1,0,0,0,1
/media/michal/Pauli/masterdata/processed/paramtest/dt0,02_mp8000_pp0,001/annotated/rares/20140909/patrol_run_53/room_3/features/nonPlanes<pfhrgb_iss_2015-05-22_04-12-43.pcd 0.0418723 0.00179135 0.0024713 6 245,49,45,40,39,31 92,26,22,22,18,18 1,0,0,0,0,0 404481 298 630 32 114 298 630 32 114 404183,158,54,36,25,9,7,5,2,2 0,8,2,8,4,3,3,3,1,0 0,158,54,36,25,9,7,5,2,2 0,8,2,8,4,3,3,3,1,0
/media/michal/Pauli/masterdata/processed/paramtest/dt0,02_mp8000_pp0,001/annotated/rares/20140909/patrol_run_55/room_3/features/nonPlanes<pfhrgb_iss_2015-05-22_04-14-33.pcd 0.0571228 0.000959059 0.00157076 7 227,99,36,29,24,24,23 75,49,24,13,15,15,14 1,0,0,0,0,0,0 421344 294 630 41 158 294 630 41 158 421050,145,71,32,17,14,8,2,1,3,0,0,1 0,8,7,5,5,8,4,1,0,2,0,0,1 0,145,71,32,17,14,8,2,1,3,0,0,1 0,8,7,5,5,8,4,1,0,2,0,0,1
/media/michal/Pauli/masterdata/processed/paramtest/dt0,02_mp8000_pp0,001/annotated/rares/20140909/patrol_run_59/room_3/features/nonPlanes<pfhrgb_iss_2015-05-22_04-16-26.pcd 0.0612549 0.00090322 0.00218012 7 194,92,52,47,34,23,23 66,31,23,17,17,16,12 1,0,0,0,0,0,0 432300 278 630 27 101 278 630 27 101 432022,128,66,40,16,12,6,3,3,1,0,1,1,1 0,6,5,5,5,1,1,2,0,0,0,0,1,1 0,128,66,40,16,12,6,3,3,1,0,1,1,1 0,6,5,5,5,1,1,2,0,0,0,0,1,1
/media/michal/Pauli/masterdata/processed/paramtest/dt0,02_mp8000_pp0,001/annotated/rares/20140909/patrol_run_61/room_3/features/nonPlanes<pfhrgb_iss_2015-05-22_04-18-26.pcd 0.0579833 0.0018463 0.00229268 5 171,119,82,50,21 64,42,23,27,14 0,0,0,0,0 430122 271 630 19 53 271 630 19 53 429851,127,51,36,29,12,8,3,1,2,1,0,1 0,6,3,5,2,1,1,1,0,0,0,0,0 0,127,51,36,29,12,8,3,1,2,1,0,1 0,6,3,5,2,1,1,1,0,0,0,0,0
/media/michal/Pauli/masterdata/processed/paramtest/dt0,02_mp8000_pp0,001/annotated/rares/20140909/patrol_run_63/room_3/features/nonPlanes<pfhrgb_iss_2015-05-22_04-20-03.pcd 0.0543162 0.000672303 0.00233697 3 133,63,39 58,33,17 0,0,0 391314 312 630 1 1 312 630 1 1 391002,164,70,32,23,11,7,1,3,0,1 0,1,0,0,0,0,0,0,0,0,0 0,164,70,32,23,11,7,1,3,0,1 0,1,0,0,0,0,0,0,0,0,0
/media/michal/Pauli/masterdata/processed/paramtest/dt0,02_mp8000_pp0,001/annotated/rares/20140910/patrol_run_67/room_3/features/nonPlanes<pfhrgb_iss_2015-05-22_04-21-55.pcd 0.0462988 0.000765572 0.00214129 6 236,65,54,46,40,35 80,35,23,25,15,19 1,0,0,0,0,0 460647 281 630 41 148 281 630 41 148 460366,139,54,34,23,14,9,5,1,0,1,0,1 0,9,6,7,7,5,4,1,0,0,1,0,1 0,139,54,34,23,14,9,5,1,0,1,0,1 0,9,6,7,7,5,4,1,0,0,1,0,1
/media/michal/Pauli/masterdata/processed/paramtest/dt0,02_mp8000_pp0,001/annotated/rares/20140910/patrol_run_69/room_3/features/nonPlanes<pfhrgb_iss_2015-05-22_04-23-31.pcd 0.042968 0.00241254 0.00249914 6 261,91,62,39,29,24 85,39,30,13,15,16 1,0,0,0,0,0 382239 269 630 40 152 269 630 40 152 381970,123,57,38,24,9,8,4,1,2,1,1,0,0,0,1 0,5,6,8,11,3,4,0,1,1,0,1,0,0,0,0 0,123,57,38,24,9,8,4,1,2,1,1,0,0,0,1 0,5,6,8,11,3,4,0,1,1,0,1,0,0,0,0
/media/michal/Pauli/masterdata/processed/paramtest/dt0,02_mp8000_pp0,001/annotated/rares/20140910/patrol_run_71/room_3/features/nonPlanes<pfhrgb_iss_2015-05-22_04-25-01.pcd 0.0574178 0.000795536 0.00159532 4 238,99,71,34 80,48,26,15 1,0,0,0 472461 280 630 48 160 280 630 48 160 472181,140,46,42,20,16,11,1,1,1,1,0,1 0,12,5,8,11,5,5,1,1,0,0,0,0 0,140,46,42,20,16,11,1,1,1,1,0,1 0,12,5,8,11,5,5,1,1,0,0,0,0
/media/michal/Pauli/masterdata/processed/paramtest/dt0,02_mp8000_pp0,001/annotated/rares/20140910/patrol_run_74/room_3/features/nonPlanes<pfhrgb_iss_2015-05-22_04-26-24.pcd 0.0450804 0.000922076 0.00230075 5 200,189,53,44,27 69,79,24,20,15 1,0,0,0,0 426888 279 630 19 74 279 630 19 74 426609,121,65,45,26,9,6,2,3,1,0,0,1 0,2,4,4,5,1,0,1,1,0,0,0,1 0,121,65,45,26,9,6,2,3,1,0,0,1 0,2,4,4,5,1,0,1,1,0,0,0,1
/media/michal/Pauli/masterdata/processed/paramtest/dt0,02_mp8000_pp0,001/annotated/rares/20140910/patrol_run_77/room_4/features/nonPlanes<pfhrgb_iss_2015-05-22_04-27-43.pcd 0.0453435 0.00109751 0.00205862 8 114,107,56,50,47,32,30,24 28,45,19,17,26,16,15,14 0,1,0,0,0,0,0,0 392700 271 630 20 35 271 630 20 35 392429,121,58,42,22,9,9,4,3,2,1 0,12,3,4,0,1,0,0,0,0,0 0,121,58,42,22,9,9,4,3,2,1 0,12,3,4,0,1,0,0,0,0,0
/media/michal/Pauli/masterdata/processed/paramtest/dt0,02_mp8000_pp0,001/annotated/rares/20140910/patrol_run_79/room_2/features/nonPlanes<pfhrgb_iss_2015-05-22_04-29-04.pcd 0.0654771 0.0012439 0.00138396 6 116,62,59,49,29,29 29,33,24,17,13,13 0,0,0,0,0,0 393294 255 630 4 7 255 630 4 7 393039,123,39,33,32,10,5,6,2,1,0,2,0,0,0,1,0,0,1 0,3,0,0,1,0,0,0,0,0,0,0,0,0,0,0,0,0,0 0,123,39,33,32,10,5,6,2,1,0,2,0,0,0,1,0,0,1 0,3,0,0,1,0,0,0,0,0,0,0,0,0,0,0,0,0,0
/media/michal/Pauli/masterdata/processed/paramtest/dt0,02_mp8000_pp0,001/annotated/rares/20140910/patrol_run_81/room_2/features/nonPlanes<pfhrgb_iss_2015-05-22_04-29-37.pcd 0.0610294 0.00070313 0.0027266 6 103,72,52,38,20,18 22,27,24,12,12,15 0,0,0,0,0,0 377600 294 630 2 2 294 630 2 2 377306,158,67,21,15,11,13,2,2,1,3,0,0,1 0,2,0,0,0,0,0,0,0,0,0,0,0,0 0,158,67,21,15,11,13,2,2,1,3,0,0,1 0,2,0,0,0,0,0,0,0,0,0,0,0,0
/media/michal/Pauli/masterdata/processed/paramtest/dt0,02_mp8000_pp0,001/annotated/rares/20140911/patrol_run_82/room_3/features/nonPlanes<pfhrgb_iss_2015-05-22_04-30-56.pcd 0.0545382 0.00139196 0.00231008 4 233,83,47,19 67,40,18,14 1,0,0,0 449592 268 630 43 177 268 630 43 177 449324,129,48,38,15,22,5,6,1,1,1,2 0,8,6,5,6,9,2,3,1,0,1,2 0,129,48,38,15,22,5,6,1,1,1,2 0,8,6,5,6,9,2,3,1,0,1,2
/media/michal/Pauli/masterdata/processed/paramtest/dt0,02_mp8000_pp0,001/annotated/rares/20140911/patrol_run_84/room_3/features/nonPlanes<pfhrgb_iss_2015-05-22_04-31-46.pcd 0.0519643 0.00223236 0.00147464 5 206,57,50,48,23 63,26,22,15,13 1,0,0,0,0 388773 277 630 36 137 277 630 36 137 388496,127,70,27,17,19,10,2,2,2,0,1 0,5,5,6,7,8,2,1,1,1,0,0 0,127,70,27,17,19,10,2,2,2,0,1 0,5,5,6,7,8,2,1,1,1,0,0
/media/michal/Pauli/masterdata/processed/paramtest/dt0,02_mp8000_pp0,001/annotated/rares/20140911/patrol_run_88/room_3/features/nonPlanes<pfhrgb_iss_2015-05-22_04-32-29.pcd 0.0456993 0.0010432 0.00150246 5 220,86,69,62,33 85,41,31,23,16 1,0,0,0,0 393294 290 630 38 119 290 630 38 119 393004,137,66,41,19,14,8,2,1,0,1,0,1 0,12,5,7,7,3,1,1,1,0,0,0,1 0,137,66,41,19,14,8,2,1,0,1,0,1 0,12,5,7,7,3,1,1,1,0,0,0,1
/media/michal/Pauli/masterdata/processed/paramtest/dt0,02_mp8000_pp0,001/annotated/rares/20140911/patrol_run_90/room_3/features/nonPlanes<pfhrgb_iss_2015-05-22_04-33-05.pcd 0.0523689 0.000625734 0.00266475 4 183,108,77,44 68,51,36,24 1,0,0,0 393822 286 630 28 95 286 630 28 95 393536,137,54,35,35,17,4,2,1,1 0,5,6,4,6,4,1,1,0,1 0,137,54,35,35,17,4,2,1,1 0,5,6,4,6,4,1,1,0,1
/media/michal/Pauli/masterdata/processed/paramtest/dt0,02_mp8000_pp0,001/annotated/rares/20140911/patrol_run_92/room_3/features/nonPlanes<pfhrgb_iss_2015-05-22_04-33-40.pcd 0.0539879 0.000792205 0.00146153 6 149,82,58,44,27,19 58,38,28,27,14,14 1,0,0,0,0,0 396032 310 630 26 87 310 630 26 87 395722,163,68,37,19,10,4,5,2,1,1 0,5,5,5,3,5,1,2,0,0,0 0,163,68,37,19,10,4,5,2,1,1 0,5,5,5,3,5,1,2,0,0,0
/media/michal/Pauli/masterdata/processed/paramtest/dt0,02_mp8000_pp0,001/annotated/rares/20140912/patrol_run_100/room_3/features/nonPlanes<pfhrgb_iss_2015-05-22_04-34-14.pcd 0.0586876 0.000676436 0.00220898 7 141,74,71,35,34,23,23 40,33,29,13,15,15,14 1,0,0,0,0,0,0 369376 273 630 23 100 273 630 23 100 369103,131,57,26,29,12,8,6,3,0,0,0,0,0,0,0,0,1 0,3,2,4,7,3,1,1,1,0,0,0,0,0,0,0,0,1 0,131,57,26,29,12,8,6,3,0,0,0,0,0,0,0,0,1 0,3,2,4,7,3,1,1,1,0,0,0,0,0,0,0,0,1
/media/michal/Pauli/masterdata/processed/paramtest/dt0,02_mp8000_pp0,001/annotated/rares/20140912/patrol_run_102/room_3/features/nonPlanes<pfhrgb_iss_2015-05-22_04-35-16.pcd 0.0554905 0.000531079 0.00227761 5 266,51,50,43,37 81,23,27,17,15 1,0,0,0,0 441664 259 630 46 176 259 630 46 176 441405,115,52,36,20,19,9,4,0,0,1,1,1,1 0,6,8,6,10,8,4,3,0,0,0,1,0,0 0,115,52,36,20,19,9,4,0,0,1,1,1,1 0,6,8,6,10,8,4,3,0,0,0,1,0,0
/media/michal/Pauli/masterdata/processed/paramtest/dt0,02_mp8000_pp0,001/annotated/rares/20140912/patrol_run_104/room_3/features/nonPlanes<pfhrgb_iss_2015-05-22_04-36-08.pcd 0.050254 0.000690722 0.00145385 8 162,93,73,46,34,33,26,21 67,46,33,31,17,16,15,13 1,0,0,0,0,0,0,0 386496 322 630 27 87 322 630 27 87 386174,178,60,43,21,11,3,3,2,1 0,8,2,6,6,2,0,2,0,1 0,178,60,43,21,11,3,3,2,1 0,8,2,6,6,2,0,2,0,1
/media/michal/Pauli/masterdata/processed/paramtest/dt0,02_mp8000_pp0,001/annotated/rares/20140912/patrol_run_94/room_3/features/nonPlanes<pfhrgb_iss_2015-05-22_04-36-50.pcd 0.0516984 0.000687214 0.00177176 5 216,83,46,41,36 71,40,24,13,16 1,0,0,0,0 431244 279 630 34 134 279 630 34 134 430965,133,59,39,19,9,10,6,2,0,0,1,1 0,6,6,5,3,5,4,3,1,0,0,1,0 0,133,59,39,19,9,10,6,2,0,0,1,1 0,6,6,5,3,5,4,3,1,0,0,1,0
/media/michal/Pauli/masterdata/processed/paramtest/dt0,02_mp8000_pp0,001/annotated/rares/20140912/patrol_run_96/room_2/features/nonPlanes<pfhrgb_iss_2015-05-22_04-37-31.pcd 0.0527773 0.00068459 0.00149046 7 258,80,34,32,31,28,24 93,37,22,13,15,15,12 1,0,0,0,0,0,0 375144 274 630 37 144 274 630 37 144 374870,127,62,38,20,14,4,3,1,1,1,1,0,1,0,0,0,0,0,1 0,9,5,7,6,4,0,2,1,1,1,0,0,0,0,0,0,0,0,1 0,127,62,38,20,14,4,3,1,1,1,1,0,1,0,0,0,0,0,1 0,9,5,7,6,4,0,2,1,1,1,0,0,0,0,0,0,0,0,1
/media/michal/Pauli/masterdata/processed/paramtest/dt0,02_mp8000_pp0,001/annotated/rares/20140912/patrol_run_98/room_3/features/nonPlanes<pfhrgb_iss_2015-05-22_04-38-23.pcd 0.0543806 0.000607603 0.00193215 7 241,54,40,35,31,30,26 83,27,19,19,16,21,14 1,0,0,0,0,0,0 385506 289 630 33 132 289 630 33 132 385217,141,61,36,27,9,7,4,2,1,0,1 0,8,0,6,7,2,5,3,1,1,0,0 0,141,61,36,27,9,7,4,2,1,0,1 0,8,0,6,7,2,5,3,1,1,0,0
/media/michal/Pauli/masterdata/processed/paramtest/dt0,02_mp8000_pp0,001/annotated/rares/20140921/patrol_run_110/room_2/features/nonPlanes<pfhrgb_iss_2015-05-22_04-39-11.pcd 0.0537351 0.000704212 0.00106166 5 240,38,25,24,22 54,12,13,12,13 0,0,0,0,0 392224 219 630 0 0 219 630 0 0 392005,94,49,25,11,9,7,6,4,3,4,2,2,1,1,0,0,0,1 0,0,0,0,0,0,0,0,0,0,0,0,0,0,0,0,0,0,0 0,94,49,25,11,9,7,6,4,3,4,2,2,1,1,0,0,0,1 0,0,0,0,0,0,0,0,0,0,0,0,0,0,0,0,0,0,0
/media/michal/Pauli/masterdata/processed/paramtest/dt0,02_mp8000_pp0,001/annotated/rares/20140921/patrol_run_112/room_2/features/nonPlanes<pfhrgb_iss_2015-05-22_04-40-50.pcd 0.051834 0.000697955 0.00159234 5 159,76,41,26,20 71,34,17,14,15 0,0,0,0,0 408408 310 630 13 33 310 630 13 33 408098,155,70,39,25,12,5,4 0,3,5,1,3,1,0,0 0,155,70,39,25,12,5,4 0,3,5,1,3,1,0,0
/media/michal/Pauli/masterdata/processed/paramtest/dt0,02_mp8000_pp0,001/annotated/rares/20140921/patrol_run_114/room_1/features/nonPlanes<pfhrgb_iss_2015-05-22_04-42-22.pcd 0.0572934 0.00154028 0.00175773 5 172,69,58,34,23 63,27,26,12,13 0,0,0,0,0 410652 275 630 5 24 275 630 5 24 410377,139,42,36,25,16,11,4,0,0,1,0,0,0,0,1 0,2,1,0,0,1,0,0,0,0,0,0,0,0,0,1 0,139,42,36,25,16,11,4,0,0,1,0,0,0,0,1 0,2,1,0,0,1,0,0,0,0,0,0,0,0,0,1
/media/michal/Pauli/masterdata/processed/paramtest/dt0,02_mp8000_pp0,001/annotated/rares/20140922/patrol_run_116/room_2/features/nonPlanes<pfhrgb_iss_2015-05-22_04-43-08.pcd 0.0401242 0.000716256 0.00130483 5 160,81,72,52,13 53,27,29,34,12 0,0,0,0,0 409959 273 630 13 28 273 630 13 28 409686,134,56,27,24,9,10,6,4,2,1 0,8,2,1,1,0,0,0,0,1,0 0,134,56,27,24,9,10,6,4,2,1 0,8,2,1,1,0,0,0,0,1,0
/media/michal/Pauli/masterdata/processed/paramtest/dt0,02_mp8000_pp0,001/annotated/rares/20140922/patrol_run_118/room_2/features/nonPlanes<pfhrgb_iss_2015-05-22_04-44-05.pcd 0.0423341 0.000513613 0.00179139 7 112,104,97,74,43,23,23 46,48,38,22,31,13,12 0,0,0,1,0,0,0 403293 293 630 21 72 293 630 21 72 403000,136,73,33,29,12,5,2,1,1,0,0,1 0,6,4,2,4,3,0,0,0,1,0,0,1 0,136,73,33,29,12,5,2,1,1,0,0,1 0,6,4,2,4,3,0,0,0,1,0,0,1
/media/michal/Pauli/masterdata/processed/paramtest/dt0,02_mp8000_pp0,001/annotated/rares/20140922/patrol_run_120/room_1/features/nonPlanes<pfhrgb_iss_2015-05-22_04-44-43.pcd 0.0407668 0.000750684 0.00203142 7 86,84,66,46,43,38,37 31,26,27,21,29,21,14 0,1,0,0,0,0,0 407808 285 630 23 72 285 630 23 72 407523,131,67,33,27,14,8,2,1,2 0,4,7,3,6,1,0,1,0,1 0,131,67,33,27,14,8,2,1,2 0,4,7,3,6,1,0,1,0,1
/media/michal/Pauli/masterdata/processed/paramtest/dt0,02_mp8000_pp0,001/annotated/rares/20140922/patrol_run_124/room_2/features/nonPlanes<pfhrgb_iss_2015-05-22_04-46-08.pcd 0.0555831 0.000753771 0.00232911 7 97,92,84,48,41,22,20 43,42,45,25,20,14,13 0,0,0,0,0,0,0 459030 337 630 13 44 337 630 13 44 458693,190,77,25,24,15,2,4 0,3,2,1,3,3,0,1 0,190,77,25,24,15,2,4 0,3,2,1,3,3,0,1
/media/michal/Pauli/masterdata/processed/paramtest/dt0,02_mp8000_pp0,001/annotated/rares/20140922/patrol_run_126/room_2/features/nonPlanes<pfhrgb_iss_2015-05-22_04-47-23.pcd 0.0473222 0.000772717 0.0015512 6 132,78,53,43,24,21 51,43,30,26,12,12 0,0,0,0,0,0 407456 317 630 9 19 317 630 9 19 407139,160,82,36,20,11,4,1,1,0,1,0,0,0,1 0,4,3,1,0,0,1,0,0,0,0,0,0,0,0 0,160,82,36,20,11,4,1,1,0,1,0,0,0,1 0,4,3,1,0,0,1,0,0,0,0,0,0,0,0
/media/michal/Pauli/masterdata/processed/paramtest/dt0,02_mp8000_pp0,001/annotated/rares/20140922/patrol_run_128/room_2/features/nonPlanes<pfhrgb_iss_2015-05-22_04-49-21.pcd 0.0511473 0.000739375 0.00241462 8 98,87,82,63,54,46,22,21 32,38,27,21,26,18,17,13 0,0,1,0,0,0,0,0 391072 281 630 22 71 281 630 22 71 390791,142,60,30,18,14,6,4,1,3,1,1,0,0,0,0,1 0,5,5,3,3,3,2,0,1,0,0,0,0,0,0,0,0 0,142,60,30,18,14,6,4,1,3,1,1,0,0,0,0,1 0,5,5,3,3,3,2,0,1,0,0,0,0,0,0,0,0
/media/michal/Pauli/masterdata/processed/paramtest/dt0,02_mp8000_pp0,001/annotated/rares/20140922/patrol_run_130/room_2/features/nonPlanes<pfhrgb_iss_2015-05-22_04-50-13.pcd 0.0419049 0.00164736 0.00143532 7 104,83,63,56,40,26,26 33,38,17,36,15,14,13 1,0,0,0,0,0,0 419200 279 630 28 95 279 630 28 95 418921,139,64,26,19,14,4,6,2,1,0,2,0,2 0,8,5,5,3,2,2,1,1,0,0,0,0,1 0,139,64,26,19,14,4,6,2,1,0,2,0,2 0,8,5,5,3,2,2,1,1,0,0,0,0,1
/media/michal/Pauli/masterdata/processed/paramtest/dt0,02_mp8000_pp0,001/annotated/rares/20140922/patrol_run_132/room_1/features/nonPlanes<pfhrgb_iss_2015-05-22_04-50-48.pcd 0.0476026 0.000749976 0.00173635 7 119,89,70,54,50,38,24 42,35,33,16,26,21,12 -1 397188 288 630 -1 -1 288 630 -1 -1 396900,141,66,32,20,13,6,2,6,2 -1 0,141,66,32,20,13,6,2,6,2 -1
/media/michal/Pauli/masterdata/processed/paramtest/dt0,02_mp8000_pp0,001/annotated/rares/20140922/patrol_run_134/room_2/features/nonPlanes<pfhrgb_iss_2015-05-22_04-51-33.pcd 0.0615704 0.000639202 0.00212485 6 136,79,55,53,52,40 59,31,25,26,24,23 0,0,0,0,0,0 400554 300 630 23 72 300 630 23 72 400254,145,74,29,31,10,6,2,2,0,1 0,8,3,2,5,2,2,0,0,0,1 0,145,74,29,31,10,6,2,2,0,1 0,8,3,2,5,2,2,0,0,0,1
/media/michal/Pauli/masterdata/processed/paramtest/dt0,02_mp8000_pp0,001/annotated/rares/20140922/patrol_run_138/room_2/features/nonPlanes<pfhrgb_iss_2015-05-22_04-52-23.pcd 0.0576933 0.00209054 0.00132075 7 91,83,55,54,47,33,22 37,31,25,20,20,13,12 0,0,0,0,1,0,0 408408 273 630 11 33 273 630 11 33 408135,131,58,28,26,13,5,4,4,1,2,1 0,2,4,0,3,1,1,0,0,0,0,0 0,131,58,28,26,13,5,4,4,1,2,1 0,2,4,0,3,1,1,0,0,0,0,0
/media/michal/Pauli/masterdata/processed/paramtest/dt0,02_mp8000_pp0,001/annotated/rares/20140923/patrol_run_139/room_2/features/nonPlanes<pfhrgb_iss_2015-05-22_04-53-50.pcd 0.0476216 0.00073517 0.00225688 9 138,81,63,46,44,42,40,33,31 42,33,26,18,25,17,26,14,16 1,0,0,0,0,0,0,0,0 392224 277 630 34 123 277 630 34 123 391947,128,63,31,22,16,9,6,1,0,0,1 0,6,9,4,3,4,5,2,0,0,0,1 0,128,63,31,22,16,9,6,1,0,0,1 0,6,9,4,3,4,5,2,0,0,0,1
/media/michal/Pauli/masterdata/processed/paramtest/dt0,02_mp8000_pp0,001/annotated/rares/20140923/patrol_run_141/room_2/features/nonPlanes<pfhrgb_iss_2015-05-22_04-54-30.pcd 0.0515514 0.000735236 0.0019085 7 198,114,48,39,33,28,25 68,46,25,19,13,21,12 0,0,0,0,0,0,0 407286 268 630 33 138 268 630 33 138 407018,119,66,35,15,13,8,6,4,0,0,0,1,0,0,1 0,3,13,3,3,1,2,4,2,0,0,0,1,0,0,1 0,119,66,35,15,13,8,6,4,0,0,0,1,0,0,1 0,3,13,3,3,1,2,4,2,0,0,0,1,0,0,1
/media/michal/Pauli/masterdata/processed/paramtest/dt0,02_mp8000_pp0,001/annotated/rares/20140923/patrol_run_144/room_2/features/nonPlanes<pfhrgb_iss_2015-05-22_04-56-01.pcd 0.0656599 0.00218096 0.00244165 5 142,120,78,54,47 47,52,37,26,24 1,0,0,0,0 375744 288 630 26 97 288 630 26 97 375456,139,63,32,27,14,6,3,3,0,1 0,2,7,3,7,4,1,0,1,0,1 0,139,63,32,27,14,6,3,3,0,1 0,2,7,3,7,4,1,0,1,0,1
/media/michal/Pauli/masterdata/processed/paramtest/dt0,02_mp8000_pp0,001/annotated/rares/20140923/patrol_run_146/room_2/features/nonPlanes<pfhrgb_iss_2015-05-22_04-56-39.pcd 0.0477595 0.000527562 0.00146175 6 158,97,70,67,61,34 55,40,34,30,22,13 1,0,0,0,0,0 380688 263 630 27 94 263 630 27 94 380425,110,65,38,18,11,13,4,1,0,1,1,0,0,1 0,9,5,2,1,3,4,1,1,0,0,1,0,0,0 0,110,65,38,18,11,13,4,1,0,1,1,0,0,1 0,9,5,2,1,3,4,1,1,0,0,1,0,0,0
/media/michal/Pauli/masterdata/processed/paramtest/dt0,02_mp8000_pp0,001/annotated/rares/20140923/patrol_run_148/room_2/features/nonPlanes<pfhrgb_iss_2015-05-22_04-57-17.pcd 0.0546764 0.00071063 0.0022732 7 90,67,64,53,50,34,32 34,25,30,25,27,23,14 0,0,0,0,0,0,1 391545 279 630 11 24 279 630 11 24 391266,135,65,27,18,13,9,7,1,4 0,5,3,1,0,2,0,0,0,0 0,135,65,27,18,13,9,7,1,4 0,5,3,1,0,2,0,0,0,0
/media/michal/Pauli/masterdata/processed/paramtest/dt0,02_mp8000_pp0,001/annotated/rares/20140923/patrol_run_150/room_2/features/nonPlanes<pfhrgb_iss_2015-05-22_04-58-20.pcd 0.0510158 0.000687207 0.0017624 5 132,79,72,51,26 51,30,39,28,14 0,1,0,0,0 368448 286 630 21 62 286 630 21 62 368162,131,76,30,19,13,7,8,1,0,1 0,5,7,2,2,2,2,1,0,0,0 0,131,76,30,19,13,7,8,1,0,1 0,5,7,2,2,2,2,1,0,0,0
/media/michal/Pauli/masterdata/processed/paramtest/dt0,02_mp8000_pp0,001/annotated/rares/20140924/patrol_run_152/room_2/features/nonPlanes<pfhrgb_iss_2015-05-22_04-59-39.pcd 0.0582302 0.00108271 0.00215496 7 111,94,50,37,34,31,30 38,30,27,15,12,12,19 1,0,0,0,0,0,0 365568 271 630 35 101 271 630 35 101 365297,122,55,40,23,14,9,6,0,0,2 0,10,11,4,0,5,3,2,0,0,0 0,122,55,40,23,14,9,6,0,0,2 0,10,11,4,0,5,3,2,0,0,0
/media/michal/Pauli/masterdata/processed/paramtest/dt0,02_mp8000_pp0,001/annotated/rares/20140924/patrol_run_156/room_2/features/nonPlanes<pfhrgb_iss_2015-05-22_05-00-21.pcd 0.0427699 0.000725286 0.00223276 5 106,96,61,41,30 44,34,25,20,16 0,0,1,0,0 369600 282 630 19 48 282 630 19 48 369318,134,54,42,22,16,6,7,0,1 0,5,8,2,1,2,0,1,0,0 0,134,54,42,22,16,6,7,0,1 0,5,8,2,1,2,0,1,0,0
/media/michal/Pauli/masterdata/processed/paramtest/dt0,02_mp8000_pp0,001/annotated/rares/20140924/patrol_run_158/room_1/features/nonPlanes<pfhrgb_iss_2015-05-22_05-01-59.pcd 0.0675575 0.00111449 0.00168758 7 89,85,85,63,44,39,34 36,33,31,23,21,21,18 0,0,0,1,0,0,0 379962 268 630 20 55 268 630 20 55 379694,116,53,42,34,14,3,0,1,2,2,0,1 0,9,2,2,4,2,0,0,0,0,1,0,0 0,116,53,42,34,14,3,0,1,2,2,0,1 0,9,2,2,4,2,0,0,0,0,1,0,0
/media/michal/Pauli/masterdata/processed/paramtest/dt0,02_mp8000_pp0,001/annotated/rares/20140924/patrol_run_162/room_2/features/nonPlanes<pfhrgb_iss_2015-05-22_05-02-49.pcd 0.0602231 0.00220437 0.00136811 7 160,83,42,38,23,20,18 51,18,22,19,13,12,12 -1 410816 253 630 -1 -1 253 630 -1 -1 410563,118,50,28,19,15,7,6,3,4,1,1,1 -1 0,118,50,28,19,15,7,6,3,4,1,1,1 -1
/media/michal/Pauli/masterdata/processed/paramtest/dt0,02_mp8000_pp0,001/annotated/rares/20140924/patrol_run_164/room_1/features/nonPlanes<pfhrgb_iss_2015-05-22_05-03-36.pcd 0.052821 0.000514428 0.00211257 7 168,59,55,34,27,27,18 68,23,21,16,17,14,12 -1 394284 284 630 -1 -1 284 630 -1 -1 394000,145,52,34,28,8,8,3,2,2,0,1,0,1 -1 0,145,52,34,28,8,8,3,2,2,0,1,0,1 -1
/media/michal/Pauli/masterdata/processed/paramtest/dt0,02_mp8000_pp0,001/annotated/rares/20140924/patrol_run_166/room_2/features/nonPlanes<pfhrgb_iss_2015-05-22_05-04-30.pcd 0.060256 0.00108419 0.00186731 4 189,83,59,51 69,24,19,12 -1 378378 255 630 -1 -1 255 630 -1 -1 378123,114,54,27,21,18,9,5,2,4,0,0,1 -1 0,114,54,27,21,18,9,5,2,4,0,0,1 -1
