feature_extraction: {cloud_offset: 0, compute_features: false, downsample_leaf_size: 0.05,
  feature_selection: sift, feature_type: shot, fpfh_radius: 0.05, harris_nonmax: true,
  harris_radius: 0.05, harris_refine: true, harris_thresh: 0.001, input_cloud: /media/michal/Pauli/masterdata/processed/annotated/rares/20140908/patrol_run_36/room_3/nonPlanes.pcd,
  iss_min_neighbours: 5, iss_nonmax_mult: 4, iss_salient_mult: 6, iss_thresh21: 0.975,
  iss_thresh32: 0.975, match: 'NULL', output_dir: '/home/michal/Downloads/pcddata/testing/ipselect/sift/ms0,04',
  pfh_radius: 0.05, pfhrgb_radius: 0.05, shot_radius: 0.05, sift_min_contrast: 0,
  sift_min_scale: 0.04, sift_octave_scales: 5, sift_octaves: 4, susan_ang_thresh: 0.001,
  susan_dist_thresh: 0.001, susan_intensity_thresh: 7, susan_nonmax: true, susan_radius: 0.05,
  usc_density_radius: 0.01, usc_local_radius: 0.05, usc_minimal_radius: 0.005, usc_radius: 0.05}
obj_search:
  camera_z: 1.7
  ceiling_z: 2.27
  floor_z: 0
  object_query: {K: 5}
  processed_data_dir: /home/michal/Downloads/pcddata/processed/
  raw_data_dir: /media/michal/Pauli/masterdata/raw/
object_query: {K: 10, cluster_maxsize: 500, cluster_minsize: 12, cluster_tolerance: 0.25,
  clusters_to_results: true, extract_mult: 1.3, match: nonPlanes<pfh_iss, n_max_points: 400,
  output_dir: 'NULL', query_features: '/home/michal/Downloads/pcddata/processed/query/queryobjects/0,01/laptop1/features/rgb_0012_label_laptop1<pfh_iss_2015-05-26_15-00-51.pcd',
  results_out: '/home/michal/Downloads/pcddata/processed/query/k10_mx400_t0,25/rares',
  subdirs: 4, target_features: /media/michal/Pauli/masterdata/processed/annotated/rares,
  x_step_hough: 0.05, y_step_hough: 0.05, z_step_hough: 0.05}
rosdistro: 'indigo

  '
roslaunch:
  uris: {host_tycho__35412: 'http://tycho:35412/', host_tycho__38638: 'http://tycho:38638/',
    host_tycho__49317: 'http://tycho:49317/', host_tycho__54526: 'http://tycho:54526/',
    host_tycho__55791: 'http://tycho:55791/', host_tycho__57149: 'http://tycho:57149/'}
rosversion: '1.11.10

  '
run_id: d717d054-070d-11e5-a249-3c970e77227e
BEGIN_DATA
# fname t_query t_hough t_cluster cluster_n cluster_scores cluster_points cluster_inobb n_hough_tot nonzero_hough hough_votes boxpts boxvotes maxpts maxvotes maxboxpts maxboxvotes hough_hist box_hist max_hist boxmax_hist
/media/michal/Pauli/masterdata/processed/annotated/rares/20140820/patrol_run_2/room_1/features/nonPlanes<pfh_iss_2015-05-17_17-02-30.pcd 0.0115665 0.00199121 0.00318137 9 115,71,48,40,35,34,34,31,29 66,29,30,23,22,19,18,19,14 0,0,0,0,0,0,0,0,0 386100 430 720 2 2 400 690 2 2 385670,251,111,40,19,6,1,1,1 0,2,0,0,0,0,0,0,0 0,221,111,40,19,6,1,1,1 0,2,0,0,0,0,0,0,0
/media/michal/Pauli/masterdata/processed/annotated/rares/20140820/patrol_run_4/room_0/features/nonPlanes<pfh_iss_2015-05-17_17-02-47.pcd 0.0163372 0.000667392 0.00311445 9 139,107,48,39,31,19,18,18,17 80,67,39,21,19,12,13,13,12 0,0,1,0,0,0,0,0,0 413127 475 720 17 19 400 645 17 19 412652,306,117,35,11,5,1 0,15,2,0,0,0,0 0,231,117,35,11,5,1 0,15,2,0,0,0,0
/media/michal/Pauli/masterdata/processed/annotated/rares/20140828/patrol_run_19/room_3/features/nonPlanes<pfh_iss_2015-05-17_17-03-08.pcd 0.0150325 0.000666553 0.00272292 7 102,90,66,53,33,31,23 55,52,36,30,17,19,16 -1 400554 435 720 -1 -1 400 685 -1 -1 400119,255,115,41,12,8,4 -1 0,220,115,41,12,8,4 -1
/media/michal/Pauli/masterdata/processed/annotated/rares/20140829/patrol_run_20/room_3/features/nonPlanes<pfh_iss_2015-05-17_17-03-52.pcd 0.0112112 0.000763245 0.00177802 8 98,69,63,61,31,28,27,24 62,39,36,32,14,17,17,12 -1 382336 439 720 -1 -1 400 681 -1 -1 381897,260,118,42,8,5,3,1,2 -1 0,221,118,42,8,5,3,1,2 -1
/media/michal/Pauli/masterdata/processed/annotated/rares/20140829/patrol_run_26/room_2/features/nonPlanes<pfh_iss_2015-05-17_17-04-24.pcd 0.0156236 0.000822954 0.00299876 7 104,82,63,63,46,29,21 67,45,39,36,30,13,15 0,0,0,0,1,0,0 393822 468 720 23 36 400 652 23 36 393354,306,101,42,13,2,4 0,15,5,2,0,1,0 0,238,101,42,13,2,4 0,15,5,2,0,1,0
/media/michal/Pauli/masterdata/processed/annotated/rares/20140901/patrol_run_27/room_2/features/nonPlanes<pfh_iss_2015-05-17_17-04-52.pcd 0.0154138 0.00069751 0.00296335 6 119,96,96,53,36,16 57,57,54,31,16,13 0,0,0,0,0,0 375705 407 720 5 10 400 713 5 10 375298,225,112,41,13,12,1,1,0,0,0,1,1 0,3,0,1,1,0,0,0,0,0,0,0,0 0,218,112,41,13,12,1,1,0,0,0,1,1 0,3,0,1,1,0,0,0,0,0,0,0,0
/media/michal/Pauli/masterdata/processed/annotated/rares/20140901/patrol_run_31/room_2/features/nonPlanes<pfh_iss_2015-05-17_17-05-20.pcd 0.0109785 0.000544684 0.00179381 10 89,83,46,44,32,31,28,28,22,22 47,43,21,18,19,18,15,12,16,15 0,0,0,0,0,0,0,0,0,0 408408 384 720 6 13 384 720 6 13 408024,202,107,40,12,10,8,2,3 0,2,2,1,1,0,0,0,0 0,202,107,40,12,10,8,2,3 0,2,2,1,1,0,0,0,0
/media/michal/Pauli/masterdata/processed/annotated/rares/20140901/patrol_run_32/room_2/features/nonPlanes<pfh_iss_2015-05-17_17-05-38.pcd 0.0133659 0.000802719 0.00343072 8 74,60,54,38,37,31,29,20 38,33,27,14,20,19,18,12 -1 404976 404 720 -1 -1 400 716 -1 -1 404572,220,106,44,21,7,5,1 -1 0,216,106,44,21,7,5,1 -1
/media/michal/Pauli/masterdata/processed/annotated/rares/20140901/patrol_run_33/room_1/features/nonPlanes<pfh_iss_2015-05-17_17-06-06.pcd 0.013086 0.000784147 0.00282649 8 91,65,54,52,34,30,29,26 59,32,31,24,19,14,20,14 -1 391680 395 720 -1 -1 395 720 -1 -1 391285,214,97,45,25,8,5,1 -1 0,214,97,45,25,8,5,1 -1
/media/michal/Pauli/masterdata/processed/annotated/rares/20140902/patrol_run_35/room_2/features/nonPlanes<pfh_iss_2015-05-17_17-06-33.pcd 0.0131905 0.000620068 0.0033146 10 94,88,58,39,35,29,27,24,24,21 54,42,28,23,20,18,18,17,16,12 0,0,0,0,0,0,0,0,0,0 378972 409 720 26 45 400 711 26 45 378563,230,108,35,25,1,7,2,1 0,10,13,3,0,0,0,0,0 0,221,108,35,25,1,7,2,1 0,10,13,3,0,0,0,0,0
/media/michal/Pauli/masterdata/processed/annotated/rares/20140902/patrol_run_38/room_0/features/nonPlanes<pfh_iss_2015-05-17_17-06-50.pcd 0.0120532 0.000645773 0.0017799 9 185,69,48,46,39,37,29,19,17 105,30,25,27,25,16,15,16,13 -1 420420 414 720 -1 -1 400 706 -1 -1 420006,227,120,39,18,3,3,2,1,1 -1 0,213,120,39,18,3,3,2,1,1 -1
/media/michal/Pauli/masterdata/processed/annotated/rares/20140903/patrol_run_1/room_4/features/nonPlanes<pfh_iss_2015-05-17_17-07-14.pcd 0.0130096 0.000655782 0.00178199 10 66,66,53,46,45,35,29,29,24,21 42,37,29,28,33,21,17,14,13,13 0,0,0,0,1,0,0,0,0,0 418077 442 720 18 24 400 678 18 24 417635,268,109,44,11,5,2,3 0,13,4,1,0,0,0,0 0,226,109,44,11,5,2,3 0,13,4,1,0,0,0,0
/media/michal/Pauli/masterdata/processed/annotated/rares/20140903/patrol_run_10/room_2/features/nonPlanes<pfh_iss_2015-05-17_17-07-58.pcd 0.00961823 0.000646464 0.00283319 9 99,88,51,51,44,34,34,21,18 44,47,24,23,24,20,17,14,12 -1 401082 385 720 -1 -1 385 720 -1 -1 400697,202,100,46,16,12,7,2 -1 0,202,100,46,16,12,7,2 -1
/media/michal/Pauli/masterdata/processed/annotated/rares/20140903/patrol_run_12/room_2/features/nonPlanes<pfh_iss_2015-05-17_17-08-16.pcd 0.0113236 0.000497534 0.00269877 8 76,61,60,36,33,33,30,22 37,31,36,18,17,16,20,13 -1 393294 406 720 -1 -1 400 714 -1 -1 392888,228,104,43,17,6,3,3,1,0,1 -1 0,222,104,43,17,6,3,3,1,0,1 -1
/media/michal/Pauli/masterdata/processed/annotated/rares/20140903/patrol_run_14/room_1/features/nonPlanes<pfh_iss_2015-05-17_17-08-42.pcd 0.0101952 0.000693244 0.00292293 11 78,51,46,35,32,30,27,23,21,17,17 41,24,16,14,13,19,13,14,13,13,12 -1 411840 392 720 -1 -1 392 720 -1 -1 411448,215,100,42,18,4,8,3,1,0,1 -1 0,215,100,42,18,4,8,3,1,0,1 -1
/media/michal/Pauli/masterdata/processed/annotated/rares/20140903/patrol_run_2/room_4/features/nonPlanes<pfh_iss_2015-05-17_17-09-12.pcd 0.014969 0.000683743 0.00306254 6 120,117,34,31,29,28 75,63,18,18,17,18 -1 397188 442 720 -1 -1 400 678 -1 -1 396746,263,108,49,16,6 -1 0,221,108,49,16,6 -1
/media/michal/Pauli/masterdata/processed/annotated/rares/20140903/patrol_run_9/room_2/features/nonPlanes<pfh_iss_2015-05-17_17-09-39.pcd 0.0157601 0.000825977 0.00283038 9 128,88,68,48,43,27,26,23,18 66,50,33,26,29,16,12,16,12 -1 428340 447 720 -1 -1 400 673 -1 -1 427893,278,106,38,14,7,3,1 -1 0,231,106,38,14,7,3,1 -1
/media/michal/Pauli/masterdata/processed/annotated/rares/20140904/patrol_run_15/room_2/features/nonPlanes<pfh_iss_2015-05-17_17-10-03.pcd 0.0170129 0.000793711 0.00278826 7 79,65,48,47,39,32,24 41,31,23,32,22,13,19 0,0,0,0,0,0,0 394284 465 720 4 6 400 655 4 6 393819,306,96,40,15,6,2 0,3,0,1,0,0,0 0,241,96,40,15,6,2 0,3,0,1,0,0,0
/media/michal/Pauli/masterdata/processed/annotated/rares/20140905/patrol_run_17/room_2/features/nonPlanes<pfh_iss_2015-05-17_17-10-32.pcd 0.0182327 0.000829736 0.0029285 10 103,63,62,48,45,40,39,34,30,27 47,34,35,25,23,18,15,17,17,12 -1 408408 394 720 -1 -1 394 720 -1 -1 408014,218,104,40,10,15,2,1,3,0,0,0,0,0,0,0,1 -1 0,218,104,40,10,15,2,1,3,0,0,0,0,0,0,0,1 -1
/media/michal/Pauli/masterdata/processed/annotated/rares/20140905/patrol_run_19/room_1/features/nonPlanes<pfh_iss_2015-05-17_17-11-11.pcd 0.015722 0.000609411 0.00292257 10 76,61,51,49,43,41,33,20,20,16 45,37,30,24,22,18,17,14,12,12 -1 388416 429 720 -1 -1 400 691 -1 -1 387987,242,122,38,19,5,2,1 -1 0,213,122,38,19,5,2,1 -1
/media/michal/Pauli/masterdata/processed/annotated/rares/20140905/patrol_run_21/room_2/features/nonPlanes<pfh_iss_2015-05-17_17-11-41.pcd 0.0138252 0.000952591 0.00309092 6 184,69,67,26,25,21 97,33,35,15,13,12 -1 401082 405 720 -1 -1 400 715 -1 -1 400677,229,102,44,15,6,2,4,2,1 -1 0,224,102,44,15,6,2,4,2,1 -1
/media/michal/Pauli/masterdata/processed/annotated/rares/20140905/patrol_run_23/room_2/features/nonPlanes<pfh_iss_2015-05-17_17-12-03.pcd 0.0135131 0.000864692 0.00310836 9 97,91,70,41,35,29,26,24,14 56,36,38,21,23,18,20,12,12 -1 404481 407 720 -1 -1 400 713 -1 -1 404074,238,91,47,16,9,3,0,1,0,0,1,0,1 -1 0,231,91,47,16,9,3,0,1,0,0,1,0,1 -1
/media/michal/Pauli/masterdata/processed/annotated/rares/20140905/patrol_run_25/room_1/features/nonPlanes<pfh_iss_2015-05-17_17-12-17.pcd 0.0140627 0.00101646 0.0018268 6 139,96,78,70,50,24 79,39,47,31,24,18 -1 397188 405 720 -1 -1 400 715 -1 -1 396783,224,109,39,18,9,3,0,2,0,1 -1 0,219,109,39,18,9,3,0,2,0,1 -1
/media/michal/Pauli/masterdata/processed/annotated/rares/20140905/patrol_run_27/room_2/features/nonPlanes<pfh_iss_2015-05-17_17-12-31.pcd 0.0103444 0.000652061 0.00174585 11 75,72,66,38,32,31,30,25,23,21,21 37,31,37,15,18,22,21,15,13,15,15 -1 405768 391 720 -1 -1 391 720 -1 -1 405377,216,92,46,19,9,6,2,0,0,0,1 -1 0,216,92,46,19,9,6,2,0,0,0,1 -1
/media/michal/Pauli/masterdata/processed/annotated/rares/20140905/patrol_run_29/room_2/features/nonPlanes<pfh_iss_2015-05-17_17-12-50.pcd 0.0108815 0.000622193 0.00293264 9 76,65,62,56,29,28,28,26,20 44,38,32,28,15,18,14,12,13 -1 383295 412 720 -1 -1 400 708 -1 -1 382883,225,108,53,16,7,0,3 -1 0,213,108,53,16,7,0,3 -1
/media/michal/Pauli/masterdata/processed/annotated/rares/20140905/patrol_run_30/room_1/features/nonPlanes<pfh_iss_2015-05-17_17-13-07.pcd 0.0123333 0.00083886 0.00188286 9 71,70,70,62,54,51,33,24,23 38,36,29,38,24,34,15,18,15 -1 386100 398 720 -1 -1 398 720 -1 -1 385702,220,108,35,16,10,5,2,0,1,0,0,1 -1 0,220,108,35,16,10,5,2,0,1,0,0,1 -1
/media/michal/Pauli/masterdata/processed/annotated/rares/20140905/patrol_run_30/room_7/features/nonPlanes<pfh_iss_2015-05-17_17-13-22.pcd 0.0148743 0.000838075 0.00168207 12 77,66,60,53,32,26,24,24,23,22,21,20 52,32,34,31,21,16,15,12,13,15,13,12 -1 393294 443 720 -1 -1 400 677 -1 -1 392851,254,134,33,14,6,1,1 -1 0,211,134,33,14,6,1,1 -1
/media/michal/Pauli/masterdata/processed/annotated/rares/20140908/patrol_run_32/room_2/features/nonPlanes<pfh_iss_2015-05-17_17-13-45.pcd 0.0160025 0.000792583 0.00289235 11 98,52,46,46,45,43,41,35,22,19,17 47,26,23,20,28,25,24,18,12,12,13 -1 388416 389 720 -1 -1 389 720 -1 -1 388027,214,95,41,20,11,3,2,1,2 -1 0,214,95,41,20,11,3,2,1,2 -1
/media/michal/Pauli/masterdata/processed/annotated/rares/20140908/patrol_run_34/room_2/features/nonPlanes<pfh_iss_2015-05-17_17-14-04.pcd 0.0121099 0.000692632 0.00318285 8 138,96,60,55,31,26,26,15 88,61,32,34,16,14,12,13 0,0,0,0,0,0,0,0 404976 463 720 7 10 400 657 7 10 404513,289,124,31,10,5,3,1 0,4,3,0,0,0,0,0 0,226,124,31,10,5,3,1 0,4,3,0,0,0,0,0
/media/michal/Pauli/masterdata/processed/annotated/rares/20140908/patrol_run_36/room_3/features/nonPlanes<pfh_iss_2015-05-17_17-14-27.pcd 0.0132829 0.00126816 0.00182771 7 118,63,63,51,47,41,33 62,34,27,21,31,24,19 1,0,0,0,0,0,0 380919 393 720 27 57 393 720 27 57 380526,197,120,43,20,10,0,1,1,1 0,8,11,6,1,1,0,0,0,0 0,197,120,43,20,10,0,1,1,1 0,8,11,6,1,1,0,0,0,0
/media/michal/Pauli/masterdata/processed/annotated/rares/20140908/patrol_run_38/room_2/features/nonPlanes<pfh_iss_2015-05-17_17-14-55.pcd 0.0138692 0.000687574 0.00204271 9 97,60,56,43,38,38,31,26,17 53,34,27,26,17,16,20,17,13 0,0,0,0,0,0,0,0,0 419331 416 720 12 25 400 704 12 25 418915,242,102,38,20,7,4,3 0,6,2,3,0,0,1,0 0,226,102,38,20,7,4,3 0,6,2,3,0,0,1,0
/media/michal/Pauli/masterdata/processed/annotated/rares/20140908/patrol_run_39/room_3/features/nonPlanes<pfh_iss_2015-05-17_17-15-23.pcd 0.0132971 0.000662805 0.00198271 10 74,68,65,58,52,46,29,25,24,22 45,41,35,26,20,22,20,14,12,15 0,0,0,0,0,0,0,0,0,0 397188 420 720 8 17 400 700 8 17 396768,228,128,38,17,4,3,1,0,1 0,1,5,2,0,0,0,0,0,0 0,208,128,38,17,4,3,1,0,1 0,1,5,2,0,0,0,0,0,0
/media/michal/Pauli/masterdata/processed/annotated/rares/20140908/patrol_run_41/room_3/features/nonPlanes<pfh_iss_2015-05-17_17-15-49.pcd 0.0134496 0.000883471 0.00236877 9 100,77,55,49,44,35,32,22,22 53,44,25,26,27,25,19,13,12 0,0,0,0,1,0,0,0,0 394548 430 720 22 37 400 690 22 37 394118,252,107,47,16,3,1,4 0,13,5,3,0,1,0,0 0,222,107,47,16,3,1,4 0,13,5,3,0,1,0,0
/media/michal/Pauli/masterdata/processed/annotated/rares/20140908/patrol_run_43/room_3/features/nonPlanes<pfh_iss_2015-05-17_17-16-23.pcd 0.0129188 0.000675596 0.00236582 9 96,62,54,53,35,34,30,29,23 52,35,34,26,20,17,16,17,13 0,0,0,1,0,0,0,0,0 403920 435 720 19 38 400 685 19 38 403485,259,113,37,14,8,2,1,0,1 0,7,7,3,2,0,0,0,0,0 0,224,113,37,14,8,2,1,0,1 0,7,7,3,2,0,0,0,0,0
/media/michal/Pauli/masterdata/processed/annotated/rares/20140908/patrol_run_45/room_2/features/nonPlanes<pfh_iss_2015-05-17_17-16-45.pcd 0.012701 0.000887821 0.00317062 7 117,91,63,52,35,26,26 59,56,27,39,20,19,13 0,0,0,0,0,0,0 388773 420 720 16 27 400 700 16 27 388353,252,100,38,13,9,2,4,1,1 0,6,9,1,0,0,0,0,0,0 0,232,100,38,13,9,2,4,1,1 0,6,9,1,0,0,0,0,0,0
/media/michal/Pauli/masterdata/processed/annotated/rares/20140908/patrol_run_47/room_3/features/nonPlanes<pfh_iss_2015-05-17_17-17-36.pcd 0.0154245 0.000657222 0.00325025 7 109,74,63,59,29,21,15 57,46,41,32,14,13,12 0,0,0,0,0,1,0 391314 455 720 13 21 400 665 13 21 390859,283,115,33,16,4,4 0,7,4,2,0,0,0 0,228,115,33,16,4,4 0,7,4,2,0,0,0
/media/michal/Pauli/masterdata/processed/annotated/rares/20140909/patrol_run_49/room_3/features/nonPlanes<pfh_iss_2015-05-17_17-18-21.pcd 0.0120287 0.000687488 0.00309339 12 111,67,41,37,35,29,24,24,19,18,17,15 56,33,18,19,21,15,15,12,16,13,14,13 0,0,1,0,0,0,0,0,0,0,0,0 434511 423 720 13 32 400 697 13 32 434088,243,110,43,16,6,2,2,1 0,4,3,5,0,0,0,1,0 0,220,110,43,16,6,2,2,1 0,4,3,5,0,0,0,1,0
/media/michal/Pauli/masterdata/processed/annotated/rares/20140909/patrol_run_51/room_3/features/nonPlanes<pfh_iss_2015-05-17_17-18-41.pcd 0.0126827 0.000976475 0.00264236 8 190,66,55,52,37,35,26,18 114,36,29,35,27,17,15,12 0,1,0,0,0,0,0,0 702702 444 720 19 35 400 676 19 35 702258,276,112,24,17,10,5 0,10,6,1,1,0,1 0,232,112,24,17,10,5 0,10,6,1,1,0,1
/media/michal/Pauli/masterdata/processed/annotated/rares/20140909/patrol_run_53/room_3/features/nonPlanes<pfh_iss_2015-05-17_17-19-15.pcd 0.0145002 0.000704125 0.00181938 8 103,64,61,52,51,51,32,28 52,36,35,27,24,21,18,12 0,0,0,0,0,0,0,0 392224 408 720 7 11 400 712 7 11 391816,230,104,41,17,9,4,2,1 0,4,2,1,0,0,0,0,0 0,222,104,41,17,9,4,2,1 0,4,2,1,0,0,0,0,0
/media/michal/Pauli/masterdata/processed/annotated/rares/20140909/patrol_run_55/room_3/features/nonPlanes<pfh_iss_2015-05-17_17-19-38.pcd 0.0145575 0.000802408 0.00257628 9 140,76,63,35,32,26,24,20,20 65,38,40,19,22,19,12,15,12 0,0,0,0,0,1,0,0,0 434511 433 720 15 20 400 687 15 20 434078,259,110,37,16,6,3,0,0,2 0,11,3,1,0,0,0,0,0,0 0,226,110,37,16,6,3,0,0,2 0,11,3,1,0,0,0,0,0,0
/media/michal/Pauli/masterdata/processed/annotated/rares/20140909/patrol_run_59/room_3/features/nonPlanes<pfh_iss_2015-05-18_11-12-53.pcd 0.0144032 0.000648913 0.00225324 8 104,77,53,43,40,21,19,16 63,36,26,22,30,13,12,13 -1 432300 447 720 -1 -1 400 673 -1 -1 431853,271,118,36,12,6,1,3 -1 0,224,118,36,12,6,1,3 -1
/media/michal/Pauli/masterdata/processed/annotated/rares/20140909/patrol_run_61/room_3/features/nonPlanes<pfh_iss_2015-05-18_11-13-32.pcd 0.0151978 0.000671368 0.00208176 10 106,54,52,42,36,26,26,26,21,16 53,32,34,21,17,17,15,15,15,12 -1 430122 426 720 -1 -1 400 694 -1 -1 429696,235,129,35,19,4,3,0,1 -1 0,209,129,35,19,4,3,0,1 -1
/media/michal/Pauli/masterdata/processed/annotated/rares/20140909/patrol_run_63/room_3/features/nonPlanes<pfh_iss_2015-05-18_11-14-19.pcd 0.0188865 0.000930187 0.00293359 11 67,63,52,47,39,36,24,24,23,21,18 31,31,27,24,22,26,15,13,15,14,15 -1 391314 427 720 -1 -1 400 693 -1 -1 390887,250,106,46,12,7,5,1 -1 0,223,106,46,12,7,5,1 -1
/media/michal/Pauli/masterdata/processed/annotated/rares/20140910/patrol_run_67/room_3/features/nonPlanes<pfh_iss_2015-05-18_11-15-00.pcd 0.0144496 0.000917161 0.00195786 12 53,53,50,48,48,43,28,28,26,25,24,24 32,28,19,28,24,26,18,16,15,13,17,15 0,1,0,0,0,0,0,0,0,0,0,0 460647 430 720 25 50 400 690 25 50 460217,263,105,36,16,6,0,1,0,1,1,0,0,0,0,0,0,0,0,1 0,7,13,4,0,1,0,0,0,0,0,0,0,0,0,0,0,0,0,0 0,233,105,36,16,6,0,1,0,1,1,0,0,0,0,0,0,0,0,1 0,7,13,4,0,1,0,0,0,0,0,0,0,0,0,0,0,0,0,0
/media/michal/Pauli/masterdata/processed/annotated/rares/20140910/patrol_run_69/room_3/features/nonPlanes<pfh_iss_2015-05-18_11-15-42.pcd 0.0144756 0.000487925 0.00291836 9 123,76,56,54,35,30,23,19,18 76,44,33,27,24,13,13,14,13 0,0,0,0,0,0,0,0,0 382239 456 720 19 31 400 664 19 31 381783,280,123,35,9,4,4,0,0,1 0,10,6,3,0,0,0,0,0,0 0,224,123,35,9,4,4,0,0,1 0,10,6,3,0,0,0,0,0,0
/media/michal/Pauli/masterdata/processed/annotated/rares/20140910/patrol_run_71/room_3/features/nonPlanes<pfh_iss_2015-05-18_11-16-30.pcd 0.0128686 0.000744169 0.00309896 11 132,53,41,37,36,35,33,29,24,24,20 76,27,24,21,16,19,13,18,19,14,12 0,0,0,0,0,0,0,0,0,0,0 472461 434 720 4 5 400 686 4 5 472027,261,107,37,19,5,2,3 0,3,1,0,0,0,0,0 0,227,107,37,19,5,2,3 0,3,1,0,0,0,0,0
/media/michal/Pauli/masterdata/processed/annotated/rares/20140910/patrol_run_74/room_3/features/nonPlanes<pfh_iss_2015-05-18_11-17-12.pcd 0.0117062 0.000691091 0.00205723 12 77,58,49,47,47,43,41,38,33,30,21,17 27,26,21,22,16,26,19,18,19,12,14,13 1,0,0,0,0,0,0,0,0,0,0,0 426888 367 720 25 75 367 720 25 75 426521,183,106,35,19,12,5,4,2,0,1 0,7,5,6,3,1,1,1,0,0,1 0,183,106,35,19,12,5,4,2,0,1 0,7,5,6,3,1,1,1,0,0,1
/media/michal/Pauli/masterdata/processed/annotated/rares/20140910/patrol_run_77/room_4/features/nonPlanes<pfh_iss_2015-05-18_11-17-51.pcd 0.0152099 0.000838349 0.00315446 10 127,49,46,37,35,35,30,29,24,22 68,28,25,22,22,15,16,16,16,14 -1 392700 416 720 -1 -1 400 704 -1 -1 392284,241,103,43,15,7,3,1,3 -1 0,225,103,43,15,7,3,1,3 -1
/media/michal/Pauli/masterdata/processed/annotated/rares/20140910/patrol_run_79/room_2/features/nonPlanes<pfh_iss_2015-05-18_11-18-34.pcd 0.0106398 0.000845482 0.00236374 8 77,62,54,52,44,35,23,12 43,31,27,27,29,21,16,12 -1 381376 403 720 -1 -1 400 717 -1 -1 380973,221,110,39,17,10,3,1,0,1,1 -1 0,218,110,39,17,10,3,1,0,1,1 -1
/media/michal/Pauli/masterdata/processed/annotated/rares/20140910/patrol_run_81/room_2/features/nonPlanes<pfh_iss_2015-05-18_11-19-10.pcd 0.010425 0.000655275 0.00305481 10 112,91,66,65,38,26,25,22,19,18 52,32,28,35,14,14,16,13,13,13 -1 389400 372 720 -1 -1 372 720 -1 -1 389028,191,92,53,16,9,6,1,2,2 -1 0,191,92,53,16,9,6,1,2,2 -1
/media/michal/Pauli/masterdata/processed/annotated/rares/20140911/patrol_run_82/room_3/features/nonPlanes<pfh_iss_2015-05-18_11-19-48.pcd 0.0119516 0.000712565 0.00175499 13 76,59,35,35,33,30,28,27,26,25,24,22,20 35,35,21,20,17,16,16,16,16,14,13,12,13 -1 445269 422 720 -1 -1 400 698 -1 -1 444847,238,114,39,23,5,2,0,1 -1 0,216,114,39,23,5,2,0,1 -1
/media/michal/Pauli/masterdata/processed/annotated/rares/20140911/patrol_run_84/room_3/features/nonPlanes<pfh_iss_2015-05-18_11-20-25.pcd 0.013746 0.000649712 0.00300311 9 134,76,59,52,50,38,34,24,22 74,38,33,29,28,19,20,15,14 0,0,0,0,0,0,0,0,0 388773 425 720 10 16 400 695 10 16 388348,240,111,51,14,5,4 0,8,1,0,0,0,1 0,215,111,51,14,5,4 0,8,1,0,0,0,1
/media/michal/Pauli/masterdata/processed/annotated/rares/20140911/patrol_run_88/room_3/features/nonPlanes<pfh_iss_2015-05-18_11-21-02.pcd 0.0141872 0.00106472 0.00258916 9 131,60,56,47,45,34,29,19,19 68,29,34,20,27,12,16,13,12 0,0,0,0,0,0,0,0,0 393294 419 720 16 28 400 701 16 28 392875,232,122,39,15,6,2,0,2,1 0,9,3,3,1,0,0,0,0,0 0,213,122,39,15,6,2,0,2,1 0,9,3,3,1,0,0,0,0,0
/media/michal/Pauli/masterdata/processed/annotated/rares/20140911/patrol_run_90/room_3/features/nonPlanes<pfh_iss_2015-05-18_11-21-43.pcd 0.0137163 0.000836061 0.00206115 13 92,61,59,49,48,39,38,33,32,26,25,24,21 53,35,28,24,29,18,18,14,19,15,15,14,12 1,0,0,0,0,0,0,0,0,0,0,0,0 393822 396 720 21 43 396 720 21 43 393426,213,101,44,25,9,1,2,1 0,8,6,5,2,0,0,0,0 0,213,101,44,25,9,1,2,1 0,8,6,5,2,0,0,0,0
/media/michal/Pauli/masterdata/processed/annotated/rares/20140911/patrol_run_92/room_3/features/nonPlanes<pfh_iss_2015-05-18_11-22-20.pcd 0.0135287 0.000685957 0.00198801 9 101,94,48,47,42,40,36,32,29 57,57,27,28,16,14,19,19,17 0,0,0,0,0,0,0,0,0 408408 408 720 11 22 400 712 11 22 408000,234,98,43,18,9,3,1,0,1,1 0,3,5,3,0,0,0,0,0,0,0 0,226,98,43,18,9,3,1,0,1,1 0,3,5,3,0,0,0,0,0,0,0
/media/michal/Pauli/masterdata/processed/annotated/rares/20140912/patrol_run_100/room_3/features/nonPlanes<pfh_iss_2015-05-18_11-22-59.pcd 0.0106269 0.000674345 0.00205937 9 104,103,68,60,41,32,24,21,19 62,65,33,36,22,16,14,13,16 0,0,0,0,0,0,0,0,0 380919 436 720 27 53 400 684 27 53 380483,256,116,42,10,9,2,0,0,1 0,13,7,4,1,2,0,0,0,0 0,220,116,42,10,9,2,0,0,1 0,13,7,4,1,2,0,0,0,0
/media/michal/Pauli/masterdata/processed/annotated/rares/20140912/patrol_run_102/room_3/features/nonPlanes<pfh_iss_2015-05-18_11-23-52.pcd 0.0141244 0.00070167 0.00290322 8 146,70,50,48,44,32,29,23 85,48,28,34,22,16,15,16 0,0,0,0,0,0,0,0 455466 444 720 18 27 400 676 18 27 455022,261,123,36,17,5,2 0,11,5,2,0,0,0 0,217,123,36,17,5,2 0,11,5,2,0,0,0
/media/michal/Pauli/masterdata/processed/annotated/rares/20140912/patrol_run_104/room_3/features/nonPlanes<pfh_iss_2015-05-18_11-24-35.pcd 0.0167511 0.000930157 0.00300256 8 91,86,68,60,56,34,31,20 54,44,41,34,31,21,19,16 1,0,0,0,0,0,0,0 398574 435 720 28 47 400 685 28 47 398139,263,105,37,20,8,0,1,0,1 0,17,6,2,3,0,0,0,0,0 0,228,105,37,20,8,0,1,0,1 0,17,6,2,3,0,0,0,0,0
/media/michal/Pauli/masterdata/processed/annotated/rares/20140912/patrol_run_94/room_3/features/nonPlanes<pfh_iss_2015-05-18_11-25-21.pcd 0.0154522 0.000720225 0.00299907 9 132,59,41,40,28,26,23,21,16 70,42,32,20,17,12,17,15,13 0,1,0,0,0,0,0,0,0 426888 467 720 18 24 400 653 18 24 426421,293,124,31,12,5,1,1 0,14,3,0,1,0,0,0 0,226,124,31,12,5,1,1 0,14,3,0,1,0,0,0
/media/michal/Pauli/masterdata/processed/annotated/rares/20140912/patrol_run_96/room_2/features/nonPlanes<pfh_iss_2015-05-18_11-26-12.pcd 0.012729 0.000659811 0.00303793 11 86,83,65,58,51,28,25,25,22,22,20 40,44,34,23,25,17,14,13,13,12,12 0,0,0,1,0,0,0,0,0,0,0 375144 396 720 23 58 396 720 23 58 374748,212,111,38,19,8,2,4,2 0,7,7,5,2,0,0,2,0 0,212,111,38,19,8,2,4,2 0,7,7,5,2,0,0,2,0
/media/michal/Pauli/masterdata/processed/annotated/rares/20140912/patrol_run_98/room_3/features/nonPlanes<pfh_iss_2015-05-18_11-26-55.pcd 0.0165256 0.000940114 0.00290309 6 138,85,82,63,31,20 89,47,43,35,17,14 0,0,0,1,0,0 385506 446 720 24 44 400 674 24 44 385060,271,114,38,14,5,2,2 0,13,7,1,2,0,1,0 0,225,114,38,14,5,2,2 0,13,7,1,2,0,1,0
/media/michal/Pauli/masterdata/processed/annotated/rares/20140921/patrol_run_110/room_2/features/nonPlanes<pfh_iss_2015-05-18_11-27-51.pcd 0.0138908 0.000671686 0.00318844 10 91,80,48,39,39,30,21,21,18,17 47,36,20,23,17,14,16,15,12,12 -1 404481 407 720 -1 -1 400 713 -1 -1 404074,224,113,45,8,9,2,3,2,1 -1 0,217,113,45,8,9,2,3,2,1 -1
/media/michal/Pauli/masterdata/processed/annotated/rares/20140921/patrol_run_112/room_2/features/nonPlanes<pfh_iss_2015-05-18_11-28-26.pcd 0.0141401 0.000818702 0.00235286 10 80,56,49,37,36,28,23,21,20,17 48,34,24,16,24,14,18,13,12,12 -1 408408 451 720 -1 -1 400 669 -1 -1 407957,283,111,33,12,8,2,1,0,1 -1 0,232,111,33,12,8,2,1,0,1 -1
/media/michal/Pauli/masterdata/processed/annotated/rares/20140921/patrol_run_114/room_1/features/nonPlanes<pfh_iss_2015-05-18_11-29-08.pcd 0.0110629 0.000565531 0.00198947 8 98,63,40,33,32,24,23,16 51,32,16,12,18,12,13,14 -1 410652 396 720 -1 -1 396 720 -1 -1 410256,210,108,43,19,11,2,2,1 -1 0,210,108,43,19,11,2,2,1 -1
/media/michal/Pauli/masterdata/processed/annotated/rares/20140922/patrol_run_116/room_2/features/nonPlanes<pfh_iss_2015-05-18_11-29-45.pcd 0.0135873 0.000704506 0.00224833 4 117,59,56,42 64,34,37,26 -1 414018 433 720 -1 -1 400 687 -1 -1 413585,258,105,44,18,5,0,1,2 -1 0,225,105,44,18,5,0,1,2 -1
/media/michal/Pauli/masterdata/processed/annotated/rares/20140922/patrol_run_118/room_2/features/nonPlanes<pfh_iss_2015-05-18_11-30-27.pcd 0.0108376 0.000699532 0.00312145 11 104,94,43,35,29,26,26,18,17,16,14 64,45,23,17,13,14,13,12,12,12,12 0,0,0,0,0,0,0,1,0,0,0 403293 435 720 10 15 400 685 10 15 402858,267,102,37,17,6,3,2,1 0,5,5,0,0,0,0,0,0 0,232,102,37,17,6,3,2,1 0,5,5,0,0,0,0,0,0
/media/michal/Pauli/masterdata/processed/annotated/rares/20140922/patrol_run_120/room_1/features/nonPlanes<pfh_iss_2015-05-18_11-31-10.pcd 0.0154944 0.000695769 0.00289698 11 85,63,46,43,38,34,30,27,26,24,22 51,38,22,23,26,20,14,13,12,14,15 -1 416658 428 720 -1 -1 400 692 -1 -1 416230,251,108,37,22,6,4 -1 0,223,108,37,22,6,4 -1
/media/michal/Pauli/masterdata/processed/annotated/rares/20140922/patrol_run_124/room_2/features/nonPlanes<pfh_iss_2015-05-18_11-31-57.pcd 0.0138774 0.000636529 0.00332027 7 91,73,64,43,27,22,15 57,44,41,24,16,13,12 1,0,0,0,0,0,0 463320 468 720 27 45 400 652 27 45 462852,304,106,39,13,3,1,2 0,14,9,3,1,0,0,0 0,236,106,39,13,3,1,2 0,14,9,3,1,0,0,0
/media/michal/Pauli/masterdata/processed/annotated/rares/20140922/patrol_run_126/room_2/features/nonPlanes<pfh_iss_2015-05-18_11-32-44.pcd 0.0133433 0.000717158 0.00264311 11 101,65,59,47,46,39,39,31,29,27,17 60,26,36,30,19,21,21,17,12,14,12 0,0,0,0,1,0,0,0,0,0,0 416262 408 720 17 41 400 712 17 41 415854,230,107,40,13,9,6,1,2 0,4,7,5,0,0,0,0,1 0,222,107,40,13,9,6,1,2 0,4,7,5,0,0,0,0,1
/media/michal/Pauli/masterdata/processed/annotated/rares/20140922/patrol_run_128/room_2/features/nonPlanes<pfh_iss_2015-05-18_11-33-25.pcd 0.0124839 0.00119895 0.00184106 9 99,60,45,44,37,32,31,27,26 53,39,24,19,15,16,15,17,13 0,0,0,0,1,0,0,0,0 403293 424 720 13 31 400 696 13 31 402869,246,108,43,16,4,4,3 0,4,5,2,0,1,1,0 0,222,108,43,16,4,4,3 0,4,5,2,0,1,1,0
/media/michal/Pauli/masterdata/processed/annotated/rares/20140922/patrol_run_130/room_2/features/nonPlanes<pfh_iss_2015-05-18_11-34-08.pcd 0.0131206 0.000655218 0.00247912 10 103,61,42,35,33,29,29,27,26,20 62,23,28,16,15,23,22,15,17,13 0,0,0,0,1,0,0,0,0,0 432300 460 720 14 32 400 660 14 32 431840,279,136,28,8,6,1,1,0,0,1 0,6,4,2,0,1,0,1,0,0,0 0,219,136,28,8,6,1,1,0,0,1 0,6,4,2,0,1,0,1,0,0,0
/media/michal/Pauli/masterdata/processed/annotated/rares/20140922/patrol_run_132/room_1/features/nonPlanes<pfh_iss_2015-05-18_11-35-00.pcd 0.0112772 0.000912758 0.00315261 10 128,97,53,42,31,30,27,24,21,20 50,65,28,24,19,18,18,14,13,12 0,0,0,1,0,0,0,0,0,0 404976 409 720 17 33 400 711 17 33 404567,230,105,47,13,9,1,1,1,0,1,1 0,7,6,2,2,0,0,0,0,0,0,0 0,221,105,47,13,9,1,1,1,0,1,1 0,7,6,2,2,0,0,0,0,0,0,0
/media/michal/Pauli/masterdata/processed/annotated/rares/20140922/patrol_run_134/room_2/features/nonPlanes<pfh_iss_2015-05-18_11-35-47.pcd 0.0150458 0.000850737 0.00286779 9 86,70,47,35,34,32,22,20,19 48,41,32,18,22,14,16,14,12 0,0,0,0,0,0,0,0,0 400554 449 720 20 42 400 671 20 42 400105,275,120,34,11,5,1,1,1,0,0,0,0,1 0,8,9,1,0,1,0,0,1,0,0,0,0,0 0,226,120,34,11,5,1,1,1,0,0,0,0,1 0,8,9,1,0,1,0,0,1,0,0,0,0,0
/media/michal/Pauli/masterdata/processed/annotated/rares/20140922/patrol_run_138/room_2/features/nonPlanes<pfh_iss_2015-05-18_11-36-58.pcd 0.0140552 0.000872116 0.00246901 10 104,79,34,32,27,25,23,21,18,15 54,60,13,12,13,14,16,13,13,12 -1 412335 425 720 -1 -1 400 695 -1 -1 411910,254,97,41,24,6,2,0,0,0,0,1 -1 0,229,97,41,24,6,2,0,0,0,0,1 -1
/media/michal/Pauli/masterdata/processed/annotated/rares/20140923/patrol_run_139/room_2/features/nonPlanes<pfh_iss_2015-05-18_11-37-33.pcd 0.0139735 0.000768778 0.00195738 5 103,100,88,43,19 57,49,56,27,13 0,0,1,0,0 404481 436 720 28 44 400 684 28 44 404045,261,108,44,15,4,1,1,1,0,1 0,17,8,2,0,1,0,0,0,0,0 0,225,108,44,15,4,1,1,1,0,1 0,17,8,2,0,1,0,0,0,0,0
/media/michal/Pauli/masterdata/processed/annotated/rares/20140923/patrol_run_141/room_2/features/nonPlanes<pfh_iss_2015-05-18_11-38-19.pcd 0.0136166 0.000689348 0.00271275 9 67,51,42,42,38,35,31,17,16 32,31,24,24,16,15,13,13,14 0,0,0,1,0,0,0,0,0 407286 411 720 7 12 400 709 7 12 406875,242,98,40,16,9,1,1,1,0,1,2 0,3,3,1,0,0,0,0,0,0,0,0 0,231,98,40,16,9,1,1,1,0,1,2 0,3,3,1,0,0,0,0,0,0,0,0
/media/michal/Pauli/masterdata/processed/annotated/rares/20140923/patrol_run_144/room_2/features/nonPlanes<pfh_iss_2015-05-18_11-39-06.pcd 0.0110831 0.000670196 0.00284834 11 63,52,51,41,41,39,35,29,22,21,18 41,26,24,22,18,24,19,22,15,12,13 0,0,0,0,0,0,0,0,0,0,0 383724 435 720 6 15 400 685 6 15 383289,266,101,39,22,3,2,0,0,0,2 0,5,0,0,0,0,0,0,0,0,1 0,231,101,39,22,3,2,0,0,0,2 0,5,0,0,0,0,0,0,0,0,1
/media/michal/Pauli/masterdata/processed/annotated/rares/20140923/patrol_run_146/room_2/features/nonPlanes<pfh_iss_2015-05-18_11-39-49.pcd 0.0144132 0.000718671 0.00279805 7 142,78,42,39,33,29,14 82,37,29,15,16,14,12 0,0,0,0,0,0,0 384384 399 720 9 13 399 720 9 13 383985,223,94,41,30,5,3,1,2 0,6,2,1,0,0,0,0,0 0,223,94,41,30,5,3,1,2 0,6,2,1,0,0,0,0,0
/media/michal/Pauli/masterdata/processed/annotated/rares/20140923/patrol_run_148/room_2/features/nonPlanes<pfh_iss_2015-05-18_11-40-28.pcd 0.00955902 0.000847747 0.00189386 8 130,94,44,40,36,27,25,20 62,63,24,18,16,17,15,14 -1 391545 419 720 -1 -1 400 701 -1 -1 391126,240,104,50,13,7,1,3,1 -1 0,221,104,50,13,7,1,3,1 -1
/media/michal/Pauli/masterdata/processed/annotated/rares/20140923/patrol_run_150/room_2/features/nonPlanes<pfh_iss_2015-05-18_11-41-08.pcd 0.0129547 0.000460981 0.00180844 9 108,65,60,56,46,45,40,30,15 50,36,37,31,18,22,15,19,13 -1 383295 399 720 -1 -1 399 720 -1 -1 382896,227,97,37,18,10,5,4,1 -1 0,227,97,37,18,10,5,4,1 -1
/media/michal/Pauli/masterdata/processed/annotated/rares/20140924/patrol_run_152/room_2/features/nonPlanes<pfh_iss_2015-05-18_11-41-45.pcd 0.0123936 0.000683048 0.00243804 9 80,74,68,57,40,32,32,30,18 43,43,43,34,19,21,12,18,12 -1 365568 437 720 -1 -1 400 683 -1 -1 365131,263,107,42,11,12,1,1 -1 0,226,107,42,11,12,1,1 -1
/media/michal/Pauli/masterdata/processed/annotated/rares/20140924/patrol_run_156/room_2/features/nonPlanes<pfh_iss_2015-05-18_11-42-28.pcd 0.0130949 0.00071049 0.00180653 12 126,89,62,32,31,29,29,26,22,19,18,18 71,52,23,13,18,21,14,14,14,14,14,12 -1 373296 411 720 -1 -1 400 709 -1 -1 372885,232,107,43,17,5,4,1,0,0,1,1 -1 0,221,107,43,17,5,4,1,0,0,1,1 -1
/media/michal/Pauli/masterdata/processed/annotated/rares/20140924/patrol_run_158/room_1/features/nonPlanes<pfh_iss_2015-05-18_11-43-04.pcd 0.012677 0.000719817 0.0028011 7 102,78,57,46,40,27,24 58,35,35,19,24,15,12 -1 383724 421 720 -1 -1 400 699 -1 -1 383303,250,95,47,15,8,3,3 -1 0,229,95,47,15,8,3,3 -1
/media/michal/Pauli/masterdata/processed/annotated/rares/20140924/patrol_run_162/room_2/features/nonPlanes<pfh_iss_2015-05-18_11-43-36.pcd 0.0150632 0.000801271 0.00278438 6 113,64,63,43,42,26 71,34,34,23,21,16 -1 423654 423 720 -1 -1 400 697 -1 -1 423231,246,108,39,19,5,5,0,0,0,1 -1 0,223,108,39,19,5,5,0,0,0,1 -1
/media/michal/Pauli/masterdata/processed/annotated/rares/20140924/patrol_run_164/room_1/features/nonPlanes<pfh_iss_2015-05-18_11-44-18.pcd 0.0111232 0.00063583 0.00212459 5 106,96,85,30,28 63,55,50,19,16 -1 394284 455 720 -1 -1 400 665 -1 -1 393829,271,135,31,11,3,2,1,1 -1 0,216,135,31,11,3,2,1,1 -1
/media/michal/Pauli/masterdata/processed/annotated/rares/20140924/patrol_run_166/room_2/features/nonPlanes<pfh_iss_2015-05-18_11-45-01.pcd 0.0125876 0.000677258 0.00196142 6 146,84,73,33,32,20 82,54,36,25,16,15 -1 378378 436 720 -1 -1 400 684 -1 -1 377942,249,126,33,23,3,1,1 -1 0,213,126,33,23,3,1,1 -1
