obj_search:
  camera_z: 1.7
  ceiling_z: 2.27
  floor_z: 0
  object_query: {K: 5}
  processed_data_dir: /home/michal/Downloads/pcddata/processed/
  raw_data_dir: /media/michal/Pauli/masterdata/raw/
object_query: {K: 10, cluster_maxsize: 500, cluster_minsize: 12, cluster_tolerance: 0.25,
  clusters_to_results: true, extract_mult: 1.3, match: nonPlanes<pfhrgb_uniform, n_max_points: 400,
  output_dir: 'NULL', query_features: '/home/michal/Downloads/pcddata/processed/query/queryobjects/0,02/laptop1/features/rgb_0012_label_laptop1<pfhrgb_uniform_2015-05-28_11-00-16.pcd',
  results_out: '/home/michal/Downloads/pcddata/processed/query/k10_mx400_t0,25/ds0_02mp_4500',
  subdirs: 4, target_features: /media/michal/Pauli/masterdata/processed/paramtest/ds0_02mp_4500,
  x_step_hough: 0.05, y_step_hough: 0.05, z_step_hough: 0.05}
rosdistro: 'indigo

  '
roslaunch:
  uris: {host_tycho__40994: 'http://tycho:40994/', host_tycho__41735: 'http://tycho:41735/',
    host_tycho__44114: 'http://tycho:44114/'}
rosversion: '1.11.10

  '
run_id: 1cea36f8-08c1-11e5-898c-3c970e77227e
BEGIN_DATA
# fname t_query t_hough t_cluster cluster_n cluster_scores cluster_points cluster_inobb n_hough_tot nonzero_hough hough_votes boxpts boxvotes maxpts maxvotes maxboxpts maxboxvotes hough_hist box_hist max_hist boxmax_hist
/media/michal/Pauli/masterdata/processed/paramtest/ds0_02mp_4500/annotated/rares/20140820/patrol_run_2/room_1/features/nonPlanes<pfhrgb_uniform_2015-05-18_22-12-12.pcd 0.265317 0.00105194 0.00337834 8 297,269,117,48,34,32,28,16 66,101,66,23,12,13,15,14 0,0,0,0,0,0,0,0 453288 483 1100 20 37 400 1017 20 37 452805,283,82,43,24,18,7,7,2,4,4,3,1,0,1,0,1,0,0,1,0,0,0,0,0,0,1,0,0,0,0,0,0,0,0,1 0,10,4,5,1,0,0,0,0,0,0,0,0,0,0,0,0,0,0,0,0,0,0,0,0,0,0,0,0,0,0,0,0,0,0,0 0,200,82,43,24,18,7,7,2,4,4,3,1,0,1,0,1,0,0,1,0,0,0,0,0,0,1,0,0,0,0,0,0,0,0,1 0,10,4,5,1,0,0,0,0,0,0,0,0,0,0,0,0,0,0,0,0,0,0,0,0,0,0,0,0,0,0,0,0,0,0,0
/media/michal/Pauli/masterdata/processed/paramtest/ds0_02mp_4500/annotated/rares/20140820/patrol_run_4/room_0/features/nonPlanes<pfhrgb_uniform_2015-05-18_22-12-19.pcd 0.266021 0.00123893 0.00228502 5 344,186,185,40,14 109,71,64,24,12 1,0,0,0,0 424446 471 1100 49 211 400 1029 49 211 423975,250,98,35,32,14,12,7,6,8,4,1,2,0,0,0,0,1,1 0,16,8,2,6,1,6,2,1,1,3,0,1,0,0,0,0,1,1 0,179,98,35,32,14,12,7,6,8,4,1,2,0,0,0,0,1,1 0,16,8,2,6,1,6,2,1,1,3,0,1,0,0,0,0,1,1
/media/michal/Pauli/masterdata/processed/paramtest/ds0_02mp_4500/annotated/rares/20140828/patrol_run_19/room_3/features/nonPlanes<pfhrgb_uniform_2015-05-18_22-12-27.pcd 0.324582 0.00137796 0.00323636 8 252,151,130,117,72,65,58,28 75,54,53,46,35,16,22,14 -1 407880 480 1100 -1 -1 400 1020 -1 -1 407400,255,91,61,25,14,6,7,7,3,1,1,2,3,3,0,1 -1 0,175,91,61,25,14,6,7,7,3,1,1,2,3,3,0,1 -1
/media/michal/Pauli/masterdata/processed/paramtest/ds0_02mp_4500/annotated/rares/20140829/patrol_run_20/room_3/features/nonPlanes<pfhrgb_uniform_2015-05-18_22-12-37.pcd 0.290921 0.0012936 0.00244431 6 243,208,168,109,52,40 91,74,36,31,20,13 -1 461736 439 1100 -1 -1 400 1061 -1 -1 461297,220,95,40,22,17,15,5,7,6,3,2,1,2,0,1,0,0,2,0,0,1 -1 0,181,95,40,22,17,15,5,7,6,3,2,1,2,0,1,0,0,2,0,0,1 -1
/media/michal/Pauli/masterdata/processed/paramtest/ds0_02mp_4500/annotated/rares/20140829/patrol_run_26/room_2/features/nonPlanes<pfhrgb_uniform_2015-05-18_22-12-46.pcd 0.256599 0.000778411 0.0032871 8 419,87,63,63,52,48,39,29 126,30,37,12,20,14,14,23 1,0,0,0,0,0,0,0 404481 457 1100 57 250 400 1043 57 250 404024,244,80,53,31,16,7,7,6,0,3,1,1,2,1,0,1,0,1,0,1,0,1,0,0,1 0,17,5,11,6,8,0,1,4,0,0,1,0,1,0,0,0,0,1,0,1,0,0,0,0,1 0,187,80,53,31,16,7,7,6,0,3,1,1,2,1,0,1,0,1,0,1,0,1,0,0,1 0,17,5,11,6,8,0,1,4,0,0,1,0,1,0,0,0,0,1,0,1,0,0,0,0,1
/media/michal/Pauli/masterdata/processed/paramtest/ds0_02mp_4500/annotated/rares/20140901/patrol_run_27/room_2/features/nonPlanes<pfhrgb_uniform_2015-05-18_22-12-54.pcd 0.261057 0.000727813 0.00320149 9 253,180,170,109,63,48,36,35,33 86,64,57,24,22,14,13,22,17 0,0,0,0,0,0,0,0,0 424710 412 1100 18 39 400 1088 18 39 424298,211,81,35,17,15,20,7,7,6,0,4,1,2,0,1,0,1,0,0,1,2,0,0,1 0,8,4,3,1,2,0,0,0,0,0,0,0,0,0,0,0,0,0,0,0,0,0,0,0 0,199,81,35,17,15,20,7,7,6,0,4,1,2,0,1,0,1,0,0,1,2,0,0,1 0,8,4,3,1,2,0,0,0,0,0,0,0,0,0,0,0,0,0,0,0,0,0,0,0
/media/michal/Pauli/masterdata/processed/paramtest/ds0_02mp_4500/annotated/rares/20140901/patrol_run_31/room_2/features/nonPlanes<pfhrgb_uniform_2015-05-18_22-13-03.pcd 0.247446 0.000859053 0.00198889 7 368,107,104,97,52,37,22 110,22,38,29,19,16,18 0,0,0,0,0,0,0 460845 399 1100 6 19 399 1100 6 19 460446,194,79,43,22,22,6,6,5,3,6,3,1,2,0,0,2,2,0,0,1,0,0,0,0,0,0,1,0,0,0,0,1 0,1,1,2,1,0,1,0,0,0,0,0,0,0,0,0,0,0,0,0,0,0,0,0,0,0,0,0,0,0,0,0,0 0,194,79,43,22,22,6,6,5,3,6,3,1,2,0,0,2,2,0,0,1,0,0,0,0,0,0,1,0,0,0,0,1 0,1,1,2,1,0,1,0,0,0,0,0,0,0,0,0,0,0,0,0,0,0,0,0,0,0,0,0,0,0,0,0,0
/media/michal/Pauli/masterdata/processed/paramtest/ds0_02mp_4500/annotated/rares/20140901/patrol_run_32/room_2/features/nonPlanes<pfhrgb_uniform_2015-05-18_22-13-11.pcd 0.271879 0.00087253 0.00299923 8 207,151,131,81,76,58,44,14 59,72,46,28,29,12,13,13 -1 446160 454 1100 -1 -1 400 1046 -1 -1 445706,245,86,47,19,9,13,7,7,4,4,4,3,3,2,1 -1 0,191,86,47,19,9,13,7,7,4,4,4,3,3,2,1 -1
/media/michal/Pauli/masterdata/processed/paramtest/ds0_02mp_4500/annotated/rares/20140901/patrol_run_33/room_1/features/nonPlanes<pfhrgb_uniform_2015-05-18_22-13-20.pcd 0.228749 0.00112853 0.00291664 9 319,102,98,49,37,36,34,26,25 85,42,24,13,19,15,21,13,14 -1 451044 414 1100 -1 -1 400 1086 -1 -1 450630,191,82,46,29,23,13,12,4,2,2,2,2,1,2,1,0,0,0,0,1,0,1 -1 0,177,82,46,29,23,13,12,4,2,2,2,2,1,2,1,0,0,0,0,1,0,1 -1
/media/michal/Pauli/masterdata/processed/paramtest/ds0_02mp_4500/annotated/rares/20140902/patrol_run_35/room_2/features/nonPlanes<pfhrgb_uniform_2015-05-18_22-13-28.pcd 0.241494 0.000876646 0.00313034 7 283,216,192,93,54,35,28 79,75,54,57,18,24,19 0,0,0,0,0,0,0 451044 444 1100 24 116 400 1056 24 116 450600,250,86,32,19,15,5,6,7,5,5,1,3,4,1,0,0,1,1,2,0,0,1 0,8,5,3,1,0,0,1,2,0,0,0,1,1,0,0,0,0,1,1,0,0,0 0,206,86,32,19,15,5,6,7,5,5,1,3,4,1,0,0,1,1,2,0,0,1 0,8,5,3,1,0,0,1,2,0,0,0,1,1,0,0,0,0,1,1,0,0,0
/media/michal/Pauli/masterdata/processed/paramtest/ds0_02mp_4500/annotated/rares/20140902/patrol_run_38/room_0/features/nonPlanes<pfhrgb_uniform_2015-05-18_22-13-37.pcd 0.249804 0.00108736 0.00267309 6 426,143,79,60,52,23 60,26,29,36,16,12 -1 427977 345 1100 -1 -1 345 1100 -1 -1 427632,173,69,21,21,8,7,6,7,7,3,2,4,1,3,3,1,2,0,2,1,1,2,0,0,0,1 -1 0,173,69,21,21,8,7,6,7,7,3,2,4,1,3,3,1,2,0,2,1,1,2,0,0,0,1 -1
/media/michal/Pauli/masterdata/processed/paramtest/ds0_02mp_4500/annotated/rares/20140903/patrol_run_1/room_4/features/nonPlanes<pfhrgb_uniform_2015-05-18_22-13-44.pcd 0.307244 0.00111325 0.00305787 10 193,170,161,79,55,50,45,40,27,22 73,63,32,33,17,21,22,14,12,13 0,0,0,0,0,1,0,0,0,0 470184 450 1100 19 48 400 1050 19 48 469734,213,105,51,26,14,14,9,2,3,3,3,1,3,1,0,2 0,5,6,4,3,0,0,1,0,0,0,0,0,0,0,0,0 0,163,105,51,26,14,14,9,2,3,3,3,1,3,1,0,2 0,5,6,4,3,0,0,1,0,0,0,0,0,0,0,0,0
/media/michal/Pauli/masterdata/processed/paramtest/ds0_02mp_4500/annotated/rares/20140903/patrol_run_10/room_2/features/nonPlanes<pfhrgb_uniform_2015-05-18_22-13-53.pcd 0.252892 0.000842635 0.00218581 12 276,73,62,61,52,45,30,29,29,29,20,12 36,21,22,17,18,18,13,14,14,13,12,12 -1 453024 358 1100 -1 -1 358 1100 -1 -1 452666,187,67,33,17,9,8,7,4,3,1,2,2,2,1,0,2,5,1,1,0,1,0,1,0,1,0,0,0,1,1,0,0,1 -1 0,187,67,33,17,9,8,7,4,3,1,2,2,2,1,0,2,5,1,1,0,1,0,1,0,1,0,0,0,1,1,0,0,1 -1
/media/michal/Pauli/masterdata/processed/paramtest/ds0_02mp_4500/annotated/rares/20140903/patrol_run_12/room_2/features/nonPlanes<pfhrgb_uniform_2015-05-18_22-13-59.pcd 0.271791 0.000862797 0.00301979 10 259,113,82,78,63,52,46,43,43,30 43,69,22,35,18,16,26,21,17,14 -1 434214 433 1100 -1 -1 400 1067 -1 -1 433781,246,73,39,10,14,13,12,5,4,4,1,2,1,5,1,0,0,0,0,1,0,0,0,1,0,1 -1 0,213,73,39,10,14,13,12,5,4,4,1,2,1,5,1,0,0,0,0,1,0,0,0,1,0,1 -1
/media/michal/Pauli/masterdata/processed/paramtest/ds0_02mp_4500/annotated/rares/20140903/patrol_run_14/room_1/features/nonPlanes<pfhrgb_uniform_2015-05-18_22-14-09.pcd 0.301554 0.000880789 0.00208083 8 348,77,55,44,42,36,30,18 94,16,12,23,20,20,14,12 -1 434313 440 1100 -1 -1 400 1060 -1 -1 433873,237,91,35,17,16,5,12,7,4,5,1,2,0,1,3,0,1,2,0,0,0,0,0,0,1 -1 0,197,91,35,17,16,5,12,7,4,5,1,2,0,1,3,0,1,2,0,0,0,0,0,0,1 -1
/media/michal/Pauli/masterdata/processed/paramtest/ds0_02mp_4500/annotated/rares/20140903/patrol_run_2/room_4/features/nonPlanes<pfhrgb_uniform_2015-05-18_22-14-19.pcd 0.335633 0.000760857 0.00356478 8 357,97,97,93,72,48,38,22 117,35,33,48,37,16,16,13 -1 462264 504 1100 -1 -1 400 996 -1 -1 461760,274,108,50,22,14,13,4,6,3,3,2,1,1,2,0,1 -1 0,170,108,50,22,14,13,4,6,3,3,2,1,1,2,0,1 -1
/media/michal/Pauli/masterdata/processed/paramtest/ds0_02mp_4500/annotated/rares/20140903/patrol_run_9/room_2/features/nonPlanes<pfhrgb_uniform_2015-05-18_22-14-29.pcd 0.264375 0.000812464 0.00317532 7 257,243,52,52,49,44,37 57,93,22,18,21,17,17 -1 473088 443 1100 -1 -1 400 1057 -1 -1 472645,237,86,36,30,12,13,5,4,4,6,2,1,3,1,0,0,1,1,0,0,0,0,0,0,0,0,0,0,0,0,0,0,0,0,0,0,0,0,0,1 -1 0,194,86,36,30,12,13,5,4,4,6,2,1,3,1,0,0,1,1,0,0,0,0,0,0,0,0,0,0,0,0,0,0,0,0,0,0,0,0,0,1 -1
/media/michal/Pauli/masterdata/processed/paramtest/ds0_02mp_4500/annotated/rares/20140904/patrol_run_15/room_2/features/nonPlanes<pfhrgb_uniform_2015-05-18_22-14-37.pcd 0.293123 0.000926769 0.00322794 5 217,198,183,127,82 72,84,48,51,36 0,0,0,0,1 517902 488 1100 28 58 400 1012 28 58 517414,275,74,59,28,20,7,4,3,8,2,3,1,1,2,0,1 0,16,3,2,5,2,0,0,0,0,0,0,0,0,0,0,0 0,187,74,59,28,20,7,4,3,8,2,3,1,1,2,0,1 0,16,3,2,5,2,0,0,0,0,0,0,0,0,0,0,0
/media/michal/Pauli/masterdata/processed/paramtest/ds0_02mp_4500/annotated/rares/20140905/patrol_run_17/room_2/features/nonPlanes<pfhrgb_uniform_2015-05-18_22-14-47.pcd 0.276952 0.000754697 0.0036536 10 225,163,124,121,117,62,41,27,22,14 77,54,44,51,42,24,12,12,12,12 -1 446160 465 1100 -1 -1 400 1035 -1 -1 445695,232,101,46,37,13,9,7,7,3,2,2,3,1,0,0,0,1,0,0,0,1 -1 0,167,101,46,37,13,9,7,7,3,2,2,3,1,0,0,0,1,0,0,0,1 -1
/media/michal/Pauli/masterdata/processed/paramtest/ds0_02mp_4500/annotated/rares/20140905/patrol_run_19/room_1/features/nonPlanes<pfhrgb_uniform_2015-05-18_22-14-56.pcd 0.222194 0.000828079 0.00305452 9 232,152,115,114,106,89,58,50,22 95,49,16,46,33,25,23,24,14 -1 453024 431 1100 -1 -1 400 1069 -1 -1 452593,222,90,40,24,13,10,9,3,4,3,3,4,0,0,1,1,0,1,0,1,0,1,0,0,0,0,0,0,0,0,0,1 -1 0,191,90,40,24,13,10,9,3,4,3,3,4,0,0,1,1,0,1,0,1,0,1,0,0,0,0,0,0,0,0,0,1 -1
/media/michal/Pauli/masterdata/processed/paramtest/ds0_02mp_4500/annotated/rares/20140905/patrol_run_21/room_2/features/nonPlanes<pfhrgb_uniform_2015-05-18_22-15-06.pcd 0.247837 0.00108769 0.00279381 8 205,150,146,105,105,44,36,26 40,60,51,41,41,15,18,18 -1 419265 440 1100 -1 -1 400 1060 -1 -1 418825,228,90,44,20,12,6,13,6,4,7,2,0,4,2,0,0,1,0,0,1 -1 0,188,90,44,20,12,6,13,6,4,7,2,0,4,2,0,0,1,0,0,1 -1
/media/michal/Pauli/masterdata/processed/paramtest/ds0_02mp_4500/annotated/rares/20140905/patrol_run_23/room_2/features/nonPlanes<pfhrgb_uniform_2015-05-18_22-15-16.pcd 0.23022 0.000864759 0.00334278 9 231,162,145,133,74,73,36,26,19 85,43,54,59,19,23,12,14,13 -1 463320 446 1100 -1 -1 400 1054 -1 -1 462874,221,84,38,39,18,21,7,4,7,3,2,0,1,0,0,1 -1 0,175,84,38,39,18,21,7,4,7,3,2,0,1,0,0,1 -1
/media/michal/Pauli/masterdata/processed/paramtest/ds0_02mp_4500/annotated/rares/20140905/patrol_run_25/room_1/features/nonPlanes<pfhrgb_uniform_2015-05-18_22-15-25.pcd 0.230196 0.000946475 0.0034881 7 361,190,139,110,59,22,22 131,54,42,37,22,13,13 -1 407286 434 1100 -1 -1 400 1066 -1 -1 406852,216,87,43,31,12,10,7,8,7,2,5,3,1,0,0,0,0,1,1 -1 0,182,87,43,31,12,10,7,8,7,2,5,3,1,0,0,0,0,1,1 -1
/media/michal/Pauli/masterdata/processed/paramtest/ds0_02mp_4500/annotated/rares/20140905/patrol_run_27/room_2/features/nonPlanes<pfhrgb_uniform_2015-05-18_22-15-33.pcd 0.249105 0.00128966 0.00307406 10 274,105,92,88,56,51,50,42,34,22 85,39,25,35,23,27,19,19,19,15 -1 470448 485 1100 -1 -1 400 1015 -1 -1 469963,261,112,32,28,13,14,5,3,7,4,0,1,0,3,0,0,0,0,0,0,2 -1 0,176,112,32,28,13,14,5,3,7,4,0,1,0,3,0,0,0,0,0,0,2 -1
/media/michal/Pauli/masterdata/processed/paramtest/ds0_02mp_4500/annotated/rares/20140905/patrol_run_29/room_2/features/nonPlanes<pfhrgb_uniform_2015-05-18_22-15-42.pcd 0.283175 0.00125288 0.00324584 8 249,125,125,111,82,68,47,30 97,38,35,34,26,27,13,17 -1 437580 458 1100 -1 -1 400 1042 -1 -1 437122,225,97,49,21,27,18,3,3,7,1,3,1,1,0,1,1 -1 0,167,97,49,21,27,18,3,3,7,1,3,1,1,0,1,1 -1
/media/michal/Pauli/masterdata/processed/paramtest/ds0_02mp_4500/annotated/rares/20140905/patrol_run_30/room_1/features/nonPlanes<pfhrgb_uniform_2015-05-18_22-15-50.pcd 0.227748 0.000783873 0.00369529 9 251,214,162,144,49,35,27,20,16 51,66,31,63,21,14,15,17,12 -1 400554 401 1100 -1 -1 400 1099 -1 -1 400153,191,83,39,26,14,11,15,6,5,1,0,1,3,1,0,0,1,2,0,0,0,0,0,0,0,0,0,1,0,0,0,1 -1 0,190,83,39,26,14,11,15,6,5,1,0,1,3,1,0,0,1,2,0,0,0,0,0,0,0,0,0,1,0,0,0,1 -1
/media/michal/Pauli/masterdata/processed/paramtest/ds0_02mp_4500/annotated/rares/20140905/patrol_run_30/room_7/features/nonPlanes<pfhrgb_uniform_2015-05-18_22-15-59.pcd 0.24859 0.000877247 0.00311561 11 143,140,126,78,63,48,47,38,26,25,25 52,43,40,35,18,15,25,19,15,18,14 -1 458865 481 1100 -1 -1 400 1019 -1 -1 458384,257,107,37,27,15,7,10,6,5,2,2,2,0,1,0,2,0,1 -1 0,176,107,37,27,15,7,10,6,5,2,2,2,0,1,0,2,0,1 -1
/media/michal/Pauli/masterdata/processed/paramtest/ds0_02mp_4500/annotated/rares/20140908/patrol_run_32/room_2/features/nonPlanes<pfhrgb_uniform_2015-05-18_22-16-09.pcd 0.234141 0.000825323 0.00288404 11 192,146,137,83,78,68,64,41,34,24,24 69,28,28,20,40,23,23,12,13,16,14 -1 448668 417 1100 -1 -1 400 1083 -1 -1 448251,222,69,38,23,19,16,5,7,3,0,5,3,2,0,1,0,0,2,0,1,0,0,0,0,0,0,0,0,0,0,0,0,0,0,0,0,1 -1 0,205,69,38,23,19,16,5,7,3,0,5,3,2,0,1,0,0,2,0,1,0,0,0,0,0,0,0,0,0,0,0,0,0,0,0,0,1 -1
/media/michal/Pauli/masterdata/processed/paramtest/ds0_02mp_4500/annotated/rares/20140908/patrol_run_34/room_2/features/nonPlanes<pfhrgb_uniform_2015-05-18_22-16-20.pcd 0.309362 0.00115319 0.00337534 8 260,170,170,62,53,50,41,34 74,64,58,30,18,12,27,16 0,0,0,0,0,0,0,0 423720 441 1100 7 17 400 1059 7 17 423279,218,112,38,15,10,9,10,10,4,5,4,1,0,0,0,1,2,0,2 0,2,2,1,2,0,0,0,0,0,0,0,0,0,0,0,0,0,0,0 0,177,112,38,15,10,9,10,10,4,5,4,1,0,0,0,1,2,0,2 0,2,2,1,2,0,0,0,0,0,0,0,0,0,0,0,0,0,0,0
/media/michal/Pauli/masterdata/processed/paramtest/ds0_02mp_4500/annotated/rares/20140908/patrol_run_36/room_3/features/nonPlanes<pfhrgb_uniform_2015-05-18_22-16-30.pcd 0.251182 0.00123933 0.00329789 8 287,154,128,128,74,50,44,28 83,38,50,45,22,23,21,20 0,0,0,0,0,0,0,0 420420 434 1100 36 192 400 1066 36 192 419986,223,92,39,18,13,14,10,6,3,1,2,5,3,1,0,3,1 0,9,9,1,2,2,0,3,2,1,0,0,2,2,0,0,3,0 0,189,92,39,18,13,14,10,6,3,1,2,5,3,1,0,3,1 0,9,9,1,2,2,0,3,2,1,0,0,2,2,0,0,3,0
/media/michal/Pauli/masterdata/processed/paramtest/ds0_02mp_4500/annotated/rares/20140908/patrol_run_38/room_2/features/nonPlanes<pfhrgb_uniform_2015-05-18_22-16-43.pcd 0.249138 0.000871144 0.00328384 9 272,151,121,102,78,38,36,24,21 56,54,25,48,36,17,15,13,12 1,0,0,0,0,0,0,0,0 433356 451 1100 38 233 400 1049 38 233 432905,239,99,39,19,13,10,4,7,2,3,3,4,3,1,2,2,1 0,6,9,3,2,1,1,1,3,1,2,1,2,3,0,1,2,0 0,188,99,39,19,13,10,4,7,2,3,3,4,3,1,2,2,1 0,6,9,3,2,1,1,1,3,1,2,1,2,3,0,1,2,0
/media/michal/Pauli/masterdata/processed/paramtest/ds0_02mp_4500/annotated/rares/20140908/patrol_run_39/room_3/features/nonPlanes<pfhrgb_uniform_2015-05-18_22-16-55.pcd 0.234061 0.000765995 0.00331418 11 372,92,79,73,57,53,43,42,30,22,17 75,35,16,21,24,32,15,15,14,13,14 0,0,1,0,0,0,0,0,0,0,0 414678 415 1100 16 79 400 1085 16 79 414263,205,93,38,21,16,9,10,5,2,4,1,2,2,1,1,2,0,0,0,0,1,0,0,0,1,0,0,0,0,0,0,0,0,0,0,0,0,0,0,0,1 0,4,4,0,2,2,0,2,0,0,0,0,0,0,1,0,0,0,0,0,0,1,0,0,0,0,0,0,0,0,0,0,0,0,0,0,0,0,0,0,0,0 0,190,93,38,21,16,9,10,5,2,4,1,2,2,1,1,2,0,0,0,0,1,0,0,0,1,0,0,0,0,0,0,0,0,0,0,0,0,0,0,0,1 0,4,4,0,2,2,0,2,0,0,0,0,0,0,1,0,0,0,0,0,0,1,0,0,0,0,0,0,0,0,0,0,0,0,0,0,0,0,0,0,0,0
/media/michal/Pauli/masterdata/processed/paramtest/ds0_02mp_4500/annotated/rares/20140908/patrol_run_41/room_3/features/nonPlanes<pfhrgb_uniform_2015-05-18_22-17-05.pcd 0.277632 0.00118635 0.00289489 7 321,137,136,126,101,61,21 78,45,47,54,35,26,13 1,0,0,0,0,0,0 455400 435 1100 46 227 400 1065 46 227 454965,214,95,41,17,18,14,10,10,6,2,2,2,3,0,0,0,0,0,0,0,0,1 0,12,5,3,2,5,2,6,3,3,1,2,0,2,0,0,0,0,0,0,0,0,0 0,179,95,41,17,18,14,10,10,6,2,2,2,3,0,0,0,0,0,0,0,0,1 0,12,5,3,2,5,2,6,3,3,1,2,0,2,0,0,0,0,0,0,0,0,0
/media/michal/Pauli/masterdata/processed/paramtest/ds0_02mp_4500/annotated/rares/20140908/patrol_run_43/room_3/features/nonPlanes<pfhrgb_uniform_2015-05-18_22-17-17.pcd 0.310808 0.000866179 0.00269396 8 272,127,95,51,48,35,35,34 84,31,21,28,17,22,12,17 0,0,1,0,0,0,0,0 418077 440 1100 17 90 400 1060 17 90 417637,242,82,41,17,12,15,8,3,5,2,2,2,1,1,2,0,0,1,3,0,0,0,0,0,0,0,0,0,0,1 0,5,6,0,1,0,2,0,0,0,0,0,0,0,0,0,0,0,0,3,0,0,0,0,0,0,0,0,0,0,0 0,202,82,41,17,12,15,8,3,5,2,2,2,1,1,2,0,0,1,3,0,0,0,0,0,0,0,0,0,0,1 0,5,6,0,1,0,2,0,0,0,0,0,0,0,0,0,0,0,0,3,0,0,0,0,0,0,0,0,0,0,0
/media/michal/Pauli/masterdata/processed/paramtest/ds0_02mp_4500/annotated/rares/20140908/patrol_run_45/room_2/features/nonPlanes<pfhrgb_uniform_2015-05-18_22-17-26.pcd 0.282233 0.00155285 0.00212913 12 369,145,94,53,45,36,33,31,24,21,17,16 58,58,36,16,16,12,14,13,17,12,12,13 1,0,0,0,0,0,0,0,0,0,0,0 442200 412 1100 49 354 400 1088 49 354 441788,220,76,34,24,11,12,5,7,3,2,3,2,5,3,2,0,0,0,0,0,0,1,1,0,0,1 0,8,4,5,7,1,4,2,1,3,0,2,0,4,3,2,0,0,0,0,0,0,1,1,0,0,1 0,208,76,34,24,11,12,5,7,3,2,3,2,5,3,2,0,0,0,0,0,0,1,1,0,0,1 0,8,4,5,7,1,4,2,1,3,0,2,0,4,3,2,0,0,0,0,0,0,1,1,0,0,1
/media/michal/Pauli/masterdata/processed/paramtest/ds0_02mp_4500/annotated/rares/20140908/patrol_run_47/room_3/features/nonPlanes<pfhrgb_uniform_2015-05-18_22-17-39.pcd 0.283899 0.000867001 0.00307026 7 379,242,76,44,36,24,17 122,85,31,20,13,13,13 0,0,0,0,0,0,0 465300 460 1100 24 95 400 1040 24 95 464840,254,91,36,18,15,13,10,7,4,3,2,3,0,0,0,1,0,1,0,1,0,0,0,0,0,0,1 0,6,3,7,2,0,0,0,3,2,0,0,1,0,0,0,0,0,0,0,0,0,0,0,0,0,0,0 0,194,91,36,18,15,13,10,7,4,3,2,3,0,0,0,1,0,1,0,1,0,0,0,0,0,0,1 0,6,3,7,2,0,0,0,3,2,0,0,1,0,0,0,0,0,0,0,0,0,0,0,0,0,0,0
/media/michal/Pauli/masterdata/processed/paramtest/ds0_02mp_4500/annotated/rares/20140909/patrol_run_49/room_3/features/nonPlanes<pfhrgb_uniform_2015-05-18_22-17-49.pcd 0.270164 0.000851877 0.00251346 7 195,138,131,108,85,81,29 78,52,32,37,33,27,17 0,0,1,0,0,0,0 437778 448 1100 23 112 400 1052 23 112 437330,237,88,50,22,8,12,9,4,3,2,1,1,4,1,1,3,0,0,0,0,1,1 0,5,2,5,6,0,1,0,1,0,0,0,0,0,1,1,0,0,0,0,0,1,0 0,189,88,50,22,8,12,9,4,3,2,1,1,4,1,1,3,0,0,0,0,1,1 0,5,2,5,6,0,1,0,1,0,0,0,0,0,1,1,0,0,0,0,0,1,0
/media/michal/Pauli/masterdata/processed/paramtest/ds0_02mp_4500/annotated/rares/20140909/patrol_run_51/room_3/features/nonPlanes<pfhrgb_uniform_2015-05-18_22-17-57.pcd 0.254636 0.00127649 0.0033813 9 436,72,70,57,49,48,46,26,13 147,15,21,32,21,21,20,12,12 0,0,0,0,0,0,0,0,0 816816 489 1100 41 148 400 1011 41 148 816327,259,98,56,24,16,10,4,7,5,6,2,1,0,0,0,0,0,1 0,9,11,5,4,4,2,2,0,1,2,1,0,0,0,0,0,0,0 0,170,98,56,24,16,10,4,7,5,6,2,1,0,0,0,0,0,1 0,9,11,5,4,4,2,2,0,1,2,1,0,0,0,0,0,0,0
/media/michal/Pauli/masterdata/processed/paramtest/ds0_02mp_4500/annotated/rares/20140909/patrol_run_53/room_3/features/nonPlanes<pfhrgb_uniform_2015-05-18_22-18-06.pcd 0.268304 0.000837174 0.00390338 7 529,103,89,71,42,32,18 148,47,33,27,13,25,13 0,0,0,0,0,0,0 456456 447 1100 34 172 400 1053 34 172 456009,230,93,37,27,16,11,9,8,7,1,3,0,1,1,0,1,0,1,0,0,0,0,0,0,1 0,4,6,5,5,4,5,1,0,0,1,0,0,1,0,0,1,0,0,0,0,0,0,0,0,1 0,183,93,37,27,16,11,9,8,7,1,3,0,1,1,0,1,0,1,0,0,0,0,0,0,1 0,4,6,5,5,4,5,1,0,0,1,0,0,1,0,0,1,0,0,0,0,0,0,0,0,1
/media/michal/Pauli/masterdata/processed/paramtest/ds0_02mp_4500/annotated/rares/20140909/patrol_run_55/room_3/features/nonPlanes<pfhrgb_uniform_2015-05-18_22-18-15.pcd 0.287628 0.00469055 0.00326767 9 201,146,83,73,68,63,53,51,20 80,63,30,27,19,22,12,36,14 0,0,0,0,0,1,0,0,0 446622 526 1100 23 56 400 974 19 52 446096,292,114,50,24,14,11,4,7,1,3,1,3,1,0,1 0,10,3,6,1,2,0,0,1,0,0,0,0,0,0,0 0,166,114,50,24,14,11,4,7,1,3,1,3,1,0,1 0,6,3,6,1,2,0,0,1,0,0,0,0,0,0,0
/media/michal/Pauli/masterdata/processed/paramtest/ds0_02mp_4500/annotated/rares/20140909/patrol_run_59/room_3/features/nonPlanes<pfhrgb_uniform_2015-05-18_22-18-24.pcd 0.258742 0.00215093 0.00295406 7 166,132,128,87,82,77,16 55,52,35,20,28,28,16 -1 446622 479 1100 -1 -1 400 1021 -1 -1 446143,250,92,49,22,26,19,9,5,1,1,3,0,0,1,0,0,0,1 -1 0,171,92,49,22,26,19,9,5,1,1,3,0,0,1,0,0,0,1 -1
/media/michal/Pauli/masterdata/processed/paramtest/ds0_02mp_4500/annotated/rares/20140909/patrol_run_61/room_3/features/nonPlanes<pfhrgb_uniform_2015-05-18_22-18-33.pcd 0.291356 0.000816647 0.00332963 8 279,131,128,97,87,70,41,34 48,29,66,24,19,28,28,29 -1 447579 393 1100 -1 -1 393 1100 -1 -1 447186,204,90,29,14,11,11,4,5,4,3,2,1,3,2,0,1,2,0,1,3,0,0,0,1,1,0,0,0,0,0,0,0,0,0,0,0,0,0,1 -1 0,204,90,29,14,11,11,4,5,4,3,2,1,3,2,0,1,2,0,1,3,0,0,0,1,1,0,0,0,0,0,0,0,0,0,0,0,0,0,1 -1
/media/michal/Pauli/masterdata/processed/paramtest/ds0_02mp_4500/annotated/rares/20140909/patrol_run_63/room_3/features/nonPlanes<pfhrgb_uniform_2015-05-18_22-18-42.pcd 0.270022 0.000781286 0.00283134 8 200,131,130,72,57,23,22,20 33,28,36,36,29,12,12,14 -1 420420 403 1100 -1 -1 400 1097 -1 -1 420017,201,80,45,24,15,6,9,3,4,3,2,0,3,1,0,1,1,0,1,0,0,0,0,0,1,0,0,0,1,1,0,0,1 -1 0,198,80,45,24,15,6,9,3,4,3,2,0,3,1,0,1,1,0,1,0,0,0,0,0,1,0,0,0,1,1,0,0,1 -1
/media/michal/Pauli/masterdata/processed/paramtest/ds0_02mp_4500/annotated/rares/20140910/patrol_run_67/room_3/features/nonPlanes<pfhrgb_uniform_2015-05-18_22-18-51.pcd 0.246535 0.00128481 0.00365903 5 351,204,153,77,60 134,39,60,37,31 0,0,0,0,0 473286 485 1100 45 159 400 1015 44 158 472801,269,100,45,22,14,7,5,3,6,5,2,3,0,1,0,0,1,0,0,1,0,0,0,1 0,17,9,5,2,3,2,1,1,2,0,0,2,0,0,0,0,1,0,0,0,0,0,0,0 0,184,100,45,22,14,7,5,3,6,5,2,3,0,1,0,0,1,0,0,1,0,0,0,1 0,16,9,5,2,3,2,1,1,2,0,0,2,0,0,0,0,1,0,0,0,0,0,0,0
/media/michal/Pauli/masterdata/processed/paramtest/ds0_02mp_4500/annotated/rares/20140910/patrol_run_69/room_3/features/nonPlanes<pfhrgb_uniform_2015-05-18_22-19-00.pcd 0.247871 0.000835149 0.00349716 9 253,173,115,90,76,43,39,29,21 60,84,24,27,25,22,19,28,13 0,0,0,0,0,0,0,0,0 443289 484 1100 15 37 400 1016 14 36 442805,264,94,39,33,17,11,12,0,2,6,2,2,0,0,0,1,0,0,0,0,0,0,0,1 0,4,5,2,3,1,0,0,0,0,0,0,0,0,0,0,0,0,0,0,0,0,0,0,0 0,180,94,39,33,17,11,12,0,2,6,2,2,0,0,0,1,0,0,0,0,0,0,0,1 0,3,5,2,3,1,0,0,0,0,0,0,0,0,0,0,0,0,0,0,0,0,0,0,0
/media/michal/Pauli/masterdata/processed/paramtest/ds0_02mp_4500/annotated/rares/20140910/patrol_run_71/room_3/features/nonPlanes<pfhrgb_uniform_2015-05-18_22-19-08.pcd 0.250826 0.00118518 0.00311895 9 141,130,112,84,77,61,55,41,36 35,38,38,22,33,25,24,18,14 0,1,0,0,0,0,0,0,0 477048 440 1100 23 91 400 1060 23 91 476608,238,87,33,18,25,11,2,4,6,6,0,3,0,1,0,3,0,0,0,1,0,0,1,0,1 0,9,4,3,1,3,0,0,0,1,0,0,1,0,0,0,0,0,0,0,0,0,0,0,0,1 0,198,87,33,18,25,11,2,4,6,6,0,3,0,1,0,3,0,0,0,1,0,0,1,0,1 0,9,4,3,1,3,0,0,0,1,0,0,1,0,0,0,0,0,0,0,0,0,0,0,0,1
/media/michal/Pauli/masterdata/processed/paramtest/ds0_02mp_4500/annotated/rares/20140910/patrol_run_74/room_3/features/nonPlanes<pfhrgb_uniform_2015-05-18_22-19-16.pcd 0.217774 0.000791306 0.00235004 5 491,180,72,52,48 116,80,34,12,23 0,0,0,0,0 442200 439 1100 54 334 400 1061 54 334 441761,238,81,42,23,11,11,12,4,3,2,0,3,2,3,0,1,0,0,0,1,0,0,0,0,1,0,0,0,0,0,0,0,1 0,14,5,4,4,3,2,8,3,1,1,0,2,2,2,0,0,0,0,0,1,0,0,0,0,1,0,0,0,0,0,0,0,1 0,199,81,42,23,11,11,12,4,3,2,0,3,2,3,0,1,0,0,0,1,0,0,0,0,1,0,0,0,0,0,0,0,1 0,14,5,4,4,3,2,8,3,1,1,0,2,2,2,0,0,0,0,0,1,0,0,0,0,1,0,0,0,0,0,0,0,1
/media/michal/Pauli/masterdata/processed/paramtest/ds0_02mp_4500/annotated/rares/20140910/patrol_run_77/room_4/features/nonPlanes<pfhrgb_uniform_2015-05-18_22-19-23.pcd 0.242295 0.00100583 0.00318246 9 341,211,90,74,56,39,39,31,26 100,62,24,19,16,25,22,13,13 -1 449955 418 1100 -1 -1 400 1082 -1 -1 449537,189,92,51,31,10,11,9,5,6,4,3,1,1,2,1,0,1,0,1 -1 0,171,92,51,31,10,11,9,5,6,4,3,1,1,2,1,0,1,0,1 -1
/media/michal/Pauli/masterdata/processed/paramtest/ds0_02mp_4500/annotated/rares/20140910/patrol_run_79/room_2/features/nonPlanes<pfhrgb_uniform_2015-05-18_22-19-31.pcd 0.272698 0.00082527 0.00244294 12 163,137,132,86,73,54,44,40,31,30,20,17 38,36,25,18,28,27,20,25,13,12,15,16 -1 396627 396 1100 -1 -1 396 1100 -1 -1 396231,223,64,30,23,9,10,7,3,4,5,2,2,3,1,2,1,1,1,0,0,1,0,1,1,0,0,1,1 -1 0,223,64,30,23,9,10,7,3,4,5,2,2,3,1,2,1,1,1,0,0,1,0,1,1,0,0,1,1 -1
/media/michal/Pauli/masterdata/processed/paramtest/ds0_02mp_4500/annotated/rares/20140910/patrol_run_81/room_2/features/nonPlanes<pfhrgb_uniform_2015-05-18_22-19-38.pcd 0.239679 0.000827778 0.00320121 8 238,198,87,64,43,31,21,20 71,34,25,33,13,13,12,12 -1 432300 417 1100 -1 -1 400 1083 -1 -1 431883,209,76,39,33,13,12,7,10,5,3,2,1,2,0,0,1,2,0,1,1 -1 0,192,76,39,33,13,12,7,10,5,3,2,1,2,0,0,1,2,0,1,1 -1
/media/michal/Pauli/masterdata/processed/paramtest/ds0_02mp_4500/annotated/rares/20140911/patrol_run_82/room_3/features/nonPlanes<pfhrgb_uniform_2015-05-18_22-19-46.pcd 0.311192 0.00112627 0.00298245 12 168,148,65,55,54,41,41,34,33,29,17,15 34,35,26,22,16,18,17,14,12,24,12,12 -1 473154 430 1100 -1 -1 400 1070 -1 -1 472724,230,86,35,15,15,9,8,9,9,1,3,2,2,2,1,0,2,0,0,0,0,0,0,0,1 -1 0,200,86,35,15,15,9,8,9,9,1,3,2,2,2,1,0,2,0,0,0,0,0,0,0,1 -1
/media/michal/Pauli/masterdata/processed/paramtest/ds0_02mp_4500/annotated/rares/20140911/patrol_run_84/room_3/features/nonPlanes<pfhrgb_uniform_2015-05-18_22-19-53.pcd 0.277635 0.000917358 0.00220573 8 302,129,111,56,52,30,28,18 112,37,39,25,18,27,13,12 0,0,0,0,0,0,0,0 452100 509 1100 37 130 400 991 37 130 451591,285,110,39,19,17,12,10,6,4,2,2,0,0,2,0,0,0,0,0,0,1 0,15,5,3,2,2,2,3,2,1,2,0,0,0,0,0,0,0,0,0,0,0 0,176,110,39,19,17,12,10,6,4,2,2,0,0,2,0,0,0,0,0,0,1 0,15,5,3,2,2,2,3,2,1,2,0,0,0,0,0,0,0,0,0,0,0
/media/michal/Pauli/masterdata/processed/paramtest/ds0_02mp_4500/annotated/rares/20140911/patrol_run_88/room_3/features/nonPlanes<pfhrgb_uniform_2015-05-18_22-20-01.pcd 0.32289 0.00126363 0.00325543 8 275,136,134,118,58,48,29,27 82,44,46,49,26,28,14,14 0,0,1,0,0,0,0,0 474606 471 1100 22 64 400 1029 22 64 474135,261,88,51,15,16,9,7,6,3,6,3,0,2,0,1,0,1,1,0,0,0,0,1 0,8,7,1,2,1,1,0,0,1,0,1,0,0,0,0,0,0,0,0,0,0,0,0 0,190,88,51,15,16,9,7,6,3,6,3,0,2,0,1,0,1,1,0,0,0,0,1 0,8,7,1,2,1,1,0,0,1,0,1,0,0,0,0,0,0,0,0,0,0,0,0
/media/michal/Pauli/masterdata/processed/paramtest/ds0_02mp_4500/annotated/rares/20140911/patrol_run_90/room_3/features/nonPlanes<pfhrgb_uniform_2015-05-18_22-20-10.pcd 0.267765 0.00124063 0.00356417 7 289,190,99,60,57,50,36 90,72,42,13,16,25,17 1,0,0,0,0,0,0 408408 470 1100 47 209 400 1030 47 209 407938,252,98,42,24,13,9,9,1,12,4,2,1,0,0,0,0,1,0,0,1,1 0,11,10,6,5,2,1,2,1,6,0,1,0,0,0,0,0,1,0,0,1,0 0,182,98,42,24,13,9,9,1,12,4,2,1,0,0,0,0,1,0,0,1,1 0,11,10,6,5,2,1,2,1,6,0,1,0,0,0,0,0,1,0,0,1,0
/media/michal/Pauli/masterdata/processed/paramtest/ds0_02mp_4500/annotated/rares/20140911/patrol_run_92/room_3/features/nonPlanes<pfhrgb_uniform_2015-05-18_22-20-17.pcd 0.27322 0.00126839 0.00327427 8 360,171,81,54,41,35,29,29 85,64,22,13,13,18,16,15 1,0,0,0,0,0,0,0 454740 400 1100 48 269 400 1100 48 269 454340,188,84,45,25,18,13,6,4,3,1,3,1,0,1,0,1,2,0,2,0,1,0,0,0,0,0,0,0,0,0,2 0,8,13,4,5,6,2,1,0,1,0,2,0,0,0,0,1,1,0,2,0,1,0,0,0,0,0,0,0,0,0,1 0,188,84,45,25,18,13,6,4,3,1,3,1,0,1,0,1,2,0,2,0,1,0,0,0,0,0,0,0,0,0,2 0,8,13,4,5,6,2,1,0,1,0,2,0,0,0,0,1,1,0,2,0,1,0,0,0,0,0,0,0,0,0,1
/media/michal/Pauli/masterdata/processed/paramtest/ds0_02mp_4500/annotated/rares/20140912/patrol_run_100/room_3/features/nonPlanes<pfhrgb_uniform_2015-05-18_22-20-23.pcd 0.223771 0.000779336 0.00232324 8 237,131,93,88,64,45,28,28 72,41,51,25,28,17,13,12 1,0,0,0,0,0,0,0 437778 476 1100 48 184 400 1024 48 184 437302,254,103,36,18,17,13,11,9,7,6,1,0,0,1 0,11,13,7,3,3,1,2,1,3,3,0,0,0,1 0,178,103,36,18,17,13,11,9,7,6,1,0,0,1 0,11,13,7,3,3,1,2,1,3,3,0,0,0,1
/media/michal/Pauli/masterdata/processed/paramtest/ds0_02mp_4500/annotated/rares/20140912/patrol_run_102/room_3/features/nonPlanes<pfhrgb_uniform_2015-05-18_22-20-31.pcd 0.255368 0.000857242 0.00308372 7 211,178,135,125,89,72,51 78,48,58,49,23,33,21 0,0,0,1,0,0,0 459888 472 1100 26 78 400 1028 26 78 459416,244,102,45,30,12,7,13,3,5,5,3,1,0,0,0,1,0,0,0,0,0,0,0,1 0,8,8,5,1,0,0,2,0,1,0,0,1,0,0,0,0,0,0,0,0,0,0,0,0 0,172,102,45,30,12,7,13,3,5,5,3,1,0,0,0,1,0,0,0,0,0,0,0,1 0,8,8,5,1,0,0,2,0,1,0,0,1,0,0,0,0,0,0,0,0,0,0,0,0
/media/michal/Pauli/masterdata/processed/paramtest/ds0_02mp_4500/annotated/rares/20140912/patrol_run_104/room_3/features/nonPlanes<pfhrgb_uniform_2015-05-18_22-20-39.pcd 0.277928 0.00141287 0.0032792 9 247,207,157,56,44,40,38,32,27 82,73,67,17,19,14,13,12,15 0,1,0,0,0,0,0,0,0 445500 502 1100 37 93 400 998 36 92 444998,287,94,48,27,13,4,7,6,6,2,2,0,1,2,1,1,0,0,1 0,15,8,8,1,2,0,1,1,1,0,0,0,0,0,0,0,0,0,0 0,185,94,48,27,13,4,7,6,6,2,2,0,1,2,1,1,0,0,1 0,14,8,8,1,2,0,1,1,1,0,0,0,0,0,0,0,0,0,0
/media/michal/Pauli/masterdata/processed/paramtest/ds0_02mp_4500/annotated/rares/20140912/patrol_run_94/room_3/features/nonPlanes<pfhrgb_uniform_2015-05-18_22-20-47.pcd 0.286986 0.00214112 0.00215023 8 298,128,77,72,52,36,34,27 95,61,35,20,22,16,20,15 1,0,0,0,0,0,0,0 445500 473 1100 38 165 400 1027 38 165 445027,263,87,49,14,16,11,10,7,5,6,2,0,0,0,0,1,0,0,0,0,1,0,0,1 0,12,5,5,2,3,2,1,2,2,2,1,0,0,0,0,0,0,0,0,0,1,0,0,0 0,190,87,49,14,16,11,10,7,5,6,2,0,0,0,0,1,0,0,0,0,1,0,0,1 0,12,5,5,2,3,2,1,2,2,2,1,0,0,0,0,0,0,0,0,0,1,0,0,0
/media/michal/Pauli/masterdata/processed/paramtest/ds0_02mp_4500/annotated/rares/20140912/patrol_run_96/room_2/features/nonPlanes<pfhrgb_uniform_2015-05-18_22-20-55.pcd 0.259341 0.001162 0.00338609 9 273,162,91,88,64,44,42,31,17 74,77,24,31,28,16,21,19,14 0,0,1,0,0,0,0,0,0 431244 434 1100 23 89 400 1066 23 89 430810,230,85,34,28,17,9,8,6,1,4,3,2,1,1,1,0,0,2,0,1,0,0,0,0,0,0,0,0,0,0,0,0,0,0,0,0,0,0,1 0,5,5,2,5,0,3,1,0,0,0,1,1,0,0,0,0,0,0,0,0,0,0,0,0,0,0,0,0,0,0,0,0,0,0,0,0,0,0,0 0,196,85,34,28,17,9,8,6,1,4,3,2,1,1,1,0,0,2,0,1,0,0,0,0,0,0,0,0,0,0,0,0,0,0,0,0,0,0,1 0,5,5,2,5,0,3,1,0,0,0,1,1,0,0,0,0,0,0,0,0,0,0,0,0,0,0,0,0,0,0,0,0,0,0,0,0,0,0,0
/media/michal/Pauli/masterdata/processed/paramtest/ds0_02mp_4500/annotated/rares/20140912/patrol_run_98/room_3/features/nonPlanes<pfhrgb_uniform_2015-05-18_22-21-03.pcd 0.306112 0.000813964 0.0034933 6 418,105,100,96,49,26 121,58,44,28,24,18 0,0,0,0,0,0 446622 481 1100 39 165 400 1019 39 165 446141,270,82,46,27,20,9,8,2,5,5,4,0,0,1,0,0,0,0,0,1,1 0,16,3,3,5,1,1,1,2,3,1,2,0,0,0,0,0,0,0,0,0,1 0,189,82,46,27,20,9,8,2,5,5,4,0,0,1,0,0,0,0,0,1,1 0,16,3,3,5,1,1,1,2,3,1,2,0,0,0,0,0,0,0,0,0,1
/media/michal/Pauli/masterdata/processed/paramtest/ds0_02mp_4500/annotated/rares/20140921/patrol_run_110/room_2/features/nonPlanes<pfhrgb_uniform_2015-05-18_22-21-11.pcd 0.191761 0.000801572 0.00304843 10 361,154,153,91,61,40,32,29,23,16 88,40,38,49,13,18,19,17,13,13 -1 411840 367 1100 -1 -1 367 1100 -1 -1 411473,175,67,36,20,18,7,7,6,8,3,6,3,4,1,0,2,2,1,0,1 -1 0,175,67,36,20,18,7,7,6,8,3,6,3,4,1,0,2,2,1,0,1 -1
/media/michal/Pauli/masterdata/processed/paramtest/ds0_02mp_4500/annotated/rares/20140921/patrol_run_112/room_2/features/nonPlanes<pfhrgb_uniform_2015-05-18_22-21-19.pcd 0.31396 0.000789922 0.00199621 8 149,124,119,84,77,67,35,32 46,37,32,20,37,22,21,14 -1 419265 415 1100 -1 -1 400 1085 -1 -1 418850,225,69,42,18,10,12,3,10,9,3,3,2,0,1,2,2,2,1,0,1 -1 0,210,69,42,18,10,12,3,10,9,3,3,2,0,1,2,2,2,1,0,1 -1
/media/michal/Pauli/masterdata/processed/paramtest/ds0_02mp_4500/annotated/rares/20140921/patrol_run_114/room_1/features/nonPlanes<pfhrgb_uniform_2015-05-18_22-21-26.pcd 0.303383 0.000827297 0.00295597 8 256,164,117,101,97,49,35,20 74,42,32,16,34,19,17,13 -1 417384 402 1100 -1 -1 400 1098 -1 -1 416982,229,72,29,19,10,15,4,3,2,2,1,3,2,1,1,0,1,0,1,0,2,0,0,1,0,1,1,0,0,0,0,0,0,0,0,0,1,0,0,1 -1 0,227,72,29,19,10,15,4,3,2,2,1,3,2,1,1,0,1,0,1,0,2,0,0,1,0,1,1,0,0,0,0,0,0,0,0,0,1,0,0,1 -1
/media/michal/Pauli/masterdata/processed/paramtest/ds0_02mp_4500/annotated/rares/20140922/patrol_run_116/room_2/features/nonPlanes<pfhrgb_uniform_2015-05-18_22-21-34.pcd 0.226796 0.000889551 0.0025087 8 258,167,87,87,72,67,62,49 78,63,47,31,14,21,30,25 -1 424116 447 1100 -1 -1 400 1053 -1 -1 423669,233,95,32,30,19,9,3,6,6,1,6,1,1,0,4,0,0,0,0,0,0,0,0,0,0,0,0,1 -1 0,186,95,32,30,19,9,3,6,6,1,6,1,1,0,4,0,0,0,0,0,0,0,0,0,0,0,0,1 -1
/media/michal/Pauli/masterdata/processed/paramtest/ds0_02mp_4500/annotated/rares/20140922/patrol_run_118/room_2/features/nonPlanes<pfhrgb_uniform_2015-05-18_22-21-42.pcd 0.315519 0.000959506 0.0038351 8 379,107,85,84,51,38,36,29 125,26,37,37,15,15,13,18 0,0,0,0,0,0,0,0 451044 464 1100 47 171 400 1036 47 171 450580,240,102,38,22,18,14,10,7,2,2,1,5,0,2,0,0,1 0,14,9,7,3,2,6,1,2,0,0,1,1,0,1,0,0,0 0,176,102,38,22,18,14,10,7,2,2,1,5,0,2,0,0,1 0,14,9,7,3,2,6,1,2,0,0,1,1,0,1,0,0,0
/media/michal/Pauli/masterdata/processed/paramtest/ds0_02mp_4500/annotated/rares/20140922/patrol_run_120/room_1/features/nonPlanes<pfhrgb_uniform_2015-05-18_22-21-51.pcd 0.269401 0.000878914 0.00305807 9 279,158,93,82,81,79,29,27,17 55,68,30,39,31,21,22,16,13 -1 478401 439 1100 -1 -1 400 1061 -1 -1 477962,221,102,39,27,13,10,2,5,2,6,1,1,2,2,2,1,0,0,0,1,0,0,0,1,0,1 -1 0,182,102,39,27,13,10,2,5,2,6,1,1,2,2,2,1,0,0,0,1,0,0,0,1,0,1 -1
/media/michal/Pauli/masterdata/processed/paramtest/ds0_02mp_4500/annotated/rares/20140922/patrol_run_124/room_2/features/nonPlanes<pfhrgb_uniform_2015-05-18_22-22-01.pcd 0.380809 0.000850798 0.0030046 9 165,118,95,85,83,77,60,38,20 68,36,23,29,28,19,25,14,12 0,0,0,0,0,0,0,0,0 483516 478 1100 20 36 400 1022 20 36 483038,264,104,38,18,16,8,3,9,3,2,4,2,0,3,3,0,0,0,1 0,13,3,0,3,1,0,0,0,0,0,0,0,0,0,0,0,0,0,0 0,186,104,38,18,16,8,3,9,3,2,4,2,0,3,3,0,0,0,1 0,13,3,0,3,1,0,0,0,0,0,0,0,0,0,0,0,0,0,0
/media/michal/Pauli/masterdata/processed/paramtest/ds0_02mp_4500/annotated/rares/20140922/patrol_run_126/room_2/features/nonPlanes<pfhrgb_uniform_2015-05-18_22-22-14.pcd 0.262445 0.000895683 0.00241136 11 184,178,99,82,60,44,41,37,30,23,21 67,59,16,37,12,19,21,18,12,12,18 0,0,0,0,0,0,0,0,0,0,0 459756 472 1100 9 22 400 1028 9 22 459284,233,118,43,30,14,7,5,5,5,4,0,2,2,2,0,2 0,2,4,1,1,1,0,0,0,0,0,0,0,0,0,0,0 0,161,118,43,30,14,7,5,5,5,4,0,2,2,2,0,2 0,2,4,1,1,1,0,0,0,0,0,0,0,0,0,0,0
/media/michal/Pauli/masterdata/processed/paramtest/ds0_02mp_4500/annotated/rares/20140922/patrol_run_128/room_2/features/nonPlanes<pfhrgb_uniform_2015-05-18_22-22-23.pcd 0.269001 0.000849946 0.00308757 8 236,222,100,70,70,61,36,26 111,32,30,29,27,33,13,14 0,0,0,0,0,0,0,1 454410 470 1100 11 23 400 1030 11 23 453940,259,84,47,29,14,7,8,5,3,3,2,5,0,1,0,0,1,0,2 0,7,0,2,1,0,1,0,0,0,0,0,0,0,0,0,0,0,0,0 0,189,84,47,29,14,7,8,5,3,3,2,5,0,1,0,0,1,0,2 0,7,0,2,1,0,1,0,0,0,0,0,0,0,0,0,0,0,0,0
/media/michal/Pauli/masterdata/processed/paramtest/ds0_02mp_4500/annotated/rares/20140922/patrol_run_130/room_2/features/nonPlanes<pfhrgb_uniform_2015-05-18_22-22-32.pcd 0.258362 0.000858154 0.00291521 10 170,168,128,110,104,50,35,32,26,22 37,56,38,30,50,21,12,12,13,16 0,0,0,0,0,0,0,0,0,0 443289 440 1100 14 34 400 1060 14 34 442849,222,104,44,14,13,10,8,4,5,5,3,0,1,2,0,2,2,0,0,0,0,0,0,0,0,0,0,0,0,0,0,0,0,1 0,7,2,2,0,1,2,0,0,0,0,0,0,0,0,0,0,0,0,0,0,0,0,0,0,0,0,0,0,0,0,0,0,0,0 0,182,104,44,14,13,10,8,4,5,5,3,0,1,2,0,2,2,0,0,0,0,0,0,0,0,0,0,0,0,0,0,0,0,1 0,7,2,2,0,1,2,0,0,0,0,0,0,0,0,0,0,0,0,0,0,0,0,0,0,0,0,0,0,0,0,0,0,0,0
/media/michal/Pauli/masterdata/processed/paramtest/ds0_02mp_4500/annotated/rares/20140922/patrol_run_132/room_1/features/nonPlanes<pfhrgb_uniform_2015-05-18_22-22-42.pcd 0.275471 0.000878844 0.00222463 7 223,177,111,72,52,50,45 70,59,43,25,30,17,17 0,0,0,0,0,0,0 454740 451 1100 3 5 400 1049 3 5 454289,242,87,39,20,17,14,6,8,3,5,2,3,1,1,1,0,1,1 0,2,0,1,0,0,0,0,0,0,0,0,0,0,0,0,0,0,0 0,191,87,39,20,17,14,6,8,3,5,2,3,1,1,1,0,1,1 0,2,0,1,0,0,0,0,0,0,0,0,0,0,0,0,0,0,0
/media/michal/Pauli/masterdata/processed/paramtest/ds0_02mp_4500/annotated/rares/20140922/patrol_run_134/room_2/features/nonPlanes<pfhrgb_uniform_2015-05-18_22-22-52.pcd 0.2803 0.000849878 0.00328159 8 155,133,91,58,55,52,45,42 59,36,35,32,20,33,19,20 0,1,0,0,0,0,0,0 411840 528 1100 29 116 400 972 27 114 411312,305,106,35,26,23,12,7,5,3,2,1,0,2,1 0,6,6,6,1,2,2,1,1,2,1,1,0,0,0 0,177,106,35,26,23,12,7,5,3,2,1,0,2,1 0,4,6,6,1,2,2,1,1,2,1,1,0,0,0
/media/michal/Pauli/masterdata/processed/paramtest/ds0_02mp_4500/annotated/rares/20140922/patrol_run_138/room_2/features/nonPlanes<pfhrgb_uniform_2015-05-18_22-23-01.pcd 0.295764 0.00103977 0.0022139 10 190,180,107,83,56,40,38,30,22,21 48,50,34,28,13,23,12,14,14,14 -1 443223 434 1100 -1 -1 400 1066 -1 -1 442789,218,96,43,17,15,12,6,8,3,5,2,0,2,2,0,2,0,2,1 -1 0,184,96,43,17,15,12,6,8,3,5,2,0,2,2,0,2,0,2,1 -1
/media/michal/Pauli/masterdata/processed/paramtest/ds0_02mp_4500/annotated/rares/20140923/patrol_run_139/room_2/features/nonPlanes<pfhrgb_uniform_2015-05-18_22-23-09.pcd 0.235091 0.000921411 0.00313691 11 144,138,117,114,87,79,73,57,41,32,31 43,46,42,46,27,16,32,23,18,17,14 0,0,0,0,0,0,0,0,0,0,0 430782 453 1100 13 38 400 1047 13 38 430329,239,89,47,22,14,11,11,4,0,4,4,2,1,0,0,2,1,0,1,1 0,7,3,0,0,0,0,2,0,0,0,1,0,0,0,0,0,0,0,0,0 0,186,89,47,22,14,11,11,4,0,4,4,2,1,0,0,2,1,0,1,1 0,7,3,0,0,0,0,2,0,0,0,1,0,0,0,0,0,0,0,0,0
/media/michal/Pauli/masterdata/processed/paramtest/ds0_02mp_4500/annotated/rares/20140923/patrol_run_141/room_2/features/nonPlanes<pfhrgb_uniform_2015-05-18_22-23-17.pcd 0.235948 0.000822433 0.00339905 8 445,142,109,52,45,44,29,24 136,34,54,20,18,25,14,12 0,0,0,0,0,0,0,0 407286 450 1100 49 227 400 1050 49 227 406836,238,89,37,29,14,8,11,7,6,3,3,1,0,3,0,0,0,0,0,0,0,0,0,0,0,0,0,0,0,0,0,0,0,0,1 0,14,7,5,8,3,1,2,3,1,1,1,0,0,2,0,0,0,0,0,0,0,0,0,0,0,0,0,0,0,0,0,0,0,0,1 0,188,89,37,29,14,8,11,7,6,3,3,1,0,3,0,0,0,0,0,0,0,0,0,0,0,0,0,0,0,0,0,0,0,0,1 0,14,7,5,8,3,1,2,3,1,1,1,0,0,2,0,0,0,0,0,0,0,0,0,0,0,0,0,0,0,0,0,0,0,0,1
/media/michal/Pauli/masterdata/processed/paramtest/ds0_02mp_4500/annotated/rares/20140923/patrol_run_144/room_2/features/nonPlanes<pfhrgb_uniform_2015-05-18_22-23-28.pcd 0.268063 0.00122299 0.00337181 11 148,122,109,103,96,66,50,37,28,25,18 47,50,30,27,37,22,20,13,13,12,15 0,0,0,1,0,0,0,0,0,0,0 438471 446 1100 18 78 400 1054 18 78 438025,228,93,37,33,12,13,6,6,6,2,2,2,0,1,1,2,2 0,6,2,4,3,0,0,0,0,0,0,1,0,0,0,0,1,1 0,182,93,37,33,12,13,6,6,6,2,2,2,0,1,1,2,2 0,6,2,4,3,0,0,0,0,0,0,1,0,0,0,0,1,1
/media/michal/Pauli/masterdata/processed/paramtest/ds0_02mp_4500/annotated/rares/20140923/patrol_run_146/room_2/features/nonPlanes<pfhrgb_uniform_2015-05-18_22-23-35.pcd 0.263269 0.000844266 0.00345213 7 415,224,78,60,58,31,30 129,60,36,18,32,16,17 0,0,0,1,0,0,0 391248 439 1100 17 59 400 1061 17 59 390809,237,88,37,23,14,5,8,5,3,4,4,2,3,1,1,0,1,0,0,1,0,1,0,0,0,1 0,7,5,0,2,0,0,0,0,0,1,1,0,1,0,0,0,0,0,0,0,0,0,0,0,0,0 0,198,88,37,23,14,5,8,5,3,4,4,2,3,1,1,0,1,0,0,1,0,1,0,0,0,1 0,7,5,0,2,0,0,0,0,0,1,1,0,1,0,0,0,0,0,0,0,0,0,0,0,0,0
/media/michal/Pauli/masterdata/processed/paramtest/ds0_02mp_4500/annotated/rares/20140923/patrol_run_148/room_2/features/nonPlanes<pfhrgb_uniform_2015-05-18_22-23-42.pcd 0.236848 0.000806199 0.00290182 10 191,160,146,105,54,52,39,33,27,21 41,60,56,40,17,13,22,13,12,13 -1 444246 427 1100 -1 -1 400 1073 -1 -1 443819,223,86,37,18,19,10,7,4,9,2,1,3,4,0,0,1,1,0,0,0,0,0,0,0,0,1,1 -1 0,196,86,37,18,19,10,7,4,9,2,1,3,4,0,0,1,1,0,0,0,0,0,0,0,0,1,1 -1
/media/michal/Pauli/masterdata/processed/paramtest/ds0_02mp_4500/annotated/rares/20140923/patrol_run_150/room_2/features/nonPlanes<pfhrgb_uniform_2015-05-18_22-23-50.pcd 0.300306 0.000837775 0.00369337 7 356,164,102,96,59,45,21 102,81,58,28,23,12,16 -1 454740 452 1100 -1 -1 400 1048 -1 -1 454288,238,91,47,26,12,10,5,7,1,4,3,1,0,2,1,0,1,0,1,0,0,0,1,0,0,0,0,1 -1 0,186,91,47,26,12,10,5,7,1,4,3,1,0,2,1,0,1,0,1,0,0,0,1,0,0,0,0,1 -1
/media/michal/Pauli/masterdata/processed/paramtest/ds0_02mp_4500/annotated/rares/20140924/patrol_run_152/room_2/features/nonPlanes<pfhrgb_uniform_2015-05-18_22-23-57.pcd 0.314036 0.000696772 0.00307812 9 251,97,84,64,59,51,45,39,27 71,49,14,24,26,14,18,19,17 -1 384087 418 1100 -1 -1 400 1082 -1 -1 383669,220,77,40,28,13,4,13,2,4,4,4,0,1,1,1,1,0,0,0,0,1,2,0,0,1,0,0,0,0,1 -1 0,202,77,40,28,13,4,13,2,4,4,4,0,1,1,1,1,0,0,0,0,1,2,0,0,1,0,0,0,0,1 -1
/media/michal/Pauli/masterdata/processed/paramtest/ds0_02mp_4500/annotated/rares/20140924/patrol_run_156/room_2/features/nonPlanes<pfhrgb_uniform_2015-05-18_22-24-04.pcd 0.302548 0.000788399 0.00334042 10 257,208,87,51,47,47,40,29,18,13 62,70,29,27,27,16,13,15,12,13 -1 395010 451 1100 -1 -1 400 1049 -1 -1 394559,262,74,35,22,14,12,7,2,3,4,4,2,1,4,2,0,0,2,0,1 -1 0,211,74,35,22,14,12,7,2,3,4,4,2,1,4,2,0,0,2,0,1 -1
/media/michal/Pauli/masterdata/processed/paramtest/ds0_02mp_4500/annotated/rares/20140924/patrol_run_158/room_1/features/nonPlanes<pfhrgb_uniform_2015-05-18_22-24-11.pcd 0.278297 0.00077987 0.00311697 8 191,160,92,91,88,68,53,26 73,52,22,25,41,30,21,17 -1 434214 434 1100 -1 -1 400 1066 -1 -1 433780,220,93,46,21,17,9,5,4,4,2,2,1,1,1,3,0,2,0,1,0,0,1,0,0,0,0,0,0,1 -1 0,186,93,46,21,17,9,5,4,4,2,2,1,1,1,3,0,2,0,1,0,0,1,0,0,0,0,0,0,1 -1
/media/michal/Pauli/masterdata/processed/paramtest/ds0_02mp_4500/annotated/rares/20140924/patrol_run_162/room_2/features/nonPlanes<pfhrgb_uniform_2015-05-18_22-24-18.pcd 0.292342 0.000873219 0.00329144 9 199,147,125,110,83,56,37,30,19 63,51,24,51,22,16,18,17,12 -1 435600 424 1100 -1 -1 400 1076 -1 -1 435176,230,83,31,20,8,5,9,12,9,4,3,2,2,2,2,0,0,0,1,0,1 -1 0,206,83,31,20,8,5,9,12,9,4,3,2,2,2,2,0,0,0,1,0,1 -1
/media/michal/Pauli/masterdata/processed/paramtest/ds0_02mp_4500/annotated/rares/20140924/patrol_run_164/room_1/features/nonPlanes<pfhrgb_uniform_2015-05-18_22-24-26.pcd 0.266336 0.00118967 0.00272127 9 240,210,96,80,73,58,29,19,17 56,58,30,34,23,16,13,14,14 -1 425568 417 1100 -1 -1 400 1083 -1 -1 425151,227,74,34,26,11,13,3,6,7,0,3,2,5,0,1,0,0,0,1,1,1,0,1,0,0,0,0,0,0,0,0,0,0,1 -1 0,210,74,34,26,11,13,3,6,7,0,3,2,5,0,1,0,0,0,1,1,1,0,1,0,0,0,0,0,0,0,0,0,0,1 -1
/media/michal/Pauli/masterdata/processed/paramtest/ds0_02mp_4500/annotated/rares/20140924/patrol_run_166/room_2/features/nonPlanes<pfhrgb_uniform_2015-05-18_22-24-33.pcd 0.296411 0.00083586 0.00300726 7 205,188,104,81,65,44,42 62,46,33,23,19,27,22 -1 411642 416 1100 -1 -1 400 1084 -1 -1 411226,225,73,36,23,10,14,5,4,11,1,2,2,1,4,1,1,0,1,0,0,0,1,0,0,0,0,0,0,0,0,0,0,1 -1 0,209,73,36,23,10,14,5,4,11,1,2,2,1,4,1,1,0,1,0,0,0,1,0,0,0,0,0,0,0,0,0,0,1 -1
