228745 19290 0.0219612 0.51865
232248 19673 0.0218974 0.461268
209814 18423 0.0197191 0.429174
218177 18592 0.0264574 0.49188
254562 20114 0.0215879 0.494231
208815 18096 0.0181794 0.4334
276046 21149 0.0317534 0.549299
247696 20170 0.0314871 0.473726
206078 17250 0.018418 0.410345
173613 15536 0.0157024 0.360543
242021 19770 0.0224718 0.521696
273917 19962 0.0237122 0.573438
221026 18549 0.0195244 0.449071
325980 22937 0.0410093 0.700757
286321 21387 0.0246312 0.521547
256995 20047 0.022882 0.545391
272279 21023 0.0242453 0.537198
265982 20160 0.0285291 0.503449
208894 17887 0.018311 0.643912
242932 19625 0.0292323 0.510938
223740 18465 0.0199362 0.450318
201009 17144 0.0176861 0.392762
179322 16154 0.0149995 0.431844
194654 17211 0.0310811 0.808845
207481 17332 0.0205372 0.393105
236736 19353 0.0207956 0.498936
216224 18519 0.0197272 0.429469
316455 23203 0.0271339 0.654525
310514 22488 0.0275549 0.634923
255360 20275 0.0224743 0.756823
248766 19378 0.021416 0.482893
313832 22799 0.0281021 0.587982
247024 19688 0.0219754 0.545041
315718 22727 0.0270301 0.606127
289423 21759 0.0250179 0.580277
289112 21536 0.0256967 0.653243
268484 20868 0.0226475 0.605062
269225 20303 0.0227088 0.536785
300024 22380 0.0651177 0.576332
242735 20145 0.0216118 0.513876
217353 18661 0.0493515 0.790114
270039 20606 0.0230694 0.580002
274894 21068 0.0241381 0.604279
304123 22830 0.0267362 0.622269
248504 19749 0.0221798 0.534045
302871 21740 0.0260143 0.646934
286933 20780 0.0278578 0.921331
276847 21236 0.0248617 0.512062
360015 25911 0.030798 0.713424
204094 18212 0.0179011 0.444231
256669 20547 0.0224851 0.547021
214195 18166 0.0477735 0.465719
203775 17306 0.0184145 0.423248
299966 22384 0.025368 0.578741
247258 20537 0.0213563 0.536215
260375 20554 0.0235455 0.545195
249627 20077 0.0233643 0.52549
282871 20781 0.0247059 0.550176
307320 23034 0.0711359 0.625254
219987 19261 0.0203336 0.460626
222835 18816 0.019603 0.462664
237610 19488 0.0208869 0.488718
280171 21705 0.0243876 0.619739
299285 22790 0.0257999 0.568464
235284 19521 0.021512 0.493447
240647 21360 0.0539778 0.558535
273465 20956 0.0627913 0.710936
219110 18624 0.0213563 0.487667
211482 18010 0.0197484 0.439636
214959 17967 0.0192117 0.441201
211942 18426 0.0203398 0.433153
251332 20069 0.0226574 0.540335
205951 17711 0.0192515 0.422709
203227 17316 0.0188595 0.441208
265381 21403 0.0232756 0.502228
177840 15817 0.0162177 0.371229
197349 17193 0.0187633 0.830601
191488 16936 0.0191866 0.42616
183425 16189 0.0186346 0.419386
220487 18145 0.0205481 0.46867
194771 17113 0.0413064 0.441745
189585 16531 0.0179258 0.345871
190949 17387 0.0183732 0.421053
194056 17714 0.0182352 0.420485
