#/home/michal/Dropbox/study/university/kth/thesis/data/features/annotations/0,01/featuredata_shot_uniform_2015-05-26_14-45-46.txt
2303 130 0.000611049 0.0136328
1563 93 0.000704147 0.00333178
2633 126 0.000962557 0.0109624
9165 816 0.00120167 0.0235079
2428 145 0.000638544 0.0099585
3896 296 0.00124545 0.00877497
1769 114 0.0011236 0.00413486
9301 563 0.00199151 0.0229182
2055 112 0.000527017 0.00553941
1510 81 0.000654388 0.0116568
2595 124 0.00069103 0.00510854
7522 496 0.00127531 0.0195974
2235 141 0.000823314 0.00474049
4319 341 0.00122981 0.00942478
1691 115 0.00104247 0.0112068
8188 494 0.00158468 0.0156758
2329 120 0.000442765 0.0106998
1651 82 0.000585473 0.00425374
2758 122 0.000881275 0.00590906
7509 381 0.00158387 0.0196431
5575 393 0.00123532 0.0112434
2888 175 0.001052 0.00858844
6641 383 0.00128984 0.0117365
2792 140 0.000450659 0.00557204
2588 143 0.000537531 0.0105904
2529 122 0.000515537 0.00496513
7305 383 0.00121045 0.0196141
10126 555 0.00146471 0.028537
9631 559 0.00146162 0.0247316
6001 684 0.00116634 0.0171156
3136 236 0.00122676 0.0156387
2137 141 0.000490329 0.00545354
3640 215 0.000808709 0.00940794
2592 133 0.000822438 0.00920045
3126 138 0.00107915 0.00730646
7064 361 0.00159315 0.0212349
6649 342 0.00113367 0.0149023
1777 116 0.00105504 0.0111938
9172 534 0.001276 0.0229703
2595 153 0.000598111 0.00698908
2501 128 0.000736947 0.00650584
2526 120 0.000886825 0.0132069
5366 513 0.001334 0.0169381
10459 775 0.00186805 0.0245554
2034 133 0.000667596 0.0102413
7314 404 0.001244 0.0164457
1401 104 0.00120569 0.010729
2290 135 0.000795272 0.00594846
1784 78 0.000648938 0.00393243
2729 128 0.000904682 0.0060256
2937 147 0.00110667 0.0186738
10349 773 0.00203506 0.0298118
1438 98 0.000652898 0.00336774
1746 89 0.00114099 0.0095323
1653 134 0.000409272 0.00394076
2675 136 0.000602408 0.00549942
2834 130 0.000719152 0.00658742
4346 219 0.000943216 0.0132044
6216 470 0.00128377 0.0153348
1818 107 0.000925132 0.00788962
1452 105 0.000697211 0.00868262
2354 128 0.000697449 0.00687839
2698 121 0.000893118 0.00987611
4312 216 0.000989164 0.00869789
9670 777 0.00143882 0.0259626
2242 127 0.000665801 0.00530917
7827 431 0.00145268 0.0183006
4687 311 0.000597627 0.0107484
2588 132 0.000606446 0.0128575
2654 116 0.00132481 0.00637421
1492 80 0.000895601 0.003933
4530 382 0.00136189 0.0153764
5283 398 0.00113874 0.0105795
260 22 0.000879078 0.000931308
1153 113 0.000326286 0.00931419
2435 134 0.000637081 0.0053773
2130 124 0.000717607 0.00513009
867 78 0.000682888 0.00262293
2654 134 0.000981416 0.0115895
1680 84 0.00215479 0.00363599
5631 394 0.00168169 0.014342
6422 508 0.00167736 0.0177915
1775 135 0.00154062 0.00500861
244 17 0.00150693 0.00690494
3905 199 0.00127453 0.00742268
1256 102 0.000329006 0.00299466
2358 131 0.000525501 0.00543629
2536 125 0.0006788 0.00922969
1923 109 0.000750979 0.00455937
6121 350 0.00127736 0.0148835
2603 120 0.0010495 0.00664346
282 24 0.0010373 0.00129254
2069 103 0.0012405 0.00412437
1334 111 0.000417811 0.0059408
2454 129 0.000706539 0.0129402
2674 121 0.000920288 0.00642716
1915 115 0.000919585 0.00550703
6193 381 0.0016136 0.018237
2578 134 0.000905993 0.00472458
246 20 0.00235963 0.00102184
2065 124 0.00117591 0.00980792
1254 101 0.000422538 0.00312447
2389 138 0.000581281 0.0055217
2631 122 0.000726382 0.00549846
1675 91 0.000773501 0.00370518
5826 347 0.00126883 0.0153494
2991 146 0.00106992 0.0076434
255 19 0.00106758 0.00129042
2777 162 0.00153006 0.0128297
1322 119 0.000432289 0.00444394
907 84 0.000525516 0.00300796
2505 132 0.00085848 0.0115035
2150 118 0.000819651 0.00448091
2677 140 0.000917546 0.00480745
1440 75 0.000862352 0.00272624
3505 192 0.0014532 0.0132277
5120 437 0.001184 0.0138464
5431 288 0.0014684 0.015087
6741 436 0.00163062 0.0166927
8424 536 0.00198787 0.0205173
1035 72 0.000413506 0.00385007
2255 118 0.00067437 0.0119513
2073 119 0.000632797 0.00450772
4365 224 0.000921263 0.00956483
1838 118 0.00079951 0.00979586
1316 69 0.00093361 0.00397953
2562 119 0.00113534 0.00459761
5736 499 0.00149132 0.0194506
2160 108 0.0012406 0.00437264
264 27 0.00131052 0.00120517
2248 129 0.00168337 0.00576094
1259 110 0.000362837 0.0076683
2252 110 0.000691749 0.0056884
1991 99 0.000772691 0.00457234
2556 126 0.000938665 0.00602025
1809 104 0.00113286 0.0106467
6349 503 0.00122852 0.0151445
3111 153 0.00234242 0.0145462
2452 128 0.000960063 0.00489436
233 20 0.00114298 0.00104694
7306 406 0.00171894 0.0203742
1422 110 0.000596003 0.00453748
4603 267 0.00112507 0.0176325
2720 129 0.00113907 0.0061513
2110 118 0.000920267 0.00522425
1949 102 0.00105279 0.0125911
9550 662 0.00123098 0.0248461
1650 115 0.000716456 0.00391958
9406 822 0.00187019 0.0449696
7046 456 0.00273545 0.0170779
1261 103 0.00167664 0.0138586
6099 353 0.00115853 0.0132701
2740 123 0.000724672 0.013965
2159 117 0.00054735 0.00560759
1995 109 0.000893699 0.00409597
8679 600 0.00165321 0.0260676
5836 550 0.00127829 0.0211328
1263 90 0.00129696 0.00408694
5419 364 0.00183856 0.0167891
1422 101 0.000319736 0.00293247
5054 300 0.00176954 0.0133107
3007 151 0.000737786 0.0107286
2150 109 0.000769388 0.00428601
1897 95 0.00085363 0.00367319
3755 206 0.00114838 0.00753432
4346 203 0.00174285 0.0133181
5631 360 0.00326702 0.0194883
1310 106 0.00077614 0.00396222
4762 283 0.00120619 0.0127776
2811 134 0.00143701 0.00972432
2123 112 0.00104262 0.00385762
1840 101 0.00271306 0.00355111
4805 226 0.00115252 0.0111497
8717 535 0.0014324 0.0185384
5532 374 0.0014342 0.0145637
1233 107 0.000367404 0.00365504
5140 306 0.000836403 0.0122596
2779 129 0.00107379 0.00683983
2130 113 0.00116831 0.00941401
1779 91 0.00122368 0.00424575
4463 187 0.00142483 0.0124747
6574 409 0.00144603 0.0204479
5715 387 0.00162089 0.0138231
1260 106 0.000368281 0.00324242
5661 327 0.000882141 0.0151549
2646 127 0.000733725 0.00508698
1634 97 0.000948464 0.00529939
4534 191 0.00123014 0.0103104
10474 772 0.00209655 0.0317882
4621 326 0.00109495 0.0119311
1219 104 0.000346828 0.00302094
5571 327 0.000834682 0.0151205
2707 125 0.000722887 0.00484449
1638 88 0.000704998 0.00337056
2116 115 0.000850426 0.00411218
5286 232 0.00129686 0.0144688
4175 421 0.00139161 0.0117044
2923 176 0.00133543 0.0128697
1293 106 0.000398181 0.00542745
5261 327 0.000977093 0.0167003
2898 155 0.000516083 0.00566416
1490 94 0.000727701 0.00389512
2136 117 0.000889092 0.00984558
4982 240 0.00112395 0.0103904
7689 507 0.00143638 0.0230735
2456 163 0.000868644 0.0150624
1432 119 0.000438711 0.0142169
5735 333 0.000992127 0.0165223
2752 117 0.000937783 0.010109
2299 122 0.000978867 0.00506728
2329 149 0.000888216 0.00500508
7740 645 0.00146853 0.0197683
2175 143 0.000890994 0.00521718
4774 389 0.00178231 0.0131441
1497 144 0.000437714 0.00732272
5745 353 0.000988277 0.0219832
2866 135 0.00114253 0.00671674
1600 93 0.000902967 0.00485028
2120 118 0.00112058 0.00898222
3650 267 0.0010817 0.0103209
4881 336 0.00129446 0.0104192
3056 198 0.00125525 0.00817233
2912 154 0.000472905 0.00576733
1295 100 0.000486697 0.00312538
6621 340 0.00110941 0.0169271
2848 143 0.000903953 0.00848394
1852 100 0.00102584 0.00432427
1780 94 0.00118477 0.00685584
8177 600 0.00221819 0.0233909
1537 108 0.00122539 0.0116038
3326 283 0.00131146 0.00691245
1689 103 0.00135955 0.00363517
6894 413 0.00175959 0.0157004
1501 141 0.000366508 0.00405885
1936 120 0.000539854 0.00498089
5731 302 0.00107804 0.0159573
2711 125 0.000881716 0.00566296
1645 89 0.000898547 0.00521105
5588 497 0.00166954 0.0201043
1626 118 0.00120904 0.00457303
9688 685 0.00249905 0.0250386
2244 123 0.00107914 0.00678954
7251 428 0.00176996 0.014496
1441 120 0.000360616 0.00330882
1982 134 0.000504961 0.00445607
6398 338 0.0010048 0.0208626
2780 141 0.000721716 0.00762545
1701 90 0.000970103 0.00730775
5843 254 0.00168236 0.0140394
7051 447 0.00172694 0.0165214
2261 129 0.00106525 0.0063134
8106 473 0.00163264 0.0192734
1439 127 0.000369569 0.0035981
1791 119 0.000509244 0.00457208
5989 322 0.00105119 0.0173013
4371 196 0.001238 0.0106333
766 68 0.00236662 0.0118295
5783 279 0.00227194 0.0184475
7964 586 0.00123591 0.0211202
2308 127 0.0015494 0.00467254
6241 382 0.00155469 0.0161127
1377 122 0.000412721 0.00692514
1535 91 0.000513512 0.00519073
5470 275 0.00129375 0.0135193
2884 156 0.000980015 0.0125567
1726 85 0.00223666 0.00618329
6707 363 0.00173269 0.0157167
8275 604 0.00130674 0.0166023
2274 130 0.000974094 0.00443895
7108 392 0.001744 0.0166634
1272 116 0.000400642 0.00569577
1257 75 0.00052257 0.00445715
5933 289 0.00113476 0.0127667
2801 143 0.000894155 0.00693101
1731 89 0.00102601 0.00909079
6753 309 0.001061 0.013416
5526 415 0.00152653 0.0182346
2290 132 0.00122933 0.00774009
4248 328 0.00144534 0.0102223
1238 110 0.000344338 0.00728128
1880 121 0.00066548 0.00670128
6343 336 0.00109803 0.0171382
2720 126 0.00107883 0.00736112
6871 317 0.00121449 0.0196747
9037 576 0.00129554 0.0242577
2194 139 0.000901445 0.0054745
8647 527 0.00183191 0.0220597
1188 103 0.000434794 0.00374468
2318 159 0.000691491 0.00631471
6332 354 0.00133405 0.0171493
2689 123 0.000850677 0.00640612
6200 303 0.00125468 0.0160617
9093 597 0.00145961 0.0238758
2192 132 0.00138953 0.00581407
10095 650 0.00215457 0.0265639
1349 108 0.000416443 0.00812939
703 64 0.00050799 0.012387
2175 99 0.000627428 0.00413127
2385 140 0.000773881 0.00750033
2731 126 0.00141196 0.0053391
2118 113 0.00094966 0.00582681
8650 508 0.00148252 0.0188235
1713 140 0.00110709 0.00725442
1576 107 0.00137991 0.00443864
3590 171 0.00170863 0.0102402
2472 126 0.001247 0.00756707
4594 355 0.00267187 0.0134015
1404 107 0.000472256 0.00568332
1826 89 0.000661502 0.0136382
720 52 0.000773938 0.00673466
1905 107 0.000759702 0.00435943
2723 133 0.000970458 0.00712207
6083 458 0.00143761 0.0170932
1621 113 0.00106301 0.00567435
3865 182 0.00143894 0.00775516
1800 116 0.00141289 0.0080681
10236 663 0.00223411 0.0285053
1534 123 0.000321805 0.00610578
2130 98 0.000663955 0.00627896
2084 138 0.000893783 0.00836077
962 80 0.000873098 0.00494221
2725 133 0.000989202 0.00810246
6288 665 0.0015804 0.0224267
1332 95 0.000807653 0.0120101
3977 183 0.00160826 0.0143593
2295 125 0.00106683 0.0158004
8125 460 0.00128942 0.0183361
1393 120 0.00053496 0.00455064
868 72 0.000426467 0.00532375
2171 104 0.000656826 0.00635759
2150 108 0.000869252 0.00627165
2674 122 0.00117989 0.00660133
1751 96 0.00106354 0.00545467
6004 371 0.00108774 0.0168714
1578 115 0.00138933 0.00542768
3786 189 0.00186449 0.0115234
2308 133 0.0013834 0.00545721
6793 406 0.00178791 0.0167304
1424 115 0.000355609 0.0119153
1428 67 0.000505253 0.00338418
3939 189 0.000880116 0.012696
2697 126 0.000937201 0.0158308
2900 157 0.00114442 0.00723409
1676 92 0.00115837 0.00501562
4933 238 0.00165287 0.0156465
1411 100 0.00131874 0.00405209
3548 178 0.00144241 0.00887029
5596 300 0.00170931 0.0112478
1507 114 0.000384914 0.0041651
2445 153 0.000594146 0.010072
2694 139 0.000786846 0.00636403
1915 109 0.000901352 0.00558322
5191 262 0.00139251 0.0154852
1600 121 0.00119209 0.0066605
3887 185 0.00149765 0.0146623
5357 364 0.00219164 0.0133424
134 14 0.00108481 0.00070725
1377 113 0.000363047 0.00385247
2800 182 0.000634274 0.00909491
2692 158 0.000681755 0.00567995
3165 184 0.000908839 0.00716472
5880 376 0.00130894 0.0182273
1860 131 0.00116954 0.0101367
4150 215 0.00138322 0.0123246
5744 410 0.00235486 0.0192759
165 15 0.00141607 0.0065733
1423 121 0.000620606 0.00371248
2750 167 0.000616886 0.00720922
2316 154 0.000710762 0.00575887
2766 131 0.000842951 0.0059965
1881 108 0.00106896 0.00455731
4697 233 0.00132713 0.00993313
1578 103 0.00113393 0.00464607
4988 393 0.0015512 0.0150894
2393 129 0.00162481 0.0178092
9397 571 0.00180291 0.0210753
1299 106 0.000494635 0.00506994
2872 159 0.000760868 0.00978256
2256 151 0.00084772 0.00609029
2634 126 0.000981549 0.00689997
2210 120 0.00110089 0.00496126
4417 231 0.00125094 0.00904433
1720 109 0.00115164 0.00433302
4386 326 0.00150697 0.0120746
2646 133 0.00148514 0.00687953
8082 493 0.00216586 0.0224832
1255 110 0.0004538 0.00398655
2883 185 0.000779091 0.0129414
1998 119 0.000493088 0.00649197
2822 151 0.00082669 0.00881787
1995 114 0.000876171 0.00435841
3638 202 0.00112586 0.00949733
1643 111 0.00109141 0.00401503
3935 282 0.00133998 0.00938602
2380 134 0.00134562 0.0116892
5860 481 0.00203649 0.0229541
142 15 0.00147999 0.00244025
1361 115 0.000653173 0.00418793
3206 174 0.00075634 0.00751221
2104 120 0.000781521 0.0057255
2793 130 0.00132048 0.00822944
1809 103 0.000994923 0.00809053
4935 239 0.00123775 0.0113061
1326 89 0.00103708 0.00499499
3957 283 0.00137334 0.00979986
2458 128 0.00135198 0.0062054
4343 246 0.00163057 0.0103744
194 22 0.00101306 0.000949455
1372 103 0.000318804 0.00592649
2426 147 0.000450501 0.00584148
2559 117 0.000709506 0.0129754
1645 96 0.0010635 0.00436715
5152 328 0.00145617 0.0183928
428 61 0.000817058 0.00180379
2769 206 0.00109553 0.0063866
2493 140 0.00119884 0.00451821
1434 121 0.00037665 0.00625051
2367 149 0.000594311 0.00803705
2783 129 0.000608064 0.00490096
1876 107 0.000743464 0.00413462
5235 426 0.00124876 0.0177334
8067 568 0.00151263 0.0216356
4999 315 0.00130336 0.0114861
1511 124 0.000413619 0.00443296
3091 190 0.000799835 0.0167974
2566 159 0.00250962 0.0126221
5782 731 0.00082468 0.0177337
1968 186 0.000764121 0.0118011
4536 373 0.00130135 0.0183875
5643 391 0.00116045 0.0175304
1496 119 0.000449546 0.0109204
1907 101 0.000667392 0.00580347
2544 137 0.00089192 0.0129005
2742 128 0.000832019 0.0121349
4947 321 0.00106665 0.0126266
8056 587 0.00190681 0.0187579
4481 259 0.00101799 0.0143015
1276 110 0.00040793 0.00883055
2009 113 0.000583884 0.0141332
2001 114 0.000853854 0.00508867
2672 128 0.000795982 0.00578414
1594 87 0.000788802 0.00496991
3373 204 0.00106688 0.00928691
6538 474 0.00135143 0.0181537
1723 113 0.000770231 0.00603364
2139 131 0.00129161 0.00579146
9886 574 0.0023455 0.0230435
1124 103 0.000327163 0.0100766
2216 119 0.000670345 0.0140281
1205 69 0.000427528 0.00348946
2671 128 0.000804254 0.00947281
1662 94 0.000802361 0.00911441
2628 183 0.000817861 0.0140918
6935 448 0.00124013 0.0187096
2096 110 0.000949293 0.0044475
9876 602 0.00191158 0.0254273
1324 112 0.000349671 0.00305581
2444 114 0.000546228 0.0056498
2310 147 0.00069708 0.00538381
2550 111 0.000976997 0.00595248
2184 115 0.000906687 0.00555102
3730 165 0.00113399 0.00751135
8609 523 0.00175016 0.0276597
2532 127 0.00106711 0.00605921
7414 426 0.00214449 0.0166661
1324 113 0.000366827 0.00319298
2376 116 0.000580032 0.00692397
2526 163 0.000726518 0.0103137
2660 140 0.000832555 0.00802945
1870 103 0.00109504 0.00485154
2971 114 0.0011693 0.00828769
6054 427 0.00162448 0.0213293
2392 133 0.000969484 0.0108512
5505 355 0.00235287 0.0140064
1325 115 0.000361436 0.00556801
2257 114 0.000559473 0.00592261
1144 70 0.000597784 0.00306236
2654 133 0.00079488 0.00809843
7021 462 0.00125207 0.0199516
3189 247 0.000753674 0.00952998
1886 108 0.00112629 0.0069197
7030 374 0.0017482 0.0127678
1261 112 0.000371966 0.00466504
2266 127 0.000868021 0.00926234
1003 69 0.000514062 0.00249965
2843 141 0.000770375 0.0078128
1229 73 0.00171588 0.00545945
7457 665 0.00141502 0.0206328
4723 458 0.00101928 0.0142085
1538 116 0.00127584 0.00409104
1256 89 0.00131034 0.00902053
10108 586 0.0023123 0.0239081
1537 141 0.000426853 0.00524357
2054 137 0.000622117 0.0116502
2789 134 0.000489674 0.00669547
953 70 0.000609124 0.00895208
7611 485 0.00136913 0.0201881
1904 132 0.000736713 0.00696314
6717 465 0.00156562 0.0172577
1939 120 0.00109754 0.0102024
8225 515 0.00175548 0.0204299
1290 118 0.000416718 0.00548158
2006 134 0.000627089 0.00625074
929 64 0.000698288 0.00547313
2725 134 0.000808864 0.00513883
8367 508 0.00131926 0.0209953
1977 132 0.00109586 0.00502857
8019 486 0.00164127 0.0159388
1921 105 0.00128373 0.00717766
8261 503 0.00194226 0.0180286
1410 125 0.000405433 0.0068733
1832 108 0.000650361 0.0147675
2733 132 0.00081159 0.0111259
10571 893 0.00115634 0.0239648
1848 128 0.000833335 0.00495796
7810 501 0.00152477 0.0171246
2126 123 0.000974695 0.00464681
5028 323 0.00152888 0.0156803
1387 120 0.000371534 0.00480754
2005 127 0.000565587 0.00782678
591 40 0.000564199 0.00218726
2699 121 0.000999211 0.00556249
6793 822 0.00129082 0.0227006
7748 582 0.00109479 0.0170662
1912 112 0.00106398 0.00773073
9591 576 0.00175069 0.021269
1119 90 0.000320024 0.00807351
2440 119 0.000692389 0.0107749
6065 403 0.00109828 0.0165364
4508 232 0.000838212 0.00971469
5747 501 0.00145311 0.0168102
7521 376 0.000965741 0.0176022
1356 106 0.000667433 0.00612101
2411 120 0.00073937 0.00704823
1382 80 0.00081727 0.00391015
5876 342 0.00151186 0.0193427
1543 110 0.000899935 0.00346324
4332 224 0.00124149 0.0137638
5018 362 0.00133165 0.0124029
1385 106 0.000377471 0.00362567
2623 134 0.000630474 0.00591986
1659 74 0.0006492 0.00348513
6707 435 0.00124738 0.0213928
1663 108 0.000695747 0.0114056
4290 224 0.00150685 0.0225388
4890 386 0.00122653 0.0209331
1373 101 0.00040647 0.00662349
2934 141 0.000610752 0.00715094
2426 136 0.000716624 0.00811484
2543 119 0.000909741 0.00534166
1478 82 0.000855857 0.00325939
8637 518 0.00173539 0.0249849
1899 155 0.00142457 0.00739577
4303 338 0.00178322 0.0143781
5151 383 0.00142862 0.00983833
1052 108 0.000302736 0.00257067
2641 160 0.00054242 0.00795669
6026 348 0.00105357 0.0185268
2911 142 0.00056905 0.00844741
1947 109 0.0010923 0.00494902
1418 75 0.00120439 0.00310954
4931 365 0.00155469 0.0119597
1519 147 0.00124856 0.00474084
9311 597 0.0021445 0.0239663
2015 104 0.00142228 0.00480583
7987 484 0.00192877 0.0141132
938 81 0.000318344 0.00221633
2505 147 0.000519556 0.00674502
5938 349 0.00106921 0.0171854
2732 126 0.000922516 0.00557715
1951 120 0.00100376 0.00938592
1385 75 0.00140755 0.00365055
6003 273 0.00170118 0.0160584
8938 673 0.00156967 0.0299622
6852 352 0.00133621 0.0125665
6120 354 0.00182839 0.0142644
2708 154 0.000477053 0.0105275
4689 311 0.00120526 0.0154188
2572 120 0.00086829 0.0061565
2330 126 0.00124148 0.00592122
1465 70 0.00103422 0.00356904
1301 124 0.00120658 0.00521733
3397 249 0.00122073 0.00925804
1999 169 0.00120244 0.00522408
3743 252 0.00136356 0.0121188
1512 108 0.00151377 0.00364153
7513 408 0.00176812 0.0142357
7407 357 0.00100568 0.0177347
3050 214 0.000791929 0.0107577
2191 125 0.00103034 0.00813049
2368 107 0.000955859 0.0063313
2158 125 0.00106275 0.00580155
1800 93 0.00118979 0.00764106
8660 497 0.00155211 0.0198595
1507 77 0.000979113 0.0080408
10696 634 0.00190228 0.0200812
2059 126 0.00115053 0.00713102
8649 520 0.00203493 0.0215874
4772 319 0.000839734 0.0126895
2888 163 0.000725964 0.0103482
2215 130 0.000837157 0.00769643
2822 154 0.000840007 0.0070424
1562 80 0.000812114 0.00443533
2490 136 0.00101321 0.00549216
6777 416 0.00160205 0.0166953
1618 163 0.00107652 0.00372891
5913 267 0.00153139 0.0149295
2311 119 0.00141432 0.00865246
1841 124 0.00160857 0.00449193
8089 469 0.00241994 0.0203314
4926 335 0.000890523 0.0181681
2272 116 0.000526309 0.00655393
2458 140 0.000707348 0.00524091
2484 120 0.000828511 0.00649562
1392 77 0.000844741 0.00611469
2700 147 0.00110084 0.00557414
7135 429 0.00157531 0.0179495
2060 97 0.00136314 0.00391685
1517 113 0.00135967 0.0041757
5660 527 0.00192577 0.0199965
1767 117 0.00138225 0.00450539
9550 603 0.00255845 0.0229822
4743 309 0.000721883 0.0110133
2554 136 0.000615458 0.00614459
2321 134 0.000676717 0.00812496
1321 77 0.00073707 0.00333155
2586 143 0.000968356 0.00585257
7373 449 0.00149062 0.0234947
1781 85 0.00136478 0.00651639
1535 111 0.000917268 0.00544825
5898 341 0.00167133 0.015173
1703 111 0.00163004 0.00898093
1300 68 0.00134191 0.00276652
4839 327 0.000704633 0.0124972
2221 114 0.000593626 0.00868173
2496 153 0.000750262 0.00924129
2449 112 0.000715959 0.00481777
1439 77 0.000877063 0.00471152
2615 143 0.00113131 0.00831518
1612 78 0.00115822 0.00332438
8272 435 0.00176689 0.0224968
11720 798 0.00211711 0.0317121
6170 305 0.00123541 0.0127826
1540 102 0.00150328 0.00358929
5815 453 0.00202587 0.0125
3931 206 0.00122836 0.00842856
2564 144 0.000542276 0.015394
2365 114 0.000631099 0.00617353
1022 51 0.000684191 0.00329866
1374 68 0.000823003 0.0103512
2606 135 0.00113154 0.00743932
3256 266 0.00135246 0.00954361
3335 296 0.00155527 0.0162032
5835 353 0.00163784 0.0149341
4910 401 0.00159872 0.0119066
871 63 0.00030131 0.00231879
2708 134 0.000589461 0.00592018
3307 201 0.000840809 0.0139634
1245 61 0.00071783 0.00820115
8800 586 0.00150241 0.0235652
10877 797 0.00164826 0.0280524
2219 135 0.000695342 0.00640902
8745 516 0.00153528 0.0228746
2737 128 0.000470628 0.0062269
3319 196 0.000688037 0.0074988
2436 142 0.000760844 0.00834686
887 63 0.000884217 0.00254609
1235 67 0.000877382 0.0048934
6671 286 0.00153989 0.016675
4577 460 0.00146364 0.0107329
1915 113 0.00116319 0.00579628
9136 587 0.00181028 0.019138
9397 801 0.00126678 0.0278357
3873 215 0.000565239 0.00859842
930 63 0.000640685 0.011569
2459 115 0.000967532 0.0106887
1263 69 0.000945829 0.00385122
9318 648 0.00171394 0.021346
10347 711 0.0014957 0.0283152
2009 117 0.000968108 0.00903136
6864 532 0.00203661 0.0198807
3832 222 0.000753492 0.0111154
933 63 0.000421445 0.00292643
2458 115 0.000631518 0.00461521
1269 64 0.000678599 0.00316942
6849 437 0.0012345 0.0173026
7389 547 0.00120711 0.0153421
1697 122 0.00105217 0.0108119
8445 506 0.00185703 0.0216832
3838 208 0.000578123 0.0101842
2480 116 0.00087267 0.00491269
1014 52 0.000716357 0.00215347
1622 82 0.000720466 0.00713206
4614 313 0.00115074 0.0129441
8852 625 0.00159205 0.0215838
5657 429 0.00141599 0.0121251
3883 213 0.000671101 0.0183934
2116 106 0.000951738 0.0103019
520 30 0.00084834 0.00479366
1380 74 0.00107964 0.00438384
5898 386 0.00145122 0.0118045
10396 755 0.00159989 0.0242023
5340 347 0.00113784 0.0107522
2467 110 0.000506388 0.00970086
573 33 0.000518953 0.00208998
2458 121 0.000891467 0.00614297
2562 142 0.000973793 0.00665874
3081 155 0.00115649 0.0110855
1166 65 0.000894394 0.00274194
2346 157 0.00111581 0.00860976
4467 371 0.00140289 0.0185001
1342 103 0.000860509 0.0035347
9714 737 0.00204011 0.0248216
5687 356 0.00228244 0.0213537
2401 131 0.00446194 0.0125834
2495 119 0.000769175 0.0119388
912 47 0.000443173 0.00194218
1428 75 0.00070383 0.00298963
2357 167 0.00278247 0.00692767
5173 495 0.00128141 0.0153743
5898 485 0.00132987 0.0208093
5497 371 0.00110896 0.0178091
960 53 0.000415284 0.0109194
2334 130 0.00151827 0.0122808
2418 118 0.00106135 0.00577712
4863 257 0.0013426 0.0185443
1558 79 0.00105842 0.0117509
2352 159 0.00110454 0.00826735
4795 378 0.00198904 0.0119766
9381 649 0.00157823 0.0277112
5376 326 0.00140996 0.0176242
13816 726 0.00193981 0.0314982
4331 196 0.000765944 0.00811007
6169 459 0.00218667 0.0153367
2174 150 0.00080094 0.00600807
11588 949 0.00188253 0.0331102
3152 195 0.00120106 0.0108531
897 63 0.0011434 0.00236606
14012 771 0.00140065 0.0289068
4281 205 0.00059257 0.0172539
1877 152 0.000694197 0.00639587
4472 412 0.00109793 0.0122138
9096 691 0.00155615 0.0256101
3279 185 0.00101617 0.00926692
902 64 0.00096175 0.00484133
14149 831 0.00139287 0.02642
4466 198 0.000795128 0.00826072
1451 103 0.000594676 0.00601555
4437 300 0.00106153 0.0144582
8518 553 0.00134273 0.0193203
2998 177 0.00111063 0.009677
921 59 0.000952293 0.00226486
#/home/michal/Dropbox/study/university/kth/thesis/data/features/annotations/0,01/featuredata_shot_iss_2015-05-26_14-57-47.txt
2303 53 0.0422203 0.00362254
1563 42 0.0239755 0.00259041
2633 63 0.0458914 0.00523229
9165 206 0.184914 0.0226742
2428 73 0.0365388 0.0056362
3896 98 0.0686173 0.00674162
1769 60 0.0277714 0.00282364
9301 215 0.150478 0.0206564
2055 35 0.0322188 0.00479208
1510 31 0.0254178 0.00259635
2595 61 0.0453396 0.0057003
7522 179 0.132184 0.0153542
2235 65 0.0319426 0.00381137
4319 110 0.0740081 0.00671621
1691 55 0.0257105 0.0030332
8188 190 0.128997 0.0183794
2329 72 0.0343123 0.0058518
1651 40 0.0308504 0.00349949
2758 54 0.0483803 0.00340526
7509 215 0.130046 0.0184368
5575 149 0.090497 0.00886784
2888 69 0.0408049 0.00373111
6641 151 0.117097 0.0213653
2792 61 0.0444844 0.00398384
2588 75 0.0437226 0.00482473
2529 61 0.0409763 0.00613159
7305 233 0.141746 0.0258681
10126 211 0.179756 0.022731
9631 239 0.172508 0.0161809
6001 159 0.102054 0.00929227
3136 67 0.0490858 0.00374587
2137 50 0.0361765 0.0105159
3640 101 0.0550909 0.00818556
2592 59 0.0463341 0.00427887
3126 77 0.0523644 0.00446277
7064 204 0.128938 0.0215234
6649 192 0.105076 0.0140322
1777 58 0.026668 0.00300358
9172 213 0.153733 0.023939
2595 58 0.0414605 0.00492043
2501 70 0.0422101 0.00472581
2526 51 0.0398672 0.00340813
5366 136 0.0931065 0.00899371
10459 250 0.205028 0.0234718
2034 74 0.0308682 0.00449741
7314 177 0.116584 0.0217458
1401 35 0.0302839 0.00340001
2290 66 0.0347452 0.00388248
1784 36 0.0352381 0.00366663
2729 59 0.0473852 0.00740323
2937 106 0.0431455 0.00604805
10349 234 0.17882 0.0188908
1438 45 0.0217024 0.00258666
1746 43 0.0256637 0.00241537
1653 41 0.0275456 0.00259735
2675 73 0.0433012 0.0044037
2834 66 0.0465698 0.00489524
4346 140 0.0682569 0.0110315
6216 174 0.106098 0.010679
1818 39 0.0261722 0.00220052
1452 36 0.0219876 0.00278817
2354 75 0.036621 0.00467447
2698 71 0.0446286 0.00381488
4312 112 0.0708746 0.00719749
9670 229 0.169641 0.0223894
2242 71 0.0351152 0.00894707
7827 195 0.151512 0.02079
4687 117 0.0721364 0.00742739
2588 73 0.0409671 0.00362577
2654 64 0.0412193 0.00410367
1492 48 0.023325 0.00706837
4530 119 0.0697795 0.00534354
5283 129 0.0844882 0.00741205
260 7 0.00741272 0.0023817
1153 26 0.0190924 0.00159588
2435 62 0.0396857 0.00396103
2130 57 0.0395277 0.00373274
867 30 0.014524 0.00156439
2654 60 0.0416309 0.00385424
1680 42 0.0294405 0.00321422
5631 173 0.0916996 0.00926912
6422 129 0.107742 0.00787325
1775 58 0.0278801 0.00278267
244 4 0.0078108 0.000701243
3905 94 0.0614208 0.0068765
1256 42 0.0187768 0.00190063
2358 76 0.0356593 0.00391397
2536 63 0.0448921 0.00452296
1923 45 0.0323063 0.0029343
6121 205 0.100178 0.0174047
2603 71 0.0383417 0.0152127
282 12 0.00724523 0.00959758
2069 43 0.0397442 0.00242955
1334 43 0.0188283 0.0041132
2454 75 0.0378951 0.00631052
2674 61 0.0492364 0.0045523
1915 39 0.0337556 0.00256001
6193 177 0.100803 0.0157333
2578 68 0.0378186 0.00392573
246 4 0.00736973 0.000796687
2065 42 0.031676 0.00359426
1254 35 0.0217003 0.00228842
2389 52 0.0346451 0.00327663
2631 58 0.0442083 0.00439841
1675 30 0.0276857 0.0027883
5826 196 0.0934258 0.0184542
2991 76 0.0439176 0.00478202
255 5 0.00749306 0.00121467
2777 68 0.0464373 0.00450258
1322 41 0.021706 0.0049508
907 22 0.0165923 0.00153047
2505 54 0.0447479 0.00461036
2150 65 0.03667 0.00334476
2677 68 0.041304 0.00476328
1440 41 0.0250993 0.00432706
3505 79 0.0518129 0.00436547
5120 116 0.0864496 0.00606952
5431 133 0.0898894 0.0083471
6741 190 0.106298 0.0148594
8424 192 0.128121 0.0158959
1035 25 0.0176181 0.00182457
2255 57 0.0354094 0.00343219
2073 52 0.0358991 0.00380598
4365 96 0.0686903 0.00615383
1838 44 0.0326085 0.00316318
1316 26 0.0260563 0.00189059
2562 64 0.0395018 0.00730782
5736 143 0.101695 0.00789978
2160 62 0.0347802 0.00340169
264 6 0.0103646 0.00101342
2248 59 0.0348611 0.00494693
1259 32 0.020308 0.00193905
2252 50 0.0412111 0.0039538
1991 54 0.0315447 0.00665674
2556 57 0.0445819 0.00502018
1809 47 0.0365912 0.00388815
6349 183 0.10757 0.0130625
3111 80 0.0461241 0.00441802
2452 72 0.0433221 0.00498962
233 5 0.00927591 0.000911946
7306 167 0.103432 0.0102999
1422 38 0.0213675 0.0028137
4603 120 0.0741368 0.00860063
2720 56 0.0427699 0.00362672
2110 54 0.0339229 0.00527598
1949 45 0.0356358 0.0033147
9550 233 0.175631 0.0452673
1650 67 0.0228926 0.00299189
9406 213 0.190612 0.0207524
7046 157 0.112647 0.0101937
1261 35 0.0196475 0.00318303
6099 149 0.0980979 0.0104257
2740 67 0.0417476 0.00528479
2159 54 0.037476 0.00424997
1995 42 0.0367276 0.00263191
8679 206 0.148278 0.0216366
5836 170 0.0962485 0.0114048
1263 40 0.0199789 0.00236987
5419 126 0.0844219 0.00875948
1422 38 0.0212898 0.00287032
5054 135 0.0774877 0.00875768
3007 71 0.0476531 0.00739916
2150 58 0.0371492 0.00415967
1897 45 0.0327417 0.00274019
3755 96 0.0532753 0.00544508
4346 123 0.0717963 0.0061181
5631 137 0.0957664 0.00945766
1310 34 0.0215494 0.00321654
4762 124 0.0777373 0.00854767
2811 56 0.0437658 0.00356419
2123 53 0.0333325 0.00451848
1840 40 0.0315042 0.00433096
4805 140 0.0702238 0.0137676
8717 194 0.145764 0.0130244
5532 129 0.0887319 0.0155057
1233 35 0.0193341 0.00198189
5140 137 0.084119 0.00927334
2779 68 0.0438695 0.0113834
2130 57 0.0358671 0.00782204
1779 36 0.031768 0.00424221
4463 132 0.0689223 0.00797062
6574 169 0.107672 0.0132344
5715 129 0.0913865 0.0082444
1260 39 0.0193423 0.00226643
5661 142 0.091884 0.0171355
2646 60 0.0408024 0.00924221
1634 35 0.026935 0.00468573
4534 137 0.069718 0.00738776
10474 226 0.198825 0.0207215
4621 103 0.0727905 0.0066479
1219 33 0.0231146 0.00369724
5571 148 0.0846576 0.0095007
2707 58 0.0421289 0.00381603
1638 39 0.0298943 0.00942193
2116 55 0.0399112 0.00936896
5286 159 0.0852181 0.0117113
4175 105 0.0668903 0.00952821
2923 67 0.0517516 0.00353113
1293 41 0.0215719 0.00198199
5261 121 0.0893337 0.00691051
2898 72 0.0516552 0.00792021
1490 33 0.0305613 0.00214729
2136 56 0.0340376 0.00600159
4982 137 0.0903883 0.0098989
7689 194 0.123636 0.0161158
2456 63 0.0356624 0.00338081
1432 55 0.023314 0.00252989
5735 147 0.0952762 0.00844251
2752 67 0.0517448 0.00486421
2299 54 0.0373189 0.00319633
2329 63 0.0388575 0.0115145
7740 172 0.128171 0.0108356
2175 53 0.0338985 0.00336434
4774 118 0.0763795 0.00574417
1497 42 0.0229832 0.00269179
5745 157 0.0958436 0.0124202
2866 65 0.044403 0.00498028
1600 35 0.0263461 0.00431229
2120 47 0.0362994 0.00292394
3650 101 0.0523059 0.00518047
4881 106 0.0838217 0.00599925
3056 62 0.0484971 0.00503709
2912 82 0.0439666 0.00414691
1295 31 0.023832 0.00202418
6621 185 0.10597 0.0181111
2848 69 0.0518143 0.00508954
1852 43 0.0311891 0.00280415
1780 47 0.031646 0.00401184
8177 171 0.144527 0.011901
1537 52 0.025759 0.00458741
3326 73 0.0514668 0.0044793
1689 59 0.0333122 0.00305233
6894 165 0.106866 0.00785127
1501 32 0.0268331 0.00211712
1936 54 0.038589 0.00386474
5731 172 0.0887154 0.013248
2711 68 0.0443376 0.00924578
1645 46 0.0368083 0.0031197
5588 161 0.0912347 0.00845745
1626 56 0.0299456 0.00330417
9688 225 0.167523 0.0132559
2244 64 0.0364754 0.00479826
7251 167 0.138147 0.0213478
1441 38 0.0250091 0.00226799
1982 47 0.0325395 0.00346094
6398 177 0.101357 0.0100005
2780 68 0.0522805 0.0049735
1701 51 0.029064 0.00426994
5843 204 0.089698 0.0159963
7051 211 0.11217 0.0166223
2261 64 0.0353779 0.0103389
8106 184 0.139458 0.0241406
1439 41 0.0229018 0.00202943
1791 53 0.030517 0.00317678
5989 181 0.0949993 0.00963848
4371 93 0.0671166 0.00782979
766 25 0.0131541 0.00220807
5783 184 0.0985899 0.0126402
7964 171 0.140947 0.0122268
2308 68 0.0391885 0.00614927
6241 131 0.105089 0.00989494
1377 34 0.0231063 0.00343303
1535 43 0.0244515 0.00346774
5470 150 0.0942172 0.0114341
2884 64 0.0458866 0.00854329
1726 40 0.0309758 0.00305945
6707 200 0.102348 0.012281
8275 184 0.1411 0.017015
2274 69 0.0346416 0.00363838
7108 163 0.107494 0.00882399
1272 33 0.0225217 0.00281704
1257 36 0.0246873 0.00712281
5933 169 0.0919266 0.0105967
2801 60 0.043626 0.00859108
1731 43 0.0321776 0.00340856
6753 227 0.10085 0.0172784
5526 139 0.0865579 0.00887233
2290 70 0.0395255 0.00338793
4248 93 0.0669345 0.00625942
1238 30 0.0193503 0.00169189
1880 50 0.0295434 0.00285373
6343 197 0.0977303 0.0100593
2720 60 0.0477014 0.0083292
6871 210 0.108777 0.0158187
9037 218 0.159731 0.0239295
2194 65 0.0333643 0.00798002
8647 198 0.14365 0.00928585
1188 36 0.0178142 0.00534851
2318 54 0.038276 0.00337712
6332 175 0.094424 0.0102371
2689 65 0.043947 0.010382
6200 196 0.100861 0.00973105
9093 195 0.182417 0.0260685
2192 72 0.0327254 0.00528792
10095 242 0.207468 0.024465
1349 42 0.0212989 0.00210251
703 18 0.0147209 0.00192404
2175 51 0.0380716 0.00333333
2385 65 0.0392908 0.00348376
2731 70 0.0456529 0.00456054
2118 54 0.0425259 0.00431737
8650 205 0.139119 0.0190202
1713 53 0.0269114 0.00290165
1576 44 0.0278977 0.00265749
3590 106 0.0620274 0.00500223
2472 88 0.0437224 0.00488081
4594 123 0.0878588 0.00823001
1404 34 0.0269557 0.00401902
1826 46 0.0333221 0.0159641
720 22 0.0188529 0.0108207
1905 47 0.0303211 0.0134871
2723 54 0.0512639 0.00823123
6083 197 0.0980103 0.0111037
1621 39 0.0340881 0.00390906
3865 111 0.0602606 0.00902188
1800 61 0.0288437 0.00417038
10236 249 0.155104 0.0136341
1534 48 0.0274618 0.00861006
2130 51 0.0368623 0.0102787
2084 56 0.0382487 0.0086001
962 24 0.0216751 0.00584464
2725 61 0.0442589 0.0218744
6288 162 0.126431 0.0183346
1332 29 0.0271896 0.00770782
3977 102 0.0790508 0.00718036
2295 71 0.0459913 0.0039974
8125 199 0.197934 0.0204083
1393 38 0.0233006 0.00813225
868 21 0.0170756 0.00150491
2171 57 0.0429498 0.00425115
2150 63 0.035788 0.00551945
2674 68 0.0435202 0.00425702
1751 39 0.034791 0.00425679
6004 202 0.0831192 0.0135626
1578 43 0.0293314 0.00319199
3786 114 0.0615372 0.0179863
2308 65 0.0386275 0.00525484
6793 176 0.169153 0.0261825
1424 38 0.0224936 0.00622278
1428 33 0.0308465 0.00239105
3939 89 0.066603 0.00684082
2697 55 0.0451978 0.00441265
2900 75 0.0471047 0.0128193
1676 47 0.0508399 0.0114964
4933 157 0.115899 0.0208351
1411 50 0.0272312 0.0122107
3548 102 0.0633253 0.0178039
5596 147 0.091445 0.0191155
1507 48 0.022907 0.0048798
2445 64 0.043095 0.0120236
2694 63 0.056006 0.010418
1915 50 0.0316705 0.00424736
5191 190 0.0891963 0.0147363
1600 53 0.0250222 0.00277957
3887 114 0.0634425 0.00806012
5357 134 0.0752358 0.00686914
134 6 0.00667877 0.00886063
1377 35 0.0223002 0.00205871
2800 85 0.0413048 0.00475929
2692 63 0.0489089 0.00464991
3165 67 0.0492062 0.00449642
5880 186 0.10126 0.0173628
1860 53 0.0292423 0.00290985
4150 103 0.0713594 0.00652128
5744 131 0.0844974 0.006832
165 8 0.00732942 0.000840076
1423 36 0.02602 0.00197745
2750 85 0.0435455 0.013123
2316 66 0.0428726 0.00450201
2766 72 0.0449517 0.00908577
1881 44 0.0351115 0.00822437
4697 153 0.0711978 0.00756388
1578 43 0.0276576 0.00296258
4988 129 0.0813193 0.0168794
2393 67 0.0543777 0.0117431
9397 229 0.188878 0.028673
1299 42 0.0210158 0.011624
2872 71 0.0526185 0.0159042
2256 63 0.034075 0.00340817
2634 60 0.045474 0.00376405
2210 49 0.0378341 0.0030133
4417 136 0.0705327 0.0100735
1720 56 0.0282122 0.00272323
4386 110 0.0760467 0.00684794
2646 78 0.044334 0.00446175
8082 205 0.140323 0.00972557
1255 27 0.021814 0.00410404
2883 67 0.0521937 0.00461885
1998 63 0.0310456 0.00364988
2822 81 0.0455507 0.0110667
1995 55 0.0366 0.00295334
3638 99 0.0531666 0.00548201
1643 47 0.0307459 0.00303337
3935 107 0.0621902 0.00497702
2380 73 0.0411391 0.00441223
5860 144 0.0901991 0.00795982
142 1 0.00900401 0.000869846
1361 34 0.0245268 0.00263789
3206 71 0.0541226 0.00617225
2104 48 0.0372482 0.00297787
2793 80 0.0442596 0.00456562
1809 37 0.0368969 0.00332848
4935 152 0.0776878 0.00975628
1326 33 0.0289332 0.00280504
3957 84 0.0646004 0.00552209
2458 66 0.0474861 0.00500916
4343 117 0.0619068 0.00715826
194 11 0.00886446 0.000921005
1372 38 0.025474 0.00984491
2426 65 0.037642 0.00426964
2559 60 0.0399775 0.00416815
1645 34 0.0292176 0.00267906
5152 159 0.075958 0.00845026
428 17 0.0121399 0.00119163
2769 65 0.0461554 0.00396096
2493 67 0.0420131 0.00402799
1434 37 0.0275559 0.0102151
2367 73 0.0359051 0.00840917
2783 65 0.0484538 0.0142133
1876 51 0.0309777 0.0119099
5235 145 0.0837031 0.00891914
8067 164 0.150789 0.0173849
4999 135 0.0733483 0.0159338
1511 38 0.0261196 0.00223099
3091 101 0.0428932 0.0106126
2566 58 0.0438726 0.0115677
5782 150 0.0892864 0.0105973
1968 78 0.032261 0.00730829
4536 84 0.0780757 0.00591907
5643 138 0.138267 0.0181991
1496 33 0.0348372 0.00901318
1907 36 0.0528761 0.00983093
2544 71 0.0613864 0.0162551
2742 63 0.0521663 0.0121311
4947 152 0.0865074 0.0114624
8056 181 0.138015 0.00911946
4481 112 0.0702942 0.0166816
1276 28 0.019479 0.00166909
2009 42 0.032859 0.00296944
2001 55 0.0328925 0.00380371
2672 48 0.0499282 0.00478182
1594 43 0.0354344 0.00302396
3373 108 0.0551223 0.00493574
6538 171 0.118434 0.0110482
1723 55 0.0285752 0.00364735
2139 61 0.0333963 0.00361064
9886 252 0.158012 0.0177437
1124 30 0.0193317 0.00377605
2216 51 0.0389161 0.00358229
1205 30 0.0265406 0.00240146
2671 59 0.045358 0.00362884
1662 40 0.0268233 0.00242065
2628 69 0.0419054 0.00466438
6935 174 0.116962 0.0104319
2096 66 0.0329449 0.00713892
9876 238 0.144012 0.0168347
1324 38 0.0217659 0.0018691
2444 51 0.0398107 0.00365418
2310 55 0.0416778 0.00389337
2550 56 0.0437806 0.00640848
2184 48 0.0355739 0.00479874
3730 123 0.0678426 0.00856342
8609 195 0.147539 0.0176574
2532 76 0.0414256 0.00980902
7414 176 0.10975 0.00946021
1324 40 0.0233133 0.00546004
2376 50 0.0428531 0.00395357
2526 62 0.0383155 0.00632452
2660 59 0.0463259 0.00688509
1870 44 0.0279826 0.00255589
2971 79 0.0507006 0.0132943
6054 134 0.097135 0.00898601
2392 70 0.0405833 0.00398644
5505 118 0.112833 0.00779512
1325 40 0.0218939 0.00311095
2257 68 0.0358053 0.00356912
1144 28 0.0232949 0.0111833
2654 48 0.0449843 0.00354522
7021 217 0.123921 0.0179004
3189 81 0.0488494 0.00446781
1886 64 0.0343559 0.00398679
7030 172 0.0982237 0.0104634
1261 39 0.0206882 0.00385237
2266 53 0.0362054 0.00352644
1003 39 0.0189626 0.00238735
2843 49 0.0600506 0.0118138
1229 27 0.0254714 0.00521279
7457 187 0.170953 0.0160777
4723 101 0.0890284 0.00629361
1538 46 0.0294395 0.00305406
1256 40 0.0329093 0.00964758
10108 246 0.177023 0.01774
1537 45 0.0250001 0.00243087
2054 60 0.0376961 0.0147152
2789 64 0.0465696 0.0171693
953 20 0.016974 0.0048145
7611 197 0.118875 0.0169822
1904 43 0.0284673 0.00556095
6717 151 0.120672 0.0103117
1939 59 0.0307644 0.00327082
8225 198 0.122585 0.0129372
1290 33 0.0223564 0.00210196
2006 48 0.0350579 0.00759777
929 21 0.0165614 0.00163557
2725 70 0.046652 0.00581655
8367 214 0.12674 0.0156775
1977 55 0.0300516 0.00313531
8019 203 0.136357 0.0104481
1921 59 0.0313369 0.00419371
8261 172 0.12179 0.0100871
1410 37 0.0245796 0.00388914
1832 42 0.0282008 0.00269749
2733 71 0.0438908 0.00843891
10571 269 0.1711 0.0183418
1848 57 0.0314724 0.00458134
7810 180 0.131267 0.0156477
2126 72 0.0327347 0.00365849
5028 105 0.0854234 0.00707676
1387 46 0.0231163 0.00256331
2005 55 0.0308387 0.00342641
591 12 0.011794 0.00192163
2699 67 0.0472849 0.00385437
6793 175 0.111536 0.0137471
7748 190 0.124251 0.0147146
1912 66 0.0277989 0.00571016
9591 229 0.216025 0.0403259
1119 31 0.0152056 0.013227
2440 63 0.0370517 0.0131736
6065 184 0.0882723 0.0162912
4508 111 0.0775143 0.00705001
5747 124 0.118365 0.00939227
7521 173 0.122896 0.0105072
1356 38 0.0235333 0.00292508
2411 67 0.0431581 0.00368838
1382 35 0.021941 0.0021238
5876 199 0.0941852 0.00894686
1543 62 0.020737 0.00358924
4332 113 0.0739255 0.00713348
5018 109 0.0737594 0.00589422
1385 43 0.0224693 0.00386508
2623 59 0.0451688 0.00906892
1659 51 0.0361962 0.00451164
6707 163 0.11849 0.00921654
1663 65 0.0257791 0.00485719
4290 124 0.068587 0.00653456
4890 104 0.0742914 0.00583537
1373 35 0.0226068 0.00325911
2934 67 0.0505194 0.00421452
2426 71 0.0344355 0.00571651
2543 58 0.0435546 0.00422616
1478 34 0.0269609 0.00251725
8637 240 0.146073 0.0178777
1899 73 0.0327371 0.0040856
4303 105 0.0628057 0.0151611
5151 112 0.0932552 0.00935247
1052 24 0.019489 0.00540392
2641 60 0.0452889 0.00451613
6026 145 0.0996763 0.013887
2911 77 0.056599 0.00401373
1947 43 0.0315276 0.00308633
1418 38 0.0274302 0.00296365
4931 134 0.0723845 0.0146217
1519 58 0.0245224 0.00306307
9311 228 0.15357 0.0154955
2015 66 0.0339522 0.003758
7987 195 0.117412 0.00974963
938 33 0.016839 0.00287749
2505 57 0.0401219 0.00372811
5938 156 0.103707 0.0168017
2732 68 0.0411203 0.00472588
1951 53 0.0333769 0.00356056
1385 34 0.0249995 0.00221816
6003 198 0.0959588 0.0152539
8938 215 0.152783 0.0207209
6852 172 0.107017 0.0124279
6120 151 0.0859391 0.00783828
2708 57 0.0463463 0.00350899
4689 127 0.0795423 0.00810546
2572 63 0.0426133 0.00362473
2330 62 0.0367887 0.00700723
1465 37 0.0283513 0.00512996
1301 36 0.024303 0.00201073
3397 90 0.0598646 0.00647317
1999 67 0.030573 0.00491296
3743 94 0.0603784 0.00909951
1512 58 0.0245105 0.00281101
7513 179 0.116823 0.00981128
7407 160 0.118726 0.00827121
3050 72 0.0486895 0.00765463
2191 43 0.0394879 0.00290755
2368 59 0.0388185 0.00939451
2158 74 0.0344001 0.0073177
1800 53 0.0283067 0.00278666
8660 216 0.135806 0.0157485
1507 41 0.0289264 0.00568897
10696 265 0.17682 0.0137106
2059 68 0.0365878 0.00456114
8649 201 0.131798 0.0211529
4772 112 0.0791338 0.00661626
2888 63 0.0489087 0.00805575
2215 59 0.0398971 0.0129103
2822 76 0.0474623 0.00843301
1562 43 0.0277789 0.00285641
2490 71 0.0458542 0.00572862
6777 169 0.113176 0.0116561
1618 58 0.02457 0.00250512
5913 183 0.0991994 0.0144404
2311 64 0.0340444 0.00523592
1841 63 0.0299232 0.00337862
8089 198 0.12397 0.0155647
4926 111 0.0771797 0.00902242
2272 47 0.0454691 0.00970487
2458 70 0.0396353 0.00530464
2484 64 0.0488189 0.00428395
1392 41 0.0218537 0.00472278
2700 62 0.0453792 0.00472802
7135 174 0.113337 0.0134916
2060 57 0.0302622 0.00524188
1517 99 0.0216088 0.00346161
5660 170 0.0880494 0.00705387
1767 61 0.0313034 0.00644029
9550 208 0.150171 0.0178258
4743 120 0.0710213 0.0176104
2554 71 0.0433081 0.0038606
2321 60 0.0398415 0.00424077
1321 33 0.0268237 0.00251021
2586 73 0.0418444 0.00409116
7373 190 0.127677 0.0185386
1781 53 0.0268026 0.00269637
1535 67 0.0222606 0.00280076
5898 153 0.0941675 0.0262731
1703 56 0.048043 0.0129252
1300 22 0.0262852 0.0136352
4839 126 0.100555 0.0225922
2221 45 0.0366959 0.00651555
2496 73 0.0463448 0.00609281
2449 56 0.0407037 0.00387012
1439 34 0.0257106 0.00223223
2615 56 0.0487117 0.00435545
1612 48 0.0278008 0.00340372
8272 218 0.133476 0.0194454
11720 259 0.261574 0.0190549
6170 138 0.101992 0.00975544
1540 43 0.0315118 0.00366433
5815 142 0.0939769 0.00828724
3931 87 0.0580432 0.0073815
2564 68 0.0441413 0.00671134
2365 69 0.0374572 0.0081344
1022 20 0.0180552 0.0024739
1374 36 0.0228945 0.00923331
2606 72 0.043442 0.00537635
3256 71 0.0548295 0.00496606
3335 78 0.0582042 0.00705597
5835 207 0.0992151 0.0144535
4910 101 0.0760163 0.0106008
871 25 0.0183805 0.00383095
2708 68 0.0428052 0.00462732
3307 68 0.0629638 0.00545544
1245 38 0.0218252 0.00289847
8800 241 0.155842 0.0119421
10877 264 0.265517 0.0345174
2219 74 0.0708195 0.0103343
8745 211 0.140477 0.014853
2737 65 0.0430868 0.00490352
3319 63 0.0589309 0.00555239
2436 78 0.0359624 0.00460332
887 16 0.0142221 0.00368813
1235 31 0.0200204 0.00215494
6671 216 0.0988728 0.0153008
4577 120 0.0768159 0.00538626
1915 65 0.0306568 0.00449704
9136 217 0.136046 0.0157369
9397 287 0.13694 0.017661
3873 90 0.0606457 0.00672005
930 28 0.018162 0.00231055
2459 68 0.040594 0.00373914
1263 39 0.0209868 0.00220159
9318 247 0.18101 0.0250685
10347 248 0.164203 0.0206684
2009 61 0.032949 0.0114335
6864 166 0.107497 0.00864408
3832 87 0.0673432 0.00659831
933 19 0.0161455 0.0014771
2458 73 0.0378022 0.00708776
1269 41 0.0203301 0.00580596
6849 182 0.103697 0.0195283
7389 176 0.114211 0.0106062
1697 60 0.0253575 0.00487014
8445 208 0.125547 0.0130017
3838 90 0.0631432 0.00551773
2480 69 0.0370519 0.00386365
1014 25 0.020271 0.00219015
1622 45 0.0258547 0.00348503
4614 150 0.0655717 0.00892764
8852 220 0.148978 0.017213
5657 128 0.0866904 0.00662528
3883 93 0.0616552 0.00967991
2116 65 0.0356087 0.00487082
520 16 0.0118988 0.00120874
1380 41 0.020203 0.00797623
5898 154 0.0976425 0.00729715
10396 255 0.162802 0.0131892
5340 135 0.0788223 0.0096532
2467 60 0.0456197 0.011752
573 15 0.0110702 0.00776157
2458 43 0.0419161 0.00443936
2562 69 0.0431552 0.0048209
3081 72 0.0508232 0.0110274
1166 33 0.0204256 0.00798964
2346 76 0.0375423 0.00362867
4467 108 0.0745337 0.00719279
1342 27 0.0248141 0.00206377
9714 240 0.165817 0.013866
5687 149 0.0873159 0.00817926
2401 67 0.0347903 0.00380501
2495 57 0.0378541 0.00360298
912 26 0.0183867 0.00196368
1428 44 0.0241068 0.00263719
2357 96 0.0308212 0.00524492
5173 120 0.0934042 0.00804981
5898 166 0.109919 0.0222186
5497 134 0.0786021 0.00869218
960 24 0.0204777 0.00218096
2334 67 0.0340303 0.00390521
2418 60 0.038254 0.00388293
4863 104 0.0803996 0.00854819
1558 43 0.0288523 0.0029966
2352 96 0.0357405 0.00399024
4795 122 0.0729971 0.00728639
9381 199 0.152394 0.012858
5376 134 0.0873076 0.0128753
13816 376 0.23983 0.0323921
4331 95 0.0731889 0.00918728
6169 155 0.104211 0.0198049
2174 83 0.0318295 0.0112875
11588 267 0.210011 0.0204806
3152 59 0.0424834 0.010668
897 27 0.0147656 0.00197166
14012 424 0.277267 0.0388479
4281 83 0.118013 0.00566152
1877 78 0.0277909 0.00543949
4472 134 0.0782253 0.0091045
9096 199 0.147062 0.0153001
3279 70 0.0537398 0.00677569
902 24 0.0155447 0.0016266
14149 421 0.228387 0.0224765
4466 95 0.0695321 0.00941744
1451 66 0.0203822 0.01037
4437 128 0.0666546 0.00862863
8518 218 0.145192 0.0109445
2998 65 0.0426239 0.0105821
921 32 0.015506 0.00205382
#/home/michal/Dropbox/study/university/kth/thesis/data/features/annotations/0,01/featuredata_shot_sift_2015-05-26_15-10-05.txt
2303 6 0.022776 0.00905303
1563 5 0.0150617 0.00247999
2633 5 0.0174031 0.0060157
9165 49 0.081437 0.00918972
2428 11 0.0195689 0.00291661
3896 16 0.0300003 0.00356688
1769 7 0.0181068 0.00179673
9301 32 0.063477 0.00700269
2055 5 0.0162279 0.00369527
1510 5 0.0169507 0.00192475
2595 7 0.0209927 0.00273685
7522 12 0.0596794 0.00546527
2235 12 0.0206773 0.0025178
4319 18 0.0390176 0.0112021
1691 7 0.0167186 0.00313992
8188 23 0.0567243 0.0056294
2329 6 0.0157267 0.00199745
1651 6 0.0142116 0.00168181
2758 4 0.0216776 0.00403263
7509 23 0.0409886 0.00575093
5575 27 0.0431925 0.00475235
2888 14 0.0233846 0.00338976
6641 25 0.0383578 0.00511806
2792 5 0.0209528 0.00233809
2588 9 0.0189483 0.00300558
2529 3 0.0192683 0.0041676
7305 22 0.0391757 0.00586156
10126 25 0.0607707 0.0136257
9631 34 0.0577562 0.00787543
6001 36 0.0856214 0.00645639
3136 17 0.0217852 0.00330099
2137 4 0.0184451 0.00170234
3640 11 0.0256731 0.00420034
2592 5 0.0198311 0.00238256
3126 7 0.0206822 0.00233943
7064 27 0.0365651 0.00564603
6649 23 0.0392979 0.0063913
1777 11 0.0198184 0.0065444
9172 34 0.0522467 0.00787154
2595 7 0.0205953 0.0034825
2501 5 0.0192697 0.0039994
2526 5 0.0163523 0.00204857
5366 36 0.0524384 0.0055466
10459 27 0.0993965 0.0142744
2034 10 0.026494 0.0127165
7314 17 0.0467986 0.00652449
1401 8 0.0196118 0.00197619
2290 4 0.0163551 0.00178564
1784 4 0.0149166 0.00163107
2729 6 0.0184557 0.00554901
2937 10 0.0209889 0.0030161
10349 52 0.0926327 0.0121344
1438 6 0.0186872 0.0106316
1746 4 0.0193315 0.00260711
1653 9 0.0152385 0.00166745
2675 6 0.0165669 0.0023297
2834 4 0.0154195 0.00663255
4346 10 0.0236413 0.00741737
6216 20 0.056151 0.00457545
1818 7 0.0120858 0.00163176
1452 3 0.0156662 0.00158893
2354 5 0.0148804 0.00219409
2698 7 0.0216933 0.00537697
4312 12 0.0293108 0.00326555
9670 35 0.108578 0.0151645
2242 9 0.0176145 0.0074441
7827 26 0.0540783 0.0158349
4687 20 0.0273712 0.0138205
2588 6 0.0195075 0.0107006
2654 7 0.0202115 0.0027575
1492 3 0.0157443 0.00137654
4530 16 0.0415005 0.00470478
5283 25 0.0415815 0.00531386
260 1 0.0119525 0.00076695
1153 7 0.021778 0.00124845
2435 5 0.0235848 0.00824161
2130 4 0.0319627 0.0109446
867 5 0.0228538 0.00676811
2654 7 0.0217393 0.00263036
1680 6 0.0181501 0.00163381
5631 16 0.0552547 0.00582801
6422 26 0.0505424 0.00570382
1775 7 0.0243906 0.00207293
3905 9 0.0220389 0.00481651
1256 9 0.0151337 0.00136768
2358 7 0.0172094 0.00283587
2536 5 0.0182098 0.00240781
1923 6 0.0192074 0.00207565
6121 34 0.0351631 0.00483642
2603 11 0.0167761 0.0101213
2069 4 0.017221 0.0147426
1334 8 0.0265181 0.0105531
2454 8 0.0156445 0.0116049
2674 2 0.0177894 0.00736483
1915 7 0.0255408 0.0119127
6193 23 0.0510208 0.00968527
2578 9 0.0174457 0.00227259
2065 7 0.0177438 0.0043728
1254 8 0.0194979 0.00620098
2389 6 0.0162412 0.00456055
2631 5 0.0181386 0.00416196
1675 5 0.016723 0.00184069
5826 21 0.0396907 0.00774973
2991 9 0.017727 0.00234796
2777 8 0.0181103 0.00234405
1322 8 0.0217694 0.00157465
907 5 0.0211612 0.00153297
2505 5 0.0251921 0.00515453
2150 4 0.0204456 0.00196336
2677 8 0.0228264 0.00317943
1440 4 0.0186161 0.00155673
3505 11 0.0306103 0.00331646
5120 19 0.0525574 0.00687283
5431 12 0.0393323 0.00697372
6741 28 0.048406 0.00579263
8424 30 0.058819 0.00983169
1035 4 0.017956 0.00223912
2255 6 0.0210939 0.00366567
2073 4 0.0209323 0.00180463
4365 18 0.034487 0.00428575
1838 10 0.0204234 0.00168716
1316 5 0.0168767 0.00136316
2562 7 0.0201555 0.00681672
5736 41 0.0525393 0.00668242
2160 6 0.0193983 0.00179389
264 1 0.0149199 0.000687628
2248 7 0.0196482 0.00251555
1259 4 0.020109 0.00134464
2252 1 0.0223352 0.00212468
1991 4 0.0191712 0.00183723
2556 3 0.0197317 0.00252444
1809 8 0.0181359 0.00173021
6349 39 0.0541672 0.00722809
3111 11 0.0237975 0.00253046
2452 4 0.0204992 0.00196919
7306 16 0.0471766 0.00657768
1422 5 0.0209917 0.00703604
4603 12 0.0360883 0.0126557
2720 8 0.0237959 0.0097888
2110 9 0.0229192 0.0101099
1949 6 0.018279 0.013033
9550 27 0.0907898 0.0177644
1650 5 0.0208295 0.00752437
9406 51 0.102913 0.0227919
7046 26 0.0558787 0.0131382
1261 6 0.0213935 0.00178163
6099 16 0.0456297 0.00449378
2740 5 0.020883 0.00289634
2159 5 0.0195952 0.00213006
1995 7 0.021324 0.00213933
8679 22 0.073773 0.00870592
5836 26 0.0725048 0.00642038
1263 6 0.0170504 0.00141486
5419 20 0.0397992 0.00435119
1422 4 0.0189236 0.00308094
5054 9 0.0397694 0.00366888
3007 8 0.019958 0.0025528
2150 3 0.018059 0.00498926
1897 6 0.0182884 0.00223888
3755 11 0.0256425 0.00411773
4346 8 0.0258889 0.00322339
5631 16 0.0416386 0.00774142
1310 7 0.0227254 0.00176219
4762 10 0.0424373 0.00362601
2811 6 0.0199533 0.00242872
2123 5 0.0184191 0.0026988
1840 7 0.0222485 0.00293345
4805 9 0.0259327 0.00451181
8717 27 0.053279 0.0067658
5532 19 0.0437604 0.00509041
1233 5 0.0158985 0.00141511
5140 19 0.0337386 0.00448585
2779 4 0.0198303 0.00261286
2130 3 0.0190674 0.00265058
1779 5 0.0190312 0.00712097
4463 10 0.0220584 0.00612996
6574 21 0.044131 0.00580896
5715 20 0.0477578 0.00427541
1260 7 0.0141881 0.00181995
5661 14 0.0364783 0.00655971
2646 3 0.0194288 0.00255976
1634 6 0.017039 0.00738488
4534 7 0.019659 0.0122038
10474 56 0.0869253 0.0184558
4621 18 0.031551 0.00518036
1219 7 0.0167183 0.00445325
5571 16 0.0421223 0.00444893
2707 5 0.016432 0.00212266
1638 6 0.0150517 0.00163855
2116 4 0.0161631 0.00258631
5286 11 0.0256999 0.00427426
4175 22 0.0466679 0.00416155
2923 13 0.01943 0.00248399
1293 8 0.015607 0.00145261
5261 14 0.0367203 0.00456205
2898 3 0.0238679 0.00267594
1490 3 0.0150171 0.00142822
2136 5 0.0170653 0.0019905
4982 16 0.0274422 0.00457198
7689 24 0.064853 0.0074279
2456 13 0.0184734 0.00333131
1432 5 0.0171266 0.00155923
5735 12 0.0449314 0.00513709
2752 4 0.0177257 0.00434195
2299 4 0.0170353 0.00183068
2329 11 0.0179893 0.00625127
7740 27 0.0820566 0.00798481
2175 9 0.0198958 0.00559417
4774 25 0.0380118 0.00593487
1497 13 0.0212525 0.0018358
5745 13 0.0453652 0.00565697
2866 7 0.0219705 0.00325515
1600 8 0.014596 0.00157251
2120 6 0.0178774 0.00182279
3650 15 0.0302729 0.00313141
4881 16 0.0372356 0.00372306
3056 16 0.0211017 0.00260122
2912 12 0.0241074 0.00248592
1295 5 0.0244228 0.00161177
6621 10 0.0456857 0.00660816
2848 12 0.0228015 0.00508585
1852 4 0.0201038 0.00370501
1780 5 0.023267 0.00370317
8177 35 0.0711316 0.00726068
1537 7 0.0243645 0.00360277
3326 20 0.0335067 0.00279645
1689 6 0.0200137 0.00222628
6894 23 0.0517198 0.0105995
1501 9 0.0204597 0.00547069
1936 6 0.0200094 0.00191128
5731 12 0.036055 0.0049915
2711 4 0.023881 0.00312722
1645 4 0.0170963 0.00151036
5588 24 0.0615876 0.0121816
1626 8 0.0243801 0.00203947
9688 25 0.0765319 0.00875679
2244 9 0.0250609 0.00184132
7251 23 0.0433301 0.00527581
1441 9 0.0204492 0.00569368
1982 8 0.0218703 0.00212714
6398 16 0.0409438 0.00580268
2780 7 0.0194369 0.0023233
1701 4 0.0189845 0.00185674
5843 14 0.0364972 0.0082502
7051 22 0.0447181 0.00545503
2261 6 0.0200784 0.00229125
8106 23 0.0554275 0.00547576
1439 5 0.0214419 0.00203187
1791 8 0.0174833 0.00264273
5989 13 0.0412136 0.00522537
4371 16 0.0255824 0.00327631
766 4 0.0146287 0.00319079
5783 16 0.0296747 0.00465209
7964 18 0.0814732 0.00550302
2308 5 0.0181888 0.0081255
6241 15 0.0404285 0.00501659
1377 8 0.0219976 0.00164386
1535 5 0.0199233 0.00203198
5470 15 0.0314884 0.00421014
2884 6 0.0216371 0.00291317
1726 4 0.0178036 0.00229047
6707 13 0.0426398 0.00525094
8275 26 0.0717826 0.00743936
2274 6 0.0236945 0.00239649
7108 21 0.0417603 0.00518235
1272 5 0.0196921 0.00130298
1257 5 0.0171082 0.00282523
5933 17 0.0402444 0.00408383
2801 7 0.0201495 0.0026196
1731 3 0.0164002 0.00521263
6753 17 0.0350432 0.0058565
5526 24 0.0451478 0.00598296
2290 7 0.0185039 0.00893378
4248 19 0.032669 0.00443101
1238 2 0.0200864 0.00155462
1880 4 0.0177641 0.00162733
6343 19 0.0408481 0.00792256
2720 3 0.0222034 0.00251507
6871 19 0.0366119 0.00486906
9037 27 0.0617014 0.0128971
2194 7 0.0221161 0.00443709
8647 34 0.0471355 0.00735293
1188 4 0.0170348 0.00603952
2318 9 0.0241956 0.00248726
6332 17 0.04054 0.0116472
2689 4 0.0187037 0.00244087
6200 17 0.0327895 0.00547235
9093 31 0.0738171 0.0147976
2192 7 0.0208749 0.00718595
10095 34 0.0656557 0.013968
1349 5 0.0214234 0.00164703
703 6 0.0171465 0.00106529
2175 4 0.0197327 0.00191042
2385 8 0.0236521 0.0053805
2731 5 0.0230409 0.00787601
2118 9 0.0206606 0.00187755
8650 20 0.0663502 0.00606707
1713 7 0.0244081 0.0112936
1576 7 0.0305631 0.0018494
3590 5 0.0270626 0.0034645
2472 4 0.0239823 0.0112108
4594 20 0.0427501 0.0150581
1404 8 0.0268264 0.0110657
1826 3 0.0180269 0.00603669
720 4 0.0164167 0.00614858
1905 3 0.0210976 0.00725086
2723 7 0.0196078 0.00222872
6083 23 0.0465265 0.00564737
1621 7 0.0223746 0.00182559
3865 6 0.0261637 0.00272854
1800 9 0.0198409 0.00208652
10236 29 0.0734376 0.010812
1534 6 0.02037 0.00226194
2130 5 0.0174809 0.00189337
2084 8 0.0199418 0.00198185
962 6 0.0174894 0.00352507
2725 8 0.0239812 0.00273816
6288 44 0.0593872 0.00756005
1332 11 0.0220061 0.00228938
3977 9 0.030163 0.0035267
2295 7 0.0203439 0.00511741
8125 20 0.0513047 0.0118868
1393 5 0.0253811 0.00190246
868 2 0.0167067 0.00113203
2171 4 0.0190378 0.00185726
2150 10 0.0216153 0.00227243
2674 4 0.0241532 0.00321106
1751 6 0.0231741 0.00480047
6004 22 0.0375144 0.00478453
1578 5 0.0215577 0.00261543
3786 7 0.0287767 0.00340467
2308 11 0.0246676 0.00198835
6793 17 0.0450773 0.00516151
1424 6 0.0197961 0.00150274
1428 4 0.0194775 0.00201694
3939 10 0.0223821 0.00634729
2697 7 0.0204923 0.00238308
2900 11 0.0209928 0.0038615
1676 7 0.0207673 0.00161772
4933 11 0.0260629 0.00404879
1411 6 0.0192963 0.00159104
3548 9 0.0255603 0.00350908
5596 17 0.0321662 0.00419806
1507 8 0.0182966 0.00531437
2445 5 0.0204321 0.00228997
2694 6 0.0223175 0.00288507
1915 7 0.0211252 0.00295271
5191 14 0.0241636 0.00472145
1600 5 0.0174551 0.00151408
3887 12 0.0247142 0.00323625
5357 21 0.0437247 0.00436116
1377 7 0.0161664 0.00134304
2800 8 0.0200632 0.00460204
2692 8 0.021941 0.00861922
3165 8 0.0280332 0.00298194
5880 24 0.0336126 0.00501712
1860 4 0.0184837 0.00203067
4150 9 0.0268957 0.00496819
5744 17 0.0491059 0.00437796
1423 4 0.0209822 0.00195841
2750 4 0.0283391 0.00290901
2316 8 0.0243129 0.00232851
2766 4 0.0195707 0.00723663
1881 5 0.0182151 0.00181852
4697 15 0.0300683 0.00782521
1578 8 0.023165 0.0068537
4988 19 0.0435803 0.00623911
2393 5 0.0227152 0.00229
9397 28 0.0694298 0.00670498
1299 5 0.0185397 0.00490843
2872 9 0.0267791 0.0100955
2256 6 0.0248896 0.00254843
2634 7 0.0199177 0.00516135
2210 5 0.019798 0.00190392
4417 12 0.0263859 0.00360232
1720 8 0.0229684 0.00361737
4386 17 0.0383611 0.00377404
2646 6 0.0209636 0.00376533
8082 30 0.0574836 0.0118681
1255 5 0.0208858 0.00563839
2883 7 0.0311175 0.00509904
1998 8 0.0240616 0.00173072
2822 6 0.0217238 0.00311864
1995 6 0.0202513 0.0018929
3638 11 0.0259367 0.00327896
1643 6 0.0232866 0.0021888
3935 15 0.0353074 0.00530308
2380 7 0.0215627 0.00210299
5860 30 0.0560098 0.00992632
1361 2 0.0187797 0.00126298
3206 8 0.0267137 0.00263691
2104 8 0.0215142 0.00236611
2793 3 0.022272 0.00532406
1809 9 0.0192811 0.00360194
4935 16 0.0269195 0.00410532
1326 4 0.020054 0.0016489
3957 15 0.0338233 0.00660743
2458 6 0.0224771 0.00833192
4343 15 0.0350686 0.00513752
194 1 0.0182557 0.0029113
1372 5 0.0150212 0.00132493
2426 7 0.0171342 0.00202803
2559 5 0.0185252 0.0081404
1645 8 0.0184525 0.00778596
5152 17 0.0336049 0.00387359
428 6 0.0113458 0.00097388
2769 12 0.0212665 0.00250665
2493 10 0.0180151 0.00248388
1434 9 0.0164522 0.00722495
2367 9 0.0189444 0.0122985
2783 6 0.0149092 0.00258019
1876 8 0.0145045 0.00180333
5235 26 0.0389224 0.00701514
8067 35 0.0638018 0.00705623
4999 23 0.0354587 0.00459533
1511 3 0.017284 0.00195239
3091 13 0.019539 0.00303234
2566 6 0.0196729 0.00227658
5782 27 0.070859 0.00792362
1968 14 0.0204672 0.00323236
4536 15 0.0340645 0.00502645
5643 17 0.0425008 0.00938988
1496 6 0.0163762 0.00159207
1907 7 0.0141978 0.00169988
2544 8 0.0170293 0.00831097
2742 5 0.0196608 0.00775994
4947 18 0.0330837 0.00604699
8056 24 0.0764858 0.00762677
4481 17 0.0239285 0.00361118
1276 9 0.0174478 0.00711034
2009 7 0.0195682 0.0018784
2001 7 0.0220272 0.00522162
2672 5 0.0215693 0.00204865
1594 6 0.017166 0.00197541
3373 10 0.0256675 0.00334709
6538 28 0.0593178 0.00752026
1723 5 0.0202999 0.00398729
2139 6 0.0195341 0.00387345
9886 30 0.0692804 0.012724
1124 8 0.0163379 0.00140142
2216 5 0.0181062 0.00185444
1205 3 0.0153586 0.00362076
2671 5 0.0208948 0.00754347
1662 8 0.0196182 0.00471088
2628 11 0.0193531 0.00311743
6935 22 0.0579859 0.00900458
2096 8 0.0227738 0.00372674
9876 28 0.0675547 0.00788188
1324 6 0.0214007 0.00898893
2444 9 0.020945 0.00449891
2310 11 0.0196946 0.00220256
2550 5 0.0209692 0.00240243
2184 7 0.0245178 0.00254416
3730 7 0.031232 0.00277944
8609 18 0.0683159 0.00778718
2532 6 0.0224393 0.00383776
7414 19 0.0437461 0.00566104
1324 9 0.0190105 0.00159813
2376 9 0.0217504 0.00256646
2526 11 0.0238564 0.00277558
2660 6 0.0181949 0.00753319
1870 4 0.0161291 0.00163528
2971 5 0.0191983 0.00250121
6054 25 0.0491275 0.00607232
2392 4 0.0204706 0.00222612
5505 22 0.0316244 0.00509408
1325 7 0.0170558 0.00147953
2257 7 0.0203737 0.00452414
1144 6 0.0159841 0.00310148
2654 8 0.0172666 0.00304738
7021 16 0.0453321 0.00625106
3189 16 0.0273415 0.0084786
1886 5 0.0162696 0.00175821
7030 21 0.0402598 0.00589268
1261 8 0.0204057 0.00542893
2266 7 0.0220226 0.00245872
1003 2 0.0171534 0.00302429
2843 6 0.0210324 0.00226255
1229 4 0.016566 0.00316035
7457 51 0.0777401 0.0105699
4723 26 0.0507291 0.011136
1538 8 0.0208982 0.00175363
1256 5 0.0209544 0.00372706
10108 33 0.0650733 0.00749395
1537 5 0.0210162 0.00161095
2054 3 0.020993 0.00583848
2789 7 0.0193163 0.00224942
953 4 0.0149918 0.00117767
7611 18 0.0651818 0.00690245
1904 8 0.0218942 0.00227318
6717 16 0.0577171 0.00514263
1939 5 0.0240116 0.00288767
8225 24 0.0584757 0.00644821
1290 7 0.0208612 0.00263672
2006 4 0.0247788 0.00202549
929 5 0.0173141 0.00961622
2725 4 0.0184858 0.00290594
8367 29 0.0649201 0.00753831
1977 6 0.0209665 0.0018244
8019 18 0.0612626 0.012788
1921 7 0.0211948 0.0082223
8261 28 0.0545137 0.00632304
1410 4 0.0185659 0.00413611
1832 8 0.0182357 0.00196883
2733 5 0.0214444 0.00198215
10571 46 0.110877 0.00994114
1848 5 0.021795 0.00164771
7810 14 0.0537877 0.00736331
2126 9 0.0199963 0.00229776
5028 13 0.0335824 0.00441063
1387 10 0.0164768 0.00149187
2005 9 0.0171831 0.00215043
591 3 0.0138585 0.00563735
2699 7 0.0217126 0.00271057
6793 47 0.078187 0.00686523
7748 22 0.0724094 0.00617015
1912 5 0.0183876 0.00469305
9591 32 0.0627911 0.00693372
1119 1 0.010303 0.00441732
2440 3 0.0128409 0.00200339
6065 23 0.0396453 0.00664088
4508 3 0.0221553 0.0031188
5747 6 0.0446069 0.00428876
7521 20 0.0373671 0.00645931
1356 2 0.019643 0.00133418
2411 6 0.0154603 0.00810783
1382 8 0.0128996 0.00138704
5876 23 0.0352983 0.0108198
1543 6 0.0182225 0.00187727
4332 11 0.0275091 0.00326101
5018 24 0.0374573 0.00743627
1385 3 0.0169421 0.00248805
2623 2 0.0211981 0.00244976
1659 3 0.0144254 0.00304413
6707 26 0.0479553 0.00549128
1663 3 0.0158525 0.00221724
4290 9 0.0293496 0.0133573
4890 18 0.0428446 0.00408433
1373 4 0.0190289 0.00134861
2934 13 0.0206275 0.00294291
2426 6 0.0202995 0.00360565
2543 5 0.0218105 0.00248678
1478 8 0.0199968 0.00180709
8637 26 0.059806 0.00668839
1899 7 0.0236724 0.00201154
4303 18 0.0462308 0.00311662
5151 17 0.0395998 0.00406887
1052 7 0.0221322 0.00139903
2641 11 0.0302753 0.00272651
6026 20 0.0463954 0.004762
2911 8 0.0243244 0.00290867
1947 6 0.0225451 0.00254805
1418 4 0.0199584 0.0016208
4931 15 0.0415704 0.00608227
1519 11 0.0217857 0.00172352
9311 25 0.0803652 0.00882526
2015 4 0.0216098 0.00187901
7987 24 0.0580423 0.00611716
938 5 0.0199885 0.00451681
2505 6 0.0217368 0.00213568
5938 16 0.0423209 0.00472427
2732 5 0.0258386 0.00269674
1951 4 0.0242234 0.00203433
1385 2 0.0149144 0.00132014
6003 12 0.030944 0.00807139
8938 31 0.0925197 0.00947212
6852 15 0.0403892 0.0050426
6120 17 0.0480913 0.00574466
2708 6 0.0268211 0.0027202
4689 19 0.0370376 0.00386304
2572 4 0.0225599 0.0049666
2330 7 0.0230374 0.00189393
1465 10 0.0182027 0.00145456
1301 9 0.0181912 0.00828541
3397 8 0.034799 0.00380208
1999 9 0.027306 0.00182337
3743 16 0.0283042 0.00303824
1512 6 0.0182271 0.00164264
7513 24 0.0480118 0.0126548
7407 20 0.038613 0.0109871
3050 11 0.0364318 0.00972708
2191 11 0.0242984 0.00553638
2368 2 0.0308057 0.0163105
2158 4 0.0408114 0.0118072
1800 6 0.0218063 0.0104984
8660 21 0.0881405 0.0209118
1507 3 0.0300587 0.0123318
10696 22 0.0958837 0.0207229
2059 12 0.0283404 0.011022
8649 23 0.0855924 0.0247737
4772 13 0.0848896 0.00988823
2888 9 0.0500079 0.0131563
2215 8 0.0346712 0.0129564
2822 2 0.0422505 0.015389
1562 6 0.0364478 0.0050835
2490 7 0.0328548 0.00206871
6777 22 0.064627 0.0155216
1618 12 0.0285848 0.010652
5913 12 0.0404359 0.0143472
2311 4 0.0274646 0.0136803
1841 7 0.0205724 0.00919519
8089 18 0.0631703 0.0186392
4926 19 0.0554176 0.0118914
2272 9 0.0374864 0.0116083
2458 11 0.025599 0.0133586
2484 6 0.0260099 0.014379
1392 4 0.0221696 0.00956677
2700 5 0.0258315 0.00953786
7135 23 0.0638112 0.0145998
2060 6 0.0226616 0.0107302
1517 9 0.0230069 0.00944229
5660 30 0.075104 0.0156125
1767 9 0.0215608 0.0118506
9550 30 0.073808 0.0173094
4743 18 0.043569 0.0151762
2554 12 0.0293191 0.00864368
2321 6 0.0249863 0.00787633
1321 3 0.0206676 0.00793498
2586 4 0.0303842 0.0128827
7373 23 0.06084 0.015466
1781 6 0.0228755 0.00826908
1535 8 0.021163 0.0101639
5898 22 0.0459671 0.0169602
1703 9 0.0239945 0.00870422
1300 4 0.0189178 0.0085285
4839 16 0.0480846 0.0134852
2221 9 0.0255513 0.00984833
2496 5 0.0257467 0.0141988
2449 7 0.0269752 0.0118196
1439 4 0.0238944 0.0105618
2615 3 0.0255285 0.0111927
1612 7 0.0232893 0.0119768
8272 26 0.0563159 0.0171464
11720 41 0.110281 0.028309
6170 14 0.0441855 0.012816
1540 9 0.0251051 0.0131966
5815 17 0.0583135 0.0156692
3931 7 0.0375543 0.0154044
2564 6 0.0197448 0.012031
2365 3 0.0175504 0.0118772
1022 4 0.0142053 0.0132467
1374 5 0.0175973 0.0165148
2606 8 0.0236018 0.0115554
3256 14 0.0335052 0.00935068
3335 15 0.0397799 0.0118021
5835 15 0.0403136 0.0155457
4910 26 0.0629915 0.0151815
871 5 0.0208325 0.0111152
2708 2 0.0318901 0.00754954
3307 9 0.035355 0.0117287
1245 2 0.0197818 0.011008
8800 31 0.109509 0.0315297
10877 37 0.0990607 0.0182878
2219 10 0.0243781 0.0112032
8745 24 0.0576005 0.0201718
2737 5 0.0184719 0.0138171
3319 7 0.0268964 0.0131086
2436 3 0.0224256 0.0120036
887 5 0.0169555 0.00872976
1235 5 0.0153144 0.0115147
6671 18 0.0423487 0.0153714
4577 27 0.0577483 0.0105053
1915 4 0.0213624 0.0145167
9136 27 0.0678131 0.0153118
9397 36 0.082577 0.016073
3873 13 0.0339119 0.0135466
930 4 0.0137606 0.0107857
2459 5 0.0177944 0.0130279
1263 3 0.0149247 0.0140323
9318 36 0.087767 0.0161367
10347 24 0.0907663 0.0171134
2009 6 0.0247882 0.00990148
6864 23 0.0660246 0.014655
3832 13 0.0329957 0.013078
933 4 0.0143946 0.00822276
2458 5 0.019175 0.00870781
1269 5 0.0153535 0.00926732
6849 18 0.0575537 0.0101745
7389 12 0.0698854 0.0136026
1697 5 0.017456 0.00853422
8445 23 0.0581967 0.0160699
3838 7 0.0261045 0.0101743
2480 3 0.0202672 0.00978114
1014 3 0.0167046 0.00964198
1622 3 0.0185712 0.00755218
4614 20 0.0307002 0.0123242
8852 27 0.0898136 0.0184403
5657 25 0.0430548 0.0116797
3883 11 0.0296777 0.0125368
2116 5 0.0196387 0.00636087
1380 2 0.0128598 0.00869693
5898 19 0.0513275 0.0138423
10396 32 0.0959587 0.0207595
5340 16 0.0342776 0.0120988
2467 4 0.0233998 0.015182
2458 6 0.0238962 0.0105428
2562 4 0.0250154 0.0105258
3081 4 0.03185 0.00871025
1166 2 0.0219377 0.00591369
2346 10 0.0284788 0.00677642
4467 18 0.0591236 0.0206267
1342 4 0.0317229 0.0131475
9714 34 0.103175 0.0144138
5687 25 0.0611578 0.0153708
2401 8 0.0272426 0.00986191
2495 5 0.0296202 0.0107126
912 4 0.0207894 0.00831248
1428 4 0.0200883 0.00536064
2357 7 0.0283817 0.0116899
5173 30 0.0611986 0.012174
5898 26 0.0846515 0.0230787
5497 20 0.0473314 0.0145454
960 1 0.0156239 0.0095864
2334 6 0.0246326 0.00681988
2418 4 0.0207748 0.00829348
4863 12 0.0362546 0.0159164
1558 5 0.0223394 0.0122506
2352 9 0.0229997 0.0100043
4795 15 0.0533797 0.0127852
9381 31 0.0777651 0.0150452
5376 22 0.0405397 0.015176
13816 28 0.0903979 0.0195149
4331 12 0.0252631 0.00997156
6169 24 0.0509524 0.0144048
2174 5 0.0187825 0.0104791
11588 40 0.14951 0.0326745
3152 6 0.0217276 0.0112396
897 2 0.0151796 0.0118104
14012 45 0.0780292 0.0161982
4281 8 0.0314869 0.0120994
1877 3 0.022131 0.00802658
4472 19 0.0466362 0.0144106
9096 28 0.0878541 0.0176352
3279 9 0.023632 0.0123341
902 1 0.0166955 0.00940441
14149 40 0.0979704 0.0251795
4466 11 0.0248493 0.0136403
1451 5 0.0153472 0.00922361
4437 26 0.0388414 0.0117127
8518 25 0.0741744 0.0166327
2998 14 0.0176584 0.0125722
921 3 0.0116865 0.0109487
#/home/michal/Dropbox/study/university/kth/thesis/data/features/annotations/0,01/featuredata_shot_susan_2015-05-26_15-07-26.txt
2303 24 0.0406107 0.00271941
1563 13 0.028179 0.00186057
2633 2 0.0418543 0.00242295
9165 13 0.104253 0.00783732
2428 20 0.0372469 0.00231794
3896 21 0.0465312 0.00370682
1769 11 0.0309342 0.00167407
9301 38 0.107734 0.0085435
2055 21 0.034064 0.00215591
1510 20 0.0262863 0.00208855
2595 19 0.0378883 0.00285844
7522 1 0.0938689 0.00581615
2235 29 0.0338676 0.00236341
4319 42 0.0536812 0.00565036
1691 16 0.0264359 0.00197316
8188 44 0.0877888 0.00718666
2329 27 0.038107 0.00401193
1651 6 0.0268547 0.0022978
2758 7 0.0428557 0.00263452
5575 7 0.0533549 0.00387312
2888 53 0.0385507 0.00359548
6641 59 0.0956975 0.00868416
2792 31 0.0496556 0.00272302
2588 32 0.0436061 0.00337857
2529 25 0.0369825 0.00577607
7305 1 0.0752468 0.00606205
10126 6 0.111757 0.00805135
9631 23 0.130746 0.00936975
6001 3 0.0592291 0.00431023
3136 8 0.0376054 0.00457748
2137 26 0.03626 0.00228311
3640 53 0.0531321 0.00452577
2592 21 0.0425015 0.00291049
3126 1 0.0347698 0.00237424
7064 7 0.0725774 0.00567474
6649 24 0.063972 0.00483274
1777 27 0.0298255 0.00367141
9172 19 0.10888 0.00766731
2595 28 0.0444625 0.0027031
2501 17 0.0472357 0.00310355
2526 11 0.0363131 0.00209881
5366 3 0.05221 0.00380947
10459 1 0.116585 0.0073088
2034 12 0.033527 0.00181905
7314 24 0.0769459 0.00622686
1401 3 0.0204262 0.00367053
2290 22 0.0378989 0.00256127
1784 25 0.0351977 0.00248153
2729 9 0.037311 0.00211777
10349 5 0.145038 0.0156079
1438 17 0.0235387 0.00159243
1746 17 0.0246375 0.00175525
1653 5 0.0195318 0.00477053
2675 28 0.0444441 0.00249696
2834 1 0.0373716 0.00410007
4346 22 0.0514511 0.00806622
6216 13 0.0571156 0.00806548
1818 21 0.0236373 0.0027574
1452 2 0.0233095 0.0062464
2354 21 0.0371888 0.00242852
2698 16 0.035476 0.00262615
4312 1 0.0475352 0.00311905
9670 17 0.121285 0.00925928
2242 24 0.0350967 0.00775194
7827 30 0.0947465 0.0069556
4687 15 0.0424304 0.00346123
2588 28 0.0420876 0.00295283
2654 4 0.0374205 0.00204036
1492 4 0.0178434 0.00144085
4530 12 0.0382429 0.00389393
5283 51 0.0568364 0.00480982
260 6 0.00935226 0.00102241
1153 11 0.0184762 0.00153037
2435 39 0.0493218 0.00427762
2130 24 0.0367087 0.00255687
867 20 0.019438 0.00130765
2654 4 0.0410131 0.0023191
1680 4 0.0240562 0.00221432
5631 15 0.0554177 0.0105514
6422 55 0.0688647 0.0063066
1775 20 0.033628 0.00231727
244 4 0.0146181 0.00531251
3905 20 0.0400837 0.00389402
1256 18 0.0187771 0.00162855
2358 30 0.0425735 0.00301385
2536 11 0.0396327 0.00246428
6121 1 0.0718598 0.00568283
2603 11 0.0294146 0.00214372
282 7 0.00998739 0.00421217
2069 6 0.0261056 0.00242433
1334 14 0.0196275 0.00168336
2454 30 0.0409335 0.00232603
2674 1 0.035329 0.00243205
1915 18 0.0311154 0.00266112
6193 3 0.067526 0.00437178
2578 12 0.0342237 0.00263697
246 4 0.0120272 0.000848168
2065 6 0.0257249 0.00170117
1254 14 0.0180997 0.00149321
2389 26 0.0400579 0.00272438
2631 2 0.042167 0.00323472
1675 20 0.0266405 0.00194144
5826 1 0.0698091 0.00541237
2991 13 0.0351069 0.00248261
255 3 0.010242 0.000716112
2777 11 0.0330947 0.00621635
1322 15 0.024202 0.00505593
907 5 0.0166394 0.00106241
2505 25 0.046618 0.00281661
2150 23 0.0424671 0.00278663
2677 5 0.0387174 0.00366385
1440 4 0.0212126 0.00185077
3505 37 0.047926 0.00385346
5120 14 0.0599182 0.00755648
5431 17 0.0811385 0.00522574
6741 22 0.0728162 0.00519064
8424 78 0.126075 0.020511
1035 9 0.0193799 0.00360701
2255 19 0.0408788 0.00225518
2073 24 0.0415412 0.00227525
4365 45 0.0693055 0.00512309
1838 17 0.0352678 0.00184025
2562 12 0.0375836 0.00246262
5736 11 0.0611329 0.00380821
2160 8 0.0266578 0.00184323
264 8 0.0139776 0.00116401
2248 15 0.0327883 0.00253242
1259 18 0.0236369 0.00168313
2252 18 0.0370411 0.00223242
1991 20 0.0347541 0.00245658
2556 26 0.0417589 0.0024182
1809 17 0.0300487 0.00286546
6349 23 0.0720682 0.00695093
3111 12 0.0365123 0.00281424
2452 7 0.0399583 0.00667128
233 3 0.0136195 0.00071188
7306 21 0.0772801 0.00538559
1422 9 0.020975 0.00641751
4603 24 0.0561754 0.00827088
2720 1 0.0406319 0.00246297
2110 14 0.0299266 0.00198389
1949 25 0.0297401 0.00237155
9550 7 0.121516 0.00712922
1650 5 0.0261611 0.0015324
9406 8 0.120874 0.00951828
7046 1 0.0631161 0.00488503
1261 11 0.0226515 0.00295337
6099 37 0.087324 0.00523805
2740 11 0.0442401 0.002856
2159 3 0.0319841 0.00178822
1995 14 0.0316102 0.0051988
8679 2 0.117266 0.00565697
5836 7 0.057019 0.00473409
1263 19 0.0256987 0.00306777
5419 29 0.0528451 0.00836735
1422 5 0.021548 0.0093344
5054 30 0.0660417 0.00415003
3007 2 0.0433853 0.00267987
2150 16 0.0287569 0.00199307
1897 4 0.0273733 0.00162028
3755 29 0.0448351 0.00428452
4346 4 0.0450365 0.00295562
5631 17 0.0599108 0.00775349
1310 18 0.0219937 0.00766011
4762 32 0.0624269 0.00451959
2811 15 0.0454881 0.00301844
2123 22 0.0325384 0.00823038
1840 15 0.029789 0.00268982
4805 1 0.0563531 0.00397084
8717 5 0.0898898 0.00601816
5532 21 0.0529437 0.00403171
1233 22 0.0177252 0.00173597
5140 45 0.0801278 0.00576464
2779 6 0.0389597 0.00215255
2130 21 0.0310521 0.004337
1779 4 0.0303558 0.00191945
6574 17 0.0730262 0.00580538
5715 9 0.0540687 0.00435092
1260 17 0.0170882 0.00155479
5661 14 0.0817207 0.00566157
2646 12 0.0363698 0.00488852
1634 9 0.024991 0.0014795
4534 2 0.0421471 0.00865211
10474 6 0.134256 0.0154816
4621 9 0.0398386 0.00756593
1219 21 0.0170772 0.00384297
5571 33 0.0796728 0.00452733
2707 10 0.0387061 0.00282139
1638 23 0.0267231 0.00185362
2116 21 0.0286975 0.00249833
4175 50 0.0409315 0.00367986
2923 22 0.0314232 0.00294411
1293 5 0.0187939 0.00164137
5261 3 0.0693526 0.00377861
2898 4 0.0422305 0.00276721
1490 15 0.0243294 0.00260855
2136 25 0.0289277 0.00251243
4982 5 0.0523978 0.00449276
7689 43 0.0795982 0.00627161
2456 9 0.0323697 0.002744
1432 16 0.0234693 0.00453749
5735 4 0.0715868 0.00502441
2299 5 0.0244069 0.0018351
2329 5 0.0311313 0.00213938
7740 53 0.108472 0.0178166
2175 13 0.0276428 0.00200077
4774 15 0.0470353 0.0043466
1497 17 0.0258962 0.00222127
5745 12 0.0694124 0.0042204
2866 3 0.0410385 0.00205335
1600 21 0.0236033 0.00182671
2120 17 0.0293243 0.00227353
3650 49 0.0483679 0.00470896
4881 14 0.0522113 0.00485435
3056 19 0.034284 0.00308284
2912 20 0.0462822 0.00832832
1295 5 0.0218043 0.00131628
6621 61 0.114767 0.00984732
2848 9 0.0422252 0.00231975
1852 9 0.029734 0.00188828
1780 15 0.0372918 0.00232754
8177 64 0.0971859 0.00771435
1537 21 0.0264679 0.00162786
1689 1 0.0266767 0.00153031
6894 64 0.084574 0.00595837
1501 13 0.0256384 0.00231972
1936 20 0.0396616 0.00264263
5731 12 0.0830027 0.00477929
2711 23 0.0391482 0.0025106
1645 18 0.0270716 0.00216935
5588 5 0.0605403 0.00373956
1626 19 0.0297596 0.0018583
9688 51 0.157146 0.0220022
2244 15 0.0363737 0.0036391
7251 16 0.082844 0.00620213
1441 2 0.0208492 0.00384808
1982 39 0.0319171 0.00267735
6398 28 0.099649 0.00670961
2780 17 0.0398859 0.0024452
5843 10 0.0742455 0.00524986
7051 36 0.0747266 0.00571453
2261 22 0.040582 0.00290255
8106 26 0.0821624 0.00596117
1439 21 0.0238943 0.00282354
1791 14 0.0285791 0.0021565
5989 7 0.0945019 0.00515479
4371 41 0.0668752 0.00418891
766 3 0.0185846 0.00857355
5783 39 0.0713638 0.00516725
7964 11 0.100285 0.00783164
2308 2 0.0338067 0.00178863
6241 59 0.0858497 0.00740147
1377 12 0.0198795 0.00180594
1535 18 0.0282048 0.00854344
5470 47 0.0915871 0.00681422
2884 26 0.0423296 0.00297033
1726 3 0.0283083 0.00173088
6707 6 0.0786207 0.00469716
8275 39 0.102408 0.00800402
2274 7 0.0360442 0.00195936
7108 12 0.0795126 0.00620532
1272 6 0.0160185 0.00116592
1257 2 0.022311 0.0012091
5933 20 0.0921548 0.00563224
2801 18 0.0399489 0.00250331
1731 11 0.0296889 0.00306784
6753 6 0.080858 0.00459994
5526 34 0.0605556 0.00436829
2290 22 0.0352329 0.00225876
4248 1 0.0401875 0.00719334
1238 3 0.0172886 0.00155848
1880 17 0.0314375 0.00198363
6343 54 0.0931865 0.00665194
2720 10 0.0411752 0.00211461
6871 11 0.0776682 0.00607987
9037 63 0.103747 0.00876016
2194 24 0.0333168 0.00413281
8647 64 0.0995347 0.00779985
1188 8 0.0150813 0.00137082
2318 31 0.044942 0.00323626
6332 4 0.086804 0.00512201
2689 24 0.0486639 0.00331058
6200 16 0.0643403 0.00598845
9093 7 0.120342 0.0187505
2192 25 0.0344766 0.00219678
10095 38 0.11301 0.00691834
1349 16 0.0239146 0.00233983
703 12 0.0176994 0.00135914
2175 17 0.0508585 0.00399339
2385 28 0.0395906 0.00801957
2731 14 0.0453567 0.002681
2118 15 0.0348444 0.00538726
8650 2 0.107977 0.00694845
1713 29 0.0319993 0.00216196
3590 11 0.0483623 0.00340048
2472 13 0.0372555 0.0030198
4594 2 0.0480511 0.0035453
1404 20 0.0269434 0.00801168
1826 20 0.0315496 0.00235023
720 15 0.0157887 0.00949266
1905 22 0.0392472 0.0139037
2723 22 0.039331 0.00279374
6083 3 0.065993 0.00516302
1621 9 0.0249009 0.00229158
3865 13 0.045401 0.00314719
1800 23 0.0363582 0.00907875
10236 12 0.104535 0.00808915
1534 18 0.0242694 0.0018613
2130 24 0.0382977 0.00239667
2084 32 0.0379822 0.0028853
962 14 0.0216423 0.00514285
2725 15 0.0402336 0.00286142
6288 18 0.0684313 0.0057438
1332 2 0.0213682 0.00444475
3977 15 0.041706 0.00330155
2295 9 0.0402239 0.00250386
8125 61 0.0872205 0.0140972
1393 22 0.0253321 0.00157292
868 10 0.0175495 0.00416075
2171 19 0.0408002 0.00229632
2150 24 0.0417503 0.00767622
2674 20 0.037749 0.00240409
1751 16 0.0296747 0.00212378
6004 1 0.0723513 0.00402239
1578 7 0.0236085 0.00186421
3786 4 0.0498085 0.00341395
2308 22 0.0416654 0.0024898
6793 16 0.0663361 0.00572874
1424 21 0.023297 0.00211426
1428 17 0.0251132 0.00493112
3939 47 0.0615441 0.00485625
2697 2 0.0398238 0.00207199
2900 39 0.0426517 0.00318686
1676 9 0.0315666 0.00580604
4933 19 0.0573537 0.0039474
1411 11 0.0269975 0.00185583
3548 5 0.0429987 0.00277975
5596 35 0.0672156 0.0122001
1507 22 0.0206254 0.00664306
2445 36 0.0414938 0.00316032
2694 18 0.0431983 0.00448955
1915 26 0.0273152 0.00246379
5191 14 0.0637897 0.00490808
1600 20 0.022357 0.00218724
3887 18 0.0408946 0.00392422
5357 32 0.0627801 0.00534035
134 5 0.0109775 0.000706374
1377 1 0.0191667 0.00134139
2800 28 0.037536 0.00293636
3165 3 0.0318952 0.00244881
5880 15 0.0625029 0.00549955
4150 4 0.0391714 0.00318753
165 2 0.0112883 0.0031355
1423 16 0.0206723 0.00165294
2750 30 0.0469448 0.00313329
2316 23 0.0435844 0.002285
2766 3 0.0387229 0.00218494
1881 26 0.0309593 0.00830017
4697 7 0.0544545 0.00334516
1578 7 0.0214567 0.0039728
4988 48 0.0598329 0.00549615
2393 26 0.0426051 0.00257097
9397 52 0.105126 0.00897826
1299 8 0.0188337 0.00554505
2872 34 0.0474031 0.0031021
2256 23 0.0418945 0.00232896
2634 4 0.0359718 0.00216575
2210 23 0.0351781 0.00283961
4417 3 0.0521847 0.00308455
1720 8 0.0221912 0.00163611
4386 18 0.0542008 0.00410451
2646 16 0.044556 0.00278268
8082 79 0.0994895 0.00673113
1255 8 0.0186785 0.00627779
2883 39 0.0526003 0.0035506
1998 27 0.0352927 0.00338612
2822 18 0.041647 0.0027047
1995 7 0.0350894 0.00656413
3638 12 0.040486 0.00304432
1643 11 0.0255012 0.00188899
3935 34 0.0584489 0.00466859
2380 16 0.0363582 0.00218477
5860 2 0.0620154 0.0046759
142 3 0.0138083 0.000577906
1361 6 0.021025 0.00143711
3206 36 0.0598615 0.0035766
2104 41 0.0379282 0.00282449
1809 11 0.032732 0.00634341
4935 1 0.050594 0.00351713
3957 39 0.0542597 0.00430165
2458 10 0.0339055 0.00226774
4343 21 0.0500211 0.00570844
194 7 0.0149985 0.000674587
2426 25 0.0385454 0.00330134
1645 20 0.0264118 0.00185702
5152 12 0.0532778 0.00464271
428 7 0.0132203 0.00108894
2769 30 0.044518 0.00308573
2493 2 0.0252918 0.00238431
1434 9 0.0165641 0.0014894
2367 26 0.0385182 0.00327226
2783 4 0.040776 0.00213517
1876 29 0.026318 0.00303932
5235 2 0.0489002 0.00451035
4999 45 0.04816 0.00431136
1511 16 0.0177638 0.00198931
3091 25 0.0399745 0.00360534
5782 16 0.0390042 0.00589579
1968 1 0.0201954 0.00176931
4536 5 0.0461615 0.00397957
5643 7 0.0443786 0.00397416
1496 1 0.0197228 0.00142309
1907 16 0.0373298 0.0023596
2544 29 0.0420217 0.00264269
2742 5 0.037623 0.00557763
4947 40 0.0565912 0.00527205
8056 2 0.0793524 0.00620643
4481 4 0.0411552 0.0029079
2009 18 0.0347915 0.0021015
2001 33 0.0375407 0.00277958
2672 4 0.0384235 0.00321471
1594 21 0.0266481 0.00224475
3373 17 0.0449909 0.00495633
6538 16 0.0657829 0.0060152
2139 21 0.038386 0.00216327
9886 31 0.113507 0.00875964
1124 3 0.0164165 0.00192915
2216 19 0.0378603 0.00235493
1205 15 0.0262436 0.00191821
2671 14 0.0395524 0.00227865
1662 22 0.0236463 0.00196013
2628 17 0.0315231 0.00267313
6935 16 0.0829958 0.00496131
2096 21 0.0341913 0.00227013
9876 16 0.101892 0.00797532
1324 2 0.0189656 0.00290638
2444 24 0.0420659 0.00260372
2310 24 0.0414339 0.006962
2550 6 0.0417936 0.00208177
2184 20 0.0308672 0.00235087
3730 2 0.0431626 0.0036409
8609 4 0.0992425 0.00687388
2532 16 0.0423548 0.00229713
7414 23 0.0859649 0.00517548
2376 24 0.0401223 0.00324477
2526 33 0.0446641 0.00318647
2660 3 0.0376849 0.00271282
1870 21 0.0261499 0.00323023
6054 36 0.0711571 0.00515834
2392 13 0.0443187 0.00280819
5505 26 0.061477 0.00459146
2257 21 0.0395556 0.0037389
1144 6 0.0196195 0.00148458
2654 17 0.0342559 0.00269665
7021 4 0.0746766 0.00452112
3189 8 0.0306551 0.00248842
1886 14 0.0309336 0.00211384
7030 30 0.0736631 0.00524275
1261 2 0.0155459 0.00126098
2266 21 0.0382288 0.00321851
1003 6 0.0186328 0.00150926
2843 20 0.0393775 0.00283823
1229 2 0.0233756 0.00182188
4723 72 0.0479703 0.00462061
1538 13 0.0214884 0.00169795
1256 20 0.0315072 0.00226316
10108 26 0.108436 0.00837763
1537 13 0.0200175 0.00234145
2054 20 0.0323852 0.00261446
2789 4 0.0427604 0.00258982
953 3 0.0197937 0.00116698
7611 60 0.083654 0.0075473
1904 14 0.0291217 0.00204935
6717 3 0.0780503 0.0055793
1939 22 0.0315566 0.00211802
8225 2 0.0785778 0.00651696
1290 4 0.0160703 0.00126969
2006 27 0.0309682 0.00235564
929 12 0.0171449 0.00133026
2725 21 0.0418307 0.00283443
8367 15 0.104667 0.0071361
1977 15 0.0307723 0.00198454
8019 30 0.0996713 0.0076583
1921 20 0.0324506 0.00204821
8261 28 0.0863903 0.00741462
1410 3 0.0156488 0.00138792
1832 12 0.0303586 0.00199762
2733 3 0.0409474 0.00261527
10571 12 0.10683 0.00793506
1848 10 0.0301125 0.0018846
7810 67 0.0961598 0.00827871
2126 24 0.0316064 0.00245043
5028 24 0.0457661 0.00470238
1387 7 0.0188397 0.00174538
2005 25 0.0326766 0.00209392
591 2 0.0130319 0.000892369
2699 19 0.0409467 0.00372995
6793 2 0.0625196 0.00463698
7748 79 0.103948 0.00885724
1912 21 0.0329572 0.00197148
9591 72 0.109728 0.0137574
1119 1 0.0112368 0.00681537
6065 11 0.0726909 0.00750447
5747 2 0.0409281 0.00449563
7521 38 0.0917712 0.00722668
2411 19 0.0335073 0.00218937
1382 7 0.0173436 0.0013041
5876 4 0.0712518 0.00480273
1543 27 0.0252642 0.00398957
4332 26 0.046284 0.00386437
5018 31 0.0502347 0.00384726
1385 16 0.0196509 0.00164417
2623 4 0.0381258 0.00243038
1659 1 0.02428 0.00182937
6707 12 0.0769909 0.00498554
1663 28 0.0310381 0.0025786
4290 17 0.0483646 0.0100851
4890 27 0.0441457 0.00462793
1373 10 0.0248389 0.00195228
2934 11 0.0462605 0.00254433
2426 34 0.0435645 0.00278169
2543 1 0.0401064 0.00178076
1478 1 0.0173236 0.00118393
8637 26 0.0979343 0.00836243
1899 18 0.0281028 0.00199414
4303 24 0.0501804 0.00379735
5151 25 0.0477641 0.00401107
2641 28 0.0444626 0.00623434
6026 12 0.0785493 0.00457101
2911 1 0.0451404 0.00259362
1947 22 0.0366845 0.00576348
4931 6 0.0529952 0.00603173
1519 33 0.0262741 0.00193039
9311 1 0.117466 0.00770252
2015 17 0.0344289 0.00206315
7987 6 0.0852483 0.00657862
938 13 0.0157725 0.00128583
2505 21 0.039628 0.00358738
5938 20 0.0898364 0.0061387
2732 13 0.0383534 0.00255781
1951 18 0.0380261 0.0104773
6003 6 0.0598254 0.00433225
8938 2 0.119084 0.01697
6852 47 0.0743376 0.00645623
6120 11 0.0654346 0.00463016
2708 32 0.0525008 0.00814559
4689 48 0.0615926 0.00444483
2572 5 0.0441674 0.00253378
2330 33 0.0449737 0.00277705
3397 12 0.0420696 0.00342987
1999 30 0.0287474 0.00278581
3743 15 0.0423371 0.00313751
1512 21 0.0333511 0.00223244
7513 58 0.0850149 0.00733712
7407 37 0.0889872 0.00589271
3050 36 0.0463537 0.00302322
2191 24 0.0427317 0.00247378
2368 11 0.0420227 0.00274684
2158 23 0.0413689 0.00223284
1800 5 0.0237698 0.00222397
8660 26 0.10023 0.00853394
1507 6 0.0225472 0.00187345
10696 1 0.143257 0.0163255
2059 20 0.0366018 0.00220298
8649 66 0.093694 0.00891364
4772 39 0.0588991 0.00418059
2888 30 0.0564936 0.00345652
2215 27 0.04718 0.00221531
2822 1 0.0429577 0.00247418
2490 2 0.030426 0.00184246
6777 3 0.0937274 0.00569625
1618 13 0.0269844 0.0015316
5913 3 0.0617845 0.00425866
2311 5 0.0340179 0.00199874
1841 24 0.0358155 0.00219356
8089 19 0.0897951 0.00762643
4926 3 0.0644629 0.00551709
2272 23 0.0493389 0.00882242
2458 32 0.0449978 0.00716491
2484 2 0.040795 0.00283815
1392 3 0.0258909 0.00162457
7135 53 0.0946006 0.00591118
2060 1 0.0293871 0.00175346
1517 17 0.0322516 0.00199787
5660 41 0.0612302 0.00444612
1767 21 0.0359772 0.00241532
9550 59 0.0904826 0.0154737
4743 42 0.062306 0.00431831
2554 21 0.0523215 0.00301991
2321 25 0.0448993 0.0031591
2586 1 0.0364401 0.00280156
7373 3 0.0983333 0.00568765
1781 10 0.0252347 0.00198849
1535 17 0.0275872 0.00232738
5898 10 0.0709104 0.00527765
1703 20 0.0310716 0.0019918
1300 5 0.0189241 0.00543966
4839 2 0.0703248 0.0040594
2221 24 0.0425365 0.0100316
2496 31 0.0556501 0.0136793
2449 14 0.0424294 0.00272618
1439 5 0.0237919 0.0015225
1612 4 0.0263517 0.00139876
8272 40 0.114287 0.00852811
11720 5 0.149106 0.0152027
6170 37 0.0957199 0.00620083
1540 4 0.0266193 0.00154812
5815 4 0.053038 0.00507873
3931 50 0.0603813 0.00366012
2564 28 0.0453516 0.00311008
2365 1 0.0437812 0.00208783
1022 6 0.0168966 0.00117219
1374 6 0.0205674 0.00147003
2606 1 0.0361309 0.00232725
3256 19 0.0417278 0.00460148
3335 3 0.0335702 0.00235609
5835 40 0.0707454 0.00587294
4910 9 0.0471875 0.00345459
871 10 0.0189395 0.00127364
2708 15 0.0453038 0.00288744
3307 16 0.0442714 0.00287913
1245 6 0.0176684 0.00134766
8800 5 0.114267 0.00797927
10877 4 0.117249 0.0124347
2219 20 0.0333859 0.00870892
8745 49 0.088755 0.00809005
2737 14 0.0366993 0.00596204
3319 15 0.0449858 0.00367461
2436 25 0.0464551 0.00758428
887 16 0.0168821 0.00179819
1235 3 0.0199872 0.00128869
4577 64 0.0540466 0.00556802
1915 12 0.0360878 0.00849764
9136 13 0.0911233 0.00732302
9397 23 0.0929477 0.00715555
3873 15 0.0519871 0.00315597
930 12 0.0194772 0.00139142
9318 2 0.105735 0.00595456
10347 3 0.129669 0.00944369
2009 17 0.0333665 0.00205949
3832 26 0.0525963 0.00335856
933 11 0.0193503 0.00132637
2458 11 0.0459087 0.0028224
6849 6 0.0862926 0.00560594
7389 7 0.0838448 0.00535592
1697 16 0.0295101 0.00180155
8445 66 0.084003 0.0188169
3838 5 0.0559756 0.00508857
2480 2 0.0372759 0.00327628
1014 16 0.0188498 0.00781223
1622 3 0.0193929 0.0013952
4614 10 0.0477 0.00422271
8852 32 0.104458 0.00746761
5657 18 0.0512444 0.00437294
3883 36 0.0680803 0.00459068
2116 26 0.0343918 0.00236099
520 3 0.0129985 0.000812114
5898 18 0.069105 0.00801032
10396 4 0.124193 0.00864556
5340 15 0.0483669 0.00589938
2467 13 0.0418415 0.00362809
2458 7 0.0386188 0.00218586
2562 32 0.0483049 0.00336925
3081 31 0.0535977 0.00312902
1166 7 0.0190751 0.00130212
2346 35 0.0391235 0.00355898
4467 36 0.0478379 0.00891266
1342 21 0.0263775 0.00257488
9714 7 0.129626 0.00646783
5687 9 0.0577993 0.00480101
2401 29 0.0393579 0.0027825
2495 3 0.0352393 0.00215278
912 11 0.0207081 0.00166243
1428 1 0.0206243 0.00136201
2357 40 0.0338439 0.00293233
5173 36 0.0505533 0.00542418
5898 42 0.0591013 0.00499775
5497 15 0.0565831 0.00391748
960 8 0.0168993 0.0013101
2334 33 0.0435002 0.00330596
2418 17 0.0428717 0.00305526
4863 40 0.0677692 0.00461758
1558 6 0.0241947 0.00204615
2352 37 0.0413521 0.00269237
9381 27 0.156623 0.0154937
5376 6 0.0510544 0.00357567
13816 17 0.176084 0.0116453
4331 28 0.0573216 0.00402705
6169 18 0.0787799 0.00626942
2174 32 0.0311663 0.00254764
11588 26 0.159949 0.0166654
3152 5 0.0288726 0.00246675
897 15 0.0186972 0.00157592
14012 94 0.180665 0.0195351
4281 29 0.055001 0.00396722
1877 33 0.032438 0.00301506
4472 26 0.0374117 0.00392473
9096 91 0.108349 0.00993079
3279 8 0.0314219 0.0024479
902 15 0.0177036 0.00179794
14149 26 0.179664 0.0144883
4466 33 0.0692943 0.00620627
1451 26 0.024424 0.00206744
4437 22 0.0452292 0.00357868
8518 88 0.101692 0.00874894
2998 16 0.0348428 0.00347543
921 13 0.0203263 0.0011824
