#/home/michal/Dropbox/study/university/kth/thesis/data/features/annotations/0,01/featuredata_shot_uniform_2015-05-26_14-45-46.txt
2303 130 0.000611049 0.0136328
1563 93 0.000704147 0.00333178
2633 126 0.000962557 0.0109624
9165 816 0.00120167 0.0235079
2428 145 0.000638544 0.0099585
3896 296 0.00124545 0.00877497
1769 114 0.0011236 0.00413486
9301 563 0.00199151 0.0229182
2055 112 0.000527017 0.00553941
1510 81 0.000654388 0.0116568
2595 124 0.00069103 0.00510854
7522 496 0.00127531 0.0195974
2235 141 0.000823314 0.00474049
4319 341 0.00122981 0.00942478
1691 115 0.00104247 0.0112068
8188 494 0.00158468 0.0156758
2329 120 0.000442765 0.0106998
1651 82 0.000585473 0.00425374
2758 122 0.000881275 0.00590906
7509 381 0.00158387 0.0196431
5575 393 0.00123532 0.0112434
2888 175 0.001052 0.00858844
6641 383 0.00128984 0.0117365
2792 140 0.000450659 0.00557204
2588 143 0.000537531 0.0105904
2529 122 0.000515537 0.00496513
7305 383 0.00121045 0.0196141
10126 555 0.00146471 0.028537
9631 559 0.00146162 0.0247316
6001 684 0.00116634 0.0171156
3136 236 0.00122676 0.0156387
2137 141 0.000490329 0.00545354
3640 215 0.000808709 0.00940794
2592 133 0.000822438 0.00920045
3126 138 0.00107915 0.00730646
7064 361 0.00159315 0.0212349
6649 342 0.00113367 0.0149023
1777 116 0.00105504 0.0111938
9172 534 0.001276 0.0229703
2595 153 0.000598111 0.00698908
2501 128 0.000736947 0.00650584
2526 120 0.000886825 0.0132069
5366 513 0.001334 0.0169381
10459 775 0.00186805 0.0245554
2034 133 0.000667596 0.0102413
7314 404 0.001244 0.0164457
1401 104 0.00120569 0.010729
2290 135 0.000795272 0.00594846
1784 78 0.000648938 0.00393243
2729 128 0.000904682 0.0060256
2937 147 0.00110667 0.0186738
10349 773 0.00203506 0.0298118
1438 98 0.000652898 0.00336774
1746 89 0.00114099 0.0095323
1653 134 0.000409272 0.00394076
2675 136 0.000602408 0.00549942
2834 130 0.000719152 0.00658742
4346 219 0.000943216 0.0132044
6216 470 0.00128377 0.0153348
1818 107 0.000925132 0.00788962
1452 105 0.000697211 0.00868262
2354 128 0.000697449 0.00687839
2698 121 0.000893118 0.00987611
4312 216 0.000989164 0.00869789
9670 777 0.00143882 0.0259626
2242 127 0.000665801 0.00530917
7827 431 0.00145268 0.0183006
4687 311 0.000597627 0.0107484
2588 132 0.000606446 0.0128575
2654 116 0.00132481 0.00637421
1492 80 0.000895601 0.003933
4530 382 0.00136189 0.0153764
5283 398 0.00113874 0.0105795
260 22 0.000879078 0.000931308
1153 113 0.000326286 0.00931419
2435 134 0.000637081 0.0053773
2130 124 0.000717607 0.00513009
867 78 0.000682888 0.00262293
2654 134 0.000981416 0.0115895
1680 84 0.00215479 0.00363599
5631 394 0.00168169 0.014342
6422 508 0.00167736 0.0177915
1775 135 0.00154062 0.00500861
244 17 0.00150693 0.00690494
3905 199 0.00127453 0.00742268
1256 102 0.000329006 0.00299466
2358 131 0.000525501 0.00543629
2536 125 0.0006788 0.00922969
1923 109 0.000750979 0.00455937
6121 350 0.00127736 0.0148835
2603 120 0.0010495 0.00664346
282 24 0.0010373 0.00129254
2069 103 0.0012405 0.00412437
1334 111 0.000417811 0.0059408
2454 129 0.000706539 0.0129402
2674 121 0.000920288 0.00642716
1915 115 0.000919585 0.00550703
6193 381 0.0016136 0.018237
2578 134 0.000905993 0.00472458
246 20 0.00235963 0.00102184
2065 124 0.00117591 0.00980792
1254 101 0.000422538 0.00312447
2389 138 0.000581281 0.0055217
2631 122 0.000726382 0.00549846
1675 91 0.000773501 0.00370518
5826 347 0.00126883 0.0153494
2991 146 0.00106992 0.0076434
255 19 0.00106758 0.00129042
2777 162 0.00153006 0.0128297
1322 119 0.000432289 0.00444394
907 84 0.000525516 0.00300796
2505 132 0.00085848 0.0115035
2150 118 0.000819651 0.00448091
2677 140 0.000917546 0.00480745
1440 75 0.000862352 0.00272624
3505 192 0.0014532 0.0132277
5120 437 0.001184 0.0138464
5431 288 0.0014684 0.015087
6741 436 0.00163062 0.0166927
8424 536 0.00198787 0.0205173
1035 72 0.000413506 0.00385007
2255 118 0.00067437 0.0119513
2073 119 0.000632797 0.00450772
4365 224 0.000921263 0.00956483
1838 118 0.00079951 0.00979586
1316 69 0.00093361 0.00397953
2562 119 0.00113534 0.00459761
5736 499 0.00149132 0.0194506
2160 108 0.0012406 0.00437264
264 27 0.00131052 0.00120517
2248 129 0.00168337 0.00576094
1259 110 0.000362837 0.0076683
2252 110 0.000691749 0.0056884
1991 99 0.000772691 0.00457234
2556 126 0.000938665 0.00602025
1809 104 0.00113286 0.0106467
6349 503 0.00122852 0.0151445
3111 153 0.00234242 0.0145462
2452 128 0.000960063 0.00489436
233 20 0.00114298 0.00104694
7306 406 0.00171894 0.0203742
1422 110 0.000596003 0.00453748
4603 267 0.00112507 0.0176325
2720 129 0.00113907 0.0061513
2110 118 0.000920267 0.00522425
1949 102 0.00105279 0.0125911
9550 662 0.00123098 0.0248461
1650 115 0.000716456 0.00391958
9406 822 0.00187019 0.0449696
7046 456 0.00273545 0.0170779
1261 103 0.00167664 0.0138586
6099 353 0.00115853 0.0132701
2740 123 0.000724672 0.013965
2159 117 0.00054735 0.00560759
1995 109 0.000893699 0.00409597
8679 600 0.00165321 0.0260676
5836 550 0.00127829 0.0211328
1263 90 0.00129696 0.00408694
5419 364 0.00183856 0.0167891
1422 101 0.000319736 0.00293247
5054 300 0.00176954 0.0133107
3007 151 0.000737786 0.0107286
2150 109 0.000769388 0.00428601
1897 95 0.00085363 0.00367319
3755 206 0.00114838 0.00753432
4346 203 0.00174285 0.0133181
5631 360 0.00326702 0.0194883
1310 106 0.00077614 0.00396222
4762 283 0.00120619 0.0127776
2811 134 0.00143701 0.00972432
2123 112 0.00104262 0.00385762
1840 101 0.00271306 0.00355111
4805 226 0.00115252 0.0111497
8717 535 0.0014324 0.0185384
5532 374 0.0014342 0.0145637
1233 107 0.000367404 0.00365504
5140 306 0.000836403 0.0122596
2779 129 0.00107379 0.00683983
2130 113 0.00116831 0.00941401
1779 91 0.00122368 0.00424575
4463 187 0.00142483 0.0124747
6574 409 0.00144603 0.0204479
5715 387 0.00162089 0.0138231
1260 106 0.000368281 0.00324242
5661 327 0.000882141 0.0151549
2646 127 0.000733725 0.00508698
1634 97 0.000948464 0.00529939
4534 191 0.00123014 0.0103104
10474 772 0.00209655 0.0317882
4621 326 0.00109495 0.0119311
1219 104 0.000346828 0.00302094
5571 327 0.000834682 0.0151205
2707 125 0.000722887 0.00484449
1638 88 0.000704998 0.00337056
2116 115 0.000850426 0.00411218
5286 232 0.00129686 0.0144688
4175 421 0.00139161 0.0117044
2923 176 0.00133543 0.0128697
1293 106 0.000398181 0.00542745
5261 327 0.000977093 0.0167003
2898 155 0.000516083 0.00566416
1490 94 0.000727701 0.00389512
2136 117 0.000889092 0.00984558
4982 240 0.00112395 0.0103904
7689 507 0.00143638 0.0230735
2456 163 0.000868644 0.0150624
1432 119 0.000438711 0.0142169
5735 333 0.000992127 0.0165223
2752 117 0.000937783 0.010109
2299 122 0.000978867 0.00506728
2329 149 0.000888216 0.00500508
7740 645 0.00146853 0.0197683
2175 143 0.000890994 0.00521718
4774 389 0.00178231 0.0131441
1497 144 0.000437714 0.00732272
5745 353 0.000988277 0.0219832
2866 135 0.00114253 0.00671674
1600 93 0.000902967 0.00485028
2120 118 0.00112058 0.00898222
3650 267 0.0010817 0.0103209
4881 336 0.00129446 0.0104192
3056 198 0.00125525 0.00817233
2912 154 0.000472905 0.00576733
1295 100 0.000486697 0.00312538
6621 340 0.00110941 0.0169271
2848 143 0.000903953 0.00848394
1852 100 0.00102584 0.00432427
1780 94 0.00118477 0.00685584
8177 600 0.00221819 0.0233909
1537 108 0.00122539 0.0116038
3326 283 0.00131146 0.00691245
1689 103 0.00135955 0.00363517
6894 413 0.00175959 0.0157004
1501 141 0.000366508 0.00405885
1936 120 0.000539854 0.00498089
5731 302 0.00107804 0.0159573
2711 125 0.000881716 0.00566296
1645 89 0.000898547 0.00521105
5588 497 0.00166954 0.0201043
1626 118 0.00120904 0.00457303
9688 685 0.00249905 0.0250386
2244 123 0.00107914 0.00678954
7251 428 0.00176996 0.014496
1441 120 0.000360616 0.00330882
1982 134 0.000504961 0.00445607
6398 338 0.0010048 0.0208626
2780 141 0.000721716 0.00762545
1701 90 0.000970103 0.00730775
5843 254 0.00168236 0.0140394
7051 447 0.00172694 0.0165214
2261 129 0.00106525 0.0063134
8106 473 0.00163264 0.0192734
1439 127 0.000369569 0.0035981
1791 119 0.000509244 0.00457208
5989 322 0.00105119 0.0173013
4371 196 0.001238 0.0106333
766 68 0.00236662 0.0118295
5783 279 0.00227194 0.0184475
7964 586 0.00123591 0.0211202
2308 127 0.0015494 0.00467254
6241 382 0.00155469 0.0161127
1377 122 0.000412721 0.00692514
1535 91 0.000513512 0.00519073
5470 275 0.00129375 0.0135193
2884 156 0.000980015 0.0125567
1726 85 0.00223666 0.00618329
6707 363 0.00173269 0.0157167
8275 604 0.00130674 0.0166023
2274 130 0.000974094 0.00443895
7108 392 0.001744 0.0166634
1272 116 0.000400642 0.00569577
1257 75 0.00052257 0.00445715
5933 289 0.00113476 0.0127667
2801 143 0.000894155 0.00693101
1731 89 0.00102601 0.00909079
6753 309 0.001061 0.013416
5526 415 0.00152653 0.0182346
2290 132 0.00122933 0.00774009
4248 328 0.00144534 0.0102223
1238 110 0.000344338 0.00728128
1880 121 0.00066548 0.00670128
6343 336 0.00109803 0.0171382
2720 126 0.00107883 0.00736112
6871 317 0.00121449 0.0196747
9037 576 0.00129554 0.0242577
2194 139 0.000901445 0.0054745
8647 527 0.00183191 0.0220597
1188 103 0.000434794 0.00374468
2318 159 0.000691491 0.00631471
6332 354 0.00133405 0.0171493
2689 123 0.000850677 0.00640612
6200 303 0.00125468 0.0160617
9093 597 0.00145961 0.0238758
2192 132 0.00138953 0.00581407
10095 650 0.00215457 0.0265639
1349 108 0.000416443 0.00812939
703 64 0.00050799 0.012387
2175 99 0.000627428 0.00413127
2385 140 0.000773881 0.00750033
2731 126 0.00141196 0.0053391
2118 113 0.00094966 0.00582681
8650 508 0.00148252 0.0188235
1713 140 0.00110709 0.00725442
1576 107 0.00137991 0.00443864
3590 171 0.00170863 0.0102402
2472 126 0.001247 0.00756707
4594 355 0.00267187 0.0134015
1404 107 0.000472256 0.00568332
1826 89 0.000661502 0.0136382
720 52 0.000773938 0.00673466
1905 107 0.000759702 0.00435943
2723 133 0.000970458 0.00712207
6083 458 0.00143761 0.0170932
1621 113 0.00106301 0.00567435
3865 182 0.00143894 0.00775516
1800 116 0.00141289 0.0080681
10236 663 0.00223411 0.0285053
1534 123 0.000321805 0.00610578
2130 98 0.000663955 0.00627896
2084 138 0.000893783 0.00836077
962 80 0.000873098 0.00494221
2725 133 0.000989202 0.00810246
6288 665 0.0015804 0.0224267
1332 95 0.000807653 0.0120101
3977 183 0.00160826 0.0143593
2295 125 0.00106683 0.0158004
8125 460 0.00128942 0.0183361
1393 120 0.00053496 0.00455064
868 72 0.000426467 0.00532375
2171 104 0.000656826 0.00635759
2150 108 0.000869252 0.00627165
2674 122 0.00117989 0.00660133
1751 96 0.00106354 0.00545467
6004 371 0.00108774 0.0168714
1578 115 0.00138933 0.00542768
3786 189 0.00186449 0.0115234
2308 133 0.0013834 0.00545721
6793 406 0.00178791 0.0167304
1424 115 0.000355609 0.0119153
1428 67 0.000505253 0.00338418
3939 189 0.000880116 0.012696
2697 126 0.000937201 0.0158308
2900 157 0.00114442 0.00723409
1676 92 0.00115837 0.00501562
4933 238 0.00165287 0.0156465
1411 100 0.00131874 0.00405209
3548 178 0.00144241 0.00887029
5596 300 0.00170931 0.0112478
1507 114 0.000384914 0.0041651
2445 153 0.000594146 0.010072
2694 139 0.000786846 0.00636403
1915 109 0.000901352 0.00558322
5191 262 0.00139251 0.0154852
1600 121 0.00119209 0.0066605
3887 185 0.00149765 0.0146623
5357 364 0.00219164 0.0133424
134 14 0.00108481 0.00070725
1377 113 0.000363047 0.00385247
2800 182 0.000634274 0.00909491
2692 158 0.000681755 0.00567995
3165 184 0.000908839 0.00716472
5880 376 0.00130894 0.0182273
1860 131 0.00116954 0.0101367
4150 215 0.00138322 0.0123246
5744 410 0.00235486 0.0192759
165 15 0.00141607 0.0065733
1423 121 0.000620606 0.00371248
2750 167 0.000616886 0.00720922
2316 154 0.000710762 0.00575887
2766 131 0.000842951 0.0059965
1881 108 0.00106896 0.00455731
4697 233 0.00132713 0.00993313
1578 103 0.00113393 0.00464607
4988 393 0.0015512 0.0150894
2393 129 0.00162481 0.0178092
9397 571 0.00180291 0.0210753
1299 106 0.000494635 0.00506994
2872 159 0.000760868 0.00978256
2256 151 0.00084772 0.00609029
2634 126 0.000981549 0.00689997
2210 120 0.00110089 0.00496126
4417 231 0.00125094 0.00904433
1720 109 0.00115164 0.00433302
4386 326 0.00150697 0.0120746
2646 133 0.00148514 0.00687953
8082 493 0.00216586 0.0224832
1255 110 0.0004538 0.00398655
2883 185 0.000779091 0.0129414
1998 119 0.000493088 0.00649197
2822 151 0.00082669 0.00881787
1995 114 0.000876171 0.00435841
3638 202 0.00112586 0.00949733
1643 111 0.00109141 0.00401503
3935 282 0.00133998 0.00938602
2380 134 0.00134562 0.0116892
5860 481 0.00203649 0.0229541
142 15 0.00147999 0.00244025
1361 115 0.000653173 0.00418793
3206 174 0.00075634 0.00751221
2104 120 0.000781521 0.0057255
2793 130 0.00132048 0.00822944
1809 103 0.000994923 0.00809053
4935 239 0.00123775 0.0113061
1326 89 0.00103708 0.00499499
3957 283 0.00137334 0.00979986
2458 128 0.00135198 0.0062054
4343 246 0.00163057 0.0103744
194 22 0.00101306 0.000949455
1372 103 0.000318804 0.00592649
2426 147 0.000450501 0.00584148
2559 117 0.000709506 0.0129754
1645 96 0.0010635 0.00436715
5152 328 0.00145617 0.0183928
428 61 0.000817058 0.00180379
2769 206 0.00109553 0.0063866
2493 140 0.00119884 0.00451821
1434 121 0.00037665 0.00625051
2367 149 0.000594311 0.00803705
2783 129 0.000608064 0.00490096
1876 107 0.000743464 0.00413462
5235 426 0.00124876 0.0177334
8067 568 0.00151263 0.0216356
4999 315 0.00130336 0.0114861
1511 124 0.000413619 0.00443296
3091 190 0.000799835 0.0167974
2566 159 0.00250962 0.0126221
5782 731 0.00082468 0.0177337
1968 186 0.000764121 0.0118011
4536 373 0.00130135 0.0183875
5643 391 0.00116045 0.0175304
1496 119 0.000449546 0.0109204
1907 101 0.000667392 0.00580347
2544 137 0.00089192 0.0129005
2742 128 0.000832019 0.0121349
4947 321 0.00106665 0.0126266
8056 587 0.00190681 0.0187579
4481 259 0.00101799 0.0143015
1276 110 0.00040793 0.00883055
2009 113 0.000583884 0.0141332
2001 114 0.000853854 0.00508867
2672 128 0.000795982 0.00578414
1594 87 0.000788802 0.00496991
3373 204 0.00106688 0.00928691
6538 474 0.00135143 0.0181537
1723 113 0.000770231 0.00603364
2139 131 0.00129161 0.00579146
9886 574 0.0023455 0.0230435
1124 103 0.000327163 0.0100766
2216 119 0.000670345 0.0140281
1205 69 0.000427528 0.00348946
2671 128 0.000804254 0.00947281
1662 94 0.000802361 0.00911441
2628 183 0.000817861 0.0140918
6935 448 0.00124013 0.0187096
2096 110 0.000949293 0.0044475
9876 602 0.00191158 0.0254273
1324 112 0.000349671 0.00305581
2444 114 0.000546228 0.0056498
2310 147 0.00069708 0.00538381
2550 111 0.000976997 0.00595248
2184 115 0.000906687 0.00555102
3730 165 0.00113399 0.00751135
8609 523 0.00175016 0.0276597
2532 127 0.00106711 0.00605921
7414 426 0.00214449 0.0166661
1324 113 0.000366827 0.00319298
2376 116 0.000580032 0.00692397
2526 163 0.000726518 0.0103137
2660 140 0.000832555 0.00802945
1870 103 0.00109504 0.00485154
2971 114 0.0011693 0.00828769
6054 427 0.00162448 0.0213293
2392 133 0.000969484 0.0108512
5505 355 0.00235287 0.0140064
1325 115 0.000361436 0.00556801
2257 114 0.000559473 0.00592261
1144 70 0.000597784 0.00306236
2654 133 0.00079488 0.00809843
7021 462 0.00125207 0.0199516
3189 247 0.000753674 0.00952998
1886 108 0.00112629 0.0069197
7030 374 0.0017482 0.0127678
1261 112 0.000371966 0.00466504
2266 127 0.000868021 0.00926234
1003 69 0.000514062 0.00249965
2843 141 0.000770375 0.0078128
1229 73 0.00171588 0.00545945
7457 665 0.00141502 0.0206328
4723 458 0.00101928 0.0142085
1538 116 0.00127584 0.00409104
1256 89 0.00131034 0.00902053
10108 586 0.0023123 0.0239081
1537 141 0.000426853 0.00524357
2054 137 0.000622117 0.0116502
2789 134 0.000489674 0.00669547
953 70 0.000609124 0.00895208
7611 485 0.00136913 0.0201881
1904 132 0.000736713 0.00696314
6717 465 0.00156562 0.0172577
1939 120 0.00109754 0.0102024
8225 515 0.00175548 0.0204299
1290 118 0.000416718 0.00548158
2006 134 0.000627089 0.00625074
929 64 0.000698288 0.00547313
2725 134 0.000808864 0.00513883
8367 508 0.00131926 0.0209953
1977 132 0.00109586 0.00502857
8019 486 0.00164127 0.0159388
1921 105 0.00128373 0.00717766
8261 503 0.00194226 0.0180286
1410 125 0.000405433 0.0068733
1832 108 0.000650361 0.0147675
2733 132 0.00081159 0.0111259
10571 893 0.00115634 0.0239648
1848 128 0.000833335 0.00495796
7810 501 0.00152477 0.0171246
2126 123 0.000974695 0.00464681
5028 323 0.00152888 0.0156803
1387 120 0.000371534 0.00480754
2005 127 0.000565587 0.00782678
591 40 0.000564199 0.00218726
2699 121 0.000999211 0.00556249
6793 822 0.00129082 0.0227006
7748 582 0.00109479 0.0170662
1912 112 0.00106398 0.00773073
9591 576 0.00175069 0.021269
1119 90 0.000320024 0.00807351
2440 119 0.000692389 0.0107749
6065 403 0.00109828 0.0165364
4508 232 0.000838212 0.00971469
5747 501 0.00145311 0.0168102
7521 376 0.000965741 0.0176022
1356 106 0.000667433 0.00612101
2411 120 0.00073937 0.00704823
1382 80 0.00081727 0.00391015
5876 342 0.00151186 0.0193427
1543 110 0.000899935 0.00346324
4332 224 0.00124149 0.0137638
5018 362 0.00133165 0.0124029
1385 106 0.000377471 0.00362567
2623 134 0.000630474 0.00591986
1659 74 0.0006492 0.00348513
6707 435 0.00124738 0.0213928
1663 108 0.000695747 0.0114056
4290 224 0.00150685 0.0225388
4890 386 0.00122653 0.0209331
1373 101 0.00040647 0.00662349
2934 141 0.000610752 0.00715094
2426 136 0.000716624 0.00811484
2543 119 0.000909741 0.00534166
1478 82 0.000855857 0.00325939
8637 518 0.00173539 0.0249849
1899 155 0.00142457 0.00739577
4303 338 0.00178322 0.0143781
5151 383 0.00142862 0.00983833
1052 108 0.000302736 0.00257067
2641 160 0.00054242 0.00795669
6026 348 0.00105357 0.0185268
2911 142 0.00056905 0.00844741
1947 109 0.0010923 0.00494902
1418 75 0.00120439 0.00310954
4931 365 0.00155469 0.0119597
1519 147 0.00124856 0.00474084
9311 597 0.0021445 0.0239663
2015 104 0.00142228 0.00480583
7987 484 0.00192877 0.0141132
938 81 0.000318344 0.00221633
2505 147 0.000519556 0.00674502
5938 349 0.00106921 0.0171854
2732 126 0.000922516 0.00557715
1951 120 0.00100376 0.00938592
1385 75 0.00140755 0.00365055
6003 273 0.00170118 0.0160584
8938 673 0.00156967 0.0299622
6852 352 0.00133621 0.0125665
6120 354 0.00182839 0.0142644
2708 154 0.000477053 0.0105275
4689 311 0.00120526 0.0154188
2572 120 0.00086829 0.0061565
2330 126 0.00124148 0.00592122
1465 70 0.00103422 0.00356904
1301 124 0.00120658 0.00521733
3397 249 0.00122073 0.00925804
1999 169 0.00120244 0.00522408
3743 252 0.00136356 0.0121188
1512 108 0.00151377 0.00364153
7513 408 0.00176812 0.0142357
7407 357 0.00100568 0.0177347
3050 214 0.000791929 0.0107577
2191 125 0.00103034 0.00813049
2368 107 0.000955859 0.0063313
2158 125 0.00106275 0.00580155
1800 93 0.00118979 0.00764106
8660 497 0.00155211 0.0198595
1507 77 0.000979113 0.0080408
10696 634 0.00190228 0.0200812
2059 126 0.00115053 0.00713102
8649 520 0.00203493 0.0215874
4772 319 0.000839734 0.0126895
2888 163 0.000725964 0.0103482
2215 130 0.000837157 0.00769643
2822 154 0.000840007 0.0070424
1562 80 0.000812114 0.00443533
2490 136 0.00101321 0.00549216
6777 416 0.00160205 0.0166953
1618 163 0.00107652 0.00372891
5913 267 0.00153139 0.0149295
2311 119 0.00141432 0.00865246
1841 124 0.00160857 0.00449193
8089 469 0.00241994 0.0203314
4926 335 0.000890523 0.0181681
2272 116 0.000526309 0.00655393
2458 140 0.000707348 0.00524091
2484 120 0.000828511 0.00649562
1392 77 0.000844741 0.00611469
2700 147 0.00110084 0.00557414
7135 429 0.00157531 0.0179495
2060 97 0.00136314 0.00391685
1517 113 0.00135967 0.0041757
5660 527 0.00192577 0.0199965
1767 117 0.00138225 0.00450539
9550 603 0.00255845 0.0229822
4743 309 0.000721883 0.0110133
2554 136 0.000615458 0.00614459
2321 134 0.000676717 0.00812496
1321 77 0.00073707 0.00333155
2586 143 0.000968356 0.00585257
7373 449 0.00149062 0.0234947
1781 85 0.00136478 0.00651639
1535 111 0.000917268 0.00544825
5898 341 0.00167133 0.015173
1703 111 0.00163004 0.00898093
1300 68 0.00134191 0.00276652
4839 327 0.000704633 0.0124972
2221 114 0.000593626 0.00868173
2496 153 0.000750262 0.00924129
2449 112 0.000715959 0.00481777
1439 77 0.000877063 0.00471152
2615 143 0.00113131 0.00831518
1612 78 0.00115822 0.00332438
8272 435 0.00176689 0.0224968
11720 798 0.00211711 0.0317121
6170 305 0.00123541 0.0127826
1540 102 0.00150328 0.00358929
5815 453 0.00202587 0.0125
3931 206 0.00122836 0.00842856
2564 144 0.000542276 0.015394
2365 114 0.000631099 0.00617353
1022 51 0.000684191 0.00329866
1374 68 0.000823003 0.0103512
2606 135 0.00113154 0.00743932
3256 266 0.00135246 0.00954361
3335 296 0.00155527 0.0162032
5835 353 0.00163784 0.0149341
4910 401 0.00159872 0.0119066
871 63 0.00030131 0.00231879
2708 134 0.000589461 0.00592018
3307 201 0.000840809 0.0139634
1245 61 0.00071783 0.00820115
8800 586 0.00150241 0.0235652
10877 797 0.00164826 0.0280524
2219 135 0.000695342 0.00640902
8745 516 0.00153528 0.0228746
2737 128 0.000470628 0.0062269
3319 196 0.000688037 0.0074988
2436 142 0.000760844 0.00834686
887 63 0.000884217 0.00254609
1235 67 0.000877382 0.0048934
6671 286 0.00153989 0.016675
4577 460 0.00146364 0.0107329
1915 113 0.00116319 0.00579628
9136 587 0.00181028 0.019138
9397 801 0.00126678 0.0278357
3873 215 0.000565239 0.00859842
930 63 0.000640685 0.011569
2459 115 0.000967532 0.0106887
1263 69 0.000945829 0.00385122
9318 648 0.00171394 0.021346
10347 711 0.0014957 0.0283152
2009 117 0.000968108 0.00903136
6864 532 0.00203661 0.0198807
3832 222 0.000753492 0.0111154
933 63 0.000421445 0.00292643
2458 115 0.000631518 0.00461521
1269 64 0.000678599 0.00316942
6849 437 0.0012345 0.0173026
7389 547 0.00120711 0.0153421
1697 122 0.00105217 0.0108119
8445 506 0.00185703 0.0216832
3838 208 0.000578123 0.0101842
2480 116 0.00087267 0.00491269
1014 52 0.000716357 0.00215347
1622 82 0.000720466 0.00713206
4614 313 0.00115074 0.0129441
8852 625 0.00159205 0.0215838
5657 429 0.00141599 0.0121251
3883 213 0.000671101 0.0183934
2116 106 0.000951738 0.0103019
520 30 0.00084834 0.00479366
1380 74 0.00107964 0.00438384
5898 386 0.00145122 0.0118045
10396 755 0.00159989 0.0242023
5340 347 0.00113784 0.0107522
2467 110 0.000506388 0.00970086
573 33 0.000518953 0.00208998
2458 121 0.000891467 0.00614297
2562 142 0.000973793 0.00665874
3081 155 0.00115649 0.0110855
1166 65 0.000894394 0.00274194
2346 157 0.00111581 0.00860976
4467 371 0.00140289 0.0185001
1342 103 0.000860509 0.0035347
9714 737 0.00204011 0.0248216
5687 356 0.00228244 0.0213537
2401 131 0.00446194 0.0125834
2495 119 0.000769175 0.0119388
912 47 0.000443173 0.00194218
1428 75 0.00070383 0.00298963
2357 167 0.00278247 0.00692767
5173 495 0.00128141 0.0153743
5898 485 0.00132987 0.0208093
5497 371 0.00110896 0.0178091
960 53 0.000415284 0.0109194
2334 130 0.00151827 0.0122808
2418 118 0.00106135 0.00577712
4863 257 0.0013426 0.0185443
1558 79 0.00105842 0.0117509
2352 159 0.00110454 0.00826735
4795 378 0.00198904 0.0119766
9381 649 0.00157823 0.0277112
5376 326 0.00140996 0.0176242
13816 726 0.00193981 0.0314982
4331 196 0.000765944 0.00811007
6169 459 0.00218667 0.0153367
2174 150 0.00080094 0.00600807
11588 949 0.00188253 0.0331102
3152 195 0.00120106 0.0108531
897 63 0.0011434 0.00236606
14012 771 0.00140065 0.0289068
4281 205 0.00059257 0.0172539
1877 152 0.000694197 0.00639587
4472 412 0.00109793 0.0122138
9096 691 0.00155615 0.0256101
3279 185 0.00101617 0.00926692
902 64 0.00096175 0.00484133
14149 831 0.00139287 0.02642
4466 198 0.000795128 0.00826072
1451 103 0.000594676 0.00601555
4437 300 0.00106153 0.0144582
8518 553 0.00134273 0.0193203
2998 177 0.00111063 0.009677
921 59 0.000952293 0.00226486
#/home/michal/Dropbox/study/university/kth/thesis/data/features/annotations/0,01/featuredata_pfh_uniform_2015-05-26_14-47-09.txt
2303 130 0 0.3218
1563 93 0 0.247927
2633 126 0 0.24066
9165 816 0 1.12427
2428 145 0 0.196034
3896 296 0 0.237292
1769 114 0 0.230063
9301 563 0 0.911913
2055 112 0 0.297842
1510 81 0 0.227812
2595 124 0 0.175064
7522 496 0 0.733241
2235 141 0 0.167385
4319 341 0 0.260314
1691 115 0 0.143762
8188 494 0 0.695613
2329 120 0 0.389796
1651 82 0 0.143144
2758 122 0 0.235331
7509 381 0 1.17443
5575 393 0 0.687773
2888 175 0 0.144752
6641 383 0 0.606607
2792 140 0 0.467397
2588 143 0 0.40624
2529 122 0 0.344651
7305 383 0 1.08381
10126 555 0 1.40432
9631 559 0 1.50128
6001 684 0 0.28918
3136 236 0 0.197004
2137 141 0 0.158972
3640 215 0 0.26634
2592 133 0 0.202785
3126 138 0 0.24824
7064 361 0 0.931808
6649 342 0 0.631823
1777 116 0 0.245182
9172 534 0 1.10315
2595 153 0 0.42138
2501 128 0 0.170544
2526 120 0 0.206657
5366 513 0 0.267946
10459 775 0 1.07424
2034 133 0 0.166814
7314 404 0 0.381696
1401 104 0 0.0696872
2290 135 0 0.206559
1784 78 0 0.156805
2729 128 0 0.238933
2937 147 0 0.207853
10349 773 0 0.678444
1438 98 0 0.110042
1746 89 0 0.085592
1653 134 0 0.0887781
2675 136 0 0.254657
2834 130 0 0.232355
4346 219 0 0.306437
6216 470 0 0.355799
1818 107 0 0.0845094
1452 105 0 0.0678658
2354 128 0 0.205296
2698 121 0 0.196012
4312 216 0 0.280857
9670 777 0 0.597165
2242 127 0 0.170502
7827 431 0 0.415614
4687 311 0 0.271567
2588 132 0 0.184601
2654 116 0 0.202678
1492 80 0 0.094684
4530 382 0 0.216215
5283 398 0 0.445331
260 22 0 0.026883
1153 113 0 0.0532144
2435 134 0 0.315442
2130 124 0 0.32194
867 78 0 0.052339
2654 134 0 0.27214
1680 84 0 0.101957
5631 394 0 0.296437
6422 508 0 0.375401
1775 135 0 0.151181
244 17 0 0.00964051
3905 199 0 0.235252
1256 102 0 0.056043
2358 131 0 0.168154
2536 125 0 0.169062
1923 109 0 0.226267
6121 350 0 0.458218
2603 120 0 0.147133
282 24 0 0.0172386
2069 103 0 0.108152
1334 111 0 0.0533511
2454 129 0 0.176254
2674 121 0 0.20417
1915 115 0 0.150358
6193 381 0 0.527801
2578 134 0 0.15121
246 20 0 0.0133874
2065 124 0 0.113562
1254 101 0 0.0502091
2389 138 0 0.198026
2631 122 0 0.221286
1675 91 0 0.126694
5826 347 0 0.464168
2991 146 0 0.175934
255 19 0 0.0142334
2777 162 0 0.208454
1322 119 0 0.0561291
907 84 0 0.0434014
2505 132 0 0.200015
2150 118 0 0.257067
2677 140 0 0.384634
1440 75 0 0.0896378
3505 192 0 0.250795
5120 437 0 0.362018
5431 288 0 0.334015
6741 436 0 0.479398
8424 536 0 0.479246
1035 72 0 0.063046
2255 118 0 0.149943
2073 119 0 0.184307
4365 224 0 0.328992
1838 118 0 0.109975
1316 69 0 0.106758
2562 119 0 0.197612
5736 499 0 0.416823
2160 108 0 0.140807
264 27 0 0.0131451
2248 129 0 0.121496
1259 110 0 0.0556668
2252 110 0 0.180858
1991 99 0 0.131866
2556 126 0 0.20971
1809 104 0 0.132465
6349 503 0 0.571569
3111 153 0 0.208066
2452 128 0 0.209585
233 20 0 0.011641
7306 406 0 0.404987
1422 110 0 0.0636445
4603 267 0 0.344932
2720 129 0 0.225034
2110 118 0 0.150843
1949 102 0 0.137218
9550 662 0 0.824206
1650 115 0 0.0834496
9406 822 0 0.59143
7046 456 0 0.39506
1261 103 0 0.0602205
6099 353 0 0.633705
2740 123 0 0.230968
2159 117 0 0.164314
1995 109 0 0.144536
8679 600 0 0.704322
5836 550 0 0.287474
1263 90 0 0.0557985
5419 364 0 0.291446
1422 101 0 0.056654
5054 300 0 0.46279
3007 151 0 0.313531
2150 109 0 0.166297
1897 95 0 0.131653
3755 206 0 0.236764
4346 203 0 0.267645
5631 360 0 0.453357
1310 106 0 0.0629774
4762 283 0 0.384457
2811 134 0 0.257065
2123 112 0 0.194751
1840 101 0 0.129817
4805 226 0 0.511649
8717 535 0 0.752494
5532 374 0 0.473747
1233 107 0 0.0526416
5140 306 0 0.50073
2779 129 0 0.284257
2130 113 0 0.167191
1779 91 0 0.118221
4463 187 0 0.457537
6574 409 0 0.640351
5715 387 0 0.300739
1260 106 0 0.055159
5661 327 0 0.46128
2646 127 0 0.191174
1634 97 0 0.151134
4534 191 0 0.335858
10474 772 0 0.944274
4621 326 0 0.289135
1219 104 0 0.0609123
5571 327 0 0.448162
2707 125 0 0.212134
1638 88 0 0.110998
2116 115 0 0.144002
5286 232 0 0.541828
4175 421 0 0.252633
2923 176 0 0.174625
1293 106 0 0.0498526
5261 327 0 0.457711
2898 155 0 0.423663
1490 94 0 0.089839
2136 117 0 0.157175
4982 240 0 0.413095
7689 507 0 0.575515
2456 163 0 0.15989
1432 119 0 0.0746069
5735 333 0 0.437743
2752 117 0 0.309791
2299 122 0 0.161491
2329 149 0 0.171722
7740 645 0 0.741014
2175 143 0 0.284721
4774 389 0 0.545971
1497 144 0 0.0740158
5745 353 0 0.662076
2866 135 0 0.297247
1600 93 0 0.195899
2120 118 0 0.17249
3650 267 0 0.252908
4881 336 0 0.314936
3056 198 0 0.142297
2912 154 0 0.283403
1295 100 0 0.133129
6621 340 0 0.943512
2848 143 0 0.201297
1852 100 0 0.136475
1780 94 0 0.133739
8177 600 0 0.597322
1537 108 0 0.0805513
3326 283 0 0.146557
1689 103 0 0.107033
6894 413 0 0.561406
1501 141 0 0.0705959
1936 120 0 0.232147
5731 302 0 0.489796
2711 125 0 0.203474
1645 89 0 0.120542
5588 497 0 0.284389
1626 118 0 0.112552
9688 685 0 0.65949
2244 123 0 0.160681
7251 428 0 0.499089
1441 120 0 0.0651163
1982 134 0 0.144639
6398 338 0 0.677976
2780 141 0 0.237022
1701 90 0 0.126299
5843 254 0 0.542881
7051 447 0 0.766464
2261 129 0 0.351409
8106 473 0 0.538518
1439 127 0 0.0769189
1791 119 0 0.146955
5989 322 0 0.635841
4371 196 0 0.29994
766 68 0 0.0344214
5783 279 0 0.719419
7964 586 0 0.748843
2308 127 0 0.371073
6241 382 0 0.843373
1377 122 0 0.131784
1535 91 0 0.116755
5470 275 0 0.460267
2884 156 0 0.210401
1726 85 0 0.139498
6707 363 0 0.643913
8275 604 0 0.61101
2274 130 0 0.165885
7108 392 0 0.388918
1272 116 0 0.0539957
1257 75 0 0.0977249
5933 289 0 0.646625
2801 143 0 0.224775
1731 89 0 0.123659
6753 309 0 0.752764
5526 415 0 0.590047
2290 132 0 0.182227
4248 328 0 0.333799
1238 110 0 0.0723906
1880 121 0 0.168526
6343 336 0 0.808874
2720 126 0 0.423192
6871 317 0 1.19695
9037 576 0 1.03404
2194 139 0 0.204027
8647 527 0 0.804008
1188 103 0 0.0510882
2318 159 0 0.157483
6332 354 0 0.696517
2689 123 0 0.242243
6200 303 0 0.651156
9093 597 0 0.797546
2192 132 0 0.179605
10095 650 0 0.941986
1349 108 0 0.138943
703 64 0 0.0330353
2175 99 0 0.238977
2385 140 0 0.169764
2731 126 0 0.270539
2118 113 0 0.330292
8650 508 0 1.20741
1713 140 0 0.257683
1576 107 0 0.0927259
3590 171 0 0.279952
2472 126 0 0.321287
4594 355 0 0.544636
1404 107 0 0.137543
1826 89 0 0.144665
720 52 0 0.0327416
1905 107 0 0.16278
2723 133 0 0.242882
6083 458 0 0.630864
1621 113 0 0.253174
3865 182 0 0.337711
1800 116 0 0.2594
10236 663 0 1.04714
1534 123 0 0.156116
2130 98 0 0.194592
2084 138 0 0.163349
962 80 0 0.0581096
2725 133 0 0.331903
6288 665 0 0.451871
1332 95 0 0.112876
3977 183 0 0.262998
2295 125 0 0.16779
8125 460 0 0.604516
1393 120 0 0.0810252
868 72 0 0.0642785
2171 104 0 0.21448
2150 108 0 0.141057
2674 122 0 0.189093
1751 96 0 0.121071
6004 371 0 0.501785
1578 115 0 0.103795
3786 189 0 0.236309
2308 133 0 0.180414
6793 406 0 0.453178
1424 115 0 0.0744994
1428 67 0 0.177299
3939 189 0 0.252238
2697 126 0 0.198249
2900 157 0 0.190073
1676 92 0 0.116006
4933 238 0 0.601509
1411 100 0 0.195547
3548 178 0 0.225993
5596 300 0 0.353477
1507 114 0 0.0952408
2445 153 0 0.187638
2694 139 0 0.20593
1915 109 0 0.123833
5191 262 0 0.527643
1600 121 0 0.175071
3887 185 0 0.264806
5357 364 0 0.269513
134 14 0 0.00551175
1377 113 0 0.0654205
2800 182 0 0.309547
2692 158 0 0.18107
3165 184 0 0.228033
5880 376 0 0.459704
1860 131 0 0.122976
4150 215 0 0.288413
5744 410 0 0.343592
165 15 0 0.0112516
1423 121 0 0.0692668
2750 167 0 0.220622
2316 154 0 0.187705
2766 131 0 0.223894
1881 108 0 0.124397
4697 233 0 0.393175
1578 103 0 0.0882902
4988 393 0 0.293265
2393 129 0 0.248475
9397 571 0 0.469877
1299 106 0 0.0578826
2872 159 0 0.253413
2256 151 0 0.181312
2634 126 0 0.220164
2210 120 0 0.154307
4417 231 0 0.329825
1720 109 0 0.100914
4386 326 0 0.304206
2646 133 0 0.261021
8082 493 0 0.741175
1255 110 0 0.0611733
2883 185 0 0.208552
1998 119 0 0.130986
2822 151 0 0.241167
1995 114 0 0.255457
3638 202 0 0.267622
1643 111 0 0.103703
3935 282 0 0.263496
2380 134 0 0.199072
5860 481 0 0.339094
142 15 0 0.00895418
1361 115 0 0.0671106
3206 174 0 0.249901
2104 120 0 0.160051
2793 130 0 0.1932
1809 103 0 0.132892
4935 239 0 0.564708
1326 89 0 0.096146
3957 283 0 0.263863
2458 128 0 0.259727
4343 246 0 0.222744
194 22 0 0.0118904
1372 103 0 0.0789984
2426 147 0 0.196668
2559 117 0 0.18919
1645 96 0 0.10384
5152 328 0 0.391171
428 61 0 0.0210896
2769 206 0 0.168214
2493 140 0 0.199422
1434 121 0 0.140192
2367 149 0 0.197503
2783 129 0 0.247223
1876 107 0 0.168832
5235 426 0 0.392894
8067 568 0 0.596402
4999 315 0 0.3137
1511 124 0 0.081315
3091 190 0 0.300344
2566 159 0 0.169889
5782 731 0 0.586352
1968 186 0 0.224449
4536 373 0 0.382068
5643 391 0 0.362824
1496 119 0 0.0740799
1907 101 0 0.141377
2544 137 0 0.165062
2742 128 0 0.22773
4947 321 0 0.34796
8056 587 0 0.492441
4481 259 0 0.306782
1276 110 0 0.114608
2009 113 0 0.144568
2001 114 0 0.130264
2672 128 0 0.198958
1594 87 0 0.0973224
3373 204 0 0.231855
6538 474 0 0.669367
1723 113 0 0.112238
2139 131 0 0.148041
9886 574 0 0.602435
1124 103 0 0.0952316
2216 119 0 0.36857
1205 69 0 0.205451
2671 128 0 0.313575
1662 94 0 0.175637
2628 183 0 0.203382
6935 448 0 0.801819
2096 110 0 0.136325
9876 602 0 0.797332
1324 112 0 0.114766
2444 114 0 0.189871
2310 147 0 0.167104
2550 111 0 0.167538
2184 115 0 0.17421
3730 165 0 0.441885
8609 523 0 0.776909
2532 127 0 0.237727
7414 426 0 0.506333
1324 113 0 0.0624704
2376 116 0 0.166606
2526 163 0 0.173825
2660 140 0 0.305815
1870 103 0 0.117352
2971 114 0 0.333538
6054 427 0 0.534867
2392 133 0 0.45543
5505 355 0 0.660811
1325 115 0 0.115159
2257 114 0 0.160023
1144 70 0 0.104732
2654 133 0 0.245033
7021 462 0 0.766511
3189 247 0 0.184748
1886 108 0 0.146096
7030 374 0 0.380215
1261 112 0 0.0566507
2266 127 0 0.178837
1003 69 0 0.0535843
2843 141 0 0.345648
1229 73 0 0.201736
7457 665 0 0.494317
4723 458 0 0.217265
1538 116 0 0.0829811
1256 89 0 0.0843741
10108 586 0 0.627139
1537 141 0 0.0589154
2054 137 0 0.155122
2789 134 0 0.199482
953 70 0 0.0548816
7611 485 0 0.589665
1904 132 0 0.127896
6717 465 0 0.464766
1939 120 0 0.129443
8225 515 0 0.591032
1290 118 0 0.0589095
2006 134 0 0.160233
929 64 0 0.0471943
2725 134 0 0.261385
8367 508 0 0.701072
1977 132 0 0.151822
8019 486 0 0.894814
1921 105 0 0.14936
8261 503 0 0.48081
1410 125 0 0.061968
1832 108 0 0.204427
2733 132 0 0.202973
10571 893 0 0.974921
1848 128 0 0.123456
7810 501 0 0.721752
2126 123 0 0.285207
5028 323 0 0.441904
1387 120 0 0.074835
2005 127 0 0.1486
591 40 0 0.0357149
2699 121 0 0.256372
6793 822 0 0.372932
7748 582 0 0.468343
1912 112 0 0.139749
9591 576 0 0.739831
1119 90 0 0.0529153
2440 119 0 0.296385
6065 403 0 0.525629
4508 232 0 0.443466
5747 501 0 0.294423
7521 376 0 0.771186
1356 106 0 0.0876253
2411 120 0 0.179364
1382 80 0 0.0848909
5876 342 0 0.561674
1543 110 0 0.0822386
4332 224 0 0.370371
5018 362 0 0.241967
1385 106 0 0.0719795
2623 134 0 0.327817
1659 74 0 0.185022
6707 435 0 0.426749
1663 108 0 0.0954672
4290 224 0 0.455464
4890 386 0 0.479588
1373 101 0 0.130199
2934 141 0 0.250985
2426 136 0 0.220478
2543 119 0 0.187422
1478 82 0 0.0911562
8637 518 0 0.997224
1899 155 0 0.197283
4303 338 0 0.301315
5151 383 0 0.51115
1052 108 0 0.0430695
2641 160 0 0.265876
6026 348 0 0.854446
2911 142 0 0.288876
1947 109 0 0.157643
1418 75 0 0.0922373
4931 365 0 0.38859
1519 147 0 0.0891325
9311 597 0 1.0929
2015 104 0 0.306888
7987 484 0 0.867456
938 81 0 0.059923
2505 147 0 0.233914
5938 349 0 0.772822
2732 126 0 0.433437
1951 120 0 0.302961
1385 75 0 0.170594
6003 273 0 0.663422
8938 673 0 0.880134
6852 352 0 0.643479
6120 354 0 0.494368
2708 154 0 0.408442
4689 311 0 0.653464
2572 120 0 0.397703
2330 126 0 0.348907
1465 70 0 0.175526
1301 124 0 0.0659842
3397 249 0 0.443075
1999 169 0 0.100912
3743 252 0 0.257953
1512 108 0 0.209954
7513 408 0 0.698918
7407 357 0 0.980625
3050 214 0 0.32901
2191 125 0 0.301332
2368 107 0 0.292307
2158 125 0 0.355467
1800 93 0 0.119008
8660 497 0 0.874655
1507 77 0 0.0884557
10696 634 0 1.36378
2059 126 0 0.157368
8649 520 0 0.773704
4772 319 0 0.534207
2888 163 0 0.206894
2215 130 0 0.196002
2822 154 0 0.274689
1562 80 0 0.203438
2490 136 0 0.264872
6777 416 0 0.807089
1618 163 0 0.0733865
5913 267 0 0.662543
2311 119 0 0.129538
1841 124 0 0.153635
8089 469 0 0.44668
4926 335 0 0.406563
2272 116 0 0.352231
2458 140 0 0.42515
2484 120 0 0.217455
1392 77 0 0.095588
2700 147 0 0.257366
7135 429 0 0.850468
2060 97 0 0.237214
1517 113 0 0.0946355
5660 527 0 0.464128
1767 117 0 0.267476
9550 603 0 1.07992
4743 309 0 0.661874
2554 136 0 0.375604
2321 134 0 0.427702
1321 77 0 0.170681
2586 143 0 0.258318
7373 449 0 1.04845
1781 85 0 0.0955878
1535 111 0 0.0896885
5898 341 0 0.625641
1703 111 0 0.148187
1300 68 0 0.0651624
4839 327 0 0.600397
2221 114 0 0.34607
2496 153 0 0.448449
2449 112 0 0.381836
1439 77 0 0.0938017
2615 143 0 0.258666
1612 78 0 0.0985535
8272 435 0 0.953084
11720 798 0 1.50406
6170 305 0 0.624201
1540 102 0 0.105389
5815 453 0 0.508793
3931 206 0 0.311442
2564 144 0 0.270823
2365 114 0 0.235336
1022 51 0 0.0696926
1374 68 0 0.0880358
2606 135 0 0.26935
3256 266 0 0.259866
3335 296 0 0.30776
5835 353 0 0.821437
4910 401 0 0.396534
871 63 0 0.0912888
2708 134 0 0.456208
3307 201 0 0.628613
1245 61 0 0.162844
8800 586 0 0.829631
10877 797 0 1.44594
2219 135 0 0.178953
8745 516 0 0.602206
2737 128 0 0.427224
3319 196 0 0.457006
2436 142 0 0.236169
887 63 0 0.046921
1235 67 0 0.0926922
6671 286 0 0.860635
4577 460 0 0.290654
1915 113 0 0.145795
9136 587 0 0.739576
9397 801 0 0.764962
3873 215 0 0.58103
930 63 0 0.0504536
2459 115 0 0.189199
1263 69 0 0.0822727
9318 648 0 0.776643
10347 711 0 0.707341
2009 117 0 0.146857
6864 532 0 0.414048
3832 222 0 0.360548
933 63 0 0.0511301
2458 115 0 0.19199
1269 64 0 0.0838753
6849 437 0 0.474792
7389 547 0 0.520989
1697 122 0 0.126622
8445 506 0 0.45014
3838 208 0 0.54281
2480 116 0 0.199
1014 52 0 0.0811991
1622 82 0 0.159744
4614 313 0 0.344438
8852 625 0 0.839567
5657 429 0 0.277677
3883 213 0 0.487258
2116 106 0 0.169563
520 30 0 0.0382825
1380 74 0 0.086677
5898 386 0 0.357074
10396 755 0 0.629864
5340 347 0 0.428836
2467 110 0 0.406385
573 33 0 0.0401531
2458 121 0 0.206234
2562 142 0 0.231847
3081 155 0 0.273155
1166 65 0 0.0852154
2346 157 0 0.142815
4467 371 0 0.333867
1342 103 0 0.140569
9714 737 0 0.737003
5687 356 0 0.282386
2401 131 0 0.21687
2495 119 0 0.242728
912 47 0 0.0638191
1428 75 0 0.105046
2357 167 0 0.149592
5173 495 0 0.27898
5898 485 0 0.325516
5497 371 0 0.294002
960 53 0 0.079114
2334 130 0 0.218003
2418 118 0 0.19602
4863 257 0 0.397449
1558 79 0 0.0987111
2352 159 0 0.13854
4795 378 0 0.399758
9381 649 0 0.690604
5376 326 0 0.397611
13816 726 0 1.1702
4331 196 0 0.394524
6169 459 0 0.424564
2174 150 0 0.134606
11588 949 0 1.38369
3152 195 0 0.401011
897 63 0 0.123368
14012 771 0 1.57663
4281 205 0 0.337834
1877 152 0 0.115751
4472 412 0 0.262546
9096 691 0 0.690543
3279 185 0 0.177829
902 64 0 0.0743916
14149 831 0 1.18078
4466 198 0 0.490395
1451 103 0 0.157974
4437 300 0 0.442665
8518 553 0 0.567136
2998 177 0 0.165089
921 59 0 0.0649629
#/home/michal/Dropbox/study/university/kth/thesis/data/features/annotations/0,01/featuredata_fpfh_uniform_2015-05-26_14-46-11.txt
2303 130 0 0.0399823
1563 93 0 0.0286101
2633 126 0 0.04519
9165 816 0 0.143636
2428 145 0 0.0416397
3896 296 0 0.0549002
1769 114 0 0.027384
9301 563 0 0.19032
2055 112 0 0.0330816
1510 81 0 0.0257528
2595 124 0 0.0414879
7522 496 0 0.112429
2235 141 0 0.0355067
4319 341 0 0.06136
1691 115 0 0.0277447
8188 494 0 0.106874
2329 120 0 0.0441452
1651 82 0 0.0318014
2758 122 0 0.0502332
7509 381 0 0.150154
5575 393 0 0.0807005
2888 175 0 0.0378839
6641 383 0 0.101595
2792 140 0 0.0549961
2588 143 0 0.0503919
2529 122 0 0.0407524
7305 383 0 0.1813
10126 555 0 0.171729
9631 559 0 0.180438
6001 684 0 0.079877
3136 236 0 0.0453935
2137 141 0 0.0383166
3640 215 0 0.0641141
2592 133 0 0.0445228
3126 138 0 0.0543226
7064 361 0 0.158843
6649 342 0 0.128063
1777 116 0 0.0295739
9172 534 0 0.142617
2595 153 0 0.055211
2501 128 0 0.0450824
2526 120 0 0.0416635
5366 513 0 0.0800589
10459 775 0 0.154246
2034 133 0 0.0386236
7314 404 0 0.0948797
1401 104 0 0.0191046
2290 135 0 0.0380086
1784 78 0 0.0323077
2729 128 0 0.0478355
2937 147 0 0.0510541
10349 773 0 0.157042
1438 98 0 0.0275162
1746 89 0 0.0211228
1653 134 0 0.0235734
2675 136 0 0.0516439
2834 130 0 0.0531671
4346 219 0 0.0809779
6216 470 0 0.0920648
1818 107 0 0.0311949
1452 105 0 0.0181285
2354 128 0 0.042792
2698 121 0 0.0489377
4312 216 0 0.0717554
9670 777 0 0.157426
2242 127 0 0.0413123
7827 431 0 0.118167
4687 311 0 0.0732097
2588 132 0 0.048055
2654 116 0 0.0441889
1492 80 0 0.0257691
4530 382 0 0.066875
5283 398 0 0.06722
260 22 0 0.00441947
1153 113 0 0.0183937
2435 134 0 0.0461132
2130 124 0 0.032713
867 78 0 0.0134549
2654 134 0 0.0536704
1680 84 0 0.0267715
5631 394 0 0.0911694
6422 508 0 0.0900459
1775 135 0 0.0332603
244 17 0 0.00269002
3905 199 0 0.0578274
1256 102 0 0.0159182
2358 131 0 0.0421971
2536 125 0 0.042278
1923 109 0 0.0445602
6121 350 0 0.11442
2603 120 0 0.0400742
282 24 0 0.00371287
2069 103 0 0.0284774
1334 111 0 0.0207941
2454 129 0 0.0406159
2674 121 0 0.0456487
1915 115 0 0.0363085
6193 381 0 0.11926
2578 134 0 0.0455507
246 20 0 0.00324521
2065 124 0 0.0263283
1254 101 0 0.015369
2389 138 0 0.0488237
2631 122 0 0.0473087
1675 91 0 0.0321342
5826 347 0 0.105478
2991 146 0 0.0449163
255 19 0 0.00314489
2777 162 0 0.0380212
1322 119 0 0.0164959
907 84 0 0.0152073
2505 132 0 0.0457531
2150 118 0 0.0395048
2677 140 0 0.0433306
1440 75 0 0.0212095
3505 192 0 0.0539885
5120 437 0 0.071107
5431 288 0 0.097759
6741 436 0 0.113104
8424 536 0 0.11333
1035 72 0 0.0162912
2255 118 0 0.0349117
2073 119 0 0.0391859
4365 224 0 0.0767116
1838 118 0 0.032108
1316 69 0 0.0283035
2562 119 0 0.0409761
5736 499 0 0.1104
2160 108 0 0.0345551
264 27 0 0.00355892
2248 129 0 0.0322898
1259 110 0 0.0205016
2252 110 0 0.0396494
1991 99 0 0.0324329
2556 126 0 0.047444
1809 104 0 0.0291992
6349 503 0 0.116495
3111 153 0 0.048207
2452 128 0 0.0505754
233 20 0 0.00537362
7306 406 0 0.0917319
1422 110 0 0.0215913
4603 267 0 0.086078
2720 129 0 0.0474029
2110 118 0 0.0381101
1949 102 0 0.0375169
9550 662 0 0.16805
1650 115 0 0.0255751
9406 822 0 0.16039
7046 456 0 0.113685
1261 103 0 0.0175747
6099 353 0 0.113547
2740 123 0 0.0466071
2159 117 0 0.042665
1995 109 0 0.0383396
8679 600 0 0.143484
5836 550 0 0.0748776
1263 90 0 0.0252242
5419 364 0 0.0818941
1422 101 0 0.018357
5054 300 0 0.119726
3007 151 0 0.0529874
2150 109 0 0.0413514
1897 95 0 0.0303534
3755 206 0 0.0638578
4346 203 0 0.068833
5631 360 0 0.0901767
1310 106 0 0.0283684
4762 283 0 0.0866682
2811 134 0 0.0482275
2123 112 0 0.0347616
1840 101 0 0.0343886
4805 226 0 0.100985
8717 535 0 0.143965
5532 374 0 0.077517
1233 107 0 0.0163294
5140 306 0 0.091363
2779 129 0 0.04864
2130 113 0 0.0327536
1779 91 0 0.032878
4463 187 0 0.0794678
6574 409 0 0.128906
5715 387 0 0.0785521
1260 106 0 0.0154365
5661 327 0 0.165326
2646 127 0 0.0548695
1634 97 0 0.0270947
4534 191 0 0.0834202
10474 772 0 0.233177
4621 326 0 0.0639497
1219 104 0 0.0149787
5571 327 0 0.152533
2707 125 0 0.0532355
1638 88 0 0.027494
2116 115 0 0.040182
5286 232 0 0.10678
4175 421 0 0.0542804
2923 176 0 0.0475013
1293 106 0 0.0190807
5261 327 0 0.0961681
2898 155 0 0.0486107
1490 94 0 0.0236928
2136 117 0 0.0413517
4982 240 0 0.0915963
7689 507 0 0.107235
2456 163 0 0.038955
1432 119 0 0.020296
5735 333 0 0.122356
2752 117 0 0.0520057
2299 122 0 0.0452162
2329 149 0 0.0384835
7740 645 0 0.122537
2175 143 0 0.0402599
4774 389 0 0.0659777
1497 144 0 0.022636
5745 353 0 0.105209
2866 135 0 0.0495126
1600 93 0 0.0247637
2120 118 0 0.0388598
3650 267 0 0.0493129
4881 336 0 0.0784636
3056 198 0 0.0391416
2912 154 0 0.0432061
1295 100 0 0.0246659
6621 340 0 0.133619
2848 143 0 0.050743
1852 100 0 0.0308281
1780 94 0 0.0372465
8177 600 0 0.134054
1537 108 0 0.0247643
3326 283 0 0.0447429
1689 103 0 0.0291043
6894 413 0 0.0897917
1501 141 0 0.0230983
1936 120 0 0.0328333
5731 302 0 0.115389
2711 125 0 0.046392
1645 89 0 0.0273114
5588 497 0 0.0897703
1626 118 0 0.028272
9688 685 0 0.178699
2244 123 0 0.038449
7251 428 0 0.11112
1441 120 0 0.0267699
1982 134 0 0.029351
6398 338 0 0.149104
2780 141 0 0.051175
1701 90 0 0.0325045
5843 254 0 0.107219
7051 447 0 0.113144
2261 129 0 0.038899
8106 473 0 0.10946
1439 127 0 0.0198725
1791 119 0 0.0286917
5989 322 0 0.12161
4371 196 0 0.0711364
766 68 0 0.0112268
5783 279 0 0.108015
7964 586 0 0.128217
2308 127 0 0.0405767
6241 382 0 0.0913647
1377 122 0 0.0181742
1535 91 0 0.0240959
5470 275 0 0.110427
2884 156 0 0.0492234
1726 85 0 0.0307411
6707 363 0 0.119372
8275 604 0 0.13304
2274 130 0 0.0407137
7108 392 0 0.100462
1272 116 0 0.0160485
1257 75 0 0.0210521
5933 289 0 0.124437
2801 143 0 0.0508782
1731 89 0 0.0314123
6753 309 0 0.135481
5526 415 0 0.0810177
2290 132 0 0.0410056
4248 328 0 0.0563471
1238 110 0 0.0184602
1880 121 0 0.0301913
6343 336 0 0.120819
2720 126 0 0.0579736
6871 317 0 0.150999
9037 576 0 0.149524
2194 139 0 0.0356437
8647 527 0 0.130278
1188 103 0 0.0195426
2318 159 0 0.0377597
6332 354 0 0.110815
2689 123 0 0.056813
6200 303 0 0.113032
9093 597 0 0.133496
2192 132 0 0.0410974
10095 650 0 0.159235
1349 108 0 0.0315051
703 64 0 0.0180279
2175 99 0 0.06886
2385 140 0 0.0596682
2731 126 0 0.0815755
2118 113 0 0.0616383
8650 508 0 0.275464
1713 140 0 0.0412043
1576 107 0 0.0401013
3590 171 0 0.063089
2472 126 0 0.0545721
4594 355 0 0.0641907
1404 107 0 0.0193307
1826 89 0 0.0379027
720 52 0 0.0113827
1905 107 0 0.0317063
2723 133 0 0.078702
6083 458 0 0.110604
1621 113 0 0.0318874
3865 182 0 0.0578552
1800 116 0 0.0376271
10236 663 0 0.146768
1534 123 0 0.0192243
2130 98 0 0.0384536
2084 138 0 0.0363563
962 80 0 0.020467
2725 133 0 0.0519994
6288 665 0 0.0941722
1332 95 0 0.0258742
3977 183 0 0.0593425
2295 125 0 0.0426569
8125 460 0 0.106266
1393 120 0 0.0194532
868 72 0 0.0152683
2171 104 0 0.03925
2150 108 0 0.0428586
2674 122 0 0.0493951
1751 96 0 0.0327491
6004 371 0 0.105267
1578 115 0 0.0268447
3786 189 0 0.0551813
2308 133 0 0.0443389
6793 406 0 0.0971793
1424 115 0 0.0196454
1428 67 0 0.0254152
3939 189 0 0.0834226
2697 126 0 0.0469153
2900 157 0 0.0542815
1676 92 0 0.0310166
4933 238 0 0.097585
1411 100 0 0.0240332
3548 178 0 0.0572745
5596 300 0 0.0798592
1507 114 0 0.0230112
2445 153 0 0.0400899
2694 139 0 0.0476579
1915 109 0 0.0308323
5191 262 0 0.103944
1600 121 0 0.0266829
3887 185 0 0.0593541
5357 364 0 0.0727906
134 14 0 0.00469358
1377 113 0 0.0222551
2800 182 0 0.0510268
2692 158 0 0.0456732
3165 184 0 0.0553247
5880 376 0 0.114145
1860 131 0 0.0296292
4150 215 0 0.0649102
5744 410 0 0.0754127
165 15 0 0.00261304
1423 121 0 0.0277482
2750 167 0 0.0515493
2316 154 0 0.0380373
2766 131 0 0.0589166
1881 108 0 0.0311903
4697 233 0 0.0803111
1578 103 0 0.0260926
4988 393 0 0.0743131
2393 129 0 0.0437948
9397 571 0 0.136108
1299 106 0 0.034402
2872 159 0 0.0739799
2256 151 0 0.0564565
2634 126 0 0.0747941
2210 120 0 0.0579225
4417 231 0 0.126241
1720 109 0 0.0417192
4386 326 0 0.093991
2646 133 0 0.067425
8082 493 0 0.186391
1255 110 0 0.0339048
2883 185 0 0.0723256
1998 119 0 0.0555733
2822 151 0 0.0991834
1995 114 0 0.0602326
3638 202 0 0.105243
1643 111 0 0.0492463
3935 282 0 0.0831132
2380 134 0 0.0967035
5860 481 0 0.144823
142 15 0 0.0110703
1361 115 0 0.0371563
3206 174 0 0.0993772
2104 120 0 0.060784
2793 130 0 0.103285
1809 103 0 0.054818
4935 239 0 0.14829
1326 89 0 0.0388121
3957 283 0 0.100196
2458 128 0 0.0777669
4343 246 0 0.110229
194 22 0 0.0223112
1372 103 0 0.0555918
2426 147 0 0.0688003
2559 117 0 0.0794828
1645 96 0 0.0461705
5152 328 0 0.163521
428 61 0 0.0176073
2769 206 0 0.0695624
2493 140 0 0.0544742
1434 121 0 0.0355401
2367 149 0 0.0608955
2783 129 0 0.0767754
1876 107 0 0.052116
5235 426 0 0.184588
8067 568 0 0.215407
4999 315 0 0.107749
1511 124 0 0.0352425
3091 190 0 0.074505
2566 159 0 0.060802
5782 731 0 0.127152
1968 186 0 0.0450925
4536 373 0 0.109822
5643 391 0 0.1191
1496 119 0 0.0359789
1907 101 0 0.0625978
2544 137 0 0.0718478
2742 128 0 0.0914561
4947 321 0 0.12127
8056 587 0 0.183381
4481 259 0 0.118264
1276 110 0 0.0378314
2009 113 0 0.0768186
2001 114 0 0.0603237
2672 128 0 0.0830067
1594 87 0 0.044088
3373 204 0 0.0979266
6538 474 0 0.176784
1723 113 0 0.04613
2139 131 0 0.0700104
9886 574 0 0.275288
1124 103 0 0.0323722
2216 119 0 0.0656435
1205 69 0 0.0381711
2671 128 0 0.0788524
1662 94 0 0.0425352
2628 183 0 0.0744668
6935 448 0 0.21263
2096 110 0 0.115436
9876 602 0 0.322814
1324 112 0 0.0312746
2444 114 0 0.0695427
2310 147 0 0.0586874
2550 111 0 0.0763456
2184 115 0 0.0516914
3730 165 0 0.110313
8609 523 0 0.263322
2532 127 0 0.0790333
7414 426 0 0.165976
1324 113 0 0.0310285
2376 116 0 0.0659423
2526 163 0 0.0640168
2660 140 0 0.0782319
1870 103 0 0.0457245
2971 114 0 0.0916287
6054 427 0 0.145718
2392 133 0 0.0688586
5505 355 0 0.122526
1325 115 0 0.028737
2257 114 0 0.0666098
1144 70 0 0.0357821
2654 133 0 0.076939
7021 462 0 0.193303
3189 247 0 0.0804854
1886 108 0 0.0475684
7030 374 0 0.179427
1261 112 0 0.0265573
2266 127 0 0.0691619
1003 69 0 0.0299454
2843 141 0 0.0785433
1229 73 0 0.041418
7457 665 0 0.25092
4723 458 0 0.0915801
1538 116 0 0.0421491
1256 89 0 0.0365579
10108 586 0 0.223362
1537 141 0 0.0323602
2054 137 0 0.0521806
2789 134 0 0.0770025
953 70 0 0.0260857
7611 485 0 0.174037
1904 132 0 0.0512427
6717 465 0 0.137905
1939 120 0 0.0538226
8225 515 0 0.247898
1290 118 0 0.0289394
2006 134 0 0.0515254
929 64 0 0.0229419
2725 134 0 0.0733084
8367 508 0 0.221012
1977 132 0 0.058916
8019 486 0 0.185924
1921 105 0 0.0467851
8261 503 0 0.223645
1410 125 0 0.031739
1832 108 0 0.0544795
2733 132 0 0.0671797
10571 893 0 0.227678
1848 128 0 0.0500256
7810 501 0 0.286775
2126 123 0 0.0562042
5028 323 0 0.138346
1387 120 0 0.0399999
2005 127 0 0.0565264
591 40 0 0.0211549
2699 121 0 0.070769
6793 822 0 0.134192
7748 582 0 0.189002
1912 112 0 0.0586518
9591 576 0 0.258463
1119 90 0 0.0157599
2440 119 0 0.0441924
6065 403 0 0.10507
4508 232 0 0.0924744
5747 501 0 0.0853941
7521 376 0 0.119032
1356 106 0 0.0206465
2411 120 0 0.0433792
1382 80 0 0.0317713
5876 342 0 0.109486
1543 110 0 0.0213825
4332 224 0 0.0735843
5018 362 0 0.0656352
1385 106 0 0.0195163
2623 134 0 0.0490284
1659 74 0 0.0252246
6707 435 0 0.107129
1663 108 0 0.0272013
4290 224 0 0.0752075
4890 386 0 0.0671773
1373 101 0 0.0205023
2934 141 0 0.0623071
2426 136 0 0.0469145
2543 119 0 0.0558214
1478 82 0 0.0204745
8637 518 0 0.160938
1899 155 0 0.0280243
4303 338 0 0.061889
5151 383 0 0.0656286
1052 108 0 0.0142907
2641 160 0 0.0544976
6026 348 0 0.0963819
2911 142 0 0.0484395
1947 109 0 0.0361144
1418 75 0 0.025528
4931 365 0 0.0681454
1519 147 0 0.026621
9311 597 0 0.155185
2015 104 0 0.0351469
7987 484 0 0.119275
938 81 0 0.013666
2505 147 0 0.0398947
5938 349 0 0.116485
2732 126 0 0.0473451
1951 120 0 0.032061
1385 75 0 0.0230318
6003 273 0 0.115399
8938 673 0 0.133155
6852 352 0 0.0939777
6120 354 0 0.078747
2708 154 0 0.0486298
4689 311 0 0.0802121
2572 120 0 0.0456634
2330 126 0 0.0431673
1465 70 0 0.0328319
1301 124 0 0.0221991
3397 249 0 0.0547021
1999 169 0 0.0350623
3743 252 0 0.0486164
1512 108 0 0.0276371
7513 408 0 0.105603
7407 357 0 0.112264
3050 214 0 0.0491523
2191 125 0 0.0384121
2368 107 0 0.051088
2158 125 0 0.0408817
1800 93 0 0.0366276
8660 497 0 0.142213
1507 77 0 0.0261433
10696 634 0 0.234419
2059 126 0 0.0345016
8649 520 0 0.128531
4772 319 0 0.0792333
2888 163 0 0.0555513
2215 130 0 0.0457677
2822 154 0 0.0513999
1562 80 0 0.0304202
2490 136 0 0.042645
6777 416 0 0.143119
1618 163 0 0.0233797
5913 267 0 0.106723
2311 119 0 0.0342792
1841 124 0 0.0280664
8089 469 0 0.122672
4926 335 0 0.0896206
2272 116 0 0.0403949
2458 140 0 0.046949
2484 120 0 0.0633198
1392 77 0 0.0386289
2700 147 0 0.0952436
7135 429 0 0.11342
2060 97 0 0.0375204
1517 113 0 0.026744
5660 527 0 0.0870901
1767 117 0 0.0300501
9550 603 0 0.140174
4743 309 0 0.0891069
2554 136 0 0.0481836
2321 134 0 0.0409027
1321 77 0 0.0236462
2586 143 0 0.0476184
7373 449 0 0.156732
1781 85 0 0.0663837
1535 111 0 0.0449124
5898 341 0 0.100348
1703 111 0 0.0414132
1300 68 0 0.0205766
4839 327 0 0.0860337
2221 114 0 0.0379573
2496 153 0 0.0479871
2449 112 0 0.0457108
1439 77 0 0.0218489
2615 143 0 0.0618828
1612 78 0 0.0562424
8272 435 0 0.136404
11720 798 0 0.216208
6170 305 0 0.11611
1540 102 0 0.0422049
5815 453 0 0.0917355
3931 206 0 0.0632611
2564 144 0 0.047063
2365 114 0 0.0465593
1022 51 0 0.0192818
1374 68 0 0.0227462
2606 135 0 0.0513287
3256 266 0 0.0570001
3335 296 0 0.0509033
5835 353 0 0.0965171
4910 401 0 0.0704478
871 63 0 0.0181024
2708 134 0 0.0531369
3307 201 0 0.0617979
1245 61 0 0.0190978
8800 586 0 0.147784
10877 797 0 0.193747
2219 135 0 0.0366875
8745 516 0 0.116758
2737 128 0 0.055178
3319 196 0 0.0587677
2436 142 0 0.0526495
887 63 0 0.0170315
1235 67 0 0.0217015
6671 286 0 0.135105
4577 460 0 0.0645852
1915 113 0 0.0355978
9136 587 0 0.128254
9397 801 0 0.13135
3873 215 0 0.0738763
930 63 0 0.0188289
2459 115 0 0.0519595
1263 69 0 0.0227068
9318 648 0 0.152786
10347 711 0 0.255221
2009 117 0 0.0339346
6864 532 0 0.124098
3832 222 0 0.0734188
933 63 0 0.0185108
2458 115 0 0.042485
1269 64 0 0.0188594
6849 437 0 0.115358
7389 547 0 0.115918
1697 122 0 0.0312946
8445 506 0 0.120271
3838 208 0 0.0762436
2480 116 0 0.0732048
1014 52 0 0.0189427
1622 82 0 0.0226418
4614 313 0 0.0799649
8852 625 0 0.142347
5657 429 0 0.0733002
3883 213 0 0.0762214
2116 106 0 0.0518018
520 30 0 0.0133223
1380 74 0 0.030769
5898 386 0 0.0802376
10396 755 0 0.155161
5340 347 0 0.0778689
2467 110 0 0.0434588
573 33 0 0.00828995
2458 121 0 0.0467623
2562 142 0 0.0540425
3081 155 0 0.0542382
1166 65 0 0.0186275
2346 157 0 0.0403323
4467 371 0 0.0596498
1342 103 0 0.0192822
9714 737 0 0.143198
5687 356 0 0.0704001
2401 131 0 0.0488736
2495 119 0 0.0391981
912 47 0 0.0149908
1428 75 0 0.0238975
2357 167 0 0.0393914
5173 495 0 0.0692401
5898 485 0 0.0953994
5497 371 0 0.0914087
960 53 0 0.0178179
2334 130 0 0.0531868
2418 118 0 0.0409735
4863 257 0 0.100618
1558 79 0 0.0291785
2352 159 0 0.0374352
4795 378 0 0.0801096
9381 649 0 0.155181
5376 326 0 0.0697062
13816 726 0 0.405716
4331 196 0 0.0983928
6169 459 0 0.0879189
2174 150 0 0.0382115
11588 949 0 0.22184
3152 195 0 0.0697749
897 63 0 0.0208773
14012 771 0 0.300026
4281 205 0 0.158244
1877 152 0 0.0314451
4472 412 0 0.0538642
9096 691 0 0.14291
3279 185 0 0.0471015
902 64 0 0.0189812
14149 831 0 0.388558
4466 198 0 0.0956941
1451 103 0 0.0256733
4437 300 0 0.0990296
8518 553 0 0.130512
2998 177 0 0.043535
921 59 0 0.0212187
#/home/michal/Dropbox/study/university/kth/thesis/data/features/annotations/0,01/featuredata_shotcolor_uniform_2015-05-26_14-45-58.txt
2303 130 0 0.0140314
1563 93 0 0.00429496
2633 126 0 0.00875999
9165 816 0 0.030682
2428 145 0 0.0100105
3896 296 0 0.016217
1769 114 0 0.0064797
9301 563 0 0.0272832
2055 112 0 0.00758292
1510 81 0 0.00570648
2595 124 0 0.00717812
7522 496 0 0.0197912
2235 141 0 0.00626756
4319 341 0 0.0142129
1691 115 0 0.0154268
8188 494 0 0.0255158
2329 120 0 0.00886048
1651 82 0 0.00781597
2758 122 0 0.006688
7509 381 0 0.0235835
5575 393 0 0.0238603
2888 175 0 0.0103441
6641 383 0 0.0180829
2792 140 0 0.00712183
2588 143 0 0.0105359
2529 122 0 0.0101218
7305 383 0 0.0218046
10126 555 0 0.034438
9631 559 0 0.0318134
6001 684 0 0.0234515
3136 236 0 0.00987383
2137 141 0 0.00724663
3640 215 0 0.0133322
2592 133 0 0.0113536
3126 138 0 0.0136283
7064 361 0 0.0225081
6649 342 0 0.0219231
1777 116 0 0.00500086
9172 534 0 0.0265224
2595 153 0 0.00825066
2501 128 0 0.0103809
2526 120 0 0.00749556
5366 513 0 0.0210893
10459 775 0 0.0332756
2034 133 0 0.00555623
7314 404 0 0.0252482
1401 104 0 0.00443956
2290 135 0 0.00928074
1784 78 0 0.00943352
2729 128 0 0.00792933
2937 147 0 0.0096577
10349 773 0 0.0314922
1438 98 0 0.00596163
1746 89 0 0.00404446
1653 134 0 0.0046548
2675 136 0 0.00708204
2834 130 0 0.00747989
4346 219 0 0.0209897
6216 470 0 0.0205283
1818 107 0 0.00929013
1452 105 0 0.00366681
2354 128 0 0.0150799
2698 121 0 0.0105816
4312 216 0 0.0112175
9670 777 0 0.0378678
2242 127 0 0.0106606
7827 431 0 0.0184226
4687 311 0 0.0151527
2588 132 0 0.0102457
2654 116 0 0.00639177
1492 80 0 0.00580146
4530 382 0 0.0141449
5283 398 0 0.0196087
260 22 0 0.00768132
1153 113 0 0.00364943
2435 134 0 0.00701583
2130 124 0 0.00590816
867 78 0 0.00776068
2654 134 0 0.0155855
1680 84 0 0.012006
5631 394 0 0.0205601
6422 508 0 0.0310902
1775 135 0 0.0114861
244 17 0 0.00113023
3905 199 0 0.00874492
1256 102 0 0.0039295
2358 131 0 0.0139615
2536 125 0 0.00655093
1923 109 0 0.00589048
6121 350 0 0.0218205
2603 120 0 0.0129073
282 24 0 0.00506344
2069 103 0 0.00593174
1334 111 0 0.00418613
2454 129 0 0.00818418
2674 121 0 0.00605964
1915 115 0 0.00662381
6193 381 0 0.0232654
2578 134 0 0.0106923
246 20 0 0.00212887
2065 124 0 0.00534941
1254 101 0 0.00383749
2389 138 0 0.00605822
2631 122 0 0.00573804
1675 91 0 0.00952229
5826 347 0 0.0228698
2991 146 0 0.00734333
255 19 0 0.00117891
2777 162 0 0.00708303
1322 119 0 0.0121669
907 84 0 0.00379661
2505 132 0 0.00587901
2150 118 0 0.00578234
2677 140 0 0.00788693
1440 75 0 0.00348397
3505 192 0 0.0133924
5120 437 0 0.0217789
5431 288 0 0.0149457
6741 436 0 0.0236166
8424 536 0 0.0212565
1035 72 0 0.00359941
2255 118 0 0.00506623
2073 119 0 0.0061397
4365 224 0 0.0173603
1838 118 0 0.00536134
1316 69 0 0.00758403
2562 119 0 0.00707332
5736 499 0 0.0267774
2160 108 0 0.0060337
264 27 0 0.00120053
2248 129 0 0.00693397
1259 110 0 0.00402066
2252 110 0 0.00754478
1991 99 0 0.00666622
2556 126 0 0.00820087
1809 104 0 0.00807364
6349 503 0 0.0248767
3111 153 0 0.0093279
2452 128 0 0.0164954
233 20 0 0.00789335
7306 406 0 0.017558
1422 110 0 0.0122915
4603 267 0 0.0180003
2720 129 0 0.00697787
2110 118 0 0.010878
1949 102 0 0.0060764
9550 662 0 0.0339537
1650 115 0 0.0051205
9406 822 0 0.0314303
7046 456 0 0.0245337
1261 103 0 0.00461063
6099 353 0 0.0161067
2740 123 0 0.00593906
2159 117 0 0.00640279
1995 109 0 0.00758063
8679 600 0 0.0311767
5836 550 0 0.0230021
1263 90 0 0.0104014
5419 364 0 0.0136143
1422 101 0 0.00696912
5054 300 0 0.0151834
3007 151 0 0.0162531
2150 109 0 0.00685886
1897 95 0 0.00538282
3755 206 0 0.0127389
4346 203 0 0.013112
5631 360 0 0.0144261
1310 106 0 0.00779885
4762 283 0 0.0139984
2811 134 0 0.009875
2123 112 0 0.00570151
1840 101 0 0.00483525
4805 226 0 0.0175578
8717 535 0 0.0292368
5532 374 0 0.019193
1233 107 0 0.00533347
5140 306 0 0.0133791
2779 129 0 0.00709669
2130 113 0 0.00618686
1779 91 0 0.0100791
4463 187 0 0.0128898
6574 409 0 0.0239637
5715 387 0 0.0178459
1260 106 0 0.00363053
5661 327 0 0.0161332
2646 127 0 0.00645992
1634 97 0 0.00495695
4534 191 0 0.0187727
10474 772 0 0.0353147
4621 326 0 0.0124954
1219 104 0 0.00446608
5571 327 0 0.0172136
2707 125 0 0.00595174
1638 88 0 0.00485371
2116 115 0 0.00732681
5286 232 0 0.0139713
4175 421 0 0.0162113
2923 176 0 0.00875122
1293 106 0 0.00478487
5261 327 0 0.0194103
2898 155 0 0.00854673
1490 94 0 0.00597531
2136 117 0 0.00681338
4982 240 0 0.0138637
7689 507 0 0.0293892
2456 163 0 0.01027
1432 119 0 0.00523015
5735 333 0 0.0180761
2752 117 0 0.0120599
2299 122 0 0.00537103
2329 149 0 0.00796277
7740 645 0 0.0271422
2175 143 0 0.0130267
4774 389 0 0.0197461
1497 144 0 0.00516888
5745 353 0 0.0202265
2866 135 0 0.0106687
1600 93 0 0.0044995
2120 118 0 0.00793951
3650 267 0 0.0125061
4881 336 0 0.0183887
3056 198 0 0.0101219
2912 154 0 0.00862347
1295 100 0 0.00359797
6621 340 0 0.021703
2848 143 0 0.0090069
1852 100 0 0.00498047
1780 94 0 0.0114322
8177 600 0 0.0281416
1537 108 0 0.00819688
3326 283 0 0.012016
1689 103 0 0.0110786
6894 413 0 0.0235136
1501 141 0 0.00931947
1936 120 0 0.0120967
5731 302 0 0.0219044
2711 125 0 0.00872367
1645 89 0 0.00686675
5588 497 0 0.017361
1626 118 0 0.00467361
9688 685 0 0.0331349
2244 123 0 0.0108641
7251 428 0 0.0175408
1441 120 0 0.0117836
1982 134 0 0.0128023
6398 338 0 0.0216681
2780 141 0 0.00843423
1701 90 0 0.0128054
5843 254 0 0.0206498
7051 447 0 0.0198468
2261 129 0 0.0061403
8106 473 0 0.0234434
1439 127 0 0.00778123
1791 119 0 0.00739422
5989 322 0 0.0196084
4371 196 0 0.0119456
766 68 0 0.00470138
5783 279 0 0.0148819
7964 586 0 0.0221464
2308 127 0 0.00650739
6241 382 0 0.0201932
1377 122 0 0.00541095
1535 91 0 0.00627049
5470 275 0 0.021748
2884 156 0 0.00803549
1726 85 0 0.00414536
6707 363 0 0.0190419
8275 604 0 0.0257346
2274 130 0 0.00731872
7108 392 0 0.0199445
1272 116 0 0.00825158
1257 75 0 0.0111901
5933 289 0 0.0157087
2801 143 0 0.00752644
1731 89 0 0.00475969
6753 309 0 0.0213906
5526 415 0 0.0177965
2290 132 0 0.00823976
4248 328 0 0.0125993
1238 110 0 0.00370756
1880 121 0 0.00824531
6343 336 0 0.0198783
2720 126 0 0.00709224
6871 317 0 0.0224217
9037 576 0 0.0317573
2194 139 0 0.00598488
8647 527 0 0.0238792
1188 103 0 0.0046204
2318 159 0 0.00889332
6332 354 0 0.0251067
2689 123 0 0.00590484
6200 303 0 0.0180256
9093 597 0 0.0290662
2192 132 0 0.00733182
10095 650 0 0.0306401
1349 108 0 0.00724129
703 64 0 0.00231356
2175 99 0 0.00496023
2385 140 0 0.00614092
2731 126 0 0.00885945
2118 113 0 0.00535632
8650 508 0 0.0278724
1713 140 0 0.00634979
1576 107 0 0.00874856
3590 171 0 0.00977344
2472 126 0 0.0145173
4594 355 0 0.0128543
1404 107 0 0.00739044
1826 89 0 0.00755987
720 52 0 0.00202248
1905 107 0 0.00526062
2723 133 0 0.0115286
6083 458 0 0.0244398
1621 113 0 0.00703708
3865 182 0 0.00990193
1800 116 0 0.0099792
10236 663 0 0.0294216
1534 123 0 0.00481372
2130 98 0 0.00502028
2084 138 0 0.0142864
962 80 0 0.00567558
2725 133 0 0.00702
6288 665 0 0.0287705
1332 95 0 0.00484761
3977 183 0 0.00835254
2295 125 0 0.00595422
8125 460 0 0.0199936
1393 120 0 0.00404831
868 72 0 0.00856555
2171 104 0 0.00555677
2150 108 0 0.00670152
2674 122 0 0.0133827
1751 96 0 0.00540001
6004 371 0 0.0240783
1578 115 0 0.00470635
3786 189 0 0.0142417
2308 133 0 0.00643229
6793 406 0 0.0257295
1424 115 0 0.00492603
1428 67 0 0.00450856
3939 189 0 0.01496
2697 126 0 0.00878618
2900 157 0 0.0120611
1676 92 0 0.00463737
4933 238 0 0.0147391
1411 100 0 0.00448492
3548 178 0 0.00870651
5596 300 0 0.0214247
1507 114 0 0.00699731
2445 153 0 0.0130555
2694 139 0 0.00868659
1915 109 0 0.00598248
5191 262 0 0.0152045
1600 121 0 0.00651328
3887 185 0 0.0140112
5357 364 0 0.013865
134 14 0 0.00507204
1377 113 0 0.00486576
2800 182 0 0.00898434
2692 158 0 0.0135513
3165 184 0 0.0109384
5880 376 0 0.0223239
1860 131 0 0.00557065
4150 215 0 0.0140955
5744 410 0 0.0143888
165 15 0 0.00109135
1423 121 0 0.0100079
2750 167 0 0.0073789
2316 154 0 0.0125531
2766 131 0 0.00987279
1881 108 0 0.00674637
4697 233 0 0.0142962
1578 103 0 0.00484886
4988 393 0 0.0170615
2393 129 0 0.00680846
9397 571 0 0.0274293
1299 106 0 0.00414914
2872 159 0 0.0170747
2256 151 0 0.00792283
2634 126 0 0.0115172
2210 120 0 0.00542416
4417 231 0 0.0117153
1720 109 0 0.0101267
4386 326 0 0.0117289
2646 133 0 0.0129196
8082 493 0 0.0252926
1255 110 0 0.00457344
2883 185 0 0.00890594
1998 119 0 0.0111558
2822 151 0 0.00658624
1995 114 0 0.00509485
3638 202 0 0.0143518
1643 111 0 0.00524976
3935 282 0 0.0123808
2380 134 0 0.0126374
5860 481 0 0.0268232
142 15 0 0.00373679
1361 115 0 0.0106543
3206 174 0 0.00784964
2104 120 0 0.00518986
2793 130 0 0.0117383
1809 103 0 0.00445448
4935 239 0 0.0163313
1326 89 0 0.00548488
3957 283 0 0.0125689
2458 128 0 0.0117881
4343 246 0 0.0126069
194 22 0 0.00906775
1372 103 0 0.00549784
2426 147 0 0.0063235
2559 117 0 0.010114
1645 96 0 0.00425901
5152 328 0 0.0154797
428 61 0 0.0038757
2769 206 0 0.0122494
2493 140 0 0.0172547
1434 121 0 0.0060734
2367 149 0 0.00821721
2783 129 0 0.00892921
1876 107 0 0.0105036
5235 426 0 0.020273
8067 568 0 0.0270485
4999 315 0 0.0130597
1511 124 0 0.00981237
3091 190 0 0.0104842
2566 159 0 0.0154337
5782 731 0 0.0279821
1968 186 0 0.00640922
4536 373 0 0.0220521
5643 391 0 0.0283585
1496 119 0 0.00523392
1907 101 0 0.0064489
2544 137 0 0.0191386
2742 128 0 0.00608569
4947 321 0 0.0184306
8056 587 0 0.0246559
4481 259 0 0.0126417
1276 110 0 0.0111569
2009 113 0 0.0103881
2001 114 0 0.00957778
2672 128 0 0.011286
1594 87 0 0.0045383
3373 204 0 0.0119067
6538 474 0 0.0202903
1723 113 0 0.00640483
2139 131 0 0.00651108
9886 574 0 0.0317083
1124 103 0 0.0124992
2216 119 0 0.0101748
1205 69 0 0.00495864
2671 128 0 0.00864919
1662 94 0 0.00464685
2628 183 0 0.00794425
6935 448 0 0.0250187
2096 110 0 0.00942187
9876 602 0 0.0319108
1324 112 0 0.00373716
2444 114 0 0.00521592
2310 147 0 0.00865438
2550 111 0 0.0143085
2184 115 0 0.00521397
3730 165 0 0.0114158
8609 523 0 0.031229
2532 127 0 0.00766166
7414 426 0 0.021955
1324 113 0 0.00412711
2376 116 0 0.00528903
2526 163 0 0.0121703
2660 140 0 0.00726081
1870 103 0 0.00717248
2971 114 0 0.00887988
6054 427 0 0.0216035
2392 133 0 0.00871522
5505 355 0 0.0197512
1325 115 0 0.00384646
2257 114 0 0.00488236
1144 70 0 0.00305306
2654 133 0 0.0146987
7021 462 0 0.020794
3189 247 0 0.010435
1886 108 0 0.00826376
7030 374 0 0.0177118
1261 112 0 0.0121703
2266 127 0 0.00803093
1003 69 0 0.00280353
2843 141 0 0.00647642
1229 73 0 0.00467678
7457 665 0 0.0301151
4723 458 0 0.0165211
1538 116 0 0.00776602
1256 89 0 0.00368267
10108 586 0 0.0268301
1537 141 0 0.00489373
2054 137 0 0.00648267
2789 134 0 0.00961794
953 70 0 0.00319863
7611 485 0 0.0276863
1904 132 0 0.00662159
6717 465 0 0.0280512
1939 120 0 0.0129488
8225 515 0 0.0250453
1290 118 0 0.0124143
2006 134 0 0.0151856
929 64 0 0.00343423
2725 134 0 0.0297601
8367 508 0 0.0387194
1977 132 0 0.0144794
8019 486 0 0.0259861
1921 105 0 0.00651578
8261 503 0 0.0225588
1410 125 0 0.00485095
1832 108 0 0.0112626
2733 132 0 0.00788124
10571 893 0 0.0342824
1848 128 0 0.00918878
7810 501 0 0.0213339
2126 123 0 0.0112505
5028 323 0 0.0197314
1387 120 0 0.00667289
2005 127 0 0.00562225
591 40 0 0.00216497
2699 121 0 0.00893336
6793 822 0 0.0291332
7748 582 0 0.0422587
1912 112 0 0.0114579
9591 576 0 0.0275495
1119 90 0 0.00504342
2440 119 0 0.00605895
6065 403 0 0.0233047
4508 232 0 0.0128665
5747 501 0 0.0215188
7521 376 0 0.0212026
1356 106 0 0.00385874
2411 120 0 0.00938849
1382 80 0 0.010901
5876 342 0 0.0205125
1543 110 0 0.00471884
4332 224 0 0.0188118
5018 362 0 0.022902
1385 106 0 0.00671872
2623 134 0 0.00668836
1659 74 0 0.00372973
6707 435 0 0.0183701
1663 108 0 0.00492068
4290 224 0 0.0223783
4890 386 0 0.0219763
1373 101 0 0.0049304
2934 141 0 0.0127426
2426 136 0 0.00719557
2543 119 0 0.00548222
1478 82 0 0.0037503
8637 518 0 0.0238508
1899 155 0 0.0113531
4303 338 0 0.0150706
5151 383 0 0.020767
1052 108 0 0.00410276
2641 160 0 0.0127112
6026 348 0 0.0162131
2911 142 0 0.0104836
1947 109 0 0.00624071
1418 75 0 0.00353495
4931 365 0 0.0189984
1519 147 0 0.00510427
9311 597 0 0.0323416
2015 104 0 0.00991097
7987 484 0 0.0190756
938 81 0 0.00713048
2505 147 0 0.00673034
5938 349 0 0.0207239
2732 126 0 0.00745651
1951 120 0 0.00616971
1385 75 0 0.0069665
6003 273 0 0.0188559
8938 673 0 0.0247451
6852 352 0 0.0157019
6120 354 0 0.0193466
2708 154 0 0.00761086
4689 311 0 0.0193121
2572 120 0 0.00768671
2330 126 0 0.00839203
1465 70 0 0.00422355
1301 124 0 0.0120721
3397 249 0 0.0196175
1999 169 0 0.00669355
3743 252 0 0.016472
1512 108 0 0.00582685
7513 408 0 0.0251485
7407 357 0 0.0250221
3050 214 0 0.0277799
2191 125 0 0.0100014
2368 107 0 0.00567071
2158 125 0 0.0053443
1800 93 0 0.0158238
8660 497 0 0.0286941
1507 77 0 0.00498527
10696 634 0 0.034858
2059 126 0 0.0142157
8649 520 0 0.0266391
4772 319 0 0.0143775
2888 163 0 0.0121282
2215 130 0 0.00728914
2822 154 0 0.0140137
1562 80 0 0.00378894
2490 136 0 0.00613958
6777 416 0 0.0229397
1618 163 0 0.00504679
5913 267 0 0.0163233
2311 119 0 0.00570666
1841 124 0 0.0129702
8089 469 0 0.0268811
4926 335 0 0.0130216
2272 116 0 0.0100612
2458 140 0 0.00671439
2484 120 0 0.00609348
1392 77 0 0.00608783
2700 147 0 0.00797327
7135 429 0 0.0268896
2060 97 0 0.00554997
1517 113 0 0.00563775
5660 527 0 0.0176021
1767 117 0 0.00462128
9550 603 0 0.0248006
4743 309 0 0.0192286
2554 136 0 0.00780614
2321 134 0 0.0124906
1321 77 0 0.00405061
2586 143 0 0.014453
7373 449 0 0.0202092
1781 85 0 0.00586095
1535 111 0 0.00462071
5898 341 0 0.0158112
1703 111 0 0.0068636
1300 68 0 0.00337668
4839 327 0 0.0203703
2221 114 0 0.00792474
2496 153 0 0.0148286
2449 112 0 0.0067771
1439 77 0 0.00341692
2615 143 0 0.0126739
1612 78 0 0.00372924
8272 435 0 0.0247463
11720 798 0 0.0364623
6170 305 0 0.02165
1540 102 0 0.00399836
5815 453 0 0.0220867
3931 206 0 0.00881061
2564 144 0 0.0121364
2365 114 0 0.00567608
1022 51 0 0.00272348
1374 68 0 0.00348482
2606 135 0 0.0104855
3256 266 0 0.0131568
3335 296 0 0.0152308
5835 353 0 0.0174767
4910 401 0 0.0161587
871 63 0 0.0031838
2708 134 0 0.0103494
3307 201 0 0.0193367
1245 61 0 0.00450094
8800 586 0 0.0329339
10877 797 0 0.0312656
2219 135 0 0.00663202
8745 516 0 0.0223343
2737 128 0 0.0185996
3319 196 0 0.0130959
2436 142 0 0.012624
887 63 0 0.0048251
1235 67 0 0.00311941
6671 286 0 0.0192026
4577 460 0 0.016122
1915 113 0 0.0125901
9136 587 0 0.036378
9397 801 0 0.0282641
3873 215 0 0.0150454
930 63 0 0.00270473
2459 115 0 0.00597709
1263 69 0 0.0114483
9318 648 0 0.0346606
10347 711 0 0.0348203
2009 117 0 0.00485074
6864 532 0 0.0218941
3832 222 0 0.0178721
933 63 0 0.00684332
2458 115 0 0.0135779
1269 64 0 0.00603453
6849 437 0 0.0219587
7389 547 0 0.022366
1697 122 0 0.00536115
8445 506 0 0.0273025
3838 208 0 0.0200028
2480 116 0 0.00629461
1014 52 0 0.00258118
1622 82 0 0.00400031
4614 313 0 0.0169777
8852 625 0 0.0274574
5657 429 0 0.0171473
3883 213 0 0.0149896
2116 106 0 0.00776895
520 30 0 0.00857011
1380 74 0 0.00991893
5898 386 0 0.0205075
10396 755 0 0.0330999
5340 347 0 0.0218253
2467 110 0 0.00785323
573 33 0 0.00229342
2458 121 0 0.0129607
2562 142 0 0.00599999
3081 155 0 0.00753035
1166 65 0 0.00648033
2346 157 0 0.0130674
4467 371 0 0.0202576
1342 103 0 0.0044453
9714 737 0 0.032051
5687 356 0 0.0166038
2401 131 0 0.0101986
2495 119 0 0.0149237
912 47 0 0.00238439
1428 75 0 0.0040746
2357 167 0 0.0177837
5173 495 0 0.0328854
5898 485 0 0.0428012
5497 371 0 0.0303415
960 53 0 0.0144158
2334 130 0 0.0153585
2418 118 0 0.00688478
4863 257 0 0.0176026
1558 79 0 0.00397432
2352 159 0 0.00650648
4795 378 0 0.0215118
9381 649 0 0.0322161
5376 326 0 0.0200524
13816 726 0 0.0408633
4331 196 0 0.0168963
6169 459 0 0.0243651
2174 150 0 0.00904265
11588 949 0 0.0491026
3152 195 0 0.00726125
897 63 0 0.00415895
14012 771 0 0.0338303
4281 205 0 0.0109454
1877 152 0 0.00652655
4472 412 0 0.021261
9096 691 0 0.031034
3279 185 0 0.00697345
902 64 0 0.00729072
14149 831 0 0.03892
4466 198 0 0.013232
1451 103 0 0.0116071
4437 300 0 0.0195769
8518 553 0 0.024583
2998 177 0 0.0111649
921 59 0 0.0026594
#/home/michal/Dropbox/study/university/kth/thesis/data/features/annotations/0,01/featuredata_pfhrgb_uniform_2015-05-26_14-51-14.txt
2303 130 0 0.298803
1563 93 0 0.213628
2633 126 0 0.465708
9165 816 0 1.01934
2428 145 0 0.286192
3896 296 0 0.328329
1769 114 0 0.190003
9301 563 0 1.3655
2055 112 0 0.336324
1510 81 0 0.314507
2595 124 0 0.353584
7522 496 0 0.754241
2235 141 0 0.237683
4319 341 0 0.386228
1691 115 0 0.27776
8188 494 0 1.38706
2329 120 0 0.635919
1651 82 0 0.424814
2758 122 0 0.366645
7509 381 0 1.73918
5575 393 0 0.973197
2888 175 0 0.458831
6641 383 0 1.28848
2792 140 0 0.751392
2588 143 0 0.505692
2529 122 0 0.360561
7305 383 0 0.947733
10126 555 0 1.27062
9631 559 0 1.99246
6001 684 0 0.958812
3136 236 0 0.362849
2137 141 0 0.307926
3640 215 0 0.706783
2592 133 0 0.376023
3126 138 0 0.479125
7064 361 0 0.853856
6649 342 0 0.734575
1777 116 0 0.255233
9172 534 0 1.37593
2595 153 0 0.564633
2501 128 0 0.324598
2526 120 0 0.281853
5366 513 0 0.53081
10459 775 0 2.16672
2034 133 0 0.268493
7314 404 0 0.690852
1401 104 0 0.114246
2290 135 0 0.40735
1784 78 0 0.271543
2729 128 0 0.339659
2937 147 0 0.35551
10349 773 0 1.24424
1438 98 0 0.380593
1746 89 0 0.149012
1653 134 0 0.150478
2675 136 0 0.386307
2834 130 0 0.351854
4346 219 0 0.490966
6216 470 0 0.928739
1818 107 0 0.160361
1452 105 0 0.115675
2354 128 0 0.396385
2698 121 0 0.381575
4312 216 0 0.589546
9670 777 0 1.12718
2242 127 0 0.299673
7827 431 0 1.14454
4687 311 0 0.723159
2588 132 0 0.313868
2654 116 0 0.444458
1492 80 0 0.224021
4530 382 0 0.44984
5283 398 0 0.521878
260 22 0 0.0192749
1153 113 0 0.0850397
2435 134 0 0.35105
2130 124 0 0.296382
867 78 0 0.0744537
2654 134 0 0.306567
1680 84 0 0.163947
5631 394 0 0.550039
6422 508 0 0.952146
1775 135 0 0.203855
244 17 0 0.0147931
3905 199 0 0.53683
1256 102 0 0.0917663
2358 131 0 0.383366
2536 125 0 0.334269
1923 109 0 0.287168
6121 350 0 0.942788
2603 120 0 0.25135
282 24 0 0.0261031
2069 103 0 0.169823
1334 111 0 0.0875695
2454 129 0 0.32162
2674 121 0 0.339834
1915 115 0 0.344202
6193 381 0 1.26846
2578 134 0 0.411876
246 20 0 0.030474
2065 124 0 0.171587
1254 101 0 0.088153
2389 138 0 0.414509
2631 122 0 0.304401
1675 91 0 0.206538
5826 347 0 0.777196
2991 146 0 0.3137
255 19 0 0.0257604
2777 162 0 0.278427
1322 119 0 0.0966744
907 84 0 0.0601596
2505 132 0 0.32671
2150 118 0 0.32496
2677 140 0 0.343135
1440 75 0 0.145255
3505 192 0 0.497374
5120 437 0 0.747011
5431 288 0 0.947726
6741 436 0 1.40957
8424 536 0 1.34609
1035 72 0 0.0965182
2255 118 0 0.284173
2073 119 0 0.404081
4365 224 0 1.11168
1838 118 0 0.257366
1316 69 0 0.227602
2562 119 0 0.437425
5736 499 0 1.37637
2160 108 0 0.371145
264 27 0 0.0472883
2248 129 0 0.250224
1259 110 0 0.085904
2252 110 0 0.273877
1991 99 0 0.243563
2556 126 0 0.316622
1809 104 0 0.23011
6349 503 0 1.01685
3111 153 0 0.474441
2452 128 0 0.50326
233 20 0 0.0339211
7306 406 0 1.11206
1422 110 0 0.110409
4603 267 0 0.927638
2720 129 0 0.380882
2110 118 0 0.227126
1949 102 0 0.211213
9550 662 0 1.17223
1650 115 0 0.137665
9406 822 0 1.51114
7046 456 0 0.984087
1261 103 0 0.0849678
6099 353 0 0.673488
2740 123 0 0.299391
2159 117 0 0.304218
1995 109 0 0.313368
8679 600 0 1.31085
5836 550 0 0.962206
1263 90 0 0.0955501
5419 364 0 0.607465
1422 101 0 0.0961957
5054 300 0 0.634459
3007 151 0 0.351208
2150 109 0 0.318117
1897 95 0 0.211486
3755 206 0 0.455025
4346 203 0 0.671112
5631 360 0 0.701929
1310 106 0 0.0856973
4762 283 0 0.602122
2811 134 0 0.413003
2123 112 0 0.279658
1840 101 0 0.212151
4805 226 0 0.876216
8717 535 0 1.22821
5532 374 0 0.508029
1233 107 0 0.0807654
5140 306 0 0.83355
2779 129 0 0.383131
2130 113 0 0.246409
1779 91 0 0.212262
4463 187 0 0.67109
6574 409 0 1.18549
5715 387 0 0.595722
1260 106 0 0.0849536
5661 327 0 0.980263
2646 127 0 0.445874
1634 97 0 0.190269
4534 191 0 0.713572
10474 772 0 1.76423
4621 326 0 0.540365
1219 104 0 0.0892732
5571 327 0 1.06777
2707 125 0 0.351914
1638 88 0 0.171926
2116 115 0 0.248964
5286 232 0 0.827563
4175 421 0 0.487871
2923 176 0 0.42843
1293 106 0 0.148093
5261 327 0 0.704389
2898 155 0 0.316889
1490 94 0 0.149237
2136 117 0 0.258475
4982 240 0 0.652118
7689 507 0 1.00768
2456 163 0 0.325686
1432 119 0 0.120093
5735 333 0 0.730404
2752 117 0 0.308708
2299 122 0 0.261054
2329 149 0 0.378393
7740 645 0 0.774705
2175 143 0 0.307639
4774 389 0 0.575124
1497 144 0 0.123951
5745 353 0 0.670616
2866 135 0 0.368415
1600 93 0 0.158375
2120 118 0 0.272917
3650 267 0 0.519461
4881 336 0 0.499577
3056 198 0 0.24316
2912 154 0 0.396785
1295 100 0 0.12872
6621 340 0 1.08848
2848 143 0 0.359108
1852 100 0 0.363337
1780 94 0 0.269811
8177 600 0 0.989647
1537 108 0 0.143276
3326 283 0 0.282334
1689 103 0 0.226323
6894 413 0 0.588613
1501 141 0 0.107047
1936 120 0 0.229962
5731 302 0 1.16842
2711 125 0 0.530704
1645 89 0 0.265603
5588 497 0 0.908643
1626 118 0 0.302541
9688 685 0 1.57162
2244 123 0 0.271718
7251 428 0 0.760659
1441 120 0 0.108038
1982 134 0 0.285745
6398 338 0 1.41739
2780 141 0 0.53579
1701 90 0 0.263536
5843 254 0 1.25299
7051 447 0 1.39587
2261 129 0 0.268979
8106 473 0 1.10313
1439 127 0 0.112086
1791 119 0 0.280612
5989 322 0 1.17518
4371 196 0 0.59029
766 68 0 0.0523862
5783 279 0 0.788447
7964 586 0 0.898737
2308 127 0 0.391569
6241 382 0 0.697616
1377 122 0 0.189147
1535 91 0 0.239015
5470 275 0 0.784813
2884 156 0 0.401787
1726 85 0 0.240785
6707 363 0 1.06766
8275 604 0 0.955863
2274 130 0 0.267795
7108 392 0 0.610359
1272 116 0 0.0990681
1257 75 0 0.153244
5933 289 0 0.967364
2801 143 0 0.311519
1731 89 0 0.196158
6753 309 0 1.20711
5526 415 0 0.583876
2290 132 0 0.418741
4248 328 0 0.454018
1238 110 0 0.0891864
1880 121 0 0.222461
6343 336 0 1.04458
2720 126 0 0.350164
6871 317 0 1.43259
9037 576 0 1.12467
2194 139 0 0.316078
8647 527 0 0.815453
1188 103 0 0.0861111
2318 159 0 0.245584
6332 354 0 1.16378
2689 123 0 0.381792
6200 303 0 1.13485
9093 597 0 1.10714
2192 132 0 0.382022
10095 650 0 1.12027
1349 108 0 0.118279
703 64 0 0.0495845
2175 99 0 0.313532
2385 140 0 0.558473
2731 126 0 0.570433
2118 113 0 0.352242
8650 508 0 1.18531
1713 140 0 0.240306
1576 107 0 0.160233
3590 171 0 0.52289
2472 126 0 0.330217
4594 355 0 0.415822
1404 107 0 0.109931
1826 89 0 0.244368
720 52 0 0.0536449
1905 107 0 0.266963
2723 133 0 0.331914
6083 458 0 0.87772
1621 113 0 0.20845
3865 182 0 0.584096
1800 116 0 0.290957
10236 663 0 1.28303
1534 123 0 0.129964
2130 98 0 0.48502
2084 138 0 0.23901
962 80 0 0.0873835
2725 133 0 0.329264
6288 665 0 0.754176
1332 95 0 0.164734
3977 183 0 0.566812
2295 125 0 0.38614
8125 460 0 0.744247
1393 120 0 0.126824
868 72 0 0.0885911
2171 104 0 0.288557
2150 108 0 0.251029
2674 122 0 0.348827
1751 96 0 0.227958
6004 371 0 1.16836
1578 115 0 0.224336
3786 189 0 0.515496
2308 133 0 0.360826
6793 406 0 0.96829
1424 115 0 0.11084
1428 67 0 0.224637
3939 189 0 0.446666
2697 126 0 0.345386
2900 157 0 0.3588
1676 92 0 0.213434
4933 238 0 0.699422
1411 100 0 0.169791
3548 178 0 0.504214
5596 300 0 1.03167
1507 114 0 0.321048
2445 153 0 0.742171
2694 139 0 0.561931
1915 109 0 0.433861
5191 262 0 1.17843
1600 121 0 0.167246
3887 185 0 0.439248
5357 364 0 0.452679
134 14 0 0.00931192
1377 113 0 0.104771
2800 182 0 0.359915
2692 158 0 0.279076
3165 184 0 0.370626
5880 376 0 0.74532
1860 131 0 0.177041
4150 215 0 0.418117
5744 410 0 0.691425
165 15 0 0.0270345
1423 121 0 0.253609
2750 167 0 0.676265
2316 154 0 0.577134
2766 131 0 0.641128
1881 108 0 0.462006
4697 233 0 0.778092
1578 103 0 0.148866
4988 393 0 0.791406
2393 129 0 0.377213
9397 571 0 0.859771
1299 106 0 0.0921029
2872 159 0 0.449246
2256 151 0 0.407401
2634 126 0 0.313429
2210 120 0 0.296989
4417 231 0 1.15376
1720 109 0 0.185242
4386 326 0 0.428219
2646 133 0 0.363543
8082 493 0 1.18141
1255 110 0 0.154595
2883 185 0 0.363357
1998 119 0 0.291116
2822 151 0 0.341093
1995 114 0 0.20662
3638 202 0 0.475065
1643 111 0 0.163347
3935 282 0 0.471908
2380 134 0 0.290147
5860 481 0 0.580225
142 15 0 0.0130009
1361 115 0 0.10859
3206 174 0 0.462577
2104 120 0 0.295601
2793 130 0 0.489997
1809 103 0 0.245798
4935 239 0 0.688542
1326 89 0 0.222685
3957 283 0 0.563992
2458 128 0 0.373174
4343 246 0 0.534888
194 22 0 0.0159179
1372 103 0 0.139429
2426 147 0 0.356484
2559 117 0 0.297859
1645 96 0 0.183107
5152 328 0 0.834989
428 61 0 0.0354364
2769 206 0 0.268125
2493 140 0 0.269176
1434 121 0 0.231509
2367 149 0 0.299494
2783 129 0 0.39052
1876 107 0 0.305032
5235 426 0 0.570703
8067 568 0 1.10456
4999 315 0 0.730266
1511 124 0 0.113802
3091 190 0 0.559235
2566 159 0 0.252944
5782 731 0 0.423741
1968 186 0 0.160929
4536 373 0 0.444811
5643 391 0 0.441779
1496 119 0 0.142601
1907 101 0 0.253721
2544 137 0 0.3408
2742 128 0 0.314858
4947 321 0 0.735493
8056 587 0 1.03438
4481 259 0 0.512417
1276 110 0 0.0938061
2009 113 0 0.245903
2001 114 0 0.184123
2672 128 0 0.34306
1594 87 0 0.168538
3373 204 0 0.402083
6538 474 0 0.779709
1723 113 0 0.215845
2139 131 0 0.300819
9886 574 0 1.13188
1124 103 0 0.0855185
2216 119 0 0.391604
1205 69 0 0.149865
2671 128 0 0.410304
1662 94 0 0.181802
2628 183 0 0.430574
6935 448 0 1.23313
2096 110 0 0.431805
9876 602 0 1.45256
1324 112 0 0.0957321
2444 114 0 0.432225
2310 147 0 0.369015
2550 111 0 0.393455
2184 115 0 0.235713
3730 165 0 0.694966
8609 523 0 1.02338
2532 127 0 0.331591
7414 426 0 1.16122
1324 113 0 0.0896267
2376 116 0 0.301124
2526 163 0 0.303933
2660 140 0 0.611186
1870 103 0 0.188863
2971 114 0 0.477321
6054 427 0 0.799776
2392 133 0 0.475303
5505 355 0 0.62006
1325 115 0 0.0872951
2257 114 0 0.218854
1144 70 0 0.128083
2654 133 0 0.392787
7021 462 0 1.23806
3189 247 0 0.335308
1886 108 0 0.209534
7030 374 0 0.531256
1261 112 0 0.0891686
2266 127 0 0.286881
1003 69 0 0.0873894
2843 141 0 0.331616
1229 73 0 0.252211
7457 665 0 1.01772
4723 458 0 0.681539
1538 116 0 0.147738
1256 89 0 0.161854
10108 586 0 1.22155
1537 141 0 0.192827
2054 137 0 0.2451
2789 134 0 0.307904
953 70 0 0.0854297
7611 485 0 0.950833
1904 132 0 0.295608
6717 465 0 0.581376
1939 120 0 0.282181
8225 515 0 0.890303
1290 118 0 0.0994654
2006 134 0 0.228977
929 64 0 0.0750283
2725 134 0 0.515958
8367 508 0 1.1221
1977 132 0 0.491905
8019 486 0 1.01173
1921 105 0 0.303666
8261 503 0 1.31188
1410 125 0 0.109899
1832 108 0 0.286654
2733 132 0 0.67444
10571 893 0 1.43412
1848 128 0 0.243034
7810 501 0 1.58322
2126 123 0 0.310854
5028 323 0 0.863116
1387 120 0 0.205156
2005 127 0 0.3384
591 40 0 0.0589936
2699 121 0 0.355771
6793 822 0 1.07424
7748 582 0 1.00689
1912 112 0 0.494756
9591 576 0 1.24756
1119 90 0 0.0751394
2440 119 0 0.403894
6065 403 0 0.66835
4508 232 0 0.554914
5747 501 0 0.413863
7521 376 0 0.986086
1356 106 0 0.120898
2411 120 0 0.261716
1382 80 0 0.143376
5876 342 0 0.964779
1543 110 0 0.131188
4332 224 0 0.797496
5018 362 0 0.659547
1385 106 0 0.116031
2623 134 0 0.493216
1659 74 0 0.328434
6707 435 0 1.33167
1663 108 0 0.172374
4290 224 0 0.929662
4890 386 0 0.784767
1373 101 0 0.218073
2934 141 0 0.61046
2426 136 0 0.386979
2543 119 0 0.383776
1478 82 0 0.152469
8637 518 0 1.72941
1899 155 0 0.166129
4303 338 0 0.503575
5151 383 0 0.848959
1052 108 0 0.131994
2641 160 0 0.314139
6026 348 0 0.849201
2911 142 0 0.734811
1947 109 0 0.371365
1418 75 0 0.342705
4931 365 0 0.904058
1519 147 0 0.120046
9311 597 0 1.65206
2015 104 0 0.290821
7987 484 0 0.684068
938 81 0 0.0534586
2505 147 0 0.267809
5938 349 0 1.21097
2732 126 0 0.497586
1951 120 0 0.340491
1385 75 0 0.265028
6003 273 0 1.29609
8938 673 0 1.38474
6852 352 0 1.28645
6120 354 0 0.930865
2708 154 0 0.381024
4689 311 0 0.8712
2572 120 0 0.640846
2330 126 0 0.451312
1465 70 0 0.141151
1301 124 0 0.106789
3397 249 0 0.588601
1999 169 0 0.197335
3743 252 0 0.399351
1512 108 0 0.361724
7513 408 0 0.920646
7407 357 0 0.755383
3050 214 0 0.331354
2191 125 0 0.273283
2368 107 0 0.376059
2158 125 0 0.268837
1800 93 0 0.192639
8660 497 0 0.850123
1507 77 0 0.146706
10696 634 0 1.19696
2059 126 0 0.359453
8649 520 0 0.810773
4772 319 0 0.49656
2888 163 0 0.353848
2215 130 0 0.323723
2822 154 0 0.597287
1562 80 0 0.186968
2490 136 0 0.328829
6777 416 0 0.989303
1618 163 0 0.234695
5913 267 0 1.25752
2311 119 0 0.454598
1841 124 0 0.246228
8089 469 0 1.0955
4926 335 0 0.836238
2272 116 0 0.570877
2458 140 0 0.562494
2484 120 0 0.590884
1392 77 0 0.322161
2700 147 0 0.675496
7135 429 0 1.44716
2060 97 0 0.21926
1517 113 0 0.13703
5660 527 0 0.945985
1767 117 0 0.244981
9550 603 0 1.03039
4743 309 0 0.469138
2554 136 0 0.294337
2321 134 0 0.361416
1321 77 0 0.148028
2586 143 0 0.297583
7373 449 0 0.873821
1781 85 0 0.161253
1535 111 0 0.141297
5898 341 0 0.674517
1703 111 0 0.213086
1300 68 0 0.102713
4839 327 0 0.51003
2221 114 0 0.357505
2496 153 0 0.707517
2449 112 0 0.299601
1439 77 0 0.1568
2615 143 0 0.510872
1612 78 0 0.196609
8272 435 0 1.38866
11720 798 0 1.38843
6170 305 0 1.15188
1540 102 0 0.198773
5815 453 0 0.734975
3931 206 0 0.41746
2564 144 0 0.438675
2365 114 0 0.459178
1022 51 0 0.15641
1374 68 0 0.160137
2606 135 0 0.357003
3256 266 0 0.318736
3335 296 0 0.258578
5835 353 0 0.687319
4910 401 0 0.584441
871 63 0 0.0765611
2708 134 0 0.45667
3307 201 0 0.813148
1245 61 0 0.288378
8800 586 0 1.6146
10877 797 0 1.57084
2219 135 0 0.273096
8745 516 0 0.871474
2737 128 0 0.516178
3319 196 0 0.671057
2436 142 0 0.737628
887 63 0 0.153141
1235 67 0 0.163636
6671 286 0 1.30325
4577 460 0 0.481075
1915 113 0 0.472367
9136 587 0 1.20504
9397 801 0 1.28254
3873 215 0 0.760993
930 63 0 0.164755
2459 115 0 0.502778
1263 69 0 0.195954
9318 648 0 1.06001
10347 711 0 1.14073
2009 117 0 0.322947
6864 532 0 0.796942
3832 222 0 0.798309
933 63 0 0.0835833
2458 115 0 0.29636
1269 64 0 0.155524
6849 437 0 1.00494
7389 547 0 0.775225
1697 122 0 0.196407
8445 506 0 0.961631
3838 208 0 0.799207
2480 116 0 0.408686
1014 52 0 0.267688
1622 82 0 0.230958
4614 313 0 0.521431
8852 625 0 0.887058
5657 429 0 0.455998
3883 213 0 0.983641
2116 106 0 0.532417
520 30 0 0.0748616
1380 74 0 0.230174
5898 386 0 0.998425
10396 755 0 1.92452
5340 347 0 0.591584
2467 110 0 0.449481
573 33 0 0.139274
2458 121 0 0.446483
2562 142 0 0.333751
3081 155 0 0.444943
1166 65 0 0.129345
2346 157 0 0.234638
4467 371 0 0.490842
1342 103 0 0.221542
9714 737 0 1.0773
5687 356 0 0.536366
2401 131 0 0.333256
2495 119 0 0.355821
912 47 0 0.0965302
1428 75 0 0.174172
2357 167 0 0.226844
5173 495 0 0.520445
5898 485 0 0.604348
5497 371 0 0.505379
960 53 0 0.11702
2334 130 0 0.332261
2418 118 0 0.332111
4863 257 0 1.10109
1558 79 0 0.29116
2352 159 0 0.330895
4795 378 0 0.469245
9381 649 0 1.67579
5376 326 0 0.62071
13816 726 0 2.8563
4331 196 0 0.806226
6169 459 0 0.719297
2174 150 0 0.270889
11588 949 0 2.20926
3152 195 0 0.302473
897 63 0 0.102619
14012 771 0 2.50776
4281 205 0 0.79147
1877 152 0 0.189078
4472 412 0 0.386267
9096 691 0 0.90104
3279 185 0 0.279689
902 64 0 0.132156
14149 831 0 1.46987
4466 198 0 0.66869
1451 103 0 0.131552
4437 300 0 0.478163
8518 553 0 1.13866
2998 177 0 0.308437
921 59 0 0.105697
