obj_search:
  camera_z: 1.7
  ceiling_z: 2.27
  floor_z: 0
  object_query: {K: 5}
  processed_data_dir: /home/michal/Downloads/pcddata/processed/
  raw_data_dir: /media/michal/Pauli/masterdata/raw/
object_query: {K: 10, cluster_maxsize: 500, cluster_minsize: 12, cluster_tolerance: 0.2,
  clusters_to_results: true, extract_mult: 1.3, match: nonPlanes<pfhrgb_uniform, n_max_points: 400,
  output_dir: 'NULL', query_features: '/home/michal/Downloads/pcddata/processed/query/queryobjects/0,01/trash_bin/features/rgb_0000_label_trash_bin<pfhrgb_uniform_2015-05-26_14-52-08.pcd',
  results_out: '/home/michal/Downloads/pcddata/processed/query/k10_mx400_t0,2/dt0,02_mp8000_pp0,001',
  subdirs: 4, target_features: '/home/michal/Downloads/pcddata/processed/paramtest/dt0,02_mp8000_pp0,001',
  x_step_hough: 0.05, y_step_hough: 0.05, z_step_hough: 0.05}
rosdistro: 'indigo

  '
roslaunch:
  uris: {host_tycho__56133: 'http://tycho:56133/'}
rosversion: '1.11.10

  '
run_id: 15e56070-0787-11e5-9385-3c970e77227e
BEGIN_DATA
# fname t_query t_hough t_cluster cluster_n cluster_scores cluster_points cluster_inobb n_hough_tot nonzero_hough hough_votes boxpts boxvotes maxpts maxvotes maxboxpts maxboxvotes hough_hist box_hist max_hist boxmax_hist
/home/michal/Downloads/pcddata/processed/paramtest/dt0,02_mp8000_pp0,001/annotated/rares/20140820/patrol_run_2/room_1/features/nonPlanes<pfhrgb_uniform_2015-05-21_21-39-02.pcd 0.299118 0.00124816 0.00180817 6 69,53,49,49,40,33 30,25,20,19,25,16 -1 449955 539 1010 -1 -1 400 871 -1 -1 449416,327,117,41,23,13,2,4,4,1,1,0,3,0,3 -1 0,188,117,41,23,13,2,4,4,1,1,0,3,0,3 -1
/home/michal/Downloads/pcddata/processed/paramtest/dt0,02_mp8000_pp0,001/annotated/rares/20140820/patrol_run_4/room_0/features/nonPlanes<pfhrgb_uniform_2015-05-21_21-42-25.pcd 0.26524 0.00107341 0.00171632 6 103,95,32,30,26,25 48,22,21,25,19,16 -1 424446 614 1010 -1 -1 400 796 -1 -1 423832,397,132,46,24,5,3,2,1,2,0,0,0,0,0,0,2 -1 0,183,132,46,24,5,3,2,1,2,0,0,0,0,0,0,2 -1
/home/michal/Downloads/pcddata/processed/paramtest/dt0,02_mp8000_pp0,001/annotated/rares/20140828/patrol_run_19/room_3/features/nonPlanes<pfhrgb_uniform_2015-05-21_21-43-51.pcd 0.300465 0.00085459 0.00172348 7 125,113,24,22,22,17,15 61,38,15,13,12,12,13 -1 445269 572 1010 -1 -1 400 838 -1 -1 444697,361,126,32,27,11,3,4,1,1,0,1,2,2,1 -1 0,189,126,32,27,11,3,4,1,1,0,1,2,2,1 -1
/home/michal/Downloads/pcddata/processed/paramtest/dt0,02_mp8000_pp0,001/annotated/rares/20140829/patrol_run_20/room_3/features/nonPlanes<pfhrgb_uniform_2015-05-21_21-46-06.pcd 0.278311 0.000625865 0.0017243 8 120,110,49,44,34,26,19,14 53,38,12,17,20,12,12,12 -1 461736 601 1010 -1 -1 400 809 -1 -1 461135,394,116,46,18,10,8,3,2,3,0,0,1 -1 0,193,116,46,18,10,8,3,2,3,0,0,1 -1
/home/michal/Downloads/pcddata/processed/paramtest/dt0,02_mp8000_pp0,001/annotated/rares/20140829/patrol_run_26/room_2/features/nonPlanes<pfhrgb_uniform_2015-05-21_21-48-05.pcd 0.403401 0.00207689 0.00249229 7 96,90,39,36,29,27,20 52,28,20,14,16,17,16 -1 404481 621 1010 -1 -1 400 789 -1 -1 403860,420,126,30,19,9,6,8,1,0,0,0,0,1,1 -1 0,199,126,30,19,9,6,8,1,0,0,0,0,1,1 -1
/home/michal/Downloads/pcddata/processed/paramtest/dt0,02_mp8000_pp0,001/annotated/rares/20140901/patrol_run_27/room_2/features/nonPlanes<pfhrgb_uniform_2015-05-21_21-50-17.pcd 0.355221 0.000771969 0.000683897 7 55,37,34,30,24,24,19 35,16,18,14,15,12,12 -1 424710 573 1010 -1 -1 400 837 -1 -1 424137,350,139,34,28,10,4,2,0,1,1,0,1,1,0,1,0,0,0,0,0,1 -1 0,177,139,34,28,10,4,2,0,1,1,0,1,1,0,1,0,0,0,0,0,1 -1
/home/michal/Downloads/pcddata/processed/paramtest/dt0,02_mp8000_pp0,001/annotated/rares/20140901/patrol_run_31/room_2/features/nonPlanes<pfhrgb_uniform_2015-05-21_21-52-28.pcd 0.207956 0.000531038 0.0016837 8 73,40,38,36,30,29,26,24 18,16,28,13,15,14,16,12 0,0,0,0,0,0,0,0 456456 534 1010 5 6 400 876 1 2 455922,322,107,47,25,12,7,2,3,3,4,1,0,0,0,1 0,4,1,0,0,0,0,0,0,0,0,0,0,0,0,0 0,188,107,47,25,12,7,2,3,3,4,1,0,0,0,1 0,0,1,0,0,0,0,0,0,0,0,0,0,0,0,0
/home/michal/Downloads/pcddata/processed/paramtest/dt0,02_mp8000_pp0,001/annotated/rares/20140901/patrol_run_32/room_2/features/nonPlanes<pfhrgb_uniform_2015-05-21_21-54-39.pcd 0.172987 0.000395522 0.000889687 5 80,63,61,46,20 41,18,32,19,16 0,0,0,0,0 449592 605 1010 3 5 400 805 2 4 448987,395,120,38,20,18,7,7 0,1,2,0,0,0,0,0 0,190,120,38,20,18,7,7 0,0,2,0,0,0,0,0
/home/michal/Downloads/pcddata/processed/paramtest/dt0,02_mp8000_pp0,001/annotated/rares/20140901/patrol_run_33/room_1/features/nonPlanes<pfhrgb_uniform_2015-05-21_21-57-11.pcd 0.237509 0.000852261 0.0018558 8 164,157,108,76,72,45,40,31 67,68,27,23,38,22,12,13 -1 451044 441 1010 -1 -1 400 969 -1 -1 450603,223,96,53,21,15,5,11,6,4,1,2,2,0,0,2 -1 0,182,96,53,21,15,5,11,6,4,1,2,2,0,0,2 -1
/home/michal/Downloads/pcddata/processed/paramtest/dt0,02_mp8000_pp0,001/annotated/rares/20140902/patrol_run_35/room_2/features/nonPlanes<pfhrgb_uniform_2015-05-21_21-59-20.pcd 0.255995 0.000834684 0.00168691 6 89,83,74,32,21,19 34,36,31,22,12,13 0,0,0,0,0,0 451044 601 1010 8 15 400 809 6 13 450443,390,124,39,23,11,5,4,2,2,0,0,0,0,0,0,1 0,2,5,1,0,0,0,0,0,0,0,0,0,0,0,0,0 0,189,124,39,23,11,5,4,2,2,0,0,0,0,0,0,1 0,0,5,1,0,0,0,0,0,0,0,0,0,0,0,0,0
/home/michal/Downloads/pcddata/processed/paramtest/dt0,02_mp8000_pp0,001/annotated/rares/20140902/patrol_run_38/room_0/features/nonPlanes<pfhrgb_uniform_2015-05-21_22-00-35.pcd 0.191012 0.000590743 0.000861759 8 130,51,50,46,34,28,24,15 36,32,19,17,22,17,12,12 -1 427977 571 1010 -1 -1 400 839 -1 -1 427406,343,146,31,28,6,4,5,3,1,1,1,1,0,0,1 -1 0,172,146,31,28,6,4,5,3,1,1,1,1,0,0,1 -1
/home/michal/Downloads/pcddata/processed/paramtest/dt0,02_mp8000_pp0,001/annotated/rares/20140903/patrol_run_1/room_4/features/nonPlanes<pfhrgb_uniform_2015-05-21_22-02-18.pcd 0.352317 0.000785731 0.00157259 6 121,47,26,22,21,20 58,16,13,15,15,12 0,0,0,0,0,0 470184 588 1010 4 4 400 822 0 0 469596,366,130,51,21,9,0,3,0,4,0,3,1 0,4,0,0,0,0,0,0,0,0,0,0,0 0,178,130,51,21,9,0,3,0,4,0,3,1 0,0,0,0,0,0,0,0,0,0,0,0,0
/home/michal/Downloads/pcddata/processed/paramtest/dt0,02_mp8000_pp0,001/annotated/rares/20140903/patrol_run_10/room_2/features/nonPlanes<pfhrgb_uniform_2015-05-21_22-04-32.pcd 0.372227 0.00106554 0.00166879 8 78,64,30,29,27,26,26,20 33,17,14,12,18,21,13,13 0,0,0,0,0,0,0,0 453024 581 1010 8 10 400 829 2 4 452443,374,127,30,20,8,7,5,5,0,2,1,2 0,6,2,0,0,0,0,0,0,0,0,0,0 0,193,127,30,20,8,7,5,5,0,2,1,2 0,0,2,0,0,0,0,0,0,0,0,0,0
/home/michal/Downloads/pcddata/processed/paramtest/dt0,02_mp8000_pp0,001/annotated/rares/20140903/patrol_run_12/room_2/features/nonPlanes<pfhrgb_uniform_2015-05-21_22-06-02.pcd 0.203408 0.000438075 0.000978712 9 49,48,30,26,23,22,16,16,15 15,19,13,17,13,12,12,12,14 0,0,0,0,0,0,0,0,0 434214 634 1010 4 7 400 776 2 5 433580,419,141,36,17,7,9,0,1,4 0,2,1,1,0,0,0,0,0,0 0,185,141,36,17,7,9,0,1,4 0,0,1,1,0,0,0,0,0,0
/home/michal/Downloads/pcddata/processed/paramtest/dt0,02_mp8000_pp0,001/annotated/rares/20140903/patrol_run_14/room_1/features/nonPlanes<pfhrgb_uniform_2015-05-21_22-08-50.pcd 0.239561 0.000806895 0.00177505 7 50,38,37,36,35,33,19 24,14,21,12,21,12,13 0,1,0,0,0,0,0 434313 634 1010 20 44 400 776 14 38 433679,406,149,43,17,11,3,4,1 0,6,10,2,1,0,0,0,1 0,172,149,43,17,11,3,4,1 0,0,10,2,1,0,0,0,1
/home/michal/Downloads/pcddata/processed/paramtest/dt0,02_mp8000_pp0,001/annotated/rares/20140903/patrol_run_2/room_4/features/nonPlanes<pfhrgb_uniform_2015-05-21_22-11-47.pcd 0.293751 0.000905492 0.00162114 5 126,64,36,20,19 60,38,13,14,15 0,0,0,0,0 462264 598 1010 4 8 400 812 3 7 461666,379,128,47,28,8,4,0,0,0,1,0,2,0,0,0,0,0,0,0,0,0,0,0,1 0,1,2,1,0,0,0,0,0,0,0,0,0,0,0,0,0,0,0,0,0,0,0,0,0 0,181,128,47,28,8,4,0,0,0,1,0,2,0,0,0,0,0,0,0,0,0,0,0,1 0,0,2,1,0,0,0,0,0,0,0,0,0,0,0,0,0,0,0,0,0,0,0,0,0
/home/michal/Downloads/pcddata/processed/paramtest/dt0,02_mp8000_pp0,001/annotated/rares/20140903/patrol_run_9/room_2/features/nonPlanes<pfhrgb_uniform_2015-05-21_22-15-22.pcd 0.2749 0.000855722 0.00168497 7 120,78,47,35,30,25,22 47,21,18,24,14,16,17 -1 491568 600 1010 -1 -1 400 810 -1 -1 490968,374,131,55,20,7,5,3,3,1,1 -1 0,174,131,55,20,7,5,3,3,1,1 -1
/home/michal/Downloads/pcddata/processed/paramtest/dt0,02_mp8000_pp0,001/annotated/rares/20140904/patrol_run_15/room_2/features/nonPlanes<pfhrgb_uniform_2015-05-21_22-18-16.pcd 0.15844 0.00055151 0.002043 8 127,34,27,25,25,24,17,12 34,13,16,16,15,19,15,12 0,0,0,0,0,0,0,0 517902 615 1010 10 18 400 795 6 14 517287,404,140,25,24,8,2,3,4,4,0,0,0,0,1 0,4,4,2,0,0,0,0,0,0,0,0,0,0,0 0,189,140,25,24,8,2,3,4,4,0,0,0,0,1 0,0,4,2,0,0,0,0,0,0,0,0,0,0,0
/home/michal/Downloads/pcddata/processed/paramtest/dt0,02_mp8000_pp0,001/annotated/rares/20140905/patrol_run_17/room_2/features/nonPlanes<pfhrgb_uniform_2015-05-21_22-20-19.pcd 0.303752 0.000646434 0.00157276 8 105,55,29,24,23,18,18,15 40,19,16,17,15,12,12,14 0,0,0,0,0,0,0,0 446160 586 1010 1 1 400 824 0 0 445574,379,118,42,22,11,4,2,2,3,1,0,0,0,0,0,0,1,1 0,1,0,0,0,0,0,0,0,0,0,0,0,0,0,0,0,0,0 0,193,118,42,22,11,4,2,2,3,1,0,0,0,0,0,0,1,1 0,0,0,0,0,0,0,0,0,0,0,0,0,0,0,0,0,0,0
/home/michal/Downloads/pcddata/processed/paramtest/dt0,02_mp8000_pp0,001/annotated/rares/20140905/patrol_run_19/room_1/features/nonPlanes<pfhrgb_uniform_2015-05-21_22-23-27.pcd 0.200847 0.000443798 0.00105531 8 81,80,78,52,45,34,30,24 25,43,27,18,13,19,20,12 0,0,0,0,0,0,0,0 453024 547 1010 4 9 400 863 2 7 452477,330,113,44,28,16,8,2,2,1,1,1,0,0,0,0,0,0,0,0,0,0,1 0,2,1,0,0,1,0,0,0,0,0,0,0,0,0,0,0,0,0,0,0,0,0 0,183,113,44,28,16,8,2,2,1,1,1,0,0,0,0,0,0,0,0,0,0,1 0,0,1,0,0,1,0,0,0,0,0,0,0,0,0,0,0,0,0,0,0,0,0
/home/michal/Downloads/pcddata/processed/paramtest/dt0,02_mp8000_pp0,001/annotated/rares/20140905/patrol_run_21/room_2/features/nonPlanes<pfhrgb_uniform_2015-05-21_22-26-39.pcd 0.415733 0.00111808 0.00109696 7 152,37,31,30,27,26,24 62,15,15,14,14,18,15 0,0,0,0,0,0,0 419265 548 1010 3 4 400 862 1 2 418717,343,101,48,24,11,11,1,1,3,3,0,1,0,0,0,0,0,0,0,1 0,2,1,0,0,0,0,0,0,0,0,0,0,0,0,0,0,0,0,0,0 0,195,101,48,24,11,11,1,1,3,3,0,1,0,0,0,0,0,0,0,1 0,0,1,0,0,0,0,0,0,0,0,0,0,0,0,0,0,0,0,0,0
/home/michal/Downloads/pcddata/processed/paramtest/dt0,02_mp8000_pp0,001/annotated/rares/20140905/patrol_run_23/room_2/features/nonPlanes<pfhrgb_uniform_2015-05-21_22-29-39.pcd 0.255379 0.000767298 0.00161005 8 90,66,36,34,30,27,25,23 19,20,27,16,21,13,13,14 0,0,0,0,0,0,0,0 463320 560 1010 10 14 400 850 3 7 462760,346,118,40,33,6,7,4,2,1,1,0,0,0,0,0,1,0,0,0,0,0,0,0,0,1 0,7,2,1,0,0,0,0,0,0,0,0,0,0,0,0,0,0,0,0,0,0,0,0,0,0 0,186,118,40,33,6,7,4,2,1,1,0,0,0,0,0,1,0,0,0,0,0,0,0,0,1 0,0,2,1,0,0,0,0,0,0,0,0,0,0,0,0,0,0,0,0,0,0,0,0,0,0
/home/michal/Downloads/pcddata/processed/paramtest/dt0,02_mp8000_pp0,001/annotated/rares/20140905/patrol_run_25/room_1/features/nonPlanes<pfhrgb_uniform_2015-05-21_22-31-56.pcd 0.257695 0.000832803 0.00162504 7 80,56,56,33,31,19,16 45,21,15,19,13,16,13 0,0,0,0,0,0,0 410652 548 1010 9 16 400 862 5 12 410104,337,119,33,26,18,4,3,1,3,1,1,0,0,0,0,0,0,1,0,0,0,0,1 0,4,4,0,1,0,0,0,0,0,0,0,0,0,0,0,0,0,0,0,0,0,0,0 0,189,119,33,26,18,4,3,1,3,1,1,0,0,0,0,0,0,1,0,0,0,0,1 0,0,4,0,1,0,0,0,0,0,0,0,0,0,0,0,0,0,0,0,0,0,0,0
/home/michal/Downloads/pcddata/processed/paramtest/dt0,02_mp8000_pp0,001/annotated/rares/20140905/patrol_run_27/room_2/features/nonPlanes<pfhrgb_uniform_2015-05-21_22-33-57.pcd 0.257727 0.000910416 0.00168124 8 71,65,59,54,42,33,24,20 34,20,24,31,14,25,16,16 0,0,0,0,0,0,0,0 470448 630 1010 9 17 400 780 3 11 469818,418,127,43,27,8,2,1,2,0,0,1,0,0,0,1 0,6,1,1,0,0,1,0,0,0,0,0,0,0,0,0 0,188,127,43,27,8,2,1,2,0,0,1,0,0,0,1 0,0,1,1,0,0,1,0,0,0,0,0,0,0,0,0
/home/michal/Downloads/pcddata/processed/paramtest/dt0,02_mp8000_pp0,001/annotated/rares/20140905/patrol_run_29/room_2/features/nonPlanes<pfhrgb_uniform_2015-05-21_22-36-05.pcd 0.259772 0.000698181 0.00158751 6 159,59,37,32,25,15 59,26,17,16,12,13 0,0,0,0,0,0 433290 557 1010 10 19 400 853 5 14 432733,341,127,32,22,15,8,5,2,3,0,0,1,0,0,0,0,0,1 0,5,3,1,0,1,0,0,0,0,0,0,0,0,0,0,0,0,0 0,184,127,32,22,15,8,5,2,3,0,0,1,0,0,0,0,0,1 0,0,3,1,0,1,0,0,0,0,0,0,0,0,0,0,0,0,0
/home/michal/Downloads/pcddata/processed/paramtest/dt0,02_mp8000_pp0,001/annotated/rares/20140905/patrol_run_30/room_1/features/nonPlanes<pfhrgb_uniform_2015-05-21_22-38-05.pcd 0.268209 0.000835843 0.00164293 6 133,32,32,25,23,22 42,14,13,20,13,12 0,0,0,0,0,0 451044 579 1010 4 5 400 831 1 2 450465,360,128,45,23,6,8,3,1,1,2,0,1,0,0,0,0,0,0,1 0,3,1,0,0,0,0,0,0,0,0,0,0,0,0,0,0,0,0,0 0,181,128,45,23,6,8,3,1,1,2,0,1,0,0,0,0,0,0,1 0,0,1,0,0,0,0,0,0,0,0,0,0,0,0,0,0,0,0,0
/home/michal/Downloads/pcddata/processed/paramtest/dt0,02_mp8000_pp0,001/annotated/rares/20140905/patrol_run_30/room_7/features/nonPlanes<pfhrgb_uniform_2015-05-21_22-40-41.pcd 0.343986 0.00121445 0.00285698 5 272,85,42,33,16 83,41,15,19,14 0,0,0,0,0 458865 589 1010 0 0 400 821 0 0 458276,389,115,35,22,9,7,4,0,4,0,3,0,0,1 0,0,0,0,0,0,0,0,0,0,0,0,0,0,0 0,200,115,35,22,9,7,4,0,4,0,3,0,0,1 0,0,0,0,0,0,0,0,0,0,0,0,0,0,0
/home/michal/Downloads/pcddata/processed/paramtest/dt0,02_mp8000_pp0,001/annotated/rares/20140908/patrol_run_32/room_2/features/nonPlanes<pfhrgb_uniform_2015-05-21_22-42-50.pcd 0.360018 0.00112801 0.00240253 10 37,32,32,32,30,29,29,24,20,16 13,17,14,12,17,16,12,18,15,12 0,0,0,0,0,0,0,0,0,0 448668 553 1010 11 17 400 857 5 11 448115,354,114,38,26,2,7,0,3,2,1,0,0,2,0,1,0,1,1,0,0,0,0,0,0,0,0,0,0,0,1 0,6,4,1,0,0,0,0,0,0,0,0,0,0,0,0,0,0,0,0,0,0,0,0,0,0,0,0,0,0,0 0,201,114,38,26,2,7,0,3,2,1,0,0,2,0,1,0,1,1,0,0,0,0,0,0,0,0,0,0,0,1 0,0,4,1,0,0,0,0,0,0,0,0,0,0,0,0,0,0,0,0,0,0,0,0,0,0,0,0,0,0,0
/home/michal/Downloads/pcddata/processed/paramtest/dt0,02_mp8000_pp0,001/annotated/rares/20140908/patrol_run_34/room_2/features/nonPlanes<pfhrgb_uniform_2015-05-21_22-45-05.pcd 0.314066 0.000676833 0.0025732 5 242,51,36,30,24 103,21,15,19,12 0,0,0,0,0 423720 579 1010 0 0 400 831 0 0 423141,366,115,54,22,5,6,3,5,1,0,0,0,1,0,0,0,0,0,0,1 0,0,0,0,0,0,0,0,0,0,0,0,0,0,0,0,0,0,0,0,0 0,187,115,54,22,5,6,3,5,1,0,0,0,1,0,0,0,0,0,0,1 0,0,0,0,0,0,0,0,0,0,0,0,0,0,0,0,0,0,0,0,0
/home/michal/Downloads/pcddata/processed/paramtest/dt0,02_mp8000_pp0,001/annotated/rares/20140908/patrol_run_36/room_3/features/nonPlanes<pfhrgb_uniform_2015-05-21_22-47-10.pcd 0.145602 0.000846598 0.00164795 8 93,83,68,49,46,25,23,20 25,41,27,32,21,22,12,12 0,0,0,0,0,0,0,0 423654 613 1010 6 9 400 797 2 5 423041,399,132,45,16,7,8,0,2,0,0,0,3,1 0,4,1,1,0,0,0,0,0,0,0,0,0,0 0,186,132,45,16,7,8,0,2,0,0,0,3,1 0,0,1,1,0,0,0,0,0,0,0,0,0,0
/home/michal/Downloads/pcddata/processed/paramtest/dt0,02_mp8000_pp0,001/annotated/rares/20140908/patrol_run_38/room_2/features/nonPlanes<pfhrgb_uniform_2015-05-21_22-49-07.pcd 0.116848 0.000367334 0.000687109 10 92,72,68,59,46,45,43,32,31,25 31,23,23,28,26,19,13,17,21,14 0,0,0,0,0,0,0,0,0,0 433356 550 1010 5 7 400 860 2 4 432806,338,116,44,16,14,8,3,2,4,2,3 0,3,2,0,0,0,0,0,0,0,0,0 0,188,116,44,16,14,8,3,2,4,2,3 0,0,2,0,0,0,0,0,0,0,0,0
/home/michal/Downloads/pcddata/processed/paramtest/dt0,02_mp8000_pp0,001/annotated/rares/20140908/patrol_run_39/room_3/features/nonPlanes<pfhrgb_uniform_2015-05-21_22-51-30.pcd 0.308526 0.000387877 0.00105343 9 79,52,51,48,42,39,35,27,19 26,28,12,33,26,16,19,13,12 0,0,0,0,0,0,0,0,0 414678 560 1010 4 8 400 850 1 5 414118,330,133,43,22,14,8,3,6,0,1 0,3,0,0,0,1,0,0,0,0,0 0,170,133,43,22,14,8,3,6,0,1 0,0,0,0,0,1,0,0,0,0,0
/home/michal/Downloads/pcddata/processed/paramtest/dt0,02_mp8000_pp0,001/annotated/rares/20140908/patrol_run_41/room_3/features/nonPlanes<pfhrgb_uniform_2015-05-21_22-53-24.pcd 0.252725 0.000708916 0.00191665 8 147,63,61,61,39,34,27,20 61,32,37,16,20,17,12,12 0,0,0,0,0,0,0,0 455400 570 1010 3 3 400 840 0 0 454830,357,125,35,23,13,4,3,5,2,2,0,0,0,0,0,0,0,1 0,3,0,0,0,0,0,0,0,0,0,0,0,0,0,0,0,0,0 0,187,125,35,23,13,4,3,5,2,2,0,0,0,0,0,0,0,1 0,0,0,0,0,0,0,0,0,0,0,0,0,0,0,0,0,0,0
/home/michal/Downloads/pcddata/processed/paramtest/dt0,02_mp8000_pp0,001/annotated/rares/20140908/patrol_run_43/room_3/features/nonPlanes<pfhrgb_uniform_2015-05-21_22-55-56.pcd 0.268086 0.000820271 0.00181011 5 154,94,57,33,21 76,40,22,14,13 0,0,0,0,0 414018 593 1010 3 11 400 817 2 10 413425,366,140,40,21,13,6,3,0,2,2 0,1,0,1,0,0,0,1,0,0,0 0,173,140,40,21,13,6,3,0,2,2 0,0,0,1,0,0,0,1,0,0,0
/home/michal/Downloads/pcddata/processed/paramtest/dt0,02_mp8000_pp0,001/annotated/rares/20140908/patrol_run_45/room_2/features/nonPlanes<pfhrgb_uniform_2015-05-21_22-58-07.pcd 0.26819 0.000402168 0.000716529 6 143,104,28,27,20,16 60,33,19,16,14,14 0,0,0,0,0,0 442200 579 1010 5 19 400 831 4 18 441621,391,110,32,16,7,3,7,1,5,2,1,1,2,0,1 0,1,2,0,1,0,0,0,0,0,1,0,0,0,0,0 0,212,110,32,16,7,3,7,1,5,2,1,1,2,0,1 0,0,2,0,1,0,0,0,0,0,1,0,0,0,0,0
/home/michal/Downloads/pcddata/processed/paramtest/dt0,02_mp8000_pp0,001/annotated/rares/20140908/patrol_run_47/room_3/features/nonPlanes<pfhrgb_uniform_2015-05-21_23-01-21.pcd 0.145943 0.00056159 0.00100403 6 172,72,45,23,18,17 77,38,29,13,14,12 0,0,0,0,0,0 465300 580 1010 12 59 400 830 9 56 464720,362,125,47,23,7,4,5,1,1,3,1,0,1 0,3,1,0,2,0,2,2,0,1,0,1,0,0 0,182,125,47,23,7,4,5,1,1,3,1,0,1 0,0,1,0,2,0,2,2,0,1,0,1,0,0
/home/michal/Downloads/pcddata/processed/paramtest/dt0,02_mp8000_pp0,001/annotated/rares/20140909/patrol_run_49/room_3/features/nonPlanes<pfhrgb_uniform_2015-05-21_23-04-45.pcd 0.272418 0.000834214 0.00219871 5 99,61,34,31,30 41,14,20,18,13 0,0,0,0,0 437778 567 1010 1 1 400 843 0 0 437211,343,125,49,20,12,10,4,1,1,0,0,1,1 0,1,0,0,0,0,0,0,0,0,0,0,0,0 0,176,125,49,20,12,10,4,1,1,0,0,1,1 0,0,0,0,0,0,0,0,0,0,0,0,0,0
/home/michal/Downloads/pcddata/processed/paramtest/dt0,02_mp8000_pp0,001/annotated/rares/20140909/patrol_run_51/room_3/features/nonPlanes<pfhrgb_uniform_2015-05-21_23-07-54.pcd 0.264727 0.00109458 0.00176332 4 111,59,59,29 34,33,20,15 0,0,0,0 812328 565 1010 6 6 400 845 0 0 811763,353,116,41,27,13,5,3,0,2,3,1,0,0,0,0,0,0,0,1 0,6,0,0,0,0,0,0,0,0,0,0,0,0,0,0,0,0,0,0 0,188,116,41,27,13,5,3,0,2,3,1,0,0,0,0,0,0,0,1 0,0,0,0,0,0,0,0,0,0,0,0,0,0,0,0,0,0,0,0
/home/michal/Downloads/pcddata/processed/paramtest/dt0,02_mp8000_pp0,001/annotated/rares/20140909/patrol_run_53/room_3/features/nonPlanes<pfhrgb_uniform_2015-05-21_23-10-05.pcd 0.351146 0.000788416 0.00245638 5 127,79,25,19,16 53,34,15,14,12 0,0,0,0,0 456456 564 1010 5 6 400 846 1 2 455892,351,122,38,25,10,4,5,3,2,2,0,0,1,0,0,0,1 0,4,1,0,0,0,0,0,0,0,0,0,0,0,0,0,0,0 0,187,122,38,25,10,4,5,3,2,2,0,0,1,0,0,0,1 0,0,1,0,0,0,0,0,0,0,0,0,0,0,0,0,0,0
/home/michal/Downloads/pcddata/processed/paramtest/dt0,02_mp8000_pp0,001/annotated/rares/20140909/patrol_run_55/room_3/features/nonPlanes<pfhrgb_uniform_2015-05-21_23-12-21.pcd 0.400083 0.00077106 0.0025433 5 106,57,31,29,22 45,38,17,18,13 0,0,0,0,0 446622 636 1010 2 3 400 774 1 2 445986,424,127,40,30,6,5,1,2,1 0,1,1,0,0,0,0,0,0,0 0,188,127,40,30,6,5,1,2,1 0,0,1,0,0,0,0,0,0,0
/home/michal/Downloads/pcddata/processed/paramtest/dt0,02_mp8000_pp0,001/annotated/rares/20140909/patrol_run_59/room_3/features/nonPlanes<pfhrgb_uniform_2015-05-21_23-14-17.pcd 0.395961 0.00075488 0.00122766 4 136,48,42,36 75,20,19,12 0,0,0,0 446622 632 1010 1 1 400 778 0 0 445990,442,117,36,21,6,3,0,1,0,0,2,1,2,0,0,0,0,0,0,0,0,0,0,0,0,1 0,1,0,0,0,0,0,0,0,0,0,0,0,0,0,0,0,0,0,0,0,0,0,0,0,0,0 0,210,117,36,21,6,3,0,1,0,0,2,1,2,0,0,0,0,0,0,0,0,0,0,0,0,1 0,0,0,0,0,0,0,0,0,0,0,0,0,0,0,0,0,0,0,0,0,0,0,0,0,0,0
/home/michal/Downloads/pcddata/processed/paramtest/dt0,02_mp8000_pp0,001/annotated/rares/20140909/patrol_run_61/room_3/features/nonPlanes<pfhrgb_uniform_2015-05-21_23-16-08.pcd 0.357731 0.00126783 0.00167834 5 75,37,32,21,21 25,16,17,15,12 0,0,0,0,0 447579 562 1010 1 1 400 848 0 0 447017,359,105,45,23,8,7,6,5,1,0,1,0,0,1,0,1 0,1,0,0,0,0,0,0,0,0,0,0,0,0,0,0,0 0,197,105,45,23,8,7,6,5,1,0,1,0,0,1,0,1 0,0,0,0,0,0,0,0,0,0,0,0,0,0,0,0,0
/home/michal/Downloads/pcddata/processed/paramtest/dt0,02_mp8000_pp0,001/annotated/rares/20140909/patrol_run_63/room_3/features/nonPlanes<pfhrgb_uniform_2015-05-21_23-18-31.pcd 0.278771 0.000805535 0.00163545 7 82,66,54,41,37,25,21 28,26,19,22,25,12,13 0,0,0,0,0,0,0 420420 550 1010 0 0 400 860 0 0 419870,322,134,39,29,13,2,2,3,2,0,2,1,0,0,0,0,0,0,0,1 0,0,0,0,0,0,0,0,0,0,0,0,0,0,0,0,0,0,0,0,0 0,172,134,39,29,13,2,2,3,2,0,2,1,0,0,0,0,0,0,0,1 0,0,0,0,0,0,0,0,0,0,0,0,0,0,0,0,0,0,0,0,0
/home/michal/Downloads/pcddata/processed/paramtest/dt0,02_mp8000_pp0,001/annotated/rares/20140910/patrol_run_67/room_3/features/nonPlanes<pfhrgb_uniform_2015-05-21_23-20-33.pcd 0.394813 0.000804998 0.00261856 5 185,84,28,21,18 69,34,20,12,13 0,0,0,0,0 473286 605 1010 2 2 400 805 0 0 472681,398,121,42,16,9,5,10,2,1,1 0,2,0,0,0,0,0,0,0,0,0 0,193,121,42,16,9,5,10,2,1,1 0,0,0,0,0,0,0,0,0,0,0
/home/michal/Downloads/pcddata/processed/paramtest/dt0,02_mp8000_pp0,001/annotated/rares/20140910/patrol_run_69/room_3/features/nonPlanes<pfhrgb_uniform_2015-05-21_23-22-26.pcd 0.394913 0.000792873 0.00247987 5 146,116,49,32,23 64,45,26,13,13 0,0,0,0,0 446622 617 1010 1 1 400 793 0 0 446005,411,125,30,32,6,4,2,3,2,1,1 0,1,0,0,0,0,0,0,0,0,0,0 0,194,125,30,32,6,4,2,3,2,1,1 0,0,0,0,0,0,0,0,0,0,0,0
/home/michal/Downloads/pcddata/processed/paramtest/dt0,02_mp8000_pp0,001/annotated/rares/20140910/patrol_run_71/room_3/features/nonPlanes<pfhrgb_uniform_2015-05-21_23-24-55.pcd 0.306145 0.000818026 0.00266424 8 82,53,50,32,28,25,19,19 35,15,27,12,19,14,18,12 0,0,0,0,0,0,0,0 477048 589 1010 0 0 400 821 0 0 476459,369,141,33,25,3,6,5,3,1,1,0,0,1,0,0,0,0,1 0,0,0,0,0,0,0,0,0,0,0,0,0,0,0,0,0,0,0 0,180,141,33,25,3,6,5,3,1,1,0,0,1,0,0,0,0,1 0,0,0,0,0,0,0,0,0,0,0,0,0,0,0,0,0,0,0
/home/michal/Downloads/pcddata/processed/paramtest/dt0,02_mp8000_pp0,001/annotated/rares/20140910/patrol_run_74/room_3/features/nonPlanes<pfhrgb_uniform_2015-05-21_23-27-20.pcd 0.247391 0.000806037 0.00162795 9 78,50,48,43,37,31,27,22,21 45,31,22,13,21,14,17,12,17 0,0,0,0,0,0,0,0,0 442200 586 1010 1 1 400 824 0 0 441614,381,123,38,23,7,2,6,1,0,1,0,1,1,0,0,0,0,0,1,0,0,0,0,0,0,1 0,1,0,0,0,0,0,0,0,0,0,0,0,0,0,0,0,0,0,0,0,0,0,0,0,0,0 0,195,123,38,23,7,2,6,1,0,1,0,1,1,0,0,0,0,0,1,0,0,0,0,0,0,1 0,0,0,0,0,0,0,0,0,0,0,0,0,0,0,0,0,0,0,0,0,0,0,0,0,0,0
/home/michal/Downloads/pcddata/processed/paramtest/dt0,02_mp8000_pp0,001/annotated/rares/20140910/patrol_run_77/room_4/features/nonPlanes<pfhrgb_uniform_2015-05-21_23-29-24.pcd 0.271619 0.00082113 0.00160471 6 67,48,47,30,29,18 26,15,25,17,14,13 0,0,0,0,0,0 446622 581 1010 4 4 400 829 0 0 446041,361,137,32,23,13,5,4,2,1,1,0,1,0,0,0,0,1 0,4,0,0,0,0,0,0,0,0,0,0,0,0,0,0,0,0 0,180,137,32,23,13,5,4,2,1,1,0,1,0,0,0,0,1 0,0,0,0,0,0,0,0,0,0,0,0,0,0,0,0,0,0
/home/michal/Downloads/pcddata/processed/paramtest/dt0,02_mp8000_pp0,001/annotated/rares/20140910/patrol_run_79/room_2/features/nonPlanes<pfhrgb_uniform_2015-05-21_23-31-00.pcd 0.296451 0.00119372 0.00210041 9 80,57,49,43,41,34,33,20,19 18,28,24,14,23,18,18,13,13 0,0,0,0,0,0,0,0,0 396627 584 1010 2 2 400 826 0 0 396043,372,126,37,28,8,4,2,2,1,0,0,1,0,1,1,0,0,0,1 0,2,0,0,0,0,0,0,0,0,0,0,0,0,0,0,0,0,0,0 0,188,126,37,28,8,4,2,2,1,0,0,1,0,1,1,0,0,0,1 0,0,0,0,0,0,0,0,0,0,0,0,0,0,0,0,0,0,0,0
/home/michal/Downloads/pcddata/processed/paramtest/dt0,02_mp8000_pp0,001/annotated/rares/20140910/patrol_run_81/room_2/features/nonPlanes<pfhrgb_uniform_2015-05-21_23-33-35.pcd 0.130099 0.000419415 0.00101751 9 109,99,85,76,74,67,50,38,19 57,43,40,29,23,28,22,15,12 0,0,0,0,0,0,0,0,0 432300 522 1010 0 0 400 888 0 0 431778,291,112,55,31,17,6,4,1,1,4 0,0,0,0,0,0,0,0,0,0,0 0,169,112,55,31,17,6,4,1,1,4 0,0,0,0,0,0,0,0,0,0,0
/home/michal/Downloads/pcddata/processed/paramtest/dt0,02_mp8000_pp0,001/annotated/rares/20140911/patrol_run_82/room_3/features/nonPlanes<pfhrgb_uniform_2015-05-21_23-36-04.pcd 0.279403 0.000752168 0.00298672 6 87,75,62,50,35,25 47,18,29,24,22,21 0,0,0,0,0,0 473154 616 1010 1 1 400 794 0 0 472538,427,106,36,17,13,5,5,4,0,1,1,1 0,1,0,0,0,0,0,0,0,0,0,0,0 0,211,106,36,17,13,5,5,4,0,1,1,1 0,0,0,0,0,0,0,0,0,0,0,0,0
/home/michal/Downloads/pcddata/processed/paramtest/dt0,02_mp8000_pp0,001/annotated/rares/20140911/patrol_run_84/room_3/features/nonPlanes<pfhrgb_uniform_2015-05-21_23-38-46.pcd 0.331628 0.00167349 0.00166214 7 80,65,26,23,21,20,15 28,33,19,17,17,12,13 0,0,0,0,0,0,0 455400 607 1010 3 3 400 803 0 0 454793,384,146,35,18,10,5,3,2,2,1,0,1 0,3,0,0,0,0,0,0,0,0,0,0,0 0,177,146,35,18,10,5,3,2,2,1,0,1 0,0,0,0,0,0,0,0,0,0,0,0,0
/home/michal/Downloads/pcddata/processed/paramtest/dt0,02_mp8000_pp0,001/annotated/rares/20140911/patrol_run_88/room_3/features/nonPlanes<pfhrgb_uniform_2015-05-21_23-41-22.pcd 0.348319 0.00127449 0.00123028 6 71,66,51,42,28,25 43,33,22,23,17,19 0,0,0,0,0,0 474606 602 1010 1 1 400 808 0 0 474004,386,123,41,28,16,2,2,1,1,2 0,1,0,0,0,0,0,0,0,0,0 0,184,123,41,28,16,2,2,1,1,2 0,0,0,0,0,0,0,0,0,0,0
/home/michal/Downloads/pcddata/processed/paramtest/dt0,02_mp8000_pp0,001/annotated/rares/20140911/patrol_run_90/room_3/features/nonPlanes<pfhrgb_uniform_2015-05-21_23-44-36.pcd 0.147249 0.000485259 0.00121491 7 97,52,51,40,35,20,18 42,29,25,14,15,12,15 0,0,0,0,0,0,0 408408 586 1010 1 1 400 824 0 0 407822,367,124,38,33,10,7,3,2,1,0,1 0,1,0,0,0,0,0,0,0,0,0,0 0,181,124,38,33,10,7,3,2,1,0,1 0,0,0,0,0,0,0,0,0,0,0,0
/home/michal/Downloads/pcddata/processed/paramtest/dt0,02_mp8000_pp0,001/annotated/rares/20140911/patrol_run_92/room_3/features/nonPlanes<pfhrgb_uniform_2015-05-21_23-47-45.pcd 0.175418 0.000806805 0.00161605 5 65,48,37,31,17 26,17,19,16,14 0,0,0,0,0 454740 551 1010 0 0 400 859 0 0 454189,343,118,36,28,8,3,2,5,2,1,2,0,1,0,0,0,0,2 0,0,0,0,0,0,0,0,0,0,0,0,0,0,0,0,0,0,0 0,192,118,36,28,8,3,2,5,2,1,2,0,1,0,0,0,0,2 0,0,0,0,0,0,0,0,0,0,0,0,0,0,0,0,0,0,0
/home/michal/Downloads/pcddata/processed/paramtest/dt0,02_mp8000_pp0,001/annotated/rares/20140912/patrol_run_100/room_3/features/nonPlanes<pfhrgb_uniform_2015-05-21_23-50-18.pcd 0.266047 0.000863149 0.00167419 9 230,31,30,27,23,22,21,18,16 75,20,12,12,13,14,14,12,12 0,0,0,0,0,0,0,0,0 437778 613 1010 1 1 400 797 0 0 437165,402,131,35,21,10,4,5,1,2,1,0,1 0,1,0,0,0,0,0,0,0,0,0,0,0 0,189,131,35,21,10,4,5,1,2,1,0,1 0,0,0,0,0,0,0,0,0,0,0,0,0
/home/michal/Downloads/pcddata/processed/paramtest/dt0,02_mp8000_pp0,001/annotated/rares/20140912/patrol_run_102/room_3/features/nonPlanes<pfhrgb_uniform_2015-05-21_23-53-50.pcd 0.273565 0.0010119 0.00164573 8 121,76,47,35,28,26,14,12 33,36,21,15,12,13,12,12 0,0,0,0,0,0,0,0 463320 567 1010 0 0 400 843 0 0 462753,362,117,35,23,13,4,5,3,1,0,1,0,1,1,0,0,0,0,0,0,0,1 0,0,0,0,0,0,0,0,0,0,0,0,0,0,0,0,0,0,0,0,0,0,0 0,195,117,35,23,13,4,5,3,1,0,1,0,1,1,0,0,0,0,0,0,0,1 0,0,0,0,0,0,0,0,0,0,0,0,0,0,0,0,0,0,0,0,0,0,0
/home/michal/Downloads/pcddata/processed/paramtest/dt0,02_mp8000_pp0,001/annotated/rares/20140912/patrol_run_104/room_3/features/nonPlanes<pfhrgb_uniform_2015-05-21_23-58-17.pcd 0.263714 0.000798613 0.0016638 7 95,60,43,36,34,21,16 27,31,25,24,16,13,12 0,0,0,0,0,0,0 445500 587 1010 1 1 400 823 0 0 444913,382,113,41,24,14,5,3,2,0,1,0,0,0,0,0,0,0,2 0,1,0,0,0,0,0,0,0,0,0,0,0,0,0,0,0,0,0 0,195,113,41,24,14,5,3,2,0,1,0,0,0,0,0,0,0,2 0,0,0,0,0,0,0,0,0,0,0,0,0,0,0,0,0,0,0
/home/michal/Downloads/pcddata/processed/paramtest/dt0,02_mp8000_pp0,001/annotated/rares/20140912/patrol_run_94/room_3/features/nonPlanes<pfhrgb_uniform_2015-05-22_00-01-57.pcd 0.264282 0.000716423 0.00176083 7 254,56,49,42,32,29,16 91,19,31,23,17,19,13 0,0,0,0,0,0,0 445500 578 1010 0 0 400 832 0 0 444922,357,130,39,27,11,3,2,5,1,2,0,1 0,0,0,0,0,0,0,0,0,0,0,0,0 0,179,130,39,27,11,3,2,5,1,2,0,1 0,0,0,0,0,0,0,0,0,0,0,0,0
/home/michal/Downloads/pcddata/processed/paramtest/dt0,02_mp8000_pp0,001/annotated/rares/20140912/patrol_run_96/room_2/features/nonPlanes<pfhrgb_uniform_2015-05-22_00-05-35.pcd 0.277928 0.000627408 0.00163031 7 115,71,37,32,30,25,13 40,20,18,23,13,15,12 0,0,0,0,0,0,0 434511 546 1010 0 0 400 864 0 0 433965,339,112,41,19,21,2,2,1,1,2,1,1,2,0,1,1 0,0,0,0,0,0,0,0,0,0,0,0,0,0,0,0,0 0,193,112,41,19,21,2,2,1,1,2,1,1,2,0,1,1 0,0,0,0,0,0,0,0,0,0,0,0,0,0,0,0,0
/home/michal/Downloads/pcddata/processed/paramtest/dt0,02_mp8000_pp0,001/annotated/rares/20140912/patrol_run_98/room_3/features/nonPlanes<pfhrgb_uniform_2015-05-22_00-07-48.pcd 0.275612 0.000811057 0.00160394 7 113,59,54,32,29,24,16 58,32,20,16,13,12,12 0,0,0,0,0,0,0 446622 616 1010 1 2 400 794 1 2 446006,405,136,35,17,9,2,3,6,0,1,1,0,1 0,0,1,0,0,0,0,0,0,0,0,0,0,0 0,189,136,35,17,9,2,3,6,0,1,1,0,1 0,0,1,0,0,0,0,0,0,0,0,0,0,0
/home/michal/Downloads/pcddata/processed/paramtest/dt0,02_mp8000_pp0,001/annotated/rares/20140921/patrol_run_110/room_2/features/nonPlanes<pfhrgb_uniform_2015-05-22_00-11-07.pcd 0.150198 0.00043025 0.00162731 5 463,130,94,50,46 207,64,33,19,17 0,0,0,0,0 411840 499 1010 0 0 400 911 0 0 411341,263,123,50,29,14,5,8,1,0,1,1,3,0,1 0,0,0,0,0,0,0,0,0,0,0,0,0,0,0 0,164,123,50,29,14,5,8,1,0,1,1,3,0,1 0,0,0,0,0,0,0,0,0,0,0,0,0,0,0
/home/michal/Downloads/pcddata/processed/paramtest/dt0,02_mp8000_pp0,001/annotated/rares/20140921/patrol_run_112/room_2/features/nonPlanes<pfhrgb_uniform_2015-05-22_00-12-18.pcd 0.182606 0.00042693 0.00147046 7 66,41,41,36,36,29,19 17,24,20,23,13,13,12 0,0,0,0,0,0,0 423258 603 1010 12 30 400 807 4 22 422655,399,114,38,23,15,7,4,2,0,0,0,0,0,0,0,1 0,8,3,0,0,0,0,0,0,0,0,0,0,0,0,0,1 0,196,114,38,23,15,7,4,2,0,0,0,0,0,0,0,1 0,0,3,0,0,0,0,0,0,0,0,0,0,0,0,0,1
/home/michal/Downloads/pcddata/processed/paramtest/dt0,02_mp8000_pp0,001/annotated/rares/20140921/patrol_run_114/room_1/features/nonPlanes<pfhrgb_uniform_2015-05-22_00-15-01.pcd 0.178676 0.000412014 0.000983152 4 86,34,24,21 26,20,17,13 0,0,0,0 421476 601 1010 6 10 400 809 2 6 420875,373,148,33,24,7,9,3,2,1,0,1 0,4,1,0,1,0,0,0,0,0,0,0 0,172,148,33,24,7,9,3,2,1,0,1 0,0,1,0,1,0,0,0,0,0,0,0
/home/michal/Downloads/pcddata/processed/paramtest/dt0,02_mp8000_pp0,001/annotated/rares/20140922/patrol_run_116/room_2/features/nonPlanes<pfhrgb_uniform_2015-05-22_00-17-09.pcd 0.23647 0.000687963 0.00174315 6 162,72,63,44,43,31 71,26,32,22,30,17 0,0,0,0,0,0 424116 584 1010 3 5 400 826 2 4 423532,361,134,41,24,10,4,4,1,2,1,1,0,1 0,1,2,0,0,0,0,0,0,0,0,0,0,0 0,177,134,41,24,10,4,4,1,2,1,1,0,1 0,0,2,0,0,0,0,0,0,0,0,0,0,0
/home/michal/Downloads/pcddata/processed/paramtest/dt0,02_mp8000_pp0,001/annotated/rares/20140922/patrol_run_118/room_2/features/nonPlanes<pfhrgb_uniform_2015-05-22_00-20-10.pcd 0.366806 0.00128946 0.00255015 8 87,65,64,49,40,35,30,28 54,15,18,18,20,13,12,17 0,0,0,0,0,0,0,0 451044 589 1010 10 25 400 821 5 20 450455,374,123,41,23,11,8,4,3,1,0,1 0,5,2,0,1,0,2,0,0,0,0,0 0,185,123,41,23,11,8,4,3,1,0,1 0,0,2,0,1,0,2,0,0,0,0,0
/home/michal/Downloads/pcddata/processed/paramtest/dt0,02_mp8000_pp0,001/annotated/rares/20140922/patrol_run_120/room_1/features/nonPlanes<pfhrgb_uniform_2015-05-22_00-21-24.pcd 0.306858 0.000385022 0.00264615 6 93,46,42,41,27,23 39,24,12,14,13,15 0,0,0,0,0,0 478401 575 1010 2 3 400 835 1 2 477826,347,140,39,21,13,5,3,2,1,3,1 0,1,1,0,0,0,0,0,0,0,0,0 0,172,140,39,21,13,5,3,2,1,3,1 0,0,1,0,0,0,0,0,0,0,0,0
/home/michal/Downloads/pcddata/processed/paramtest/dt0,02_mp8000_pp0,001/annotated/rares/20140922/patrol_run_124/room_2/features/nonPlanes<pfhrgb_uniform_2015-05-22_00-23-42.pcd 0.4212 0.000902812 0.00250112 9 62,62,61,43,34,29,27,25,23 29,21,15,28,17,18,13,15,15 -1 483516 619 1010 -1 -1 400 791 -1 -1 482897,409,133,33,26,7,2,3,0,3,0,1,1,0,1 -1 0,190,133,33,26,7,2,3,0,3,0,1,1,0,1 -1
/home/michal/Downloads/pcddata/processed/paramtest/dt0,02_mp8000_pp0,001/annotated/rares/20140922/patrol_run_126/room_2/features/nonPlanes<pfhrgb_uniform_2015-05-22_00-25-17.pcd 0.398273 0.00206591 0.00249731 10 79,53,49,46,29,22,20,19,18,17 27,25,18,29,16,13,12,14,12,12 -1 455499 559 1010 -1 -1 400 851 -1 -1 454940,343,123,42,20,15,4,4,3,1,1,0,0,0,1,1,1 -1 0,184,123,42,20,15,4,4,3,1,1,0,0,0,1,1,1 -1
/home/michal/Downloads/pcddata/processed/paramtest/dt0,02_mp8000_pp0,001/annotated/rares/20140922/patrol_run_128/room_2/features/nonPlanes<pfhrgb_uniform_2015-05-22_00-28-35.pcd 0.180316 0.000548474 0.00138216 9 87,85,82,73,51,44,35,20,19 56,19,20,33,25,25,20,16,12 -1 454410 578 1010 -1 -1 400 832 -1 -1 453832,383,106,38,18,10,6,8,4,1,2,0,0,2 -1 0,205,106,38,18,10,6,8,4,1,2,0,0,2 -1
/home/michal/Downloads/pcddata/processed/paramtest/dt0,02_mp8000_pp0,001/annotated/rares/20140922/patrol_run_130/room_2/features/nonPlanes<pfhrgb_uniform_2015-05-22_00-32-18.pcd 0.306514 0.000851091 0.00167885 7 103,81,77,54,51,33,26 32,44,51,19,32,12,17 -1 443289 606 1010 -1 -1 400 804 -1 -1 442683,401,126,32,21,9,8,2,3,1,0,2,0,0,0,1 -1 0,195,126,32,21,9,8,2,3,1,0,2,0,0,0,1 -1
/home/michal/Downloads/pcddata/processed/paramtest/dt0,02_mp8000_pp0,001/annotated/rares/20140922/patrol_run_132/room_1/features/nonPlanes<pfhrgb_uniform_2015-05-22_00-35-22.pcd 0.264435 0.000780157 0.00280043 7 195,79,48,35,28,27,17 58,40,27,17,19,18,12 -1 454740 585 1010 -1 -1 400 825 -1 -1 454155,371,120,48,23,8,5,2,2,2,2,1,0,0,1 -1 0,186,120,48,23,8,5,2,2,2,2,1,0,0,1 -1
/home/michal/Downloads/pcddata/processed/paramtest/dt0,02_mp8000_pp0,001/annotated/rares/20140922/patrol_run_134/room_2/features/nonPlanes<pfhrgb_uniform_2015-05-22_00-38-58.pcd 0.217125 0.000363092 0.000893588 8 120,80,44,37,34,23,23,23 61,39,20,24,22,14,12,12 -1 411840 599 1010 -1 -1 400 811 -1 -1 411241,386,134,37,21,6,3,3,3,2,1,0,1,1,0,1 -1 0,187,134,37,21,6,3,3,3,2,1,0,1,1,0,1 -1
/home/michal/Downloads/pcddata/processed/paramtest/dt0,02_mp8000_pp0,001/annotated/rares/20140922/patrol_run_138/room_2/features/nonPlanes<pfhrgb_uniform_2015-05-22_00-42-10.pcd 0.175466 0.000737986 0.0013597 9 75,60,57,48,42,33,19,18,18 35,27,13,26,22,18,13,14,13 -1 443223 607 1010 -1 -1 400 803 -1 -1 442616,394,124,43,27,8,2,5,0,1,0,1,2 -1 0,187,124,43,27,8,2,5,0,1,0,1,2 -1
/home/michal/Downloads/pcddata/processed/paramtest/dt0,02_mp8000_pp0,001/annotated/rares/20140923/patrol_run_139/room_2/features/nonPlanes<pfhrgb_uniform_2015-05-22_00-45-20.pcd 0.339532 0.00105456 0.0011763 6 135,63,62,33,28,23 63,28,23,20,15,14 -1 430782 589 1010 -1 -1 400 821 -1 -1 430193,373,117,50,22,15,6,1,1,3,0,0,1 -1 0,184,117,50,22,15,6,1,1,3,0,0,1 -1
/home/michal/Downloads/pcddata/processed/paramtest/dt0,02_mp8000_pp0,001/annotated/rares/20140923/patrol_run_141/room_2/features/nonPlanes<pfhrgb_uniform_2015-05-22_00-48-40.pcd 0.531576 0.00197713 0.00290484 6 122,51,48,41,36,29 58,14,14,20,17,12 -1 407286 558 1010 -1 -1 400 852 -1 -1 406728,341,132,27,20,18,7,3,6,1,0,2,1 -1 0,183,132,27,20,18,7,3,6,1,0,2,1 -1
/home/michal/Downloads/pcddata/processed/paramtest/dt0,02_mp8000_pp0,001/annotated/rares/20140923/patrol_run_144/room_2/features/nonPlanes<pfhrgb_uniform_2015-05-22_00-52-10.pcd 0.403816 0.0011192 0.00246353 8 89,86,54,46,30,19,16,15 32,32,21,23,16,13,15,14 -1 438471 570 1010 -1 -1 400 840 -1 -1 437901,354,128,34,28,8,4,6,5,2,0,0,0,0,0,0,0,0,0,0,0,0,1 -1 0,184,128,34,28,8,4,6,5,2,0,0,0,0,0,0,0,0,0,0,0,0,1 -1
/home/michal/Downloads/pcddata/processed/paramtest/dt0,02_mp8000_pp0,001/annotated/rares/20140923/patrol_run_146/room_2/features/nonPlanes<pfhrgb_uniform_2015-05-22_00-54-34.pcd 0.18531 0.000852221 0.001705 8 96,73,44,40,36,36,31,15 39,37,19,15,27,22,14,12 -1 391248 609 1010 -1 -1 400 801 -1 -1 390639,385,145,35,22,9,7,2,0,1,2,0,1 -1 0,176,145,35,22,9,7,2,0,1,2,0,1 -1
/home/michal/Downloads/pcddata/processed/paramtest/dt0,02_mp8000_pp0,001/annotated/rares/20140923/patrol_run_148/room_2/features/nonPlanes<pfhrgb_uniform_2015-05-22_00-56-04.pcd 0.256353 0.000822504 0.00203609 5 205,118,57,31,19 91,46,20,13,12 -1 444246 572 1010 -1 -1 400 838 -1 -1 443674,363,114,37,29,10,9,2,3,3,1,0,0,1 -1 0,191,114,37,29,10,9,2,3,3,1,0,0,1 -1
/home/michal/Downloads/pcddata/processed/paramtest/dt0,02_mp8000_pp0,001/annotated/rares/20140923/patrol_run_150/room_2/features/nonPlanes<pfhrgb_uniform_2015-05-22_00-57-31.pcd 0.388074 0.000787417 0.00252206 7 82,64,41,27,27,22,17 44,19,12,17,14,15,14 -1 454740 614 1010 -1 -1 400 796 -1 -1 454126,410,120,39,20,11,5,1,5,1,1,0,1 -1 0,196,120,39,20,11,5,1,5,1,1,0,1 -1
/home/michal/Downloads/pcddata/processed/paramtest/dt0,02_mp8000_pp0,001/annotated/rares/20140924/patrol_run_152/room_2/features/nonPlanes<pfhrgb_uniform_2015-05-22_00-58-37.pcd 0.370584 0.000715177 0.00249122 11 105,56,44,38,37,33,32,31,30,28,18 31,36,27,23,23,21,19,18,21,12,15 -1 384087 603 1010 -1 -1 400 807 -1 -1 383484,399,123,35,24,5,7,3,1,2,0,1,1,1,1 -1 0,196,123,35,24,5,7,3,1,2,0,1,1,1,1 -1
/home/michal/Downloads/pcddata/processed/paramtest/dt0,02_mp8000_pp0,001/annotated/rares/20140924/patrol_run_156/room_2/features/nonPlanes<pfhrgb_uniform_2015-05-22_01-00-57.pcd 0.280765 0.00110938 0.00226827 8 87,76,54,32,29,23,19,19 42,24,28,24,18,12,13,12 -1 395010 601 1010 -1 -1 400 809 -1 -1 394409,393,119,42,20,10,7,3,5,1,0,1 -1 0,192,119,42,20,10,7,3,5,1,0,1 -1
/home/michal/Downloads/pcddata/processed/paramtest/dt0,02_mp8000_pp0,001/annotated/rares/20140924/patrol_run_158/room_1/features/nonPlanes<pfhrgb_uniform_2015-05-22_01-04-06.pcd 0.284255 0.00080937 0.00181943 8 135,98,40,36,30,27,19,17 64,32,17,14,14,18,12,15 -1 438471 626 1010 -1 -1 400 784 -1 -1 437845,423,123,39,19,11,4,0,1,3,1,0,2 -1 0,197,123,39,19,11,4,0,1,3,1,0,2 -1
/home/michal/Downloads/pcddata/processed/paramtest/dt0,02_mp8000_pp0,001/annotated/rares/20140924/patrol_run_162/room_2/features/nonPlanes<pfhrgb_uniform_2015-05-22_01-07-31.pcd 0.295601 0.000844947 0.00205143 7 101,91,58,46,29,24,20 32,44,20,24,17,19,12 -1 435600 589 1010 -1 -1 400 821 -1 -1 435011,384,117,42,25,7,1,4,4,0,3,0,0,1,0,0,0,0,0,0,0,0,1 -1 0,195,117,42,25,7,1,4,4,0,3,0,0,1,0,0,0,0,0,0,0,0,1 -1
/home/michal/Downloads/pcddata/processed/paramtest/dt0,02_mp8000_pp0,001/annotated/rares/20140924/patrol_run_164/room_1/features/nonPlanes<pfhrgb_uniform_2015-05-22_01-09-54.pcd 0.290662 0.000837768 0.00161285 8 92,51,46,35,31,30,29,20 37,21,23,23,14,13,14,16 -1 425568 612 1010 -1 -1 400 798 -1 -1 424956,387,133,49,24,10,4,2,2,0,1 -1 0,175,133,49,24,10,4,2,2,0,1 -1
/home/michal/Downloads/pcddata/processed/paramtest/dt0,02_mp8000_pp0,001/annotated/rares/20140924/patrol_run_166/room_2/features/nonPlanes<pfhrgb_uniform_2015-05-22_01-13-09.pcd 0.266854 0.000366953 0.00167579 8 83,80,40,40,32,24,21,20 36,29,28,17,18,15,15,13 -1 411642 599 1010 -1 -1 400 811 -1 -1 411043,385,123,42,26,13,3,4,0,1,0,0,0,1,0,0,1 -1 0,186,123,42,26,13,3,4,0,1,0,0,0,1,0,0,1 -1
