obj_search:
  camera_z: 1.7
  ceiling_z: 2.27
  floor_z: 0
  object_query: {K: 5}
  processed_data_dir: /home/michal/Downloads/pcddata/processed/
  raw_data_dir: /media/michal/Pauli/masterdata/raw/
object_query: {K: 10, cluster_maxsize: 500, cluster_minsize: 12, cluster_tolerance: 0.2,
  clusters_to_results: true, extract_mult: 1.3, match: nonPlanes<shot_uniform, n_max_points: 400,
  output_dir: 'NULL', query_features: '/home/michal/Downloads/pcddata/processed/query/queryobjects/0,01/chair1/features/rgb_0015_label_chair1<shot_uniform_2015-05-26_14-45-51.pcd',
  results_out: '/home/michal/Downloads/pcddata/processed/query/k10_mx400_t0,2/rares',
  subdirs: 4, target_features: /media/michal/Pauli/masterdata/processed/annotated/rares,
  x_step_hough: 0.05, y_step_hough: 0.05, z_step_hough: 0.05}
rosdistro: 'indigo

  '
roslaunch:
  uris: {host_tycho__52725: 'http://tycho:52725/'}
rosversion: '1.11.10

  '
run_id: c5a914e2-086e-11e5-9349-3c970e77227e
BEGIN_DATA
# fname t_query t_hough t_cluster cluster_n cluster_scores cluster_points cluster_inobb n_hough_tot nonzero_hough hough_votes boxpts boxvotes maxpts maxvotes maxboxpts maxboxvotes hough_hist box_hist max_hist boxmax_hist
/media/michal/Pauli/masterdata/processed/annotated/rares/20140820/patrol_run_2/room_1/features/nonPlanes<shot_uniform_2015-05-17_10-55-10.pcd 4.03121 0.00210405 0.00192567 7 330,250,125,103,79,66,55 77,51,30,21,17,18,14 0,0,1,0,0,0,0 449955 2126 3720 136 256 400 1644 34 130 447829,1376,386,155,87,51,34,19,8,5,1,2,1,0,1 0,78,30,14,3,7,1,2,0,1,0,0,0,0,0 0,0,36,155,87,51,34,19,8,5,1,2,1,0,1 0,0,6,14,3,7,1,2,0,1,0,0,0,0,0
/media/michal/Pauli/masterdata/processed/annotated/rares/20140820/patrol_run_4/room_0/features/nonPlanes<shot_uniform_2015-05-17_10-55-09.pcd 4.18897 0.00120422 0.00239915 6 311,195,105,102,69,54 81,53,29,25,16,12 0,1,0,0,0,0 424446 2247 3720 138 273 400 1497 38 137 422199,1471,426,176,93,38,18,12,4,7,2 0,64,40,16,14,1,1,2,0,0,0 0,0,50,176,93,38,18,12,4,7,2 0,0,4,16,14,1,1,2,0,0,0
/media/michal/Pauli/masterdata/processed/annotated/rares/20140828/patrol_run_19/room_3/features/nonPlanes<shot_uniform_2015-05-17_10-56-19.pcd 4.20341 0.000852566 0.00190282 8 279,211,131,95,80,73,58,52 75,55,33,27,20,20,18,15 1,0,0,0,0,0,0,0 445269 2228 3720 154 319 400 1485 41 165 443041,1421,449,191,90,34,22,11,3,6,0,1 0,72,43,13,16,5,2,3,0,0,0,0 0,0,42,191,90,34,22,11,3,6,0,1 0,0,2,13,16,5,2,3,0,0,0,0
/media/michal/Pauli/masterdata/processed/annotated/rares/20140829/patrol_run_20/room_3/features/nonPlanes<shot_uniform_2015-05-17_10-56-01.pcd 4.4317 0.000804383 0.00209454 8 232,191,131,70,66,60,54,44 64,55,38,18,16,16,13,12 0,0,0,1,0,0,0,0 461736 2271 3720 72 146 400 1478 22 78 459465,1500,425,177,94,43,7,9,7,6,2,0,0,1 0,32,21,12,3,3,0,0,0,1,0,0,0,0 0,0,54,177,94,43,7,9,7,6,2,0,0,1 0,0,3,12,3,3,0,0,0,1,0,0,0,0
/media/michal/Pauli/masterdata/processed/annotated/rares/20140829/patrol_run_26/room_2/features/nonPlanes<shot_uniform_2015-05-17_10-56-00.pcd 4.04808 0.0010985 0.00204299 8 337,114,109,76,71,70,57,55 89,33,30,25,24,19,16,17 0,1,0,0,0,0,0,0 404481 2310 3720 164 318 400 1439 45 158 402171,1539,447,175,71,42,14,9,5,4,2,0,1,1 0,78,48,22,9,3,2,1,1,0,0,0,0,0 0,0,76,175,71,42,14,9,5,4,2,0,1,1 0,0,7,22,9,3,2,1,1,0,0,0,0,0
/media/michal/Pauli/masterdata/processed/annotated/rares/20140901/patrol_run_27/room_2/features/nonPlanes<shot_uniform_2015-05-17_10-56-07.pcd 4.30455 0.000936168 0.00197952 5 306,247,179,86,62 71,64,45,22,15 0,0,1,0,0 424710 2230 3720 128 284 400 1516 42 168 422480,1456,428,169,81,46,24,14,7,3,1,0,1 0,56,34,21,6,6,1,1,0,2,0,0,1 0,0,54,169,81,46,24,14,7,3,1,0,1 0,0,4,21,6,6,1,1,0,2,0,0,1
/media/michal/Pauli/masterdata/processed/annotated/rares/20140901/patrol_run_31/room_2/features/nonPlanes<shot_uniform_2015-05-17_10-56-09.pcd 3.90185 0.000984447 0.00181747 7 324,175,132,98,84,80,73 65,36,32,21,19,17,16 0,0,0,0,0,0,0 456456 1927 3720 32 69 400 1798 11 43 454529,1159,341,175,103,51,49,27,9,4,6,2,0,0,1 0,16,5,5,3,2,1,0,0,0,0,0,0,0,0 0,0,0,148,103,51,49,27,9,4,6,2,0,0,1 0,0,0,5,3,2,1,0,0,0,0,0,0,0,0
/media/michal/Pauli/masterdata/processed/annotated/rares/20140901/patrol_run_32/room_2/features/nonPlanes<shot_uniform_2015-05-17_10-56-08.pcd 4.03682 0.00112127 0.00182858 9 232,219,112,104,99,88,63,63,61 52,51,30,25,30,29,13,12,14 0,0,0,0,0,0,0,1,0 449592 2181 3720 37 95 400 1573 11 60 447411,1415,413,159,90,47,21,16,12,7,1 0,17,9,3,3,0,0,2,2,1,0 0,0,47,159,90,47,21,16,12,7,1 0,0,0,3,3,0,0,2,2,1,0
/media/michal/Pauli/masterdata/processed/annotated/rares/20140901/patrol_run_33/room_1/features/nonPlanes<shot_uniform_2015-05-17_10-56-10.pcd 4.17501 0.000887187 0.00184247 6 227,159,147,122,66,63 59,36,34,25,16,17 -1 451044 2098 3720 -1 -1 400 1662 -1 -1 448946,1338,369,188,85,47,28,20,14,6,2,1 -1 0,0,9,188,85,47,28,20,14,6,2,1 -1
/media/michal/Pauli/masterdata/processed/annotated/rares/20140902/patrol_run_35/room_2/features/nonPlanes<shot_uniform_2015-05-17_10-56-23.pcd 3.69271 0.000972466 0.00172026 7 248,187,153,116,76,76,70 58,41,36,28,23,16,20 1,0,0,0,0,0,0 451044 2131 3720 139 308 400 1609 38 173 448913,1351,413,187,71,44,32,9,12,6,3,0,0,0,2,1 0,67,34,15,10,5,1,2,3,1,1,0,0,0,0,0 0,0,33,187,71,44,32,9,12,6,3,0,0,0,2,1 0,0,0,15,10,5,1,2,3,1,1,0,0,0,0,0
/media/michal/Pauli/masterdata/processed/annotated/rares/20140902/patrol_run_38/room_0/features/nonPlanes<shot_uniform_2015-05-17_10-56-22.pcd 3.82933 0.00209996 0.00203356 6 244,133,123,49,47,46 65,42,35,12,15,12 0,0,1,0,0,0 427977 2294 3720 109 229 400 1449 40 143 425683,1517,458,159,74,39,25,11,8,2,1 0,52,26,15,4,9,2,1,0,0,0 0,0,81,159,74,39,25,11,8,2,1 0,0,9,15,4,9,2,1,0,0,0
/media/michal/Pauli/masterdata/processed/annotated/rares/20140903/patrol_run_1/room_4/features/nonPlanes<shot_uniform_2015-05-17_10-55-45.pcd 4.18584 0.000799926 0.00181795 9 356,104,86,82,75,74,63,62,61 87,24,20,19,15,21,19,16,21 0,0,0,0,1,0,0,1,0 470184 2191 3720 75 194 400 1536 29 130 467993,1398,448,177,72,43,25,9,7,4,3,3,2 0,28,19,10,6,5,3,2,1,1,0,0,0 0,0,55,177,72,43,25,9,7,4,3,3,2 0,0,1,10,6,5,3,2,1,1,0,0,0
/media/michal/Pauli/masterdata/processed/annotated/rares/20140903/patrol_run_10/room_2/features/nonPlanes<shot_uniform_2015-05-17_10-55-42.pcd 3.51064 0.00103661 0.0029486 9 222,220,144,138,125,83,62,58,52 52,47,32,37,27,21,14,14,13 0,0,0,0,0,1,0,0,0 453024 2038 3720 42 91 400 1697 16 59 450986,1253,389,178,87,62,29,16,13,6,2,3 0,20,6,12,1,0,2,1,0,0,0,0 0,0,4,178,87,62,29,16,13,6,2,3 0,0,0,12,1,0,2,1,0,0,0,0
/media/michal/Pauli/masterdata/processed/annotated/rares/20140903/patrol_run_12/room_2/features/nonPlanes<shot_uniform_2015-05-17_10-55-48.pcd 3.95304 0.000943123 0.00181427 7 217,192,187,135,124,60,57 55,48,42,32,26,17,14 0,0,0,0,0,0,0 434214 2120 3720 37 97 400 1623 13 64 432094,1343,411,159,93,52,27,17,6,8,2,1,0,0,1 0,15,9,3,4,1,3,1,0,1,0,0,0,0,0 0,0,34,159,93,52,27,17,6,8,2,1,0,0,1 0,0,0,3,4,1,3,1,0,1,0,0,0,0,0
/media/michal/Pauli/masterdata/processed/annotated/rares/20140903/patrol_run_14/room_1/features/nonPlanes<shot_uniform_2015-05-17_10-55-43.pcd 4.84089 0.00153497 0.00301487 8 295,188,124,121,90,87,61,45 65,49,31,27,19,21,14,12 0,0,0,0,1,0,0,0 434313 2094 3720 42 122 400 1649 19 90 432219,1317,391,188,79,58,30,11,9,2,4,1,3,0,0,0,0,1 0,14,10,7,2,3,3,2,0,0,0,0,1,0,0,0,0,0 0,0,14,188,79,58,30,11,9,2,4,1,3,0,0,0,0,1 0,0,1,7,2,3,3,2,0,0,0,0,1,0,0,0,0,0
/media/michal/Pauli/masterdata/processed/annotated/rares/20140903/patrol_run_2/room_4/features/nonPlanes<shot_uniform_2015-05-17_10-55-47.pcd 4.48284 0.00106747 0.00270123 5 302,249,146,93,44 81,59,37,24,13 0,1,0,0,0 462264 2216 3720 166 365 400 1534 54 221 460048,1446,435,151,85,47,22,13,7,7,2,0,0,0,1 0,80,39,18,13,7,4,2,0,2,1,0,0,0,0 0,0,65,151,85,47,22,13,7,7,2,0,0,0,1 0,0,7,18,13,7,4,2,0,2,1,0,0,0,0
/media/michal/Pauli/masterdata/processed/annotated/rares/20140903/patrol_run_9/room_2/features/nonPlanes<shot_uniform_2015-05-17_10-55-45.pcd 4.52775 0.00121625 0.00264709 6 305,268,121,98,95,53 76,61,33,23,27,12 0,0,0,1,0,0 491568 2241 3720 50 136 400 1517 24 101 489327,1479,437,152,76,45,25,9,5,6,4,2,0,1 0,17,9,9,8,4,2,0,0,0,1,0,0,0 0,0,75,152,76,45,25,9,5,6,4,2,0,1 0,0,0,9,8,4,2,0,0,0,1,0,0,0
/media/michal/Pauli/masterdata/processed/annotated/rares/20140904/patrol_run_15/room_2/features/nonPlanes<shot_uniform_2015-05-17_10-56-21.pcd 4.93326 0.00104108 0.00182338 5 230,226,204,67,58 59,63,56,19,17 0,0,1,0,0 517902 2378 3720 161 297 400 1384 41 149 515524,1620,439,183,68,39,12,7,7,2,0,1 0,92,35,19,4,8,0,2,1,0,0,0 0,0,81,183,68,39,12,7,7,2,0,1 0,0,7,19,4,8,0,2,1,0,0,0
/media/michal/Pauli/masterdata/processed/annotated/rares/20140905/patrol_run_17/room_2/features/nonPlanes<shot_uniform_2015-05-17_10-55-19.pcd 5.40205 0.0018953 0.00251252 6 338,189,113,92,87,59 84,42,34,24,24,17 0,1,0,0,0,0 446160 2197 3720 126 294 400 1555 41 187 443963,1429,402,193,85,38,21,14,3,3,2,2,4,1 0,63,24,13,12,8,2,0,0,0,1,2,1,0 0,0,34,193,85,38,21,14,3,3,2,2,4,1 0,0,2,13,12,8,2,0,0,0,1,2,1,0
/media/michal/Pauli/masterdata/processed/annotated/rares/20140905/patrol_run_19/room_1/features/nonPlanes<shot_uniform_2015-05-17_10-55-16.pcd 5.17825 0.00161618 0.00263372 7 207,183,140,94,63,60,43 51,52,36,25,15,18,12 0,0,1,0,0,0,0 453024 2275 3720 107 218 400 1473 30 117 450749,1503,437,180,77,31,22,10,6,5,2,0,1,1 0,53,27,15,5,1,3,2,0,1,0,0,0,0 0,0,65,180,77,31,22,10,6,5,2,0,1,1 0,0,3,15,5,1,3,2,0,1,0,0,0,0
/media/michal/Pauli/masterdata/processed/annotated/rares/20140905/patrol_run_21/room_2/features/nonPlanes<shot_uniform_2015-05-17_10-55-11.pcd 6.48583 0.00152809 0.00257356 6 276,196,149,137,58,51 65,44,42,31,16,13 0,0,0,1,0,0 419265 2214 3720 98 218 400 1529 29 125 417051,1437,430,179,73,40,25,17,7,2,2,0,0,0,1,0,0,1 0,45,28,9,3,5,4,3,1,0,0,0,0,0,0,0,0,0 0,0,53,179,73,40,25,17,7,2,2,0,0,0,1,0,0,1 0,0,4,9,3,5,4,3,1,0,0,0,0,0,0,0,0,0
/media/michal/Pauli/masterdata/processed/annotated/rares/20140905/patrol_run_23/room_2/features/nonPlanes<shot_uniform_2015-05-17_10-55-13.pcd 6.1586 0.0017039 0.00347774 7 265,201,185,163,136,90,63 68,48,44,38,31,18,15 0,0,1,0,0,0,0 463320 2109 3720 120 253 400 1640 33 138 461211,1338,385,177,96,50,29,15,11,4,1,2,1 0,59,29,13,9,5,2,1,1,1,0,0,0 0,0,14,177,96,50,29,15,11,4,1,2,1 0,0,1,13,9,5,2,1,1,1,0,0,0
/media/michal/Pauli/masterdata/processed/annotated/rares/20140905/patrol_run_25/room_1/features/nonPlanes<shot_uniform_2015-05-17_10-55-11.pcd 4.93183 0.00195326 0.00207296 9 219,216,158,140,104,93,65,58,56 46,53,36,36,25,19,15,12,13 1,0,0,0,0,0,0,0,0 410652 2054 3720 107 271 400 1689 40 181 408598,1277,397,164,88,57,29,20,12,3,2,2,1,1,0,0,1 0,44,24,12,14,3,4,2,2,2,0,0,0,0,0,0,0 0,0,20,164,88,57,29,20,12,3,2,2,1,1,0,0,1 0,0,1,12,14,3,4,2,2,2,0,0,0,0,0,0,0
/media/michal/Pauli/masterdata/processed/annotated/rares/20140905/patrol_run_27/room_2/features/nonPlanes<shot_uniform_2015-05-17_10-55-12.pcd 4.31363 0.00117042 0.00271551 9 210,184,174,160,114,102,65,45,38 48,45,39,35,26,25,15,14,12 0,0,0,1,0,0,0,0,0 470448 2104 3720 114 250 400 1630 30 139 468344,1318,418,174,77,47,29,20,9,7,3,2 0,57,29,9,7,3,3,3,2,0,1,0 0,0,32,174,77,47,29,20,9,7,3,2 0,0,2,9,7,3,3,3,2,0,1,0
/media/michal/Pauli/masterdata/processed/annotated/rares/20140905/patrol_run_29/room_2/features/nonPlanes<shot_uniform_2015-05-17_10-55-14.pcd 4.19769 0.000904702 0.00174686 9 255,201,82,70,67,58,57,48,37 60,54,19,19,18,16,17,13,14 0,0,0,0,0,0,1,0,0 437580 2228 3720 70 131 400 1512 19 64 435352,1448,431,181,82,41,17,11,7,5,3,1,0,1 0,35,19,9,5,1,1,0,0,0,0,0,0,0 0,0,51,181,82,41,17,11,7,5,3,1,0,1 0,0,3,9,5,1,1,0,0,0,0,0,0,0
/media/michal/Pauli/masterdata/processed/annotated/rares/20140905/patrol_run_30/room_1/features/nonPlanes<shot_uniform_2015-05-17_10-55-18.pcd 4.54476 0.0015479 0.00283695 8 234,218,152,149,128,109,93,90 51,58,35,35,26,26,21,19 0,0,0,0,0,0,0,1 451044 2028 3720 59 143 400 1701 17 83 449016,1237,396,173,96,53,34,16,14,2,3,2,1,1 0,24,18,6,2,2,4,2,0,1,0,0,0,0 0,0,5,173,96,53,34,16,14,2,3,2,1,1 0,0,0,6,2,2,4,2,0,1,0,0,0,0
/media/michal/Pauli/masterdata/processed/annotated/rares/20140905/patrol_run_30/room_7/features/nonPlanes<shot_uniform_2015-05-17_10-55-17.pcd 5.24223 0.001169 0.00250026 5 342,155,98,69,38 98,44,29,20,12 0,0,1,0,0 458865 2390 3720 107 185 400 1378 26 87 456475,1638,432,183,72,36,16,7,3,1,0,1,1 0,64,24,12,3,2,0,1,1,0,0,0,0 0,0,80,183,72,36,16,7,3,1,0,1,1 0,0,7,12,3,2,0,1,1,0,0,0,0
/media/michal/Pauli/masterdata/processed/annotated/rares/20140908/patrol_run_32/room_2/features/nonPlanes<shot_uniform_2015-05-17_10-55-50.pcd 4.61742 0.00103044 0.00200826 5 416,283,100,58,41 103,75,28,15,12 0,0,0,1,0 448668 2247 3720 59 135 400 1509 21 82 446421,1483,420,180,71,41,24,8,14,4,2 0,23,18,8,5,2,1,0,2,0,0 0,0,56,180,71,41,24,8,14,4,2 0,0,3,8,5,2,1,0,2,0,0
/media/michal/Pauli/masterdata/processed/annotated/rares/20140908/patrol_run_34/room_2/features/nonPlanes<shot_uniform_2015-05-17_10-55-58.pcd 5.53453 0.000955889 0.00175063 5 285,241,130,115,53 73,57,37,30,14 0,0,0,1,0 423720 2224 3720 109 236 400 1529 38 148 421496,1457,421,165,90,39,21,19,7,2,1,0,1,0,0,0,1 0,54,18,15,12,8,1,1,0,0,0,0,0,0,0,0,0 0,0,54,165,90,39,21,19,7,2,1,0,1,0,0,0,1 0,0,1,15,12,8,1,1,0,0,0,0,0,0,0,0,0
/media/michal/Pauli/masterdata/processed/annotated/rares/20140908/patrol_run_36/room_3/features/nonPlanes<shot_uniform_2015-05-17_10-55-52.pcd 4.68542 0.00180569 0.00275808 7 330,255,224,200,65,60,51 80,55,52,46,18,16,15 1,0,0,0,0,0,0 423654 2107 3720 167 394 400 1625 55 241 421547,1319,424,172,73,57,21,22,8,5,3,1,0,0,1,0,1 0,71,42,24,13,10,2,2,0,1,0,0,0,0,1,0,1 0,0,36,172,73,57,21,22,8,5,3,1,0,0,1,0,1 0,0,1,24,13,10,2,2,0,1,0,0,0,0,1,0,1
/media/michal/Pauli/masterdata/processed/annotated/rares/20140908/patrol_run_38/room_2/features/nonPlanes<shot_uniform_2015-05-17_10-55-49.pcd 4.45717 0.00133536 0.00216593 10 230,171,145,80,75,68,67,57,53,38 58,42,39,22,19,15,17,14,14,12 0,1,0,0,0,0,0,0,0,0 433356 2204 3720 159 354 400 1513 50 206 431152,1401,447,186,87,35,18,16,5,6,3 0,70,43,17,14,6,4,4,0,1,0 0,0,44,186,87,35,18,16,5,6,3 0,0,4,17,14,6,4,4,0,1,0
/media/michal/Pauli/masterdata/processed/annotated/rares/20140908/patrol_run_39/room_3/features/nonPlanes<shot_uniform_2015-05-17_10-55-56.pcd 4.90345 0.00103277 0.00175456 6 322,286,101,60,52,51 78,66,26,13,13,13 0,0,0,0,0,1 414678 2107 3720 88 161 400 1607 21 78 412571,1301,429,181,83,48,34,14,11,5,0,1 0,51,19,8,4,4,2,0,0,0,0,0 0,0,23,181,83,48,34,14,11,5,0,1 0,0,3,8,4,4,2,0,0,0,0,0
/media/michal/Pauli/masterdata/processed/annotated/rares/20140908/patrol_run_41/room_3/features/nonPlanes<shot_uniform_2015-05-17_10-55-51.pcd 5.10972 0.0012096 0.00192011 5 234,231,223,69,55 55,55,57,20,13 1,0,0,0,0 455400 2145 3720 143 326 400 1591 50 209 453255,1361,410,180,96,41,31,10,4,7,2,1,1,0,0,0,1 0,69,25,22,14,3,4,4,0,2,0,0,0,0,0,0,0 0,0,26,180,96,41,31,10,4,7,2,1,1,0,0,0,1 0,0,1,22,14,3,4,4,0,2,0,0,0,0,0,0,0
/media/michal/Pauli/masterdata/processed/annotated/rares/20140908/patrol_run_43/room_3/features/nonPlanes<shot_uniform_2015-05-17_10-55-59.pcd 4.65947 0.00112836 0.00264874 9 218,207,131,98,95,78,75,50,49 51,45,29,22,17,20,17,15,12 0,0,1,0,0,0,0,0,0 414018 2003 3720 99 278 400 1724 44 209 412015,1210,410,167,86,55,26,21,9,8,5,3,2,0,0,0,1 0,41,15,12,9,11,3,4,2,2,0,0,0,0,0,0,0 0,0,17,167,86,55,26,21,9,8,5,3,2,0,0,0,1 0,0,1,12,9,11,3,4,2,2,0,0,0,0,0,0,0
/media/michal/Pauli/masterdata/processed/annotated/rares/20140908/patrol_run_45/room_2/features/nonPlanes<shot_uniform_2015-05-17_10-55-53.pcd 7.04712 0.00170317 0.00284364 7 230,221,211,136,74,51,45 57,54,54,35,22,12,12 1,0,0,0,0,0,0 442200 2215 3720 173 373 400 1540 54 223 439985,1450,424,165,87,38,21,10,8,3,4,3,0,1,0,0,1 0,88,37,24,10,6,2,1,2,0,1,1,0,1,0,0,0 0,0,59,165,87,38,21,10,8,3,4,3,0,1,0,0,1 0,0,6,24,10,6,2,1,2,0,1,1,0,1,0,0,0
/media/michal/Pauli/masterdata/processed/annotated/rares/20140908/patrol_run_47/room_3/features/nonPlanes<shot_uniform_2015-05-17_10-55-55.pcd 7.63202 0.00275557 0.00260338 4 327,250,79,68 93,70,27,21 0,1,0,0 465300 2402 3720 204 403 400 1352 67 232 462898,1636,467,166,71,31,19,4,4,2,1,1 0,103,51,24,12,7,6,1,0,0,0,0 0,0,101,166,71,31,19,4,4,2,1,1 0,0,17,24,12,7,6,1,0,0,0,0
/media/michal/Pauli/masterdata/processed/annotated/rares/20140909/patrol_run_49/room_3/features/nonPlanes<shot_uniform_2015-05-17_10-56-14.pcd 5.24863 0.00102198 0.00171788 7 434,201,91,77,76,58,55 99,50,21,18,17,17,16 0,0,0,0,1,0,0 437778 2164 3720 103 198 400 1581 24 97 435614,1389,439,151,78,45,24,13,15,3,2,1,2,2 0,57,26,6,8,1,2,2,1,0,0,0,0,0 0,0,64,151,78,45,24,13,15,3,2,1,2,2 0,0,4,6,8,1,2,2,1,0,0,0,0,0
/media/michal/Pauli/masterdata/processed/annotated/rares/20140909/patrol_run_51/room_3/features/nonPlanes<shot_uniform_2015-05-17_10-56-17.pcd 5.46949 0.00215214 0.00259909 7 235,210,106,90,70,67,66 59,61,27,27,18,18,16 1,0,0,0,0,0,0 816816 2294 3720 159 342 400 1490 50 206 814522,1558,399,167,80,43,29,7,6,2,1,1,0,0,0,0,0,0,1 0,82,33,15,13,6,5,3,2,0,0,0,0,0,0,0,0,0,0 0,0,63,167,80,43,29,7,6,2,1,1,0,0,0,0,0,0,1 0,0,6,15,13,6,5,3,2,0,0,0,0,0,0,0,0,0,0
/media/michal/Pauli/masterdata/processed/annotated/rares/20140909/patrol_run_53/room_3/features/nonPlanes<shot_uniform_2015-05-17_10-56-11.pcd 5.19352 0.00149557 0.00247871 8 316,164,135,134,104,89,67,52 72,42,29,31,19,21,13,14 1,0,0,0,0,0,0,0 456456 2037 3720 153 385 400 1688 59 261 454419,1242,417,156,88,67,30,16,8,5,5,0,1,2 0,64,31,19,18,11,5,1,1,2,0,0,1,0 0,0,22,156,88,67,30,16,8,5,5,0,1,2 0,0,1,19,18,11,5,1,1,2,0,0,1,0
/media/michal/Pauli/masterdata/processed/annotated/rares/20140909/patrol_run_55/room_3/features/nonPlanes<shot_uniform_2015-05-17_10-56-15.pcd 5.0406 0.00102646 0.00250385 6 237,91,91,81,81,61 72,28,27,28,26,22 0,1,0,0,0,0 446622 2481 3720 169 264 400 1286 28 90 444141,1728,465,181,58,30,7,5,4,2,1 0,108,39,14,5,2,1,0,0,0,0 0,0,112,181,58,30,7,5,4,2,1 0,0,6,14,5,2,1,0,0,0,0
/media/michal/Pauli/masterdata/processed/annotated/rares/20140909/patrol_run_59/room_3/features/nonPlanes<shot_uniform_2015-05-17_21-39-31.pcd 5.99512 0.00237739 0.00169763 9 105,102,64,64,63,51,50,47,38 36,29,23,21,24,15,19,14,12 0,0,0,0,1,0,0,0,0 1089992 2662 3720 95 164 400 1172 30 84 1087330,1976,447,155,51,22,7,3,1 0,50,31,8,4,0,2,0,0 0,0,161,155,51,22,7,3,1 0,0,16,8,4,0,2,0,0
/media/michal/Pauli/masterdata/processed/annotated/rares/20140909/patrol_run_61/room_3/features/nonPlanes<shot_uniform_2015-05-17_21-39-33.pcd 5.75171 0.0013656 0.00258185 8 361,116,78,78,74,68,42,37 100,34,24,24,21,27,13,14 0,0,1,0,0,0,0,0 1053360 2418 3720 74 145 400 1330 25 84 1050942,1646,481,158,69,40,12,6,6 0,37,19,9,6,1,1,0,1 0,0,109,158,69,40,12,6,6 0,0,7,9,6,1,1,0,1
/media/michal/Pauli/masterdata/processed/annotated/rares/20140909/patrol_run_63/room_3/features/nonPlanes<shot_uniform_2015-05-17_21-39-35.pcd 5.9699 0.00229763 0.00267159 7 223,106,82,64,56,56,54 63,36,24,22,18,18,16 0,0,0,0,0,1,0 1102304 2480 3720 86 165 400 1296 28 97 1099824,1736,467,161,62,25,19,5,2,2,0,1 0,48,17,11,6,1,2,0,0,1,0,0 0,0,123,161,62,25,19,5,2,2,0,1 0,0,7,11,6,1,2,0,0,1,0,0
/media/michal/Pauli/masterdata/processed/annotated/rares/20140910/patrol_run_67/room_3/features/nonPlanes<shot_uniform_2015-05-17_21-39-37.pcd 5.99096 0.00138611 0.00264998 5 315,222,89,69,51 82,72,26,20,15 0,1,0,0,0 1057571 2430 3720 175 327 400 1345 50 165 1055141,1685,451,151,86,25,21,6,3,1,1 0,88,50,20,10,3,4,0,0,0,0 0,0,106,151,86,25,21,6,3,1,1 0,0,13,20,10,3,4,0,0,0,0
/media/michal/Pauli/masterdata/processed/annotated/rares/20140910/patrol_run_69/room_3/features/nonPlanes<shot_uniform_2015-05-17_21-39-39.pcd 5.62056 0.00164034 0.00287085 7 296,226,73,63,46,39,35 83,65,20,20,16,13,12 0,1,0,0,0,0,0 1078478 2485 3720 192 379 400 1327 53 207 1075993,1777,422,150,83,30,12,2,5,2,1,0,0,1 0,106,41,21,11,6,3,1,2,0,0,0,0,1 0,0,114,150,83,30,12,2,5,2,1,0,0,1 0,0,8,21,11,6,3,1,2,0,0,0,0,1
/media/michal/Pauli/masterdata/processed/annotated/rares/20140910/patrol_run_71/room_3/features/nonPlanes<shot_uniform_2015-05-17_21-39-41.pcd 5.84397 0.001843 0.00191842 6 266,207,84,73,65,53 77,53,24,26,18,17 0,0,0,0,0,0 1098656 2432 3720 83 154 400 1351 22 76 1096224,1695,447,151,73,37,13,10,3,1,2 0,44,22,8,6,1,1,1,0,0,0 0,0,110,151,73,37,13,10,3,1,2 0,0,5,8,6,1,1,1,0,0,0
/media/michal/Pauli/masterdata/processed/annotated/rares/20140910/patrol_run_74/room_3/features/nonPlanes<shot_uniform_2015-05-17_21-39-43.pcd 5.41744 0.00161428 0.00176824 8 189,165,112,70,65,65,57,37 56,53,35,21,20,20,20,12 0,0,0,0,0,0,1,0 1048800 2554 3720 66 116 400 1254 23 68 1046246,1842,436,177,50,29,12,6,2 0,38,12,13,1,1,1,0,0 0,0,124,177,50,29,12,6,2 0,0,7,13,1,1,1,0,0
/media/michal/Pauli/masterdata/processed/annotated/rares/20140910/patrol_run_77/room_4/features/nonPlanes<shot_uniform_2015-05-17_21-39-44.pcd 5.57302 0.00179063 0.00177215 7 249,239,77,56,52,50,50 74,71,25,14,18,17,17 0,0,0,0,0,0,1 1101506 2520 3720 36 69 400 1291 15 46 1098986,1811,424,164,73,24,15,6,2,1 0,19,9,3,3,1,1,0,0,0 0,0,115,164,73,24,15,6,2,1 0,0,7,3,3,1,1,0,0,0
/media/michal/Pauli/masterdata/processed/annotated/rares/20140910/patrol_run_79/room_2/features/nonPlanes<shot_uniform_2015-05-17_21-39-47.pcd 4.74683 0.00148653 0.00164183 5 283,261,117,70,62 75,69,31,20,15 0,0,1,0,0 1097668 2341 3720 100 199 400 1427 29 113 1095327,1589,446,156,71,34,23,11,2,6,1,2 0,56,22,9,5,3,2,1,0,2,0,0 0,0,94,156,71,34,23,11,2,6,1,2 0,0,7,9,5,3,2,1,0,2,0,0
/media/michal/Pauli/masterdata/processed/annotated/rares/20140910/patrol_run_81/room_2/features/nonPlanes<shot_uniform_2015-05-17_21-39-48.pcd 5.21529 0.00135714 0.00193792 4 323,235,130,83 86,65,38,24 0,0,0,1 1075400 2388 3720 78 164 400 1382 29 100 1073012,1638,445,162,73,38,13,10,5,4 0,34,21,13,5,3,1,0,1,0 0,0,95,162,73,38,13,10,5,4 0,0,6,13,5,3,1,0,1,0
/media/michal/Pauli/masterdata/processed/annotated/rares/20140911/patrol_run_82/room_3/features/nonPlanes<shot_uniform_2015-05-17_21-39-49.pcd 5.47055 0.00231605 0.0020115 4 284,164,51,44 82,54,19,12 0,0,0,1 1146612 2520 3720 85 182 400 1270 28 108 1144092,1790,453,175,55,22,10,12,2,1 0,40,22,10,6,2,2,2,1,0 0,0,123,175,55,22,10,12,2,1 0,0,5,10,6,2,2,2,1,0
/media/michal/Pauli/masterdata/processed/annotated/rares/20140911/patrol_run_84/room_3/features/nonPlanes<shot_uniform_2015-05-17_21-39-51.pcd 6.13044 0.00177839 0.00174136 6 166,148,119,94,82,47 47,45,38,30,30,12 0,1,0,0,0,0 1094400 2546 3720 206 369 400 1250 57 189 1091854,1822,468,155,51,28,7,10,4,1 0,118,49,17,11,8,3,0,0,0 0,0,144,155,51,28,7,10,4,1 0,0,18,17,11,8,3,0,0,0
/media/michal/Pauli/masterdata/processed/annotated/rares/20140911/patrol_run_88/room_3/features/nonPlanes<shot_uniform_2015-05-17_21-39-53.pcd 6.38613 0.00250632 0.0030481 8 175,148,111,85,82,59,57,36 50,38,32,25,30,21,16,13 0,1,0,0,0,0,0,0 960636 2468 3720 152 293 400 1340 37 149 958168,1756,431,152,62,34,14,11,5,3 0,86,34,10,9,8,2,3,0,0 0,0,119,152,62,34,14,11,5,3 0,0,5,10,9,8,2,3,0,0
/media/michal/Pauli/masterdata/processed/annotated/rares/20140911/patrol_run_90/room_3/features/nonPlanes<shot_uniform_2015-05-17_21-39-55.pcd 6.36618 0.00289491 0.00221081 5 226,105,63,52,47 69,35,25,18,20 0,0,1,0,0 1165840 2647 3720 128 172 400 1194 26 65 1163193,1968,446,142,46,24,18,2,1 0,97,23,4,3,1,0,0,0 0,0,167,142,46,24,18,2,1 0,0,18,4,3,1,0,0,0
/media/michal/Pauli/masterdata/processed/annotated/rares/20140911/patrol_run_92/room_3/features/nonPlanes<shot_uniform_2015-05-17_21-39-57.pcd 5.67506 0.00164643 0.00260932 10 155,122,115,75,71,65,62,58,39,31 49,32,32,23,19,17,17,18,12,13 0,0,0,0,0,0,1,0,0,0 1127840 2490 3720 98 192 400 1304 31 110 1125350,1764,439,178,61,19,15,7,4,1,0,0,1,1 0,52,21,17,4,2,0,0,1,0,0,0,0,1 0,0,113,178,61,19,15,7,4,1,0,0,1,1 0,0,6,17,4,2,0,0,1,0,0,0,0,1
/media/michal/Pauli/masterdata/processed/annotated/rares/20140912/patrol_run_100/room_3/features/nonPlanes<shot_uniform_2015-05-17_21-39-59.pcd 5.52478 0.00188591 0.00240216 7 140,137,132,113,77,42,29 36,42,44,38,27,13,12 0,1,0,0,0,0,0 1057122 2555 3720 154 290 400 1249 44 146 1054567,1839,463,142,65,23,14,5,1,3 0,76,48,17,5,4,3,0,0,1 0,0,147,142,65,23,14,5,1,3 0,0,14,17,5,4,3,0,0,1
/media/michal/Pauli/masterdata/processed/annotated/rares/20140912/patrol_run_102/room_3/features/nonPlanes<shot_uniform_2015-05-17_21-40-01.pcd 5.85763 0.00167921 0.00171229 8 205,201,126,57,54,53,37,35 50,60,37,15,18,17,13,12 1,0,0,0,0,0,0,0 1110512 2408 3720 169 369 400 1372 53 221 1108104,1668,432,180,61,33,16,10,3,3,0,2 0,84,40,21,8,6,3,2,1,2,0,2 0,0,92,180,61,33,16,10,3,3,0,2 0,0,8,21,8,6,3,2,1,2,0,2
/media/michal/Pauli/masterdata/processed/annotated/rares/20140912/patrol_run_104/room_3/features/nonPlanes<shot_uniform_2015-05-17_21-40-02.pcd 5.69608 0.00166325 0.00262049 6 284,152,151,130,71,64 82,47,39,40,20,23 0,1,0,0,0,0 1109600 2502 3720 146 268 400 1322 44 141 1107098,1806,414,151,70,31,19,6,3,2 0,77,38,20,6,1,2,2,0,0 0,0,118,151,70,31,19,6,3,2 0,0,13,20,6,1,2,2,0,0
/media/michal/Pauli/masterdata/processed/annotated/rares/20140912/patrol_run_94/room_3/features/nonPlanes<shot_uniform_2015-05-17_21-40-04.pcd 5.63181 0.0017324 0.00233523 9 250,227,115,66,52,50,48,38,38 75,46,38,22,15,19,13,15,12 0,0,0,0,1,0,0,0,0 948600 2431 3720 113 205 400 1367 26 99 946169,1709,426,179,48,36,15,8,3,2,1,1,0,1,2 0,68,22,13,3,5,1,0,0,0,0,1,0,0,0 0,0,104,179,48,36,15,8,3,2,1,1,0,1,2 0,0,3,13,3,5,1,0,0,0,0,1,0,0,0
/media/michal/Pauli/masterdata/processed/annotated/rares/20140912/patrol_run_96/room_2/features/nonPlanes<shot_uniform_2015-05-17_21-40-07.pcd 5.23042 0.00190575 0.00212997 9 192,155,151,104,90,87,87,72,35 48,43,40,23,19,26,24,22,12 0,0,0,0,0,1,0,0,0 1124838 2353 3720 110 208 400 1462 32 111 1122485,1648,389,163,69,37,25,5,8,4,1,2,1,0,0,1 0,59,22,21,3,3,0,1,1,0,0,0,0,0,0,0 0,0,84,163,69,37,25,5,8,4,1,2,1,0,0,1 0,0,3,21,3,3,0,1,1,0,0,0,0,0,0,0
/media/michal/Pauli/masterdata/processed/annotated/rares/20140912/patrol_run_98/room_3/features/nonPlanes<shot_uniform_2015-05-17_21-40-09.pcd 5.7863 0.00176829 0.00244234 8 164,138,79,76,56,52,50,36 53,43,26,25,18,17,19,14 0,0,1,0,0,0,0,0 1043936 2568 3720 193 312 400 1252 44 136 1041368,1868,445,144,64,31,6,5,2,1,0,1,1 0,122,42,15,11,2,0,1,0,0,0,0,0 0,0,145,144,64,31,6,5,2,1,0,1,1 0,0,15,15,11,2,0,1,0,0,0,0,0
/media/michal/Pauli/masterdata/processed/annotated/rares/20140921/patrol_run_110/room_2/features/nonPlanes<shot_uniform_2015-05-17_21-40-11.pcd 6.13445 0.00170745 0.00171929 6 144,136,100,86,67,30 42,42,28,29,23,12 0,0,0,1,0,0 1150032 2565 3720 93 166 400 1239 31 92 1147467,1849,481,131,57,28,6,5,3,2,1,0,1,1 0,50,26,11,2,2,1,1,0,0,0,0,0,0 0,0,165,131,57,28,6,5,3,2,1,0,1,1 0,0,14,11,2,2,1,1,0,0,0,0,0,0
/media/michal/Pauli/masterdata/processed/annotated/rares/20140921/patrol_run_112/room_2/features/nonPlanes<shot_uniform_2015-05-17_21-40-13.pcd 5.6319 0.00194531 0.00167625 7 119,114,90,82,81,60,59 31,37,27,21,20,19,20 0,0,1,0,0,0,0 1137150 2426 3720 88 174 400 1359 28 98 1134724,1691,440,163,67,35,9,11,8,0,1,0,1 0,44,22,12,3,5,1,1,0,0,0,0,0 0,0,105,163,67,35,9,11,8,0,1,0,1 0,0,6,12,3,5,1,1,0,0,0,0,0
/media/michal/Pauli/masterdata/processed/annotated/rares/20140921/patrol_run_114/room_1/features/nonPlanes<shot_uniform_2015-05-17_21-40-15.pcd 5.30049 0.00165352 0.0017049 9 169,127,122,108,94,65,54,46,41 43,34,32,28,24,21,14,13,13 0,0,0,0,1,0,0,0,0 1135060 2344 3720 89 182 400 1446 25 97 1132716,1614,412,168,64,42,21,11,8,2,0,1,0,0,0,0,1 0,43,29,6,3,5,1,0,0,1,0,1,0,0,0,0,0 0,0,82,168,64,42,21,11,8,2,0,1,0,0,0,0,1 0,0,8,6,3,5,1,0,0,1,0,1,0,0,0,0,0
/media/michal/Pauli/masterdata/processed/annotated/rares/20140922/patrol_run_116/room_2/features/nonPlanes<shot_uniform_2015-05-17_21-40-17.pcd 5.51059 0.00175188 0.00196819 7 164,140,106,71,70,46,41 52,47,40,24,21,14,15 0,0,0,1,0,0,0 1135668 2585 3720 90 155 400 1211 24 71 1133083,1861,480,144,55,31,6,8 0,48,26,11,3,2,0,0 0,0,156,144,55,31,6,8 0,0,8,11,3,2,0,0
/media/michal/Pauli/masterdata/processed/annotated/rares/20140922/patrol_run_118/room_2/features/nonPlanes<shot_uniform_2015-05-17_21-40-20.pcd 5.60716 0.00151294 0.00167116 8 131,116,68,67,63,58,57,39 42,34,23,22,19,18,19,13 0,0,0,1,0,0,0,0 1197684 2479 3720 107 184 400 1297 28 93 1195205,1735,457,173,61,29,11,9,3,0,1 0,67,20,11,4,3,1,1,0,0,0 0,0,113,173,61,29,11,9,3,0,1 0,0,8,11,4,3,1,1,0,0,0
/media/michal/Pauli/masterdata/processed/annotated/rares/20140922/patrol_run_120/room_1/features/nonPlanes<shot_uniform_2015-05-17_21-40-21.pcd 5.61507 0.00186928 0.00170293 7 164,146,122,117,79,50,49 41,47,31,31,23,13,16 0,1,0,0,0,0,0 1163902 2415 3720 94 174 400 1355 30 97 1161487,1665,462,145,68,46,15,9,4,1 0,51,23,11,3,4,2,0,0,0 0,0,112,145,68,46,15,9,4,1 0,0,10,11,3,4,2,0,0,0
/media/michal/Pauli/masterdata/processed/annotated/rares/20140922/patrol_run_124/room_2/features/nonPlanes<shot_uniform_2015-05-17_21-40-23.pcd 6.16968 0.00244484 0.00165584 6 168,89,63,48,40,40 55,33,15,13,14,14 0,0,0,0,0,0 1189476 2598 3720 71 91 400 1218 6 14 1186878,1894,460,147,53,24,12,5,2,0,1 0,53,16,2,0,0,0,0,0,0,0 0,0,156,147,53,24,12,5,2,0,1 0,0,4,2,0,0,0,0,0,0,0
/media/michal/Pauli/masterdata/processed/annotated/rares/20140922/patrol_run_126/room_2/features/nonPlanes<shot_uniform_2015-05-17_21-40-26.pcd 6.35605 0.00198082 0.00166583 6 191,126,72,66,53,38 57,39,21,19,13,13 0,0,0,1,0,0 1158810 2437 3720 117 207 400 1330 29 96 1156373,1684,449,178,74,28,10,7,4,3 0,65,29,17,3,0,2,0,0,1 0,0,96,178,74,28,10,7,4,3 0,0,6,17,3,0,2,0,0,1
/media/michal/Pauli/masterdata/processed/annotated/rares/20140922/patrol_run_128/room_2/features/nonPlanes<shot_uniform_2015-05-17_21-40-29.pcd 5.35068 0.00146156 0.00264243 9 177,106,102,66,52,48,46,32,30 58,36,37,24,13,13,16,12,12 0,1,0,0,0,0,0,0,0 1108536 2577 3720 130 218 400 1209 34 101 1105959,1843,488,150,53,28,10,3,1,0,1 0,75,34,10,10,1,0,0,0,0,0 0,0,154,150,53,28,10,3,1,0,1 0,0,13,10,10,1,0,0,0,0,0
/media/michal/Pauli/masterdata/processed/annotated/rares/20140922/patrol_run_130/room_2/features/nonPlanes<shot_uniform_2015-05-17_21-40-31.pcd 7.62932 0.00287342 0.00275686 4 311,123,45,36 98,38,12,12 0,0,1,0 1066964 2514 3720 134 236 400 1271 33 109 1064450,1779,466,149,70,32,10,4,3,0,1 0,75,37,13,3,3,1,1,1,0,0 0,0,131,149,70,32,10,4,3,0,1 0,0,11,13,3,3,1,1,1,0,0
/media/michal/Pauli/masterdata/processed/annotated/rares/20140922/patrol_run_132/room_1/features/nonPlanes<shot_uniform_2015-05-17_21-40-34.pcd 7.26619 0.00269206 0.00258872 4 205,203,41,38 61,68,13,14 0,0,0,0 1156036 2525 3720 14 26 400 1258 4 13 1153511,1788,472,156,65,21,11,8,3,1 0,7,3,3,1,0,0,0,0,0 0,0,135,156,65,21,11,8,3,1 0,0,0,3,1,0,0,0,0,0
/media/michal/Pauli/masterdata/processed/annotated/rares/20140922/patrol_run_134/room_2/features/nonPlanes<shot_uniform_2015-05-17_21-40-36.pcd 6.50857 0.00275268 0.00272534 5 242,170,62,45,38 72,52,19,16,12 0,0,1,0,0 1114464 2540 3720 82 145 400 1246 22 74 1111924,1806,468,169,47,32,8,6,3,1 0,49,17,6,6,4,0,0,0,0 0,0,134,169,47,32,8,6,3,1 0,0,6,6,6,4,0,0,0,0
/media/michal/Pauli/masterdata/processed/annotated/rares/20140922/patrol_run_138/room_2/features/nonPlanes<shot_uniform_2015-05-17_21-40-38.pcd 5.6804 0.00198973 0.00170964 5 182,136,136,90,55 50,42,37,24,15 0,0,0,1,0 1197912 2381 3720 117 232 400 1395 36 131 1195531,1637,416,187,81,24,20,10,2,1,2,1 0,61,22,20,9,3,1,0,0,0,1,0 0,0,72,187,81,24,20,10,2,1,2,1 0,0,2,20,9,3,1,0,0,0,1,0
/media/michal/Pauli/masterdata/processed/annotated/rares/20140923/patrol_run_139/room_2/features/nonPlanes<shot_uniform_2015-05-17_21-40-39.pcd 5.72742 0.00173231 0.00273521 7 181,162,150,92,86,71,68 45,43,45,27,29,18,23 0,1,0,0,0,0,0 996812 2381 3720 165 338 400 1387 51 193 994431,1629,437,171,77,35,13,12,6,0,0,1 0,83,34,24,11,10,1,1,1,0,0,0 0,0,85,171,77,35,13,12,6,0,0,1 0,0,3,24,11,10,1,1,1,0,0,0
/media/michal/Pauli/masterdata/processed/annotated/rares/20140923/patrol_run_141/room_2/features/nonPlanes<shot_uniform_2015-05-17_21-40-42.pcd 5.87059 0.0051977 0.00275724 5 331,194,106,60,38 85,52,30,16,12 0,0,1,0,0 1166676 2402 3720 140 249 400 1385 35 127 1164274,1669,431,172,60,28,22,9,7,2,0,1,0,1 0,88,24,14,6,3,4,0,1,0,0,0,0,0 0,0,98,172,60,28,22,9,7,2,0,1,0,1 0,0,7,14,6,3,4,0,1,0,0,0,0,0
/media/michal/Pauli/masterdata/processed/annotated/rares/20140923/patrol_run_144/room_2/features/nonPlanes<shot_uniform_2015-05-17_21-40-43.pcd 6.41453 0.00173189 0.0027224 8 184,183,50,42,40,40,36,32 47,55,14,14,13,12,13,12 0,0,1,0,0,0,1,0 1021554 2480 3720 122 201 400 1299 26 83 1019074,1739,451,177,65,26,9,6,5,0,0,2 0,74,26,18,2,0,1,1,0,0,0,0 0,0,110,177,65,26,9,6,5,0,0,2 0,0,4,18,2,0,1,1,0,0,0,0
/media/michal/Pauli/masterdata/processed/annotated/rares/20140923/patrol_run_146/room_2/features/nonPlanes<shot_uniform_2015-05-17_21-40-45.pcd 5.9725 0.00145897 0.00278909 5 271,229,44,42,40 82,65,12,15,14 0,0,0,0,1 961792 2433 3720 115 203 400 1337 29 102 959359,1683,454,168,69,29,16,9,3,1,0,0,1 0,71,21,15,2,5,0,0,0,0,0,0,1 0,0,104,168,69,29,16,9,3,1,0,0,1 0,0,6,15,2,5,0,0,0,0,0,0,1
/media/michal/Pauli/masterdata/processed/annotated/rares/20140923/patrol_run_148/room_2/features/nonPlanes<shot_uniform_2015-05-17_21-40-47.pcd 5.69114 0.00194667 0.00168402 7 195,146,73,63,49,47,44 60,43,21,20,13,17,15 0,0,0,1,0,0,0 1143952 2529 3720 104 178 400 1264 25 77 1141423,1802,456,153,71,29,11,4,3 0,57,33,7,4,1,1,1,0 0,0,129,153,71,29,11,4,3 0,0,11,7,4,1,1,1,0
/media/michal/Pauli/masterdata/processed/annotated/rares/20140923/patrol_run_150/room_2/features/nonPlanes<shot_uniform_2015-05-17_21-40-49.pcd 5.46479 0.00157885 0.00167091 6 156,138,124,53,51,45 52,42,39,18,19,15 0,0,1,0,0,0 1115756 2554 3720 104 205 400 1235 39 124 1113202,1823,473,158,60,19,11,5,4,1 0,49,33,9,8,1,3,0,1,0 0,0,142,158,60,19,11,5,4,1 0,0,17,9,8,1,3,0,1,0
/media/michal/Pauli/masterdata/processed/annotated/rares/20140924/patrol_run_152/room_2/features/nonPlanes<shot_uniform_2015-05-17_21-40-50.pcd 4.63139 0.00156905 0.0029777 10 193,126,101,100,81,76,63,50,48,41 50,34,34,33,22,23,17,13,14,12 0,0,1,0,0,0,0,0,0,0 1068522 2346 3720 125 217 400 1425 35 103 1066176,1597,442,157,76,34,17,9,5,5,2,1,0,1 0,66,35,16,7,1,0,0,0,0,0,0,0,0 0,0,93,157,76,34,17,9,5,5,2,1,0,1 0,0,11,16,7,1,0,0,0,0,0,0,0,0
/media/michal/Pauli/masterdata/processed/annotated/rares/20140924/patrol_run_156/room_2/features/nonPlanes<shot_uniform_2015-05-17_21-40-51.pcd 5.4848 0.0014847 0.00172797 8 221,150,120,66,43,42,40,34 70,47,30,20,16,12,17,13 0,0,0,1,0,0,0,0 1129170 2574 3720 103 175 400 1259 25 84 1126596,1887,429,145,64,25,15,4,4,1 0,65,20,8,7,1,1,1,0,0 0,0,142,145,64,25,15,4,4,1 0,0,7,8,7,1,1,1,0,0
/media/michal/Pauli/masterdata/processed/annotated/rares/20140924/patrol_run_158/room_1/features/nonPlanes<shot_uniform_2015-05-17_21-40-53.pcd 5.23159 0.00173511 0.0020379 4 289,154,49,42 89,46,13,14 0,0,1,0 1068522 2534 3720 101 166 400 1260 20 70 1065988,1808,448,174,57,27,12,5,3 0,66,20,10,1,1,1,1,1 0,0,122,174,57,27,12,5,3 0,0,5,10,1,1,1,1,1
/media/michal/Pauli/masterdata/processed/annotated/rares/20140924/patrol_run_162/room_2/features/nonPlanes<shot_uniform_2015-05-17_21-40-55.pcd 6.19662 0.0026272 0.00196245 8 176,101,80,68,68,52,43,32 54,27,30,26,17,18,14,12 0,0,0,0,0,1,0,0 1090600 2546 3720 59 97 400 1261 15 43 1088054,1833,452,149,65,23,11,10,2,1 0,34,16,5,4,0,0,0,0,0 0,0,139,149,65,23,11,10,2,1 0,0,6,5,4,0,0,0,0,0
/media/michal/Pauli/masterdata/processed/annotated/rares/20140924/patrol_run_164/room_1/features/nonPlanes<shot_uniform_2015-05-17_21-40-56.pcd 6.00964 0.00228018 0.00255464 11 124,91,79,67,63,54,51,44,41,32,31 39,32,25,24,20,13,19,14,14,12,12 0,0,0,1,0,0,0,0,0,0,0 975936 2542 3720 69 114 400 1249 19 55 973394,1813,469,158,59,21,4,15,2,1 0,41,15,9,4,0,0,0,0,0 0,0,140,158,59,21,4,15,2,1 0,0,6,9,4,0,0,0,0,0
/media/michal/Pauli/masterdata/processed/annotated/rares/20140924/patrol_run_166/room_2/features/nonPlanes<shot_uniform_2015-05-17_21-40-58.pcd 5.8063 0.00198891 0.00162251 8 207,156,58,57,40,35,34,33 60,48,20,21,14,13,13,12 0,0,1,0,0,0,0,0 1121076 2593 3720 50 88 400 1207 18 52 1118483,1873,488,132,59,23,9,4,4,0,1 0,28,11,8,1,2,0,0,0,0,0 0,0,168,132,59,23,9,4,4,0,1 0,0,7,8,1,2,0,0,0,0,0
